0, 0, 319, 164, -0.9288250207901001
0, 1, 338, 138, -0.8663890957832336
0, 2, 350, 136, -0.866350531578064
0, 3, 359, 136, -0.866724967956543
0, 4, 298, 143, -0.8620674014091492
0, 5, 286, 145, -0.861434817314148
0, 6, 275, 148, -0.8620314598083496
0, 7, 383, 154, -0.4757782816886902
0, 8, 270, 168, -0.44668254256248474
0, 9, 349, 196, -0.7842637896537781
0, 10, 301, 199, -0.7751458883285522
0, 11, 482, 355, -0.23046931624412537
0, 12, 197, 334, -0.2935684323310852
0, 13, 512, 575, -0.1509074568748474
0, 14, 104, 483, -0.14915037155151367
0, 15, 528, 723, -0.4735676348209381
0, 16, 60, 681, -0.4592552185058594
0, 17, 530, 778, -0.5554208159446716
0, 18, 37, 732, -0.5548503994941711
0, 19, 505, 780, -0.6347102522850037
0, 20, 64, 741, -0.6524752974510193
0, 21, 496, 755, -0.5243144631385803
0, 22, 76, 722, -0.5163442492485046
0, 23, 406, 733, -0.03618102893233299
0, 24, 218, 721, 0.04107707366347313
0, 25, 380, 1043, -0.09345246851444244
0, 26, 204, 1032, -0.024486923590302467
0, 27, 368, 1318, 0.5239542722702026
0, 28, 195, 1308, 0.39230239391326904
0, 29, 372, 1363, 0.5497093796730042
0, 30, 191, 1352, 0.4101485311985016
0, 31, 330, 1399, -0.05658769607543945
0, 32, 211, 1389, -0.2638637125492096
1, 0, 318, 163, -1.044646143913269
1, 1, 338, 137, -0.9794718027114868
1, 2, 349, 136, -0.9793343544006348
1, 3, 359, 136, -0.9798995852470398
1, 4, 298, 142, -0.9675648808479309
1, 5, 287, 144, -0.9669694900512695
1, 6, 276, 147, -0.9674546122550964
1, 7, 383, 154, -0.5687135457992554
1, 8, 270, 168, -0.5021563172340393
1, 9, 349, 196, -0.8934091329574585
1, 10, 300, 199, -0.8744818568229675
1, 11, 482, 354, -0.3010421693325043
1, 12, 196, 335, -0.3042270839214325
1, 13, 516, 575, -0.12574544548988342
1, 14, 104, 496, -0.10795752704143524
1, 15, 527, 724, -0.33027392625808716
1, 16, 91, 674, -0.36178627610206604
1, 17, 530, 786, -0.39176303148269653
1, 18, 82, 732, -0.4501231610774994
1, 19, 505, 790, -0.4768381118774414
1, 20, 110, 741, -0.5269521474838257
1, 21, 496, 764, -0.37592393159866333
1, 22, 115, 721, -0.4037474989891052
1, 23, 412, 734, -0.055563829839229584
1, 24, 218, 728, 0.0600801520049572
1, 25, 398, 1046, 0.06994998455047607
1, 26, 212, 1043, 0.16642390191555023
1, 27, 387, 1324, 0.9406408071517944
1, 28, 200, 1328, 0.811062216758728
1, 29, 391, 1368, 0.9943023920059204
1, 30, 196, 1375, 0.8551008105278015
1, 31, 349, 1412, 0.3593815565109253
1, 32, 220, 1414, 0.13643278181552887
2, 0, 317, 163, -1.0450117588043213
2, 1, 337, 137, -0.9784944653511047
2, 2, 349, 136, -0.9784162640571594
2, 3, 360, 135, -0.9789333343505859
2, 4, 298, 141, -0.9673300981521606
2, 5, 287, 144, -0.9667352437973022
2, 6, 276, 147, -0.9672706723213196
2, 7, 382, 154, -0.5650180578231812
2, 8, 270, 167, -0.5001508593559265
2, 9, 348, 196, -0.8935140371322632
2, 10, 299, 198, -0.8751080632209778
2, 11, 482, 353, -0.3037012815475464
2, 12, 194, 335, -0.3060193359851837
2, 13, 516, 577, -0.12433309853076935
2, 14, 104, 502, -0.1110878735780716
2, 15, 525, 726, -0.34191805124282837
2, 16, 98, 678, -0.41467127203941345
2, 17, 530, 793, -0.4089382588863373
2, 18, 91, 734, -0.5184513330459595
2, 19, 505, 798, -0.4959772527217865
2, 20, 119, 741, -0.585561990737915
2, 21, 496, 772, -0.38971230387687683
2, 22, 124, 721, -0.44940218329429626
2, 23, 416, 734, -0.0625881776213646
2, 24, 218, 731, 0.06702466309070587
2, 25, 405, 1048, 0.03868228197097778
2, 26, 217, 1046, 0.12646910548210144
2, 27, 393, 1327, 0.850325882434845
2, 28, 205, 1332, 0.7118278741836548
2, 29, 398, 1371, 0.895340085029602
2, 30, 201, 1378, 0.7494625449180603
2, 31, 355, 1417, 0.25584763288497925
2, 32, 226, 1418, 0.034947510808706284
3, 0, 317, 162, -1.067903757095337
3, 1, 337, 136, -1.0007797479629517
3, 2, 349, 136, -1.0006928443908691
3, 3, 360, 135, -1.0012584924697876
3, 4, 297, 141, -0.9908083081245422
3, 5, 287, 143, -0.9902409315109253
3, 6, 276, 146, -0.9907341003417969
3, 7, 382, 153, -0.581015944480896
3, 8, 270, 167, -0.5203587412834167
3, 9, 348, 196, -0.9133609533309937
3, 10, 299, 198, -0.8966034054756165
3, 11, 482, 353, -0.3136445879936218
3, 12, 194, 337, -0.315511554479599
3, 13, 518, 578, -0.10962004959583282
3, 14, 104, 504, -0.10188379138708115
3, 15, 524, 726, -0.29863154888153076
3, 16, 95, 681, -0.36317524313926697
3, 17, 530, 794, -0.35962823033332825
3, 18, 85, 736, -0.45611268281936646
3, 19, 504, 799, -0.4481077790260315
3, 20, 113, 743, -0.5368083715438843
3, 21, 496, 773, -0.3458218276500702
3, 22, 118, 723, -0.40597671270370483
3, 23, 418, 734, -0.06534264981746674
3, 24, 219, 735, 0.06969078630208969
3, 25, 409, 1050, 0.0761290043592453
3, 26, 222, 1051, 0.16080330312252045
3, 27, 398, 1330, 0.9405797719955444
3, 28, 210, 1337, 0.79229736328125
3, 29, 402, 1374, 0.9926335215568542
3, 30, 206, 1384, 0.8347907066345215
3, 31, 360, 1420, 0.3566169738769531
3, 32, 231, 1424, 0.11803622543811798
4, 0, 317, 162, -1.110830307006836
4, 1, 337, 136, -1.0439413785934448
4, 2, 349, 135, -1.043873906135559
4, 3, 360, 135, -1.044516682624817
4, 4, 297, 140, -1.033331036567688
4, 5, 287, 143, -1.0328229665756226
4, 6, 276, 146, -1.033337116241455
4, 7, 382, 153, -0.6173431873321533
4, 8, 270, 167, -0.5550369024276733
4, 9, 348, 196, -0.9527454376220703
4, 10, 299, 198, -0.935771644115448
4, 11, 481, 353, -0.33992671966552734
4, 12, 194, 338, -0.33297353982925415
4, 13, 520, 578, -0.11069117486476898
4, 14, 104, 507, -0.11772297322750092
4, 15, 524, 726, -0.3383268117904663
4, 16, 96, 685, -0.3662458658218384
4, 17, 531, 799, -0.4060208797454834
4, 18, 87, 740, -0.4575720727443695
4, 19, 506, 804, -0.492631196975708
4, 20, 115, 747, -0.5563288331031799
4, 21, 498, 777, -0.38648757338523865
4, 22, 120, 726, -0.42016205191612244
4, 23, 422, 736, -0.06526991724967957
4, 24, 223, 739, 0.06954021751880646
4, 25, 416, 1052, 0.15607866644859314
4, 26, 227, 1056, 0.2800615429878235
4, 27, 409, 1332, 1.0983903408050537
4, 28, 219, 1343, 1.0417886972427368
4, 29, 414, 1377, 1.160312294960022
4, 30, 216, 1389, 1.0979020595550537
4, 31, 375, 1423, 0.5147631764411926
4, 32, 242, 1430, 0.37251031398773193
5, 0, 317, 162, -1.1011552810668945
5, 1, 337, 136, -1.0283410549163818
5, 2, 349, 135, -1.0282609462738037
5, 3, 360, 135, -1.0290477275848389
5, 4, 297, 140, -1.0145657062530518
5, 5, 287, 143, -1.0140397548675537
5, 6, 277, 146, -1.0144703388214111
5, 7, 382, 153, -0.587885856628418
5, 8, 270, 167, -0.5179833769798279
5, 9, 348, 195, -0.9382346272468567
5, 10, 299, 198, -0.9165159463882446
5, 11, 481, 352, -0.33860689401626587
5, 12, 194, 338, -0.3174837827682495
5, 13, 520, 578, -0.11426273733377457
5, 14, 104, 506, -0.14898064732551575
5, 15, 523, 726, -0.35466572642326355
5, 16, 95, 687, -0.5197441577911377
5, 17, 532, 798, -0.4248647093772888
5, 18, 84, 742, -0.6272578239440918
5, 19, 507, 802, -0.5109726190567017
5, 20, 112, 748, -0.7143210172653198
5, 21, 499, 776, -0.40333396196365356
5, 22, 118, 727, -0.570451557636261
5, 23, 422, 736, -0.06594309955835342
5, 24, 226, 742, 0.07027900964021683
5, 25, 414, 1052, 0.1411125361919403
5, 26, 227, 1056, 0.23292164504528046
5, 27, 406, 1334, 0.9223254323005676
5, 28, 219, 1344, 0.9101850390434265
5, 29, 410, 1378, 0.9684283137321472
5, 30, 216, 1391, 0.9518224000930786
5, 31, 371, 1425, 0.3494712710380554
5, 32, 240, 1431, 0.3597778081893921
6, 0, 317, 161, -1.0692923069000244
6, 1, 337, 136, -1.0001811981201172
6, 2, 349, 135, -1.0001147985458374
6, 3, 360, 135, -1.0007274150848389
6, 4, 297, 140, -0.9904538989067078
6, 5, 287, 143, -0.9898973703384399
6, 6, 277, 146, -0.9904001951217651
6, 7, 381, 153, -0.5743612051010132
6, 8, 270, 167, -0.5172516107559204
6, 9, 348, 195, -0.9127631187438965
6, 10, 299, 197, -0.8963145017623901
6, 11, 481, 352, -0.32227522134780884
6, 12, 193, 338, -0.32653316855430603
6, 13, 520, 578, -0.1472141444683075
6, 14, 104, 506, -0.18710383772850037
6, 15, 513, 724, -0.4508005976676941
6, 16, 101, 687, -0.5694301128387451
6, 17, 529, 797, -0.5450071096420288
6, 18, 92, 742, -0.6859525442123413
6, 19, 505, 799, -0.6355494856834412
6, 20, 119, 748, -0.7748125791549683
6, 21, 497, 774, -0.5040007829666138
6, 22, 125, 726, -0.6203374266624451
6, 23, 423, 734, -0.06335572153329849
6, 24, 226, 742, 0.06773068010807037
6, 25, 416, 1052, 0.0911458432674408
6, 26, 231, 1055, 0.15555478632450104
6, 27, 407, 1334, 0.855609118938446
6, 28, 221, 1342, 0.7833549380302429
6, 29, 412, 1378, 0.8986902236938477
6, 30, 218, 1388, 0.8210159540176392
6, 31, 372, 1424, 0.2840389013290405
6, 32, 243, 1429, 0.10900302231311798
7, 0, 317, 161, -1.0575817823410034
7, 1, 337, 135, -0.9888519048690796
7, 2, 349, 135, -0.988747239112854
7, 3, 360, 135, -0.9893622398376465
7, 4, 297, 140, -0.9851567149162292
7, 5, 287, 143, -0.9846876859664917
7, 6, 277, 146, -0.9852390289306641
7, 7, 381, 153, -0.5619667172431946
7, 8, 270, 167, -0.5149404406547546
7, 9, 348, 195, -0.8994825482368469
7, 10, 298, 197, -0.889358639717102
7, 11, 481, 352, -0.2850399315357208
7, 12, 193, 338, -0.330532968044281
7, 13, 514, 544, -0.10259942710399628
7, 14, 105, 506, -0.1845083236694336
7, 15, 509, 722, -0.3699414134025574
7, 16, 100, 687, -0.5362877249717712
7, 17, 526, 796, -0.451324999332428
7, 18, 91, 741, -0.6449335813522339
7, 19, 502, 797, -0.5418620705604553
7, 20, 119, 746, -0.7324466109275818
7, 21, 494, 772, -0.4217260777950287
7, 22, 125, 725, -0.5860419869422913
7, 23, 422, 734, -0.05179603025317192
7, 24, 226, 742, 0.05602256581187248
7, 25, 414, 1052, 0.06644265353679657
7, 26, 229, 1054, 0.11044758558273315
7, 27, 405, 1334, 0.8370624780654907
7, 28, 220, 1341, 0.7115628719329834
7, 29, 410, 1378, 0.8790384531021118
7, 30, 217, 1387, 0.7490208745002747
7, 31, 370, 1424, 0.2550104558467865
7, 32, 241, 1427, 0.03506731986999512
8, 0, 317, 161, -0.9867959022521973
8, 1, 337, 135, -0.9233309030532837
8, 2, 349, 135, -0.9232867956161499
8, 3, 360, 135, -0.9237838983535767
8, 4, 297, 140, -0.9221307635307312
8, 5, 287, 143, -0.9215747714042664
8, 6, 277, 146, -0.9221431612968445
8, 7, 381, 153, -0.5200384855270386
8, 8, 270, 167, -0.48924046754837036
8, 9, 347, 195, -0.8373177647590637
8, 10, 298, 197, -0.8302915692329407
8, 11, 480, 352, -0.2409963309764862
8, 12, 192, 337, -0.32964852452278137
8, 13, 513, 551, -0.07201753556728363
8, 14, 106, 505, -0.18192939460277557
8, 15, 509, 724, -0.32593482732772827
8, 16, 107, 683, -0.5256941318511963
8, 17, 525, 792, -0.4004770815372467
8, 18, 98, 736, -0.6350778341293335
8, 19, 502, 793, -0.48553410172462463
8, 20, 126, 738, -0.7047775983810425
8, 21, 494, 768, -0.37621185183525085
8, 22, 133, 718, -0.5654515027999878
8, 23, 421, 734, -0.04834459349513054
8, 24, 225, 743, 0.05258632451295853
8, 25, 414, 1051, 0.024403315037488937
8, 26, 229, 1052, 0.04791715368628502
8, 27, 404, 1333, 0.7302159667015076
8, 28, 218, 1338, 0.552332878112793
8, 29, 408, 1378, 0.7643998861312866
8, 30, 214, 1384, 0.5823593139648438
8, 31, 369, 1424, 0.1513775885105133
8, 32, 240, 1424, -0.10612162202596664
9, 0, 316, 161, -0.9887825846672058
9, 1, 336, 135, -0.9247362017631531
9, 2, 349, 135, -0.924687385559082
9, 3, 360, 135, -0.9251754879951477
9, 4, 297, 139, -0.9224756360054016
9, 5, 287, 142, -0.9219193458557129
9, 6, 277, 146, -0.9224878549575806
9, 7, 380, 153, -0.5201711654663086
9, 8, 270, 167, -0.4884203374385834
9, 9, 346, 195, -0.8390595316886902
9, 10, 298, 197, -0.8310025334358215
9, 11, 479, 352, -0.2399497926235199
9, 12, 192, 337, -0.33091655373573303
9, 13, 513, 562, -0.0731855258345604
9, 14, 108, 505, -0.18322809040546417
9, 15, 510, 733, -0.32874470949172974
9, 16, 108, 683, -0.5224471688270569
9, 17, 528, 794, -0.40119463205337524
9, 18, 98, 736, -0.6292186975479126
9, 19, 504, 795, -0.48839467763900757
9, 20, 127, 739, -0.7071527242660522
9, 21, 495, 770, -0.3796181380748749
9, 22, 133, 718, -0.5666610598564148
9, 23, 420, 734, -0.04695659503340721
9, 24, 225, 745, 0.05123414471745491
9, 25, 412, 1052, 0.019967617467045784
9, 26, 227, 1052, 0.04672723636031151
9, 27, 399, 1335, 0.7402248382568359
9, 28, 214, 1338, 0.5674595236778259
9, 29, 402, 1379, 0.7766879796981812
9, 30, 209, 1384, 0.5984891653060913
9, 31, 365, 1424, 0.15844939649105072
9, 32, 236, 1423, -0.0966770201921463
10, 0, 316, 161, -1.0151305198669434
10, 1, 336, 135, -0.9474426507949829
10, 2, 349, 135, -0.9475157856941223
10, 3, 360, 135, -0.9480192065238953
10, 4, 297, 139, -0.9458061456680298
10, 5, 287, 142, -0.9451422691345215
10, 6, 278, 146, -0.9456864595413208
10, 7, 380, 153, -0.524251401424408
10, 8, 270, 167, -0.49497169256210327
10, 9, 346, 196, -0.8582919239997864
10, 10, 298, 197, -0.8508383631706238
10, 11, 477, 352, -0.2413063943386078
10, 12, 191, 337, -0.3304266333580017
10, 13, 513, 563, -0.09725432097911835
10, 14, 110, 509, -0.17853425443172455
10, 15, 510, 733, -0.4076217710971832
10, 16, 116, 685, -0.527964174747467
10, 17, 527, 793, -0.5053093433380127
10, 18, 107, 738, -0.6443296670913696
10, 19, 503, 794, -0.5942456126213074
10, 20, 135, 739, -0.7339472770690918
10, 21, 494, 770, -0.46242251992225647
10, 22, 142, 718, -0.5772659778594971
10, 23, 419, 734, -0.05219552665948868
10, 24, 225, 745, 0.05660533159971237
10, 25, 411, 1052, 0.00211079278960824
10, 26, 227, 1052, 0.050694383680820465
10, 27, 399, 1334, 0.739488422870636
10, 28, 214, 1337, 0.5774784088134766
10, 29, 402, 1379, 0.7758939266204834
10, 30, 209, 1383, 0.6085436344146729
10, 31, 365, 1424, 0.13713762164115906
10, 32, 236, 1422, -0.09043850749731064
11, 0, 318, 161, -1.1788995265960693
11, 1, 337, 135, -1.096437692642212
11, 2, 349, 135, -1.0967676639556885
11, 3, 360, 135, -1.0967965126037598
11, 4, 298, 139, -1.0982887744903564
11, 5, 287, 142, -1.097712755203247
11, 6, 279, 145, -1.0982778072357178
11, 7, 380, 154, -0.590088963508606
11, 8, 270, 166, -0.5836549401283264
11, 9, 347, 196, -0.9950419664382935
11, 10, 298, 197, -0.9938360452651978
11, 11, 475, 350, -0.27342236042022705
11, 12, 191, 337, -0.37159615755081177
11, 13, 520, 568, -0.43392014503479004
11, 14, 114, 521, -0.6760331392288208
11, 15, 462, 662, -1.0793423652648926
11, 16, 206, 583, -1.5560967922210693
11, 17, 447, 692, -1.2508776187896729
11, 18, 233, 607, -1.7567555904388428
11, 19, 431, 667, -1.2663347721099854
11, 20, 249, 574, -1.7752933502197266
11, 21, 428, 656, -1.1097376346588135
11, 22, 268, 508, -1.5855215787887573
11, 23, 419, 724, -0.05204188823699951
11, 24, 224, 726, 0.056471724063158035
11, 25, 411, 1043, 0.04601098224520683
11, 26, 226, 1040, 0.06591770797967911
11, 27, 400, 1320, 0.8001905679702759
11, 28, 220, 1319, 0.6479074358940125
11, 29, 404, 1360, 0.8316294550895691
11, 30, 216, 1361, 0.6863467693328857
11, 31, 366, 1409, 0.14486339688301086
11, 32, 242, 1404, -0.06475089490413666
12, 0, 318, 163, -1.1479555368423462
12, 1, 337, 136, -1.067391276359558
12, 2, 349, 136, -1.067847728729248
12, 3, 361, 136, -1.0676181316375732
12, 4, 298, 140, -1.0713006258010864
12, 5, 287, 142, -1.071031928062439
12, 6, 279, 145, -1.0717926025390625
12, 7, 380, 155, -0.5821791887283325
12, 8, 270, 167, -0.5633888840675354
12, 9, 347, 197, -0.9610190391540527
12, 10, 298, 198, -0.9625345468521118
12, 11, 472, 350, -0.25433412194252014
12, 12, 191, 336, -0.35713279247283936
12, 13, 519, 582, -0.669671893119812
12, 14, 126, 520, -0.7807224988937378
12, 15, 334, 516, -1.4912405014038086
12, 16, 206, 517, -1.7624070644378662
12, 17, 284, 506, -1.6707029342651367
12, 18, 229, 534, -1.974548101425171
12, 19, 278, 488, -1.6339231729507446
12, 20, 232, 479, -1.9682505130767822
12, 21, 291, 481, -1.4981567859649658
12, 22, 241, 490, -1.7873767614364624
12, 23, 414, 721, -0.031818632036447525
12, 24, 215, 715, 0.036390047520399094
12, 25, 402, 1029, 0.04266095906496048
12, 26, 215, 1011, -0.07251881062984467
12, 27, 398, 1301, 0.6517256498336792
12, 28, 218, 1287, 0.38363116979599
12, 29, 403, 1341, 0.6694170832633972
12, 30, 214, 1329, 0.40649914741516113
12, 31, 366, 1389, -0.01963729038834572
12, 32, 241, 1371, -0.31693193316459656
13, 0, 319, 164, -0.9015402793884277
13, 1, 337, 137, -0.8195328712463379
13, 2, 349, 137, -0.8199998736381531
13, 3, 361, 137, -0.8194848895072937
13, 4, 298, 141, -0.8371638059616089
13, 5, 288, 143, -0.8369324803352356
13, 6, 279, 146, -0.8376822471618652
13, 7, 379, 156, -0.31240031123161316
13, 8, 270, 167, -0.37364378571510315
13, 9, 347, 199, -0.7123711705207825
13, 10, 298, 199, -0.7328463196754456
13, 11, 470, 348, -0.003857317613437772
13, 12, 192, 336, -0.2581077814102173
13, 13, 517, 570, -0.47462835907936096
13, 14, 143, 510, -0.8354659080505371
13, 15, 386, 499, -1.3968796730041504
13, 16, 190, 458, -1.896193504333496
13, 17, 365, 533, -1.5756220817565918
13, 18, 205, 458, -2.111039638519287
13, 19, 359, 482, -1.5619322061538696
13, 20, 218, 437, -2.0885305404663086
13, 21, 360, 474, -1.4191383123397827
13, 22, 222, 436, -1.913611650466919
13, 23, 414, 712, 0.007883715443313122
13, 24, 214, 704, -0.0030374100897461176
13, 25, 402, 1012, 0.04060143604874611
13, 26, 215, 997, -0.07547228038311005
13, 27, 400, 1283, 0.5892819166183472
13, 28, 220, 1268, 0.311198353767395
13, 29, 404, 1322, 0.6051622629165649
13, 30, 215, 1308, 0.3270522654056549
13, 31, 371, 1368, -0.028727823868393898
13, 32, 245, 1351, -0.358713835477829
14, 0, 320, 167, -0.7343387007713318
14, 1, 338, 138, -0.6547905206680298
14, 2, 350, 138, -0.6552222967147827
14, 3, 361, 138, -0.6547024250030518
14, 4, 299, 142, -0.6727173924446106
14, 5, 288, 144, -0.6723450422286987
14, 6, 280, 146, -0.6728360056877136
14, 7, 379, 157, -0.17207598686218262
14, 8, 270, 167, -0.24096402525901794
14, 9, 347, 201, -0.5560504198074341
14, 10, 298, 201, -0.577283501625061
14, 11, 465, 337, 0.10272015631198883
14, 12, 194, 333, -0.13609109818935394
14, 13, 494, 495, -0.45843425393104553
14, 14, 158, 488, -0.7338770031929016
14, 15, 415, 473, -1.5909297466278076
14, 16, 191, 451, -1.8047771453857422
14, 17, 404, 478, -1.8023802042007446
14, 18, 206, 442, -2.0159454345703125
14, 19, 380, 457, -1.8139680624008179
14, 20, 217, 422, -1.994651436805725
14, 21, 368, 452, -1.63008713722229
14, 22, 220, 422, -1.8226020336151123
14, 23, 413, 688, 0.028776070103049278
14, 24, 215, 681, -0.023806985467672348
14, 25, 403, 983, -0.058653831481933594
14, 26, 222, 972, -0.058136362582445145
14, 27, 407, 1252, 0.3578650653362274
14, 28, 236, 1239, 0.24888470768928528
14, 29, 412, 1290, 0.36384668946266174
14, 30, 230, 1277, 0.25721389055252075
14, 31, 384, 1334, -0.22211608290672302
14, 32, 267, 1321, -0.37914466857910156
15, 0, 320, 168, -0.6968644857406616
15, 1, 338, 141, -0.6182312965393066
15, 2, 350, 141, -0.618645191192627
15, 3, 362, 141, -0.6180353760719299
15, 4, 300, 143, -0.6388182640075684
15, 5, 288, 145, -0.638488233089447
15, 6, 281, 147, -0.6389285326004028
15, 7, 379, 159, -0.14125142991542816
15, 8, 270, 167, -0.21869507431983948
15, 9, 347, 202, -0.5207620859146118
15, 10, 299, 201, -0.5444295406341553
15, 11, 456, 328, 0.13059666752815247
15, 12, 196, 325, -0.14648094773292542
15, 13, 485, 478, -0.4788643717765808
15, 14, 171, 468, -0.7833658456802368
15, 15, 438, 458, -1.6439393758773804
15, 16, 205, 445, -1.8194631338119507
15, 17, 433, 460, -1.8623342514038086
15, 18, 232, 435, -2.029819965362549
15, 19, 407, 438, -1.8759009838104248
15, 20, 236, 406, -1.9952361583709717
15, 21, 392, 435, -1.6860761642456055
15, 22, 236, 407, -1.8303289413452148
15, 23, 413, 680, 0.04172737896442413
15, 24, 215, 674, -0.03671678900718689
15, 25, 403, 974, -0.05838575214147568
15, 26, 223, 966, -0.04257794842123985
15, 27, 410, 1245, 0.3663947284221649
15, 28, 241, 1231, 0.3013673722743988
15, 29, 415, 1282, 0.3714825510978699
15, 30, 235, 1267, 0.31426602602005005
15, 31, 390, 1324, -0.21982014179229736
15, 32, 276, 1314, -0.3354547917842865
16, 0, 322, 172, -0.669000506401062
16, 1, 339, 145, -0.5837726593017578
16, 2, 351, 145, -0.584275484085083
16, 3, 362, 146, -0.5837973952293396
16, 4, 302, 146, -0.6085831522941589
16, 5, 290, 147, -0.6083571910858154
16, 6, 282, 148, -0.6089305281639099
16, 7, 379, 161, -0.09807895123958588
16, 8, 270, 168, -0.1947815716266632
16, 9, 348, 205, -0.49120837450027466
16, 10, 300, 204, -0.520980179309845
16, 11, 453, 324, 0.14008264243602753
16, 12, 197, 325, -0.16927877068519592
16, 13, 484, 468, -0.578285813331604
16, 14, 191, 464, -0.8268723487854004
16, 15, 443, 458, -1.7581113576889038
16, 16, 262, 442, -1.6892001628875732
16, 17, 432, 451, -1.9731327295303345
16, 18, 304, 429, -1.879385232925415
16, 19, 411, 424, -1.9657360315322876
16, 20, 300, 405, -1.8234096765518188
16, 21, 404, 423, -1.791705846786499
16, 22, 299, 408, -1.6868928670883179
16, 23, 414, 680, 0.04908331483602524
16, 24, 218, 676, -0.044295378029346466
16, 25, 407, 974, -0.04547063633799553
16, 26, 226, 967, -0.0789022147655487
16, 27, 416, 1242, 0.4195939004421234
16, 28, 248, 1229, 0.24913492798805237
16, 29, 421, 1280, 0.4274265766143799
16, 30, 244, 1263, 0.2620721459388733
16, 31, 401, 1325, -0.1664969027042389
16, 32, 282, 1314, -0.3853984773159027
17, 0, 324, 174, -0.7601772546768188
17, 1, 340, 147, -0.6886876821517944
17, 2, 352, 147, -0.6890665888786316
17, 3, 363, 147, -0.6890352964401245
17, 4, 304, 148, -0.6781830191612244
17, 5, 291, 149, -0.6778447031974792
17, 6, 283, 150, -0.6783409118652344
17, 7, 379, 162, -0.20513097941875458
17, 8, 270, 169, -0.2109103500843048
17, 9, 349, 206, -0.5977208018302917
17, 10, 301, 206, -0.5968102812767029
17, 11, 452, 320, 0.11161190271377563
17, 12, 197, 325, -0.1782645434141159
17, 13, 486, 480, -0.5696548223495483
17, 14, 178, 509, -0.7978912591934204
17, 15, 435, 445, -1.49106764793396
17, 16, 275, 449, -1.6736599206924438
17, 17, 406, 435, -1.6862573623657227
17, 18, 324, 437, -1.8495737314224243
17, 19, 387, 411, -1.6513385772705078
17, 20, 323, 408, -1.8119322061538696
17, 21, 388, 411, -1.5081534385681152
17, 22, 312, 411, -1.6724916696548462
17, 23, 418, 665, 0.04852380231022835
17, 24, 223, 668, -0.043858032673597336
17, 25, 418, 959, -0.04255954921245575
17, 26, 238, 956, -0.07159943133592606
17, 27, 423, 1222, 0.48387449979782104
17, 28, 254, 1219, 0.30958443880081177
17, 29, 427, 1258, 0.4971960484981537
17, 30, 248, 1256, 0.3272276520729065
17, 31, 409, 1304, -0.11809240281581879
17, 32, 287, 1297, -0.3481995761394501
18, 0, 324, 175, -0.7780684232711792
18, 1, 340, 147, -0.6947394609451294
18, 2, 352, 147, -0.6951073408126831
18, 3, 363, 147, -0.6945499181747437
18, 4, 304, 148, -0.7154604196548462
18, 5, 291, 149, -0.7151697874069214
18, 6, 283, 150, -0.715773344039917
18, 7, 377, 162, -0.19226762652397156
18, 8, 270, 170, -0.27928704023361206
18, 9, 349, 206, -0.5984612703323364
18, 10, 302, 206, -0.6265562772750854
18, 11, 447, 316, 0.09518570452928543
18, 12, 198, 324, -0.193646639585495
18, 13, 488, 485, -0.48779764771461487
18, 14, 171, 514, -0.7535269260406494
18, 15, 416, 430, -1.4644745588302612
18, 16, 271, 433, -1.587691068649292
18, 17, 380, 420, -1.6527055501937866
18, 18, 312, 423, -1.7534074783325195
18, 19, 362, 398, -1.6045982837677002
18, 20, 318, 398, -1.7211357355117798
18, 21, 367, 395, -1.4725500345230103
18, 22, 310, 400, -1.5879019498825073
18, 23, 422, 652, 0.044325195252895355
18, 24, 227, 658, -0.03987503796815872
18, 25, 423, 942, -0.03148867189884186
18, 26, 245, 943, -0.07066182792186737
18, 27, 425, 1203, 0.49941664934158325
18, 28, 257, 1203, 0.32176053524017334
18, 29, 428, 1237, 0.5116788744926453
18, 30, 250, 1239, 0.3412999212741852
18, 31, 410, 1286, -0.1065550446510315
18, 32, 288, 1280, -0.3248230516910553
19, 0, 324, 175, -0.7774754762649536
19, 1, 340, 148, -0.6966249942779541
19, 2, 352, 148, -0.6969614624977112
19, 3, 361, 148, -0.6963210105895996
19, 4, 304, 149, -0.7184541821479797
19, 5, 291, 150, -0.7181447148323059
19, 6, 282, 151, -0.7187584638595581
19, 7, 376, 162, -0.21309316158294678
19, 8, 269, 170, -0.29743289947509766
19, 9, 349, 206, -0.6017807722091675
19, 10, 302, 206, -0.6285240054130554
19, 11, 445, 317, 0.060868941247463226
19, 12, 197, 323, -0.192275732755661
19, 13, 488, 489, -0.5183383822441101
19, 14, 167, 511, -0.7379089593887329
19, 15, 407, 433, -1.4619592428207397
19, 16, 268, 420, -1.5441378355026245
19, 17, 372, 414, -1.638625144958496
19, 18, 315, 413, -1.7056217193603516
19, 19, 363, 389, -1.5686498880386353
19, 20, 315, 386, -1.6975589990615845
19, 21, 366, 390, -1.4593144655227661
19, 22, 304, 388, -1.5446244478225708
19, 23, 421, 658, 0.04141971096396446
19, 24, 227, 662, -0.0367409810423851
19, 25, 422, 946, -0.028746476396918297
19, 26, 243, 944, -0.06231576204299927
19, 27, 423, 1202, 0.5041615962982178
19, 28, 253, 1196, 0.344448059797287
19, 29, 426, 1236, 0.5170548558235168
19, 30, 247, 1231, 0.364502489566803
19, 31, 406, 1283, -0.09268318116664886
19, 32, 283, 1273, -0.2980564832687378
20, 0, 324, 175, -0.7795301079750061
20, 1, 340, 148, -0.697635293006897
20, 2, 352, 147, -0.6979935765266418
20, 3, 360, 148, -0.6973806619644165
20, 4, 304, 149, -0.7211272716522217
20, 5, 291, 150, -0.7208166718482971
20, 6, 282, 151, -0.7214624285697937
20, 7, 375, 162, -0.21326783299446106
20, 8, 269, 170, -0.30401185154914856
20, 9, 349, 205, -0.6032665371894836
20, 10, 302, 206, -0.6313343644142151
20, 11, 444, 316, 0.05909820273518562
20, 12, 197, 322, -0.19651244580745697
20, 13, 489, 494, -0.5338127613067627
20, 14, 162, 510, -0.7555543184280396
20, 15, 410, 414, -1.4992051124572754
20, 16, 256, 413, -1.5623093843460083
20, 17, 375, 404, -1.6761846542358398
20, 18, 300, 408, -1.7168328762054443
20, 19, 365, 380, -1.5951244831085205
20, 20, 302, 382, -1.6813127994537354
20, 21, 367, 381, -1.493293046951294
20, 22, 293, 384, -1.556126356124878
20, 23, 417, 659, 0.0375351756811142
20, 24, 223, 661, -0.032802462577819824
20, 25, 415, 944, -0.02679387852549553
20, 26, 236, 938, -0.018788808956742287
20, 27, 415, 1197, 0.4844363331794739
20, 28, 245, 1186, 0.40549641847610474
20, 29, 417, 1231, 0.4946291446685791
20, 30, 238, 1221, 0.42984795570373535
20, 31, 402, 1277, -0.10689340531826019
20, 32, 278, 1264, -0.2119038999080658
21, 0, 324, 175, -0.7903064489364624
21, 1, 339, 148, -0.7011347413063049
21, 2, 351, 147, -0.7013567090034485
21, 3, 359, 147, -0.7012614011764526
21, 4, 304, 149, -0.7344797253608704
21, 5, 291, 150, -0.734434962272644
21, 6, 282, 152, -0.7350350618362427
21, 7, 375, 162, -0.22725966572761536
21, 8, 269, 170, -0.3246893584728241
21, 9, 349, 205, -0.6073991060256958
21, 10, 302, 206, -0.6474720239639282
21, 11, 443, 318, 0.056773651391267776
21, 12, 197, 322, -0.21624784171581268
21, 13, 489, 494, -0.5540891289710999
21, 14, 154, 522, -0.8379279971122742
21, 15, 408, 419, -1.5657737255096436
21, 16, 248, 409, -1.724503755569458
21, 17, 366, 407, -1.7479517459869385
21, 18, 288, 397, -1.8916431665420532
21, 19, 359, 384, -1.6699411869049072
21, 20, 291, 370, -1.8390394449234009
21, 21, 365, 386, -1.5621719360351562
21, 22, 284, 375, -1.7183160781860352
21, 23, 414, 663, 0.03877132013440132
21, 24, 222, 664, -0.03443453833460808
21, 25, 415, 951, 0.012275335378944874
21, 26, 235, 945, -0.023624029010534286
21, 27, 415, 1204, 0.5379018187522888
21, 28, 245, 1195, 0.39520522952079773
21, 29, 417, 1240, 0.5496090054512024
21, 30, 238, 1231, 0.4184320569038391
21, 31, 401, 1285, -0.035858236253261566
21, 32, 277, 1273, -0.21832320094108582
22, 0, 323, 175, -0.7394780516624451
22, 1, 338, 147, -0.6596029996871948
22, 2, 350, 147, -0.6598811149597168
22, 3, 357, 147, -0.6592497825622559
22, 4, 304, 149, -0.6860886216163635
22, 5, 291, 150, -0.6860820055007935
22, 6, 281, 152, -0.686618983745575
22, 7, 373, 162, -0.19737118482589722
22, 8, 269, 171, -0.30003488063812256
22, 9, 348, 205, -0.5686768293380737
22, 10, 302, 206, -0.6011835932731628
22, 11, 443, 320, 0.05026783421635628
22, 12, 197, 323, -0.23345832526683807
22, 13, 482, 470, -0.69603431224823
22, 14, 155, 519, -0.9685460329055786
22, 15, 418, 426, -1.8117427825927734
22, 16, 238, 406, -1.8916820287704468
22, 17, 386, 412, -2.0017926692962646
22, 18, 270, 393, -2.068269968032837
22, 19, 377, 392, -1.9557912349700928
22, 20, 269, 364, -2.0053625106811523
22, 21, 378, 395, -1.825818419456482
22, 22, 265, 370, -1.8865731954574585
22, 23, 410, 671, 0.039179570972919464
22, 24, 222, 671, -0.03504718467593193
22, 25, 408, 955, 0.05438269302248955
22, 26, 232, 949, -0.037449128925800323
22, 27, 414, 1210, 0.5471792817115784
22, 28, 245, 1201, 0.29081276059150696
22, 29, 417, 1246, 0.5603757500648499
22, 30, 238, 1235, 0.30506086349487305
22, 31, 401, 1291, 0.03426339104771614
22, 32, 277, 1279, -0.2745196521282196
23, 0, 323, 175, -0.7432726621627808
23, 1, 338, 147, -0.6671801805496216
23, 2, 349, 147, -0.6674537062644958
23, 3, 356, 147, -0.6667340397834778
23, 4, 304, 149, -0.687987208366394
23, 5, 291, 150, -0.6879404783248901
23, 6, 281, 152, -0.6884190440177917
23, 7, 372, 162, -0.20995266735553741
23, 8, 268, 171, -0.29676035046577454
23, 9, 347, 205, -0.5776083469390869
23, 10, 302, 206, -0.6028264164924622
23, 11, 443, 324, 0.0014346950920298696
23, 12, 198, 326, -0.2410586178302765
23, 13, 472, 452, -0.8050287365913391
23, 14, 166, 518, -0.9762363433837891
23, 15, 435, 417, -1.9442284107208252
23, 16, 220, 402, -1.9284350872039795
23, 17, 419, 405, -2.143960475921631
23, 18, 236, 387, -2.109093189239502
23, 19, 408, 387, -2.112229347229004
23, 20, 238, 360, -2.0634191036224365
23, 21, 404, 391, -1.9678375720977783
23, 22, 239, 364, -1.9347448348999023
23, 23, 410, 681, 0.03437317535281181
23, 24, 223, 682, -0.03039657510817051
23, 25, 406, 957, 0.0522431954741478
23, 26, 230, 951, -0.026417797431349754
23, 27, 412, 1214, 0.5493594408035278
23, 28, 243, 1205, 0.30743980407714844
23, 29, 416, 1250, 0.563981294631958
23, 30, 237, 1239, 0.3221806585788727
23, 31, 398, 1293, 0.04799208417534828
23, 32, 276, 1284, -0.27247363328933716
24, 0, 323, 174, -0.756039023399353
24, 1, 338, 147, -0.680848240852356
24, 2, 349, 147, -0.6811179518699646
24, 3, 356, 147, -0.6804329752922058
24, 4, 303, 149, -0.7004969120025635
24, 5, 291, 150, -0.7003874778747559
24, 6, 281, 152, -0.700847864151001
24, 7, 372, 162, -0.2164638787508011
24, 8, 268, 170, -0.30161184072494507
24, 9, 347, 205, -0.5887600183486938
24, 10, 302, 206, -0.6121095418930054
24, 11, 444, 324, -0.004686145577579737
24, 12, 198, 326, -0.2463504821062088
24, 13, 470, 453, -0.7596680521965027
24, 14, 176, 517, -0.9822275042533875
24, 15, 443, 418, -1.9038660526275635
24, 16, 212, 400, -1.9851373434066772
24, 17, 443, 405, -2.1038930416107178
24, 18, 224, 385, -2.174825668334961
24, 19, 431, 387, -2.0870771408081055
24, 20, 228, 359, -2.1329455375671387
24, 21, 421, 391, -1.9343070983886719
24, 22, 230, 362, -1.9946810007095337
24, 23, 410, 684, 0.03125634789466858
24, 24, 227, 684, -0.027280190959572792
24, 25, 406, 958, 0.04866749793291092
24, 26, 229, 953, -0.024409648030996323
24, 27, 412, 1214, 0.5514966249465942
24, 28, 243, 1204, 0.3086755871772766
24, 29, 416, 1250, 0.5671960115432739
24, 30, 236, 1238, 0.32321083545684814
24, 31, 397, 1291, 0.04863041639328003
24, 32, 275, 1284, -0.2720850110054016
25, 0, 322, 174, -0.7670835256576538
25, 1, 337, 147, -0.6913526654243469
25, 2, 349, 147, -0.6917558908462524
25, 3, 355, 147, -0.6913520097732544
25, 4, 303, 149, -0.7037585973739624
25, 5, 291, 150, -0.7039892077445984
25, 6, 280, 152, -0.7046913504600525
25, 7, 372, 162, -0.22741755843162537
25, 8, 268, 171, -0.30278247594833374
25, 9, 347, 205, -0.5996841192245483
25, 10, 301, 206, -0.6131526231765747
25, 11, 444, 331, -0.05438826233148575
25, 12, 198, 327, -0.27456843852996826
25, 13, 485, 476, -0.7918999791145325
25, 14, 174, 507, -1.0870444774627686
25, 15, 419, 448, -1.7633464336395264
25, 16, 236, 402, -2.000047206878662
25, 17, 403, 461, -1.94308602809906
25, 18, 262, 383, -2.189756155014038
25, 19, 393, 429, -1.9134693145751953
25, 20, 254, 359, -2.122230052947998
25, 21, 392, 431, -1.7820470333099365
25, 22, 255, 368, -1.9966751337051392
25, 23, 408, 697, 0.0200276430696249
25, 24, 224, 694, -0.01632402464747429
25, 25, 403, 971, 0.07052196562290192
25, 26, 226, 963, 0.01585443690419197
25, 27, 410, 1219, 0.6040362119674683
25, 28, 240, 1206, 0.40605753660202026
25, 29, 415, 1255, 0.6227116584777832
25, 30, 235, 1239, 0.42705950140953064
25, 31, 391, 1297, 0.07359259575605392
25, 32, 270, 1287, -0.16997256875038147
26, 0, 322, 173, -0.7709968686103821
26, 1, 337, 147, -0.6923097372055054
26, 2, 349, 147, -0.6926957368850708
26, 3, 355, 147, -0.6921461820602417
26, 4, 303, 148, -0.7080129384994507
26, 5, 291, 149, -0.7080098986625671
26, 6, 280, 151, -0.7087217569351196
26, 7, 372, 162, -0.2287903130054474
26, 8, 268, 170, -0.30307912826538086
26, 9, 347, 204, -0.6029497385025024
26, 10, 301, 206, -0.6201145648956299
26, 11, 444, 330, -0.015902508050203323
26, 12, 197, 324, -0.21586954593658447
26, 13, 485, 491, -0.570315957069397
26, 14, 164, 510, -0.7598906755447388
26, 15, 401, 431, -1.4206057786941528
26, 16, 264, 413, -1.5142487287521362
26, 17, 369, 419, -1.5819480419158936
26, 18, 307, 391, -1.657715082168579
26, 19, 358, 390, -1.4930222034454346
26, 20, 300, 370, -1.6003004312515259
26, 21, 362, 396, -1.4088000059127808
26, 22, 291, 376, -1.5028212070465088
26, 23, 407, 681, 0.020594995468854904
26, 24, 216, 678, -0.016813714057207108
26, 25, 401, 963, 0.055046241730451584
26, 26, 218, 954, 0.008573116734623909
26, 27, 403, 1211, 0.5963715314865112
26, 28, 230, 1199, 0.40279659628868103
26, 29, 407, 1247, 0.6147844195365906
26, 30, 224, 1233, 0.42465686798095703
26, 31, 386, 1291, 0.05516434460878372
26, 32, 262, 1278, -0.19202806055545807
27, 0, 322, 172, -0.7743489146232605
27, 1, 337, 147, -0.6957892179489136
27, 2, 349, 147, -0.6961594223976135
27, 3, 355, 147, -0.6956014037132263
27, 4, 303, 148, -0.7124090790748596
27, 5, 291, 149, -0.7123730778694153
27, 6, 280, 150, -0.7130445241928101
27, 7, 372, 162, -0.23041293025016785
27, 8, 268, 169, -0.3041456341743469
27, 9, 347, 204, -0.6049243807792664
27, 10, 301, 205, -0.6221824884414673
27, 11, 444, 327, -0.014591015875339508
27, 12, 198, 323, -0.21641698479652405
27, 13, 482, 495, -0.5771707892417908
27, 14, 163, 510, -0.760429322719574
27, 15, 396, 430, -1.4893141984939575
27, 16, 267, 414, -1.5309308767318726
27, 17, 366, 417, -1.6632423400878906
27, 18, 310, 397, -1.6806081533432007
27, 19, 352, 390, -1.5909531116485596
27, 20, 309, 375, -1.6305288076400757
27, 21, 355, 393, -1.4863046407699585
27, 22, 298, 379, -1.5238276720046997
27, 23, 406, 670, 0.022663576528429985
27, 24, 214, 667, -0.01871785894036293
27, 25, 400, 953, 0.04709085449576378
27, 26, 216, 943, 0.009431686252355576
27, 27, 399, 1203, 0.5926330089569092
27, 28, 223, 1190, 0.447578102350235
27, 29, 403, 1238, 0.6106666922569275
27, 30, 216, 1225, 0.4724515378475189
27, 31, 380, 1283, 0.02183401770889759
27, 32, 254, 1266, -0.169242262840271
28, 0, 321, 171, -0.7809306979179382
28, 1, 337, 146, -0.6998217105865479
28, 2, 349, 146, -0.7001050710678101
28, 3, 355, 147, -0.6994701623916626
28, 4, 303, 148, -0.7167036533355713
28, 5, 291, 148, -0.7165969610214233
28, 6, 280, 150, -0.7172911763191223
28, 7, 372, 162, -0.23254525661468506
28, 8, 268, 169, -0.30616915225982666
28, 9, 347, 203, -0.6119024157524109
28, 10, 301, 204, -0.6302556991577148
28, 11, 444, 324, -0.013025514781475067
28, 12, 198, 322, -0.21805647015571594
28, 13, 481, 495, -0.6364748477935791
28, 14, 162, 506, -0.7880526185035706
28, 15, 399, 413, -1.6027921438217163
28, 16, 262, 411, -1.5935746431350708
28, 17, 370, 409, -1.78671395778656
28, 18, 302, 397, -1.7582597732543945
28, 19, 353, 383, -1.7014185190200806
28, 20, 308, 377, -1.7130887508392334
28, 21, 355, 384, -1.5961732864379883
28, 22, 297, 379, -1.5947777032852173
28, 23, 406, 667, 0.02340858057141304
28, 24, 214, 665, -0.01938077248632908
28, 25, 401, 949, 0.044378455728292465
28, 26, 216, 940, 0.02003602683544159
28, 27, 399, 1199, 0.5879318118095398
28, 28, 224, 1185, 0.4758504033088684
28, 29, 403, 1234, 0.6058584451675415
28, 30, 217, 1220, 0.5018101930618286
28, 31, 380, 1279, 0.014451147988438606
28, 32, 255, 1262, -0.139236181974411
29, 0, 321, 170, -0.7812578678131104
29, 1, 337, 146, -0.6984097957611084
29, 2, 349, 146, -0.698711633682251
29, 3, 355, 147, -0.6981042623519897
29, 4, 303, 147, -0.71685391664505
29, 5, 291, 148, -0.716692328453064
29, 6, 280, 150, -0.7173643708229065
29, 7, 372, 162, -0.2261679619550705
29, 8, 268, 168, -0.3042471706867218
29, 9, 347, 202, -0.6114230751991272
29, 10, 301, 204, -0.6317328810691833
29, 11, 444, 322, -0.004407982341945171
29, 12, 198, 322, -0.2121417224407196
29, 13, 483, 497, -0.6301636695861816
29, 14, 157, 506, -0.7695016860961914
29, 15, 400, 417, -1.5959324836730957
29, 16, 262, 415, -1.5561362504959106
29, 17, 366, 412, -1.7840406894683838
29, 18, 301, 398, -1.7131134271621704
29, 19, 349, 387, -1.699005126953125
29, 20, 307, 377, -1.6629016399383545
29, 21, 353, 389, -1.587602972984314
29, 22, 295, 381, -1.5513031482696533
29, 23, 405, 663, 0.023545872420072556
29, 24, 213, 660, -0.019498568028211594
29, 25, 399, 946, 0.04286099225282669
29, 26, 216, 936, 0.016488300636410713
29, 27, 399, 1197, 0.5588191747665405
29, 28, 225, 1183, 0.45383673906326294
29, 29, 403, 1232, 0.5727692246437073
29, 30, 218, 1217, 0.4775920510292053
29, 31, 379, 1277, -0.02628590725362301
29, 32, 256, 1261, -0.16073942184448242
30, 0, 321, 170, -0.8974065780639648
30, 1, 337, 146, -0.8150330781936646
30, 2, 349, 146, -0.815342128276825
30, 3, 355, 146, -0.8146408200263977
30, 4, 303, 147, -0.8353866338729858
30, 5, 291, 148, -0.8351758718490601
30, 6, 280, 150, -0.835790753364563
30, 7, 372, 162, -0.3254663944244385
30, 8, 268, 168, -0.4107324182987213
30, 9, 347, 202, -0.718148946762085
30, 10, 301, 204, -0.7432985901832581
30, 11, 445, 322, -0.03298121690750122
30, 12, 198, 322, -0.2449013888835907
30, 13, 505, 536, -0.6085965633392334
30, 14, 145, 506, -0.7813290953636169
30, 15, 402, 427, -1.5797111988067627
30, 16, 267, 437, -1.5697343349456787
30, 17, 369, 416, -1.7674329280853271
30, 18, 308, 416, -1.729056715965271
30, 19, 352, 391, -1.6866979598999023
30, 20, 308, 387, -1.693081259727478
30, 21, 356, 392, -1.5718024969100952
30, 22, 299, 393, -1.563486933708191
30, 23, 406, 664, 0.024016961455345154
30, 24, 215, 662, -0.019951988011598587
30, 25, 399, 948, 0.026646416634321213
30, 26, 217, 939, -0.029856950044631958
30, 27, 399, 1199, 0.5530477166175842
30, 28, 226, 1186, 0.3566887378692627
30, 29, 403, 1234, 0.567055344581604
30, 30, 220, 1220, 0.37379559874534607
30, 31, 380, 1278, -0.03356703370809555
30, 32, 258, 1264, -0.27023613452911377
31, 0, 321, 170, -0.9436759948730469
31, 1, 338, 146, -0.8599898219108582
31, 2, 349, 146, -0.8603413701057434
31, 3, 355, 146, -0.859514594078064
31, 4, 303, 147, -0.8793371319770813
31, 5, 291, 148, -0.8791564702987671
31, 6, 280, 150, -0.8798287510871887
31, 7, 372, 162, -0.36661237478256226
31, 8, 268, 168, -0.4458908438682556
31, 9, 347, 202, -0.7634595632553101
31, 10, 301, 204, -0.7876573801040649
31, 11, 448, 323, -0.06643103063106537
31, 12, 198, 323, -0.2683875858783722
31, 13, 525, 550, -0.6134992837905884
31, 14, 137, 507, -0.7894620299339294
31, 15, 404, 440, -1.565274953842163
31, 16, 265, 439, -1.5997874736785889
31, 17, 370, 421, -1.7433239221572876
31, 18, 308, 418, -1.759551763534546
31, 19, 353, 394, -1.6542314291000366
31, 20, 309, 388, -1.7114328145980835
31, 21, 359, 396, -1.5524064302444458
31, 22, 300, 394, -1.593906283378601
31, 23, 408, 670, 0.02251635678112507
31, 24, 215, 670, -0.018435031175613403
31, 25, 400, 958, 0.04386536031961441
31, 26, 215, 950, -0.010072486475110054
31, 27, 399, 1206, 0.6471225023269653
31, 28, 226, 1193, 0.44358545541763306
31, 29, 403, 1242, 0.6685383915901184
31, 30, 220, 1228, 0.46890944242477417
31, 31, 380, 1286, 0.0588899664580822
31, 32, 258, 1272, -0.18414205312728882
32, 0, 321, 170, -1.1343557834625244
32, 1, 338, 145, -1.0453599691390991
32, 2, 349, 145, -1.0457009077072144
32, 3, 355, 146, -1.045038104057312
32, 4, 303, 147, -1.0669341087341309
32, 5, 291, 148, -1.0670380592346191
32, 6, 280, 149, -1.0677865743637085
32, 7, 372, 161, -0.5091886520385742
32, 8, 268, 168, -0.5960090756416321
32, 9, 346, 202, -0.9367213249206543
32, 10, 301, 203, -0.9628394246101379
32, 11, 453, 327, -0.15244965255260468
32, 12, 195, 326, -0.38614293932914734
32, 13, 535, 554, -0.6653739213943481
32, 14, 131, 508, -0.8957154154777527
32, 15, 405, 470, -1.6456801891326904
32, 16, 263, 453, -1.7644321918487549
32, 17, 371, 452, -1.8251025676727295
32, 18, 304, 433, -1.9369089603424072
32, 19, 355, 425, -1.754223108291626
32, 20, 307, 400, -1.8946733474731445
32, 21, 362, 425, -1.640867829322815
32, 22, 299, 407, -1.7608211040496826
32, 23, 411, 683, 0.022831056267023087
32, 24, 218, 685, -0.01881815865635872
32, 25, 402, 974, 0.06764779984951019
32, 26, 217, 965, -0.08639822900295258
32, 27, 403, 1225, 0.6797913312911987
32, 28, 228, 1216, 0.3821905255317688
32, 29, 407, 1262, 0.7003697156906128
32, 30, 223, 1254, 0.40656059980392456
32, 31, 385, 1305, 0.07575111091136932
32, 32, 260, 1295, -0.27749133110046387
33, 0, 321, 169, -1.1634501218795776
33, 1, 337, 144, -1.077024221420288
33, 2, 349, 145, -1.0773351192474365
33, 3, 355, 145, -1.0767134428024292
33, 4, 303, 146, -1.0925284624099731
33, 5, 291, 147, -1.092574119567871
33, 6, 280, 149, -1.0932719707489014
33, 7, 372, 161, -0.5479510426521301
33, 8, 268, 168, -0.611089825630188
33, 9, 346, 201, -0.9693245887756348
33, 10, 301, 203, -0.9886886477470398
33, 11, 455, 330, -0.2210160493850708
33, 12, 195, 326, -0.380744606256485
33, 13, 527, 534, -0.7555899024009705
33, 14, 124, 506, -0.9255453944206238
33, 15, 401, 479, -1.7469227313995361
33, 16, 261, 460, -1.8774664402008057
33, 17, 358, 465, -1.9353444576263428
33, 18, 304, 449, -2.0597052574157715
33, 19, 346, 444, -1.8694887161254883
33, 20, 306, 428, -2.017213821411133
33, 21, 355, 441, -1.743523359298706
33, 22, 297, 428, -1.8764301538467407
33, 23, 411, 690, 0.0023692199029028416
33, 24, 218, 691, 0.0016147879650816321
33, 25, 402, 981, 0.06457439064979553
33, 26, 217, 972, -0.030946578830480576
33, 27, 403, 1231, 0.6845928430557251
33, 28, 227, 1221, 0.452056884765625
33, 29, 407, 1269, 0.7066074013710022
33, 30, 222, 1259, 0.4783151149749756
33, 31, 384, 1313, 0.08490999042987823
33, 32, 259, 1302, -0.1976594477891922
34, 0, 321, 169, -1.2548515796661377
34, 1, 338, 144, -1.1746187210083008
34, 2, 349, 144, -1.1748641729354858
34, 3, 355, 145, -1.1744612455368042
34, 4, 303, 146, -1.1868202686309814
34, 5, 291, 147, -1.1868699789047241
34, 6, 280, 149, -1.1874914169311523
34, 7, 372, 161, -0.6543331146240234
34, 8, 268, 168, -0.7036598324775696
34, 9, 347, 201, -1.0599678754806519
34, 10, 301, 203, -1.0751670598983765
34, 11, 457, 331, -0.29406335949897766
34, 12, 195, 327, -0.4330410361289978
34, 13, 530, 549, -0.7481188178062439
34, 14, 118, 507, -0.9015794992446899
34, 15, 390, 498, -1.7023454904556274
34, 16, 262, 477, -1.8013408184051514
34, 17, 361, 500, -1.9060026407241821
34, 18, 304, 475, -1.972033143043518
34, 19, 347, 465, -1.8200500011444092
34, 20, 310, 438, -1.9262266159057617
34, 21, 351, 451, -1.7000741958618164
34, 22, 301, 441, -1.7983663082122803
34, 23, 411, 691, 0.0006720474921166897
34, 24, 222, 694, 0.0032813611906021833
34, 25, 402, 983, 0.06450431048870087
34, 26, 218, 973, -0.07145080715417862
34, 27, 404, 1234, 0.6641867756843567
34, 28, 230, 1225, 0.37636715173721313
34, 29, 407, 1273, 0.68433678150177
34, 30, 227, 1263, 0.3982648253440857
34, 31, 385, 1316, 0.06920967996120453
34, 32, 261, 1306, -0.2797009348869324
35, 0, 321, 169, -1.1577147245407104
35, 1, 338, 144, -1.08069908618927
35, 2, 349, 144, -1.081099510192871
35, 3, 355, 145, -1.0811491012573242
35, 4, 303, 147, -1.0869921445846558
35, 5, 291, 148, -1.0868990421295166
35, 6, 281, 149, -1.0875452756881714
35, 7, 373, 161, -0.609484851360321
35, 8, 268, 168, -0.6283617615699768
35, 9, 347, 201, -0.9833067655563354
35, 10, 301, 203, -0.9892367124557495
35, 11, 459, 334, -0.286545991897583
35, 12, 195, 328, -0.3913772702217102
35, 13, 528, 533, -0.2838917374610901
35, 14, 119, 505, -0.44730669260025024
35, 15, 497, 691, -0.7878590822219849
35, 16, 156, 622, -1.1164605617523193
35, 17, 509, 744, -0.9345777630805969
35, 18, 161, 670, -1.290446400642395
35, 19, 484, 735, -1.0323851108551025
35, 20, 186, 655, -1.3718901872634888
35, 21, 473, 714, -0.8496681451797485
35, 22, 189, 639, -1.170912742614746
35, 23, 411, 699, -0.02493433468043804
35, 24, 225, 699, 0.029267653822898865
35, 25, 398, 1003, -0.05419456213712692
35, 26, 217, 991, -0.10560031235218048
35, 27, 396, 1271, 0.5489012002944946
35, 28, 223, 1260, 0.324298232793808
35, 29, 399, 1313, 0.5680772066116333
35, 30, 221, 1303, 0.3437366485595703
35, 31, 370, 1352, -0.07619397342205048
35, 32, 251, 1339, -0.35685786604881287
36, 0, 321, 169, -1.1557581424713135
36, 1, 338, 144, -1.0773680210113525
36, 2, 349, 144, -1.0777699947357178
36, 3, 356, 145, -1.0778836011886597
36, 4, 303, 147, -1.0823943614959717
36, 5, 291, 148, -1.0822957754135132
36, 6, 281, 149, -1.0829359292984009
36, 7, 373, 161, -0.609247624874115
36, 8, 269, 168, -0.6247869729995728
36, 9, 347, 201, -0.984614372253418
36, 10, 302, 203, -0.9890131950378418
36, 11, 461, 336, -0.28346601128578186
36, 12, 195, 329, -0.3997814953327179
36, 13, 525, 528, -0.2467137575149536
36, 14, 119, 503, -0.4959642291069031
36, 15, 524, 716, -0.7341854572296143
36, 16, 159, 625, -1.2051695585250854
36, 17, 540, 769, -0.8743683695793152
36, 18, 168, 670, -1.3827303647994995
36, 19, 514, 763, -0.9716375470161438
36, 20, 194, 652, -1.4522655010223389
36, 21, 500, 742, -0.7953082323074341
36, 22, 195, 637, -1.2547820806503296
36, 23, 411, 704, -0.02900155819952488
36, 24, 226, 702, 0.03334404155611992
36, 25, 394, 1013, -0.05906764417886734
36, 26, 216, 1000, -0.10034999996423721
36, 27, 388, 1284, 0.5504629611968994
36, 28, 217, 1271, 0.3366277813911438
36, 29, 390, 1326, 0.569729208946228
36, 30, 215, 1313, 0.3572767376899719
36, 31, 358, 1364, -0.07530400902032852
36, 32, 243, 1350, -0.3424451947212219
37, 0, 321, 169, -1.13454008102417
37, 1, 338, 144, -1.0551166534423828
37, 2, 349, 144, -1.055558443069458
37, 3, 356, 144, -1.055678129196167
37, 4, 303, 147, -1.0616012811660767
37, 5, 291, 148, -1.0614423751831055
37, 6, 281, 150, -1.0621353387832642
37, 7, 373, 161, -0.5924772620201111
37, 8, 269, 168, -0.6136026382446289
37, 9, 347, 201, -0.9655685424804688
37, 10, 302, 203, -0.9715827107429504
37, 11, 464, 341, -0.27527812123298645
37, 12, 194, 332, -0.40734729170799255
37, 13, 523, 555, -0.2696983516216278
37, 14, 116, 503, -0.49945688247680664
37, 15, 526, 724, -0.7926731705665588
37, 16, 137, 654, -1.1753602027893066
37, 17, 544, 778, -0.9396785497665405
37, 18, 139, 704, -1.3514472246170044
37, 19, 519, 773, -1.0351440906524658
37, 20, 167, 693, -1.432196855545044
37, 21, 505, 752, -0.8557565808296204
37, 22, 171, 675, -1.230305552482605
37, 23, 411, 712, -0.025393351912498474
37, 24, 225, 709, 0.02982603944838047
37, 25, 390, 1020, -0.04660297557711601
37, 26, 212, 1010, -0.11111992597579956
37, 27, 379, 1290, 0.5517630577087402
37, 28, 205, 1282, 0.34174397587776184
37, 29, 381, 1334, 0.5748453736305237
37, 30, 201, 1326, 0.3634326756000519
37, 31, 346, 1372, -0.05346861481666565
37, 32, 231, 1361, -0.3355952799320221
38, 0, 321, 169, -1.1641552448272705
38, 1, 338, 144, -1.0838251113891602
38, 2, 349, 144, -1.0842610597610474
38, 3, 356, 144, -1.0844035148620605
38, 4, 303, 147, -1.0869717597961426
38, 5, 291, 148, -1.0868046283721924
38, 6, 281, 150, -1.08746337890625
38, 7, 374, 160, -0.6144806146621704
38, 8, 269, 168, -0.6232591867446899
38, 9, 347, 201, -0.9928542971611023
38, 10, 302, 203, -0.9952763319015503
38, 11, 467, 344, -0.2876586616039276
38, 12, 194, 334, -0.40440815687179565
38, 13, 523, 563, -0.2755656838417053
38, 14, 114, 502, -0.5235790014266968
38, 15, 531, 733, -0.7926349639892578
38, 16, 153, 635, -1.2635658979415894
38, 17, 549, 787, -0.9404644966125488
38, 18, 163, 680, -1.4491841793060303
38, 19, 523, 782, -1.0366780757904053
38, 20, 189, 663, -1.5139846801757812
38, 21, 508, 760, -0.8550680875778198
38, 22, 190, 647, -1.3133366107940674
38, 23, 411, 716, -0.028478389605879784
38, 24, 226, 712, 0.03304141014814377
38, 25, 390, 1025, -0.06868503242731094
38, 26, 212, 1012, -0.14727206528186798
38, 27, 380, 1297, 0.5409350395202637
38, 28, 207, 1287, 0.29980260133743286
38, 29, 383, 1340, 0.5605023503303528
38, 30, 204, 1331, 0.3205876350402832
38, 31, 349, 1378, -0.09516911208629608
38, 32, 234, 1366, -0.3991876542568207
39, 0, 321, 169, -1.150877833366394
39, 1, 338, 144, -1.075058102607727
39, 2, 349, 144, -1.075464129447937
39, 3, 356, 144, -1.075646162033081
39, 4, 303, 147, -1.0737570524215698
39, 5, 291, 148, -1.073468565940857
39, 6, 281, 150, -1.0740885734558105
39, 7, 375, 160, -0.61757892370224
39, 8, 270, 168, -0.6047566533088684
39, 9, 347, 201, -0.9826922416687012
39, 10, 302, 204, -0.979107677936554
39, 11, 471, 345, -0.30140966176986694
39, 12, 194, 334, -0.4029006361961365
39, 13, 524, 566, -0.28278738260269165
39, 14, 112, 500, -0.4628683030605316
39, 15, 523, 724, -0.7729762196540833
39, 16, 157, 626, -1.1845206022262573
39, 17, 537, 778, -0.9233323931694031
39, 18, 169, 673, -1.36757493019104
39, 19, 510, 769, -1.0099327564239502
39, 20, 195, 652, -1.4370307922363281
39, 21, 497, 747, -0.8310002088546753
39, 22, 195, 636, -1.2355178594589233
39, 23, 411, 718, -0.042949266731739044
39, 24, 226, 713, 0.04781302064657211
39, 25, 389, 1028, -0.10135765373706818
39, 26, 210, 1014, -0.12588052451610565
39, 27, 379, 1301, 0.5121799111366272
39, 28, 204, 1290, 0.3163297772407532
39, 29, 383, 1344, 0.5311073064804077
39, 30, 202, 1334, 0.33750098943710327
39, 31, 344, 1383, -0.13645102083683014
39, 32, 229, 1371, -0.3753948211669922
