0, 0, 296, 168, -0.7565395832061768
0, 1, 308, 149, -0.7040473818778992
0, 2, 317, 150, -0.703877329826355
0, 3, 326, 151, -0.7041841745376587
0, 4, 280, 148, -0.702583372592926
0, 5, 269, 149, -0.7019349932670593
0, 6, 260, 151, -0.7022489309310913
0, 7, 342, 167, -0.394890695810318
0, 8, 245, 168, -0.375103622674942
0, 9, 315, 196, -0.6459705233573914
0, 10, 275, 196, -0.639417290687561
0, 11, 423, 300, -0.2748246490955353
0, 12, 166, 315, -0.24136118590831757
0, 13, 509, 458, -0.2336616963148117
0, 14, 66, 469, -0.16943785548210144
0, 15, 592, 594, -0.4715726971626282
0, 16, -21, 609, -0.44956693053245544
0, 17, 631, 635, -0.5253799557685852
0, 18, -53, 648, -0.5088450312614441
0, 19, 605, 647, -0.5958091616630554
0, 20, -30, 653, -0.6091058254241943
0, 21, 587, 632, -0.5156838893890381
0, 22, -17, 640, -0.5074968338012695
0, 23, 380, 665, -0.061905987560749054
0, 24, 206, 667, 0.06710193306207657
0, 25, 379, 947, -0.01733498089015484
0, 26, 209, 950, 0.15300460159778595
0, 27, 381, 1191, 0.5775038003921509
0, 28, 213, 1197, 0.5162928700447083
0, 29, 388, 1232, 0.6094536185264587
0, 30, 209, 1238, 0.5353703498840332
0, 31, 352, 1269, 0.11782275140285492
0, 32, 240, 1277, -0.013489382341504097
1, 0, 296, 168, -0.9260188937187195
1, 1, 309, 148, -0.860578715801239
1, 2, 318, 150, -0.8607231378555298
1, 3, 327, 151, -0.8609083890914917
1, 4, 280, 148, -0.8600331544876099
1, 5, 269, 149, -0.8594318628311157
1, 6, 260, 150, -0.8597947359085083
1, 7, 343, 168, -0.45635390281677246
1, 8, 245, 167, -0.43912115693092346
1, 9, 315, 197, -0.7783547639846802
1, 10, 275, 196, -0.7738538980484009
1, 11, 425, 301, -0.26932746171951294
1, 12, 166, 317, -0.24169406294822693
1, 13, 510, 456, -0.2336721420288086
1, 14, 66, 466, -0.3231871426105499
1, 15, 595, 603, -0.5868349671363831
1, 16, -23, 588, -0.9835014343261719
1, 17, 631, 646, -0.6744287610054016
1, 18, -54, 625, -1.1187493801116943
1, 19, 607, 652, -0.7572567462921143
1, 20, -30, 618, -1.2233364582061768
1, 21, 589, 639, -0.6392865777015686
1, 22, -17, 609, -1.0532832145690918
1, 23, 384, 673, -0.06852221488952637
1, 24, 206, 676, 0.07362399995326996
1, 25, 384, 965, 0.05547219514846802
1, 26, 212, 969, 0.18778809905052185
1, 27, 389, 1218, 0.7786063551902771
1, 28, 221, 1220, 0.6976013779640198
1, 29, 395, 1259, 0.8153368830680847
1, 30, 218, 1259, 0.7308523058891296
1, 31, 361, 1294, 0.23641625046730042
1, 32, 250, 1302, 0.09054882824420929
2, 0, 296, 168, -0.9470904469490051
2, 1, 310, 148, -0.8825564384460449
2, 2, 319, 150, -0.8827053308486938
2, 3, 328, 151, -0.8829601407051086
2, 4, 280, 148, -0.8816108703613281
2, 5, 269, 149, -0.8809343576431274
2, 6, 260, 149, -0.8812934756278992
2, 7, 344, 168, -0.4714950919151306
2, 8, 245, 167, -0.45096030831336975
2, 9, 316, 198, -0.7969845533370972
2, 10, 275, 197, -0.7910940647125244
2, 11, 425, 301, -0.2652949392795563
2, 12, 166, 317, -0.2410302609205246
2, 13, 510, 456, -0.2264508754014969
2, 14, 66, 464, -0.27087873220443726
2, 15, 598, 608, -0.5961264371871948
2, 16, -31, 591, -0.7882668375968933
2, 17, 633, 651, -0.6814879775047302
2, 18, -64, 629, -0.9014540910720825
2, 19, 612, 656, -0.7691465616226196
2, 20, -41, 625, -1.017498254776001
2, 21, 593, 644, -0.6509767770767212
2, 22, -26, 614, -0.8585475087165833
2, 23, 384, 676, -0.07614431530237198
2, 24, 206, 680, 0.081120066344738
2, 25, 385, 969, 0.039342306554317474
2, 26, 213, 974, 0.209577277302742
2, 27, 390, 1224, 0.732208788394928
2, 28, 222, 1226, 0.7213389873504639
2, 29, 396, 1266, 0.766924262046814
2, 30, 220, 1266, 0.7544057965278625
2, 31, 361, 1302, 0.2006579339504242
2, 32, 251, 1309, 0.11061016470193863
3, 0, 296, 171, -1.0933308601379395
3, 1, 311, 149, -1.0261574983596802
3, 2, 319, 150, -1.0261967182159424
3, 3, 328, 151, -1.0260096788406372
3, 4, 280, 148, -1.0261399745941162
3, 5, 269, 149, -1.0255966186523438
3, 6, 260, 150, -1.025823712348938
3, 7, 345, 168, -0.5484567880630493
3, 8, 246, 167, -0.5447904467582703
3, 9, 316, 200, -0.917048454284668
3, 10, 274, 200, -0.9168636202812195
3, 11, 427, 301, -0.24027402698993683
3, 12, 167, 316, -0.29953864216804504
3, 13, 514, 456, -0.14801475405693054
3, 14, 61, 462, -0.8576748967170715
3, 15, 598, 610, -0.5432149171829224
3, 16, 41, 475, -2.067936897277832
3, 17, 628, 652, -0.6546571850776672
3, 18, 55, 460, -2.282656192779541
3, 19, 610, 655, -0.7568930387496948
3, 20, 88, 435, -2.298686981201172
3, 21, 590, 643, -0.5917097926139832
3, 22, 95, 439, -2.1057722568511963
3, 23, 390, 676, -0.07034046947956085
3, 24, 209, 680, 0.07493267953395844
3, 25, 392, 967, 0.031332049518823624
3, 26, 218, 973, 0.1696435660123825
3, 27, 396, 1224, 0.6963507533073425
3, 28, 234, 1225, 0.672073245048523
3, 29, 402, 1264, 0.7283520698547363
3, 30, 234, 1263, 0.7033586502075195
3, 31, 373, 1301, 0.08285557478666306
3, 32, 260, 1306, 0.04673564434051514
4, 0, 296, 173, -0.9914047122001648
4, 1, 311, 149, -0.9246460795402527
4, 2, 319, 150, -0.9246484041213989
4, 3, 328, 152, -0.924639105796814
4, 4, 280, 149, -0.924727737903595
4, 5, 269, 149, -0.9241120219230652
4, 6, 260, 150, -0.9242910146713257
4, 7, 345, 168, -0.5195661783218384
4, 8, 246, 167, -0.5303819179534912
4, 9, 316, 202, -0.8322840929031372
4, 10, 274, 202, -0.8295111656188965
4, 11, 427, 301, -0.1671074777841568
4, 12, 172, 315, -0.29069381952285767
4, 13, 514, 455, -0.08645199984312057
4, 14, 78, 462, -0.9275873303413391
4, 15, 602, 609, -0.32889434695243835
4, 16, 182, 382, -1.9120666980743408
4, 17, 634, 651, -0.4013919234275818
4, 18, 207, 349, -2.1132683753967285
4, 19, 618, 654, -0.4785229563713074
4, 20, 224, 325, -2.0650856494903564
4, 21, 596, 643, -0.37511029839515686
4, 22, 226, 334, -1.9233474731445312
4, 23, 397, 673, -0.06517423689365387
4, 24, 217, 679, 0.06974593549966812
4, 25, 403, 966, -0.05518335849046707
4, 26, 238, 972, 0.1372184455394745
4, 27, 411, 1224, 0.5067560076713562
4, 28, 258, 1226, 0.599148154258728
4, 29, 417, 1263, 0.5198253393173218
4, 30, 257, 1263, 0.6298283934593201
4, 31, 390, 1300, -0.1260061115026474
4, 32, 280, 1307, -0.060353659093379974
5, 0, 295, 174, -0.9498994946479797
5, 1, 311, 149, -0.8861031532287598
5, 2, 319, 150, -0.8860780596733093
5, 3, 328, 152, -0.8861461877822876
5, 4, 280, 149, -0.8856358528137207
5, 5, 269, 149, -0.8850030899047852
5, 6, 260, 150, -0.8852394819259644
5, 7, 345, 168, -0.49981576204299927
5, 8, 246, 167, -0.45106035470962524
5, 9, 316, 202, -0.8015891909599304
5, 10, 274, 202, -0.7988620400428772
5, 11, 428, 300, -0.1696775108575821
5, 12, 176, 315, -0.2843133211135864
5, 13, 516, 456, -0.09624070674180984
5, 14, 85, 464, -0.8843871355056763
5, 15, 604, 615, -0.2982703447341919
5, 16, 194, 355, -1.774949312210083
5, 17, 638, 657, -0.36375007033348083
5, 18, 230, 324, -1.9639651775360107
5, 19, 619, 657, -0.4310104250907898
5, 20, 240, 304, -1.8987118005752563
5, 21, 596, 648, -0.34155699610710144
5, 22, 237, 312, -1.776367425918579
5, 23, 401, 671, -0.06481580436229706
5, 24, 220, 677, 0.06933216750621796
5, 25, 404, 965, -0.19539079070091248
5, 26, 239, 971, 0.06221265345811844
5, 27, 411, 1226, 0.2903364300727844
5, 28, 255, 1225, 0.37996476888656616
5, 29, 417, 1266, 0.29653090238571167
5, 30, 253, 1261, 0.39580756425857544
5, 31, 389, 1301, -0.33708786964416504
5, 32, 277, 1306, -0.2566607892513275
6, 0, 293, 174, -0.9516909718513489
6, 1, 310, 149, -0.882980465888977
6, 2, 319, 150, -0.8829123377799988
6, 3, 327, 151, -0.8828479647636414
6, 4, 280, 149, -0.8787275552749634
6, 5, 269, 149, -0.8781145811080933
6, 6, 260, 150, -0.87834632396698
6, 7, 345, 168, -0.4934585690498352
6, 8, 247, 167, -0.4200177788734436
6, 9, 315, 202, -0.7996107935905457
6, 10, 274, 202, -0.790276825428009
6, 11, 428, 301, -0.16954922676086426
6, 12, 176, 315, -0.29555413126945496
6, 13, 518, 458, -0.08860336989164352
6, 14, 86, 472, -0.9508904218673706
6, 15, 604, 625, -0.26477521657943726
6, 16, 216, 339, -1.822410225868225
6, 17, 639, 668, -0.32728520035743713
6, 18, 251, 300, -2.013819456100464
6, 19, 619, 668, -0.38363105058670044
6, 20, 258, 285, -1.9361345767974854
6, 21, 596, 659, -0.30453142523765564
6, 22, 255, 296, -1.8177381753921509
6, 23, 402, 671, -0.06744387000799179
6, 24, 220, 677, 0.07205773890018463
6, 25, 405, 965, -0.19166982173919678
6, 26, 240, 973, 0.14899450540542603
6, 27, 412, 1231, 0.34405356645584106
6, 28, 257, 1229, 0.591643750667572
6, 29, 419, 1271, 0.35426265001296997
6, 30, 255, 1265, 0.6234625577926636
6, 31, 388, 1306, -0.29338061809539795
6, 32, 279, 1313, -0.06948556005954742
7, 0, 295, 174, -0.9883139729499817
7, 1, 313, 149, -0.913260281085968
7, 2, 321, 150, -0.9132462739944458
7, 3, 330, 151, -0.9131320714950562
7, 4, 283, 149, -0.9161787033081055
7, 5, 272, 149, -0.9156978726387024
7, 6, 263, 150, -0.9160102605819702
7, 7, 347, 168, -0.48198479413986206
7, 8, 248, 167, -0.4383012354373932
7, 9, 317, 203, -0.8216517567634583
7, 10, 275, 203, -0.8206903338432312
7, 11, 429, 301, -0.14844420552253723
7, 12, 176, 307, -0.3351045250892639
7, 13, 519, 459, -0.039945587515830994
7, 14, 87, 472, -0.994399905204773
7, 15, 615, 624, -0.2220485657453537
7, 16, 239, 346, -1.843237280845642
7, 17, 653, 667, -0.27865487337112427
7, 18, 274, 306, -2.034424304962158
7, 19, 635, 666, -0.3441433310508728
7, 20, 276, 289, -1.9561574459075928
7, 21, 610, 658, -0.26560142636299133
7, 22, 271, 301, -1.8376739025115967
7, 23, 404, 670, -0.05850406736135483
7, 24, 219, 677, 0.06299286335706711
7, 25, 407, 965, -0.12709976732730865
7, 26, 241, 972, 0.17599444091320038
7, 27, 414, 1229, 0.4778800904750824
7, 28, 258, 1228, 0.7265985608100891
7, 29, 420, 1269, 0.4864324629306793
7, 30, 255, 1264, 0.7683425545692444
7, 31, 395, 1306, -0.17984507977962494
7, 32, 286, 1312, 0.08404047787189484
8, 0, 300, 175, -1.0338637828826904
8, 1, 317, 150, -0.9528900384902954
8, 2, 325, 151, -0.9529107213020325
8, 3, 335, 153, -0.952702522277832
8, 4, 287, 149, -0.9587198495864868
8, 5, 275, 150, -0.9582160115242004
8, 6, 265, 150, -0.9584990739822388
8, 7, 351, 170, -0.47646084427833557
8, 8, 251, 168, -0.4674812853336334
8, 9, 321, 203, -0.8586103320121765
8, 10, 278, 203, -0.8622077107429504
8, 11, 431, 303, -0.15049034357070923
8, 12, 175, 308, -0.3543701767921448
8, 13, 521, 460, -0.03995627909898758
8, 14, 87, 473, -1.0078691244125366
8, 15, 619, 622, -0.24162109196186066
8, 16, 243, 376, -1.8967148065567017
8, 17, 657, 664, -0.3016999363899231
8, 18, 279, 341, -2.0923726558685303
8, 19, 640, 665, -0.3683684468269348
8, 20, 283, 323, -2.021803617477417
8, 21, 615, 656, -0.2856445908546448
8, 22, 279, 333, -1.8936364650726318
8, 23, 408, 671, -0.05476386100053787
8, 24, 221, 678, 0.05919808894395828
8, 25, 414, 967, -0.029496561735868454
8, 26, 248, 976, 0.18478704988956451
8, 27, 422, 1231, 0.6275360584259033
8, 28, 265, 1232, 0.7516396045684814
8, 29, 427, 1270, 0.6458293795585632
8, 30, 262, 1268, 0.7935575246810913
8, 31, 404, 1310, -0.029889356344938278
8, 32, 294, 1317, 0.0994759351015091
9, 0, 304, 175, -1.0723655223846436
9, 1, 321, 150, -0.9944021105766296
9, 2, 330, 151, -0.9944316148757935
9, 3, 340, 153, -0.9942495226860046
9, 4, 291, 149, -0.9992680549621582
9, 5, 279, 149, -0.9988363981246948
9, 6, 269, 150, -0.9991200566291809
9, 7, 356, 170, -0.5104439854621887
9, 8, 253, 167, -0.5148648023605347
9, 9, 324, 204, -0.8976003527641296
9, 10, 280, 203, -0.9005736112594604
9, 11, 433, 303, -0.1545989215373993
9, 12, 175, 308, -0.3853837847709656
9, 13, 524, 461, -0.06827268749475479
9, 14, 86, 474, -1.0154169797897339
9, 15, 620, 624, -0.2886565327644348
9, 16, 240, 397, -1.896241545677185
9, 17, 658, 667, -0.3506452143192291
9, 18, 283, 361, -2.0841777324676514
9, 19, 639, 668, -0.41935235261917114
9, 20, 289, 341, -2.0139682292938232
9, 21, 614, 659, -0.3332204818725586
9, 22, 284, 351, -1.88897705078125
9, 23, 408, 672, -0.05237197130918503
9, 24, 222, 679, 0.05649908632040024
9, 25, 413, 969, -0.0226088035851717
9, 26, 246, 977, 0.1507878601551056
9, 27, 419, 1233, 0.6293721795082092
9, 28, 262, 1233, 0.7166940569877625
9, 29, 424, 1272, 0.6502455472946167
9, 30, 259, 1269, 0.7458947896957397
9, 31, 400, 1312, -0.0023426013067364693
9, 32, 290, 1318, 0.04377744346857071
10, 0, 306, 175, -1.0685209035873413
10, 1, 323, 150, -0.9905456304550171
10, 2, 333, 151, -0.9905486106872559
10, 3, 343, 153, -0.9903517961502075
10, 4, 294, 149, -0.9945642352104187
10, 5, 282, 149, -0.9941328167915344
10, 6, 271, 150, -0.9944283366203308
10, 7, 360, 170, -0.5046728253364563
10, 8, 254, 167, -0.5082966089248657
10, 9, 326, 204, -0.8934893608093262
10, 10, 282, 203, -0.8956724405288696
10, 11, 433, 303, -0.15811268985271454
10, 12, 175, 307, -0.3715917766094208
10, 13, 526, 461, -0.05026218295097351
10, 14, 86, 474, -0.9973336458206177
10, 15, 623, 617, -0.29515039920806885
10, 16, 231, 400, -1.938847541809082
10, 17, 660, 658, -0.3599190413951874
10, 18, 270, 366, -2.1370768547058105
10, 19, 642, 654, -0.4305729866027832
10, 20, 280, 347, -2.0753769874572754
10, 21, 618, 646, -0.34021878242492676
10, 22, 276, 355, -1.9378817081451416
10, 23, 409, 671, -0.049130480736494064
10, 24, 222, 678, 0.05321367830038071
10, 25, 412, 968, 0.02240839973092079
10, 26, 244, 977, 0.15081851184368134
10, 27, 418, 1232, 0.6901188492774963
10, 28, 261, 1233, 0.7080237865447998
10, 29, 423, 1271, 0.7126473784446716
10, 30, 258, 1268, 0.7452062964439392
10, 31, 399, 1311, 0.06734602153301239
10, 32, 288, 1317, 0.04885796457529068
11, 0, 308, 175, -1.0585463047027588
11, 1, 324, 150, -0.9800997972488403
11, 2, 334, 151, -0.9800998568534851
11, 3, 344, 153, -0.9799822568893433
11, 4, 295, 149, -0.9836835861206055
11, 5, 283, 149, -0.9832497835159302
11, 6, 272, 149, -0.983575701713562
11, 7, 361, 170, -0.49711933732032776
11, 8, 256, 165, -0.4971708357334137
11, 9, 328, 203, -0.8842345476150513
11, 10, 284, 202, -0.8854740262031555
11, 11, 435, 303, -0.1569174975156784
11, 12, 176, 306, -0.3631437122821808
11, 13, 528, 461, -0.04374837130308151
11, 14, 86, 473, -1.0236397981643677
11, 15, 630, 616, -0.27059200406074524
11, 16, 234, 379, -1.9471890926361084
11, 17, 669, 656, -0.3329858183860779
11, 18, 270, 348, -2.1437246799468994
11, 19, 652, 652, -0.4057774543762207
11, 20, 278, 330, -2.0702080726623535
11, 21, 626, 645, -0.3165678381919861
11, 22, 273, 337, -1.9423942565917969
11, 23, 411, 670, -0.04918576404452324
11, 24, 222, 677, 0.053293950855731964
11, 25, 412, 968, -0.03191191703081131
11, 26, 243, 976, 0.14265456795692444
11, 27, 417, 1231, 0.5902189016342163
11, 28, 259, 1232, 0.6857479214668274
11, 29, 422, 1271, 0.6050823330879211
11, 30, 256, 1267, 0.7246700525283813
11, 31, 398, 1310, -0.06557939201593399
11, 32, 287, 1316, -0.0017118866089731455
12, 0, 308, 173, -1.0406725406646729
12, 1, 324, 149, -0.9724560976028442
12, 2, 334, 151, -0.9725708961486816
12, 3, 344, 153, -0.9726098775863647
12, 4, 295, 148, -0.9718719720840454
12, 5, 284, 148, -0.9712879061698914
12, 6, 273, 148, -0.9715584516525269
12, 7, 361, 170, -0.46880465745925903
12, 8, 257, 165, -0.4806385934352875
12, 9, 328, 202, -0.8760143518447876
12, 10, 285, 201, -0.8730659484863281
12, 11, 435, 304, -0.13801708817481995
12, 12, 177, 306, -0.3605131506919861
12, 13, 528, 461, -0.02647118642926216
12, 14, 87, 474, -1.0310114622116089
12, 15, 630, 615, -0.232794851064682
12, 16, 238, 363, -1.906102180480957
12, 17, 669, 656, -0.2901214063167572
12, 18, 273, 330, -2.0971670150756836
12, 19, 652, 653, -0.3595391511917114
12, 20, 280, 312, -2.019104480743408
12, 21, 626, 645, -0.27834898233413696
12, 22, 275, 321, -1.8994152545928955
12, 23, 411, 669, -0.04734978824853897
12, 24, 223, 676, 0.05151180177927017
12, 25, 413, 967, -0.09880045801401138
12, 26, 243, 976, 0.1291223019361496
12, 27, 418, 1231, 0.4651384949684143
12, 28, 259, 1231, 0.6118756532669067
12, 29, 423, 1270, 0.47741109132766724
12, 30, 256, 1267, 0.6444088816642761
12, 31, 399, 1309, -0.17572946846485138
12, 32, 287, 1315, -0.05422059819102287
13, 0, 309, 172, -1.0605405569076538
13, 1, 325, 148, -0.9796475172042847
13, 2, 335, 150, -0.9796450734138489
13, 3, 344, 152, -0.9795047640800476
13, 4, 296, 147, -0.9844775199890137
13, 5, 285, 147, -0.9839971661567688
13, 6, 274, 147, -0.9843325614929199
13, 7, 361, 170, -0.473087877035141
13, 8, 258, 164, -0.4896722435951233
13, 9, 329, 202, -0.8857340812683105
13, 10, 286, 200, -0.8890106081962585
13, 11, 436, 304, -0.1465665102005005
13, 12, 176, 307, -0.3825511634349823
13, 13, 528, 462, -0.04139403626322746
13, 14, 87, 474, -1.0719982385635376
13, 15, 629, 620, -0.2591652274131775
13, 16, 241, 365, -1.9678481817245483
13, 17, 667, 663, -0.3196059763431549
13, 18, 275, 330, -2.166792869567871
13, 19, 649, 661, -0.3890708386898041
13, 20, 281, 311, -2.09039044380188
13, 21, 624, 652, -0.30442118644714355
13, 22, 276, 323, -1.9625189304351807
13, 23, 413, 670, -0.046866677701473236
13, 24, 224, 677, 0.05108993500471115
13, 25, 413, 969, -0.03881687670946121
13, 26, 243, 977, 0.16598966717720032
13, 27, 417, 1234, 0.6112454533576965
13, 28, 259, 1234, 0.7371611595153809
13, 29, 422, 1273, 0.631961464881897
13, 30, 255, 1269, 0.7798417806625366
13, 31, 398, 1313, -0.031291089951992035
13, 32, 286, 1318, 0.07741223275661469
14, 0, 310, 172, -1.0584954023361206
14, 1, 326, 148, -0.9795513153076172
14, 2, 336, 150, -0.979541003704071
14, 3, 345, 152, -0.9794678688049316
14, 4, 297, 147, -0.9850112795829773
14, 5, 286, 147, -0.9845293164253235
14, 6, 275, 147, -0.9848424196243286
14, 7, 361, 170, -0.47878241539001465
14, 8, 258, 164, -0.49417996406555176
14, 9, 330, 202, -0.8825551271438599
14, 10, 287, 200, -0.8861826062202454
14, 11, 436, 304, -0.14948514103889465
14, 12, 176, 308, -0.3739280104637146
14, 13, 528, 462, -0.049049414694309235
14, 14, 85, 474, -1.0226590633392334
14, 15, 628, 620, -0.2676968574523926
14, 16, 239, 376, -1.9110519886016846
14, 17, 666, 663, -0.3308177888393402
14, 18, 274, 343, -2.106685161590576
14, 19, 648, 661, -0.4004283547401428
14, 20, 282, 325, -2.036559581756592
14, 21, 623, 652, -0.31277504563331604
14, 22, 278, 336, -1.9074013233184814
14, 23, 413, 671, -0.047031838446855545
14, 24, 224, 678, 0.05125341936945915
14, 25, 414, 970, 0.02219535782933235
14, 26, 244, 977, 0.20370110869407654
14, 27, 418, 1234, 0.6847025752067566
14, 28, 259, 1234, 0.8060104250907898
14, 29, 422, 1273, 0.7073140144348145
14, 30, 255, 1269, 0.8519760966300964
14, 31, 399, 1314, 0.05647113919258118
14, 32, 286, 1318, 0.15949954092502594
15, 0, 314, 172, -1.0797066688537598
15, 1, 329, 148, -1.0020248889923096
15, 2, 339, 150, -1.0020297765731812
15, 3, 348, 152, -1.0019967555999756
15, 4, 300, 146, -1.008496642112732
15, 5, 289, 146, -1.008014440536499
15, 6, 277, 147, -1.0083380937576294
15, 7, 364, 170, -0.5028437376022339
15, 8, 259, 164, -0.5220983028411865
15, 9, 332, 202, -0.9008792638778687
15, 10, 290, 199, -0.9066814184188843
15, 11, 436, 304, -0.16631397604942322
15, 12, 176, 304, -0.3726322650909424
15, 13, 528, 462, -0.053085606545209885
15, 14, 81, 470, -1.006024718284607
15, 15, 631, 621, -0.26904600858688354
15, 16, 229, 381, -1.9192975759506226
15, 17, 669, 665, -0.34066587686538696
15, 18, 264, 350, -2.1167750358581543
15, 19, 651, 663, -0.4190897047519684
15, 20, 275, 333, -2.051168441772461
15, 21, 627, 654, -0.3176630437374115
15, 22, 269, 343, -1.9178043603897095
15, 23, 412, 672, -0.04710257798433304
15, 24, 223, 678, 0.05132177472114563
15, 25, 413, 970, 0.020526865497231483
15, 26, 241, 977, 0.20111116766929626
15, 27, 414, 1235, 0.6852198243141174
15, 28, 254, 1233, 0.7934497594833374
15, 29, 418, 1274, 0.7082313895225525
15, 30, 250, 1268, 0.8378685116767883
15, 31, 395, 1316, 0.05659692734479904
15, 32, 282, 1318, 0.14543792605400085
16, 0, 314, 171, -1.0838689804077148
16, 1, 329, 148, -1.009561538696289
16, 2, 340, 150, -1.009580373764038
16, 3, 349, 152, -1.0094380378723145
16, 4, 301, 146, -1.0136226415634155
16, 5, 289, 146, -1.0129868984222412
16, 6, 277, 146, -1.0131657123565674
16, 7, 365, 170, -0.5255816578865051
16, 8, 259, 164, -0.5335797071456909
16, 9, 333, 202, -0.9084793329238892
16, 10, 290, 199, -0.9117017984390259
16, 11, 436, 304, -0.21264831721782684
16, 12, 177, 306, -0.36232489347457886
16, 13, 528, 461, -0.10539122670888901
16, 14, 80, 469, -0.985200047492981
16, 15, 633, 621, -0.3537384867668152
16, 16, 199, 384, -1.9769096374511719
16, 17, 672, 664, -0.4271148145198822
16, 18, 241, 372, -2.1773455142974854
16, 19, 655, 663, -0.5045141577720642
16, 20, 264, 342, -2.1266071796417236
16, 21, 630, 654, -0.4016052186489105
16, 22, 258, 353, -1.9855296611785889
16, 23, 412, 674, -0.05566855147480965
16, 24, 223, 681, 0.0603037104010582
16, 25, 417, 974, 0.013645867817103863
16, 26, 245, 982, 0.20411458611488342
16, 27, 423, 1239, 0.6666734218597412
16, 28, 262, 1238, 0.77252197265625
16, 29, 427, 1277, 0.6898947954177856
16, 30, 259, 1274, 0.813660740852356
16, 31, 402, 1320, 0.037380948662757874
16, 32, 288, 1322, 0.12183564901351929
17, 0, 315, 171, -0.9797388315200806
17, 1, 329, 148, -0.9172919988632202
17, 2, 340, 150, -0.917518138885498
17, 3, 349, 152, -0.917823314666748
17, 4, 301, 146, -0.913163959980011
17, 5, 290, 146, -0.91242915391922
17, 6, 278, 146, -0.9127326011657715
17, 7, 365, 170, -0.5065423250198364
17, 8, 261, 164, -0.47422224283218384
17, 9, 333, 201, -0.8297027349472046
17, 10, 291, 199, -0.8207886815071106
17, 11, 437, 304, -0.27106767892837524
17, 12, 179, 308, -0.23368816077709198
17, 13, 528, 460, -0.2514120936393738
17, 14, 77, 453, -0.28553956747055054
17, 15, 629, 621, -0.6546415090560913
17, 16, -53, 507, -0.9220110177993774
17, 17, 665, 666, -0.7514975666999817
17, 18, -94, 531, -1.053652048110962
17, 19, 645, 667, -0.8501410484313965
17, 20, -75, 522, -1.1752138137817383
17, 21, 624, 655, -0.7162500619888306
17, 22, -57, 519, -1.0002778768539429
17, 23, 408, 678, -0.07769667357206345
17, 24, 223, 682, 0.08242009580135345
17, 25, 408, 976, -0.06462617218494415
17, 26, 235, 982, 0.1952945441007614
17, 27, 414, 1243, 0.5684760212898254
17, 28, 249, 1241, 0.6234725117683411
17, 29, 420, 1284, 0.5960808992385864
17, 30, 248, 1278, 0.6463712453842163
17, 31, 387, 1321, -0.013500277884304523
17, 32, 272, 1323, -0.012151634320616722
18, 0, 315, 170, -0.9910367727279663
18, 1, 330, 147, -0.9208879470825195
18, 2, 340, 149, -0.9210245013237
18, 3, 349, 152, -0.9210039973258972
18, 4, 301, 145, -0.920187771320343
18, 5, 290, 145, -0.9195440411567688
18, 6, 278, 145, -0.9197791814804077
18, 7, 366, 170, -0.5287090539932251
18, 8, 262, 164, -0.5032622218132019
18, 9, 333, 201, -0.834211528301239
18, 10, 291, 199, -0.8232835531234741
18, 11, 437, 305, -0.31475383043289185
18, 12, 179, 308, -0.2644030749797821
18, 13, 528, 460, -0.2679213583469391
18, 14, 71, 453, -0.3398855924606323
18, 15, 629, 621, -0.6208829879760742
18, 16, -53, 572, -0.8820465207099915
18, 17, 665, 666, -0.7052395343780518
18, 18, -88, 610, -0.9999723434448242
18, 19, 646, 669, -0.8042042851448059
18, 20, -64, 607, -1.120147466659546
18, 21, 625, 657, -0.680916965007782
18, 22, -48, 598, -0.9546650648117065
18, 23, 401, 682, -0.07732735574245453
18, 24, 220, 683, 0.08199570327997208
18, 25, 397, 982, -0.004187016747891903
18, 26, 223, 985, 0.19102129340171814
18, 27, 401, 1248, 0.6815921664237976
18, 28, 231, 1245, 0.6280454397201538
18, 29, 408, 1290, 0.7150425314903259
18, 30, 229, 1284, 0.6546462178230286
18, 31, 371, 1326, 0.12560978531837463
18, 32, 257, 1330, -0.002237539039924741
19, 0, 316, 169, -1.0053105354309082
19, 1, 330, 146, -0.940868079662323
19, 2, 341, 148, -0.9409891366958618
19, 3, 349, 151, -0.9412515759468079
19, 4, 301, 144, -0.9443537592887878
19, 5, 290, 144, -0.9438046216964722
19, 6, 278, 144, -0.9441679120063782
19, 7, 366, 170, -0.5385338068008423
19, 8, 262, 163, -0.538859486579895
19, 9, 334, 201, -0.8548396825790405
19, 10, 291, 198, -0.851878821849823
19, 11, 437, 305, -0.3156348168849945
19, 12, 178, 309, -0.3007940649986267
19, 13, 527, 460, -0.26625630259513855
19, 14, 67, 453, -0.417540967464447
19, 15, 627, 626, -0.6428039073944092
19, 16, -51, 578, -1.0082356929779053
19, 17, 663, 672, -0.7325629591941833
19, 18, -84, 615, -1.1360827684402466
19, 19, 643, 678, -0.8331388235092163
19, 20, -59, 611, -1.2523831129074097
19, 21, 623, 665, -0.7035945653915405
19, 22, -44, 602, -1.079487919807434
19, 23, 399, 685, -0.07646618783473969
19, 24, 219, 685, 0.08106368035078049
19, 25, 396, 985, 0.08849183470010757
19, 26, 221, 988, 0.19010786712169647
19, 27, 399, 1251, 0.818812370300293
19, 28, 229, 1250, 0.6519395112991333
19, 29, 405, 1293, 0.856127917766571
19, 30, 226, 1289, 0.6798359155654907
19, 31, 371, 1329, 0.26965755224227905
19, 32, 257, 1335, 0.031123608350753784
20, 0, 316, 168, -1.0139235258102417
20, 1, 330, 146, -0.9504253268241882
20, 2, 340, 148, -0.9505220651626587
20, 3, 349, 151, -0.950839638710022
20, 4, 301, 144, -0.9552318453788757
20, 5, 290, 143, -0.9547088742256165
20, 6, 278, 143, -0.9551088213920593
20, 7, 365, 169, -0.537628173828125
20, 8, 261, 162, -0.543939471244812
20, 9, 334, 200, -0.8635059595108032
20, 10, 291, 198, -0.8638180494308472
20, 11, 437, 305, -0.3110426664352417
20, 12, 177, 310, -0.303348571062088
20, 13, 527, 460, -0.2506011724472046
20, 14, 63, 454, -0.41435569524765015
20, 15, 624, 630, -0.6101489663124084
20, 16, -44, 583, -1.0235600471496582
20, 17, 659, 677, -0.6990491151809692
20, 18, -72, 622, -1.153322696685791
20, 19, 639, 684, -0.7944056987762451
20, 20, -46, 617, -1.2657772302627563
20, 21, 620, 670, -0.6680117249488831
20, 22, -33, 608, -1.0934330224990845
20, 23, 398, 686, -0.07494401186704636
20, 24, 218, 688, 0.07951901108026505
20, 25, 396, 987, 0.09148582816123962
20, 26, 219, 991, 0.1883155256509781
20, 27, 400, 1253, 0.8387589454650879
20, 28, 229, 1253, 0.6869840025901794
20, 29, 406, 1295, 0.8773916959762573
20, 30, 226, 1292, 0.7202359437942505
20, 31, 372, 1332, 0.283947229385376
20, 32, 258, 1338, 0.059349000453948975
21, 0, 315, 168, -1.0479135513305664
21, 1, 330, 146, -0.9796226620674133
21, 2, 339, 148, -0.9797407388687134
21, 3, 349, 150, -0.9799615144729614
21, 4, 300, 143, -0.9846010208129883
21, 5, 288, 143, -0.9840573072433472
21, 6, 276, 142, -0.9844592213630676
21, 7, 363, 169, -0.5513559579849243
21, 8, 260, 161, -0.558525025844574
21, 9, 333, 200, -0.8931816220283508
21, 10, 290, 197, -0.8946852684020996
21, 11, 437, 306, -0.3281344771385193
21, 12, 174, 311, -0.31890982389450073
21, 13, 526, 460, -0.29087716341018677
21, 14, 59, 455, -0.3763434588909149
21, 15, 623, 633, -0.6950732469558716
21, 16, -44, 602, -0.9271448254585266
21, 17, 657, 680, -0.7935858964920044
21, 18, -72, 642, -1.0521461963653564
21, 19, 637, 688, -0.8887220621109009
21, 20, -46, 639, -1.1737024784088135
21, 21, 618, 675, -0.7550250887870789
21, 22, -33, 629, -0.9994877576828003
21, 23, 398, 687, -0.0752156525850296
21, 24, 217, 691, 0.07983427494764328
21, 25, 397, 990, 0.09087736904621124
21, 26, 220, 996, 0.19232451915740967
21, 27, 400, 1256, 0.8638452291488647
21, 28, 230, 1259, 0.7365516424179077
21, 29, 406, 1298, 0.9042378664016724
21, 30, 228, 1298, 0.7732681035995483
21, 31, 373, 1336, 0.2963659167289734
21, 32, 259, 1343, 0.09336407482624054
22, 0, 312, 167, -1.0644629001617432
22, 1, 327, 145, -0.9947559237480164
22, 2, 336, 147, -0.9948729276657104
22, 3, 345, 150, -0.9950583577156067
22, 4, 296, 143, -0.9988057017326355
22, 5, 284, 143, -0.9982341527938843
22, 6, 273, 142, -0.9986273050308228
22, 7, 361, 169, -0.5601882338523865
22, 8, 257, 161, -0.563502311706543
22, 9, 332, 199, -0.90754634141922
22, 10, 287, 197, -0.9081112146377563
22, 11, 436, 306, -0.3273353576660156
22, 12, 172, 313, -0.32881060242652893
22, 13, 526, 461, -0.28096023201942444
22, 14, 59, 455, -0.37698185443878174
22, 15, 622, 637, -0.6732117533683777
22, 16, -46, 602, -0.9447976350784302
22, 17, 656, 684, -0.7693558931350708
22, 18, -77, 641, -1.0749543905258179
22, 19, 636, 692, -0.867507815361023
22, 20, -52, 637, -1.2007187604904175
22, 21, 617, 679, -0.7343093156814575
22, 22, -37, 628, -1.0203096866607666
22, 23, 396, 688, -0.07467005401849747
22, 24, 215, 692, 0.07931695878505707
22, 25, 396, 992, 0.07424157112836838
22, 26, 219, 998, 0.18870452046394348
22, 27, 399, 1259, 0.8263145685195923
22, 28, 230, 1261, 0.7298081517219543
22, 29, 405, 1301, 0.8633167147636414
22, 30, 227, 1300, 0.7669666409492493
22, 31, 372, 1338, 0.24523481726646423
22, 32, 258, 1345, 0.08045835793018341
23, 0, 305, 166, -0.9862944483757019
23, 1, 323, 144, -0.9215589761734009
23, 2, 332, 146, -0.921617329120636
23, 3, 340, 148, -0.9219187498092651
23, 4, 289, 142, -0.9230247735977173
23, 5, 278, 142, -0.9223620295524597
23, 6, 268, 142, -0.9227083921432495
23, 7, 357, 168, -0.5206061005592346
23, 8, 254, 161, -0.5098686814308167
23, 9, 328, 198, -0.8403075337409973
23, 10, 281, 196, -0.8369994163513184
23, 11, 435, 306, -0.31343942880630493
23, 12, 170, 314, -0.3042696416378021
23, 13, 525, 461, -0.25892847776412964
23, 14, 57, 457, -0.30371761322021484
23, 15, 619, 638, -0.6239217519760132
23, 16, -53, 601, -0.803924560546875
23, 17, 653, 686, -0.7204287648200989
23, 18, -87, 639, -0.9155035018920898
23, 19, 632, 694, -0.8112481236457825
23, 20, -63, 638, -1.0348992347717285
23, 21, 613, 680, -0.681607723236084
23, 22, -48, 628, -0.8762060403823853
23, 23, 395, 688, -0.07519195228815079
23, 24, 213, 692, 0.07994776964187622
23, 25, 395, 993, 0.06989781558513641
23, 26, 217, 998, 0.19026052951812744
23, 27, 398, 1260, 0.8088480234146118
23, 28, 228, 1261, 0.7256407737731934
23, 29, 405, 1302, 0.8461202383041382
23, 30, 226, 1300, 0.7597598433494568
23, 31, 370, 1339, 0.2534889578819275
23, 32, 257, 1346, 0.07840058207511902
24, 0, 300, 166, -0.9953280687332153
24, 1, 318, 144, -0.9316530227661133
24, 2, 328, 145, -0.9318000674247742
24, 3, 335, 147, -0.9321011304855347
24, 4, 284, 142, -0.9313977360725403
24, 5, 274, 142, -0.9306986927986145
24, 6, 264, 142, -0.9310520887374878
24, 7, 352, 167, -0.5275379419326782
24, 8, 252, 161, -0.513857901096344
24, 9, 324, 197, -0.8500241041183472
24, 10, 277, 196, -0.8443611860275269
24, 11, 434, 306, -0.3111846148967743
24, 12, 168, 315, -0.3062848448753357
24, 13, 524, 461, -0.2681923806667328
24, 14, 57, 457, -0.3538190424442291
24, 15, 615, 637, -0.6498036980628967
24, 16, -51, 588, -0.9476169347763062
24, 17, 647, 685, -0.7439268231391907
24, 18, -84, 622, -1.0782183408737183
24, 19, 626, 692, -0.8371707201004028
24, 20, -62, 618, -1.192712426185608
24, 21, 607, 679, -0.7082029581069946
24, 22, -46, 609, -1.0204614400863647
24, 23, 395, 688, -0.07521898299455643
24, 24, 212, 692, 0.0800267904996872
24, 25, 394, 992, 0.02244197204709053
24, 26, 217, 998, 0.16724643111228943
24, 27, 399, 1260, 0.7277754545211792
24, 28, 229, 1260, 0.6418946981430054
24, 29, 405, 1303, 0.7609289884567261
24, 30, 227, 1300, 0.6688975095748901
24, 31, 371, 1338, 0.1472117304801941
24, 32, 257, 1345, -0.007958917878568172
25, 0, 295, 166, -0.9986879229545593
25, 1, 314, 143, -0.9342087507247925
25, 2, 325, 145, -0.9343146085739136
25, 3, 332, 146, -0.9345723986625671
25, 4, 280, 142, -0.9339898824691772
25, 5, 270, 142, -0.9333245158195496
25, 6, 260, 142, -0.9336556196212769
25, 7, 349, 166, -0.5274063348770142
25, 8, 250, 161, -0.5110190510749817
25, 9, 320, 197, -0.8511404991149902
25, 10, 273, 196, -0.8454694747924805
25, 11, 433, 305, -0.3122979402542114
25, 12, 165, 317, -0.3067685067653656
25, 13, 524, 461, -0.27776914834976196
25, 14, 57, 458, -0.3392537534236908
25, 15, 612, 637, -0.6537614464759827
25, 16, -57, 592, -0.9011729955673218
25, 17, 645, 685, -0.7456645369529724
25, 18, -92, 627, -1.0254669189453125
25, 19, 622, 692, -0.8378588557243347
25, 20, -70, 624, -1.1473479270935059
25, 21, 604, 678, -0.7118402123451233
25, 22, -53, 615, -0.9764894247055054
25, 23, 394, 689, -0.07526165246963501
25, 24, 211, 692, 0.08013363927602768
25, 25, 393, 993, 0.01766105182468891
25, 26, 215, 998, 0.1659655123949051
25, 27, 398, 1261, 0.7204270362854004
25, 28, 229, 1261, 0.6342976093292236
25, 29, 405, 1304, 0.7540808916091919
25, 30, 227, 1301, 0.6613138914108276
25, 31, 370, 1339, 0.14612196385860443
25, 32, 258, 1347, -0.007691194768995047
26, 0, 292, 166, -1.0521703958511353
26, 1, 311, 143, -0.9868482351303101
26, 2, 322, 145, -0.9870201349258423
26, 3, 330, 146, -0.9871487617492676
26, 4, 276, 142, -0.9859194755554199
26, 5, 267, 142, -0.9852575063705444
26, 6, 257, 143, -0.9856196641921997
26, 7, 347, 165, -0.5620966553688049
26, 8, 249, 161, -0.5417860150337219
26, 9, 318, 197, -0.8970373272895813
26, 10, 271, 196, -0.8906210064888
26, 11, 432, 304, -0.3245551288127899
26, 12, 164, 318, -0.31565311551094055
26, 13, 522, 461, -0.29442328214645386
26, 14, 57, 459, -0.361725389957428
26, 15, 611, 637, -0.7034832239151001
26, 16, -54, 591, -0.9553203582763672
26, 17, 643, 683, -0.8045790791511536
26, 18, -88, 626, -1.0906424522399902
26, 19, 621, 689, -0.8998711705207825
26, 20, -65, 621, -1.209584355354309
26, 21, 602, 676, -0.764107882976532
26, 22, -49, 612, -1.0306590795516968
26, 23, 394, 689, -0.0750986710190773
26, 24, 211, 693, 0.07998459041118622
26, 25, 394, 993, 0.01834220439195633
26, 26, 216, 999, 0.16094893217086792
26, 27, 404, 1261, 0.7219704985618591
26, 28, 235, 1261, 0.6401921510696411
26, 29, 412, 1304, 0.7558426856994629
26, 30, 235, 1301, 0.6688594222068787
26, 31, 378, 1339, 0.14453549683094025
26, 32, 265, 1347, -0.010089724324643612
27, 0, 289, 166, -1.0494511127471924
27, 1, 308, 143, -0.9848657846450806
27, 2, 320, 144, -0.9850090146064758
27, 3, 328, 146, -0.9851741790771484
27, 4, 274, 142, -0.9836199879646301
27, 5, 264, 142, -0.9829692840576172
27, 6, 255, 143, -0.9833289384841919
27, 7, 345, 165, -0.56703782081604
27, 8, 247, 161, -0.540831446647644
27, 9, 316, 197, -0.8950115442276001
27, 10, 268, 196, -0.8885102272033691
27, 11, 432, 303, -0.3369961380958557
27, 12, 163, 319, -0.31588107347488403
27, 13, 521, 460, -0.2945998013019562
27, 14, 56, 460, -0.3263356685638428
27, 15, 611, 637, -0.672050952911377
27, 16, -57, 598, -0.8415725827217102
27, 17, 643, 683, -0.7645634412765503
27, 18, -91, 635, -0.9615591764450073
27, 19, 622, 689, -0.8591393232345581
27, 20, -69, 631, -1.085892915725708
27, 21, 603, 676, -0.7312869429588318
27, 22, -52, 622, -0.9164576530456543
27, 23, 394, 689, -0.07641729712486267
27, 24, 211, 694, 0.08132889866828918
27, 25, 395, 994, 0.020706094801425934
27, 26, 216, 1000, 0.16224882006645203
27, 27, 404, 1263, 0.741548478603363
27, 28, 235, 1263, 0.6439939737319946
27, 29, 412, 1305, 0.777859091758728
27, 30, 235, 1303, 0.6736614108085632
27, 31, 377, 1341, 0.16827921569347382
27, 32, 265, 1349, -0.0041311332024633884
28, 0, 287, 166, -1.0399420261383057
28, 1, 306, 143, -0.9798367619514465
28, 2, 318, 144, -0.9799679517745972
28, 3, 326, 146, -0.9801902770996094
28, 4, 272, 143, -0.9766599535942078
28, 5, 262, 143, -0.9760000109672546
28, 6, 253, 143, -0.9763652682304382
28, 7, 343, 164, -0.5623776912689209
28, 8, 246, 162, -0.5394472479820251
28, 9, 315, 197, -0.8899503946304321
28, 10, 267, 196, -0.8803672790527344
28, 11, 431, 303, -0.33223801851272583
28, 12, 162, 320, -0.3162480890750885
28, 13, 521, 460, -0.28712713718414307
28, 14, 56, 460, -0.3407381474971771
28, 15, 609, 636, -0.6553676724433899
28, 16, -55, 597, -0.8837720155715942
28, 17, 641, 683, -0.7460442781448364
28, 18, -89, 634, -1.0077016353607178
28, 19, 620, 689, -0.8395205736160278
28, 20, -66, 630, -1.1272401809692383
28, 21, 601, 676, -0.7137958407402039
28, 22, -50, 621, -0.9571854472160339
28, 23, 392, 689, -0.07628676295280457
28, 24, 210, 694, 0.08119262754917145
28, 25, 394, 994, 0.02373301237821579
28, 26, 216, 1000, 0.1625279188156128
28, 27, 404, 1263, 0.7430823445320129
28, 28, 234, 1263, 0.645815908908844
28, 29, 411, 1306, 0.7791963219642639
28, 30, 234, 1303, 0.6756607294082642
28, 31, 376, 1342, 0.1725732982158661
28, 32, 264, 1349, 0.0015685681719332933
29, 0, 287, 167, -1.0412729978561401
29, 1, 305, 143, -0.9820133447647095
29, 2, 317, 144, -0.9821205139160156
29, 3, 325, 145, -0.9823902249336243
29, 4, 272, 143, -0.9795602560043335
29, 5, 262, 143, -0.9789292216300964
29, 6, 253, 144, -0.979296088218689
29, 7, 341, 164, -0.57121342420578
29, 8, 246, 162, -0.5458899736404419
29, 9, 314, 197, -0.8911304473876953
29, 10, 267, 197, -0.8819966316223145
29, 11, 431, 303, -0.34110110998153687
29, 12, 161, 320, -0.32853901386260986
29, 13, 519, 460, -0.28963345289230347
29, 14, 56, 462, -0.33043205738067627
29, 15, 608, 636, -0.6559019684791565
29, 16, -51, 608, -0.8128865957260132
29, 17, 641, 683, -0.7443287968635559
29, 18, -84, 647, -0.9266425371170044
29, 19, 620, 689, -0.8380640745162964
29, 20, -62, 646, -1.0508460998535156
29, 21, 601, 676, -0.7141943573951721
29, 22, -46, 635, -0.8860260248184204
29, 23, 391, 689, -0.07645769417285919
29, 24, 209, 694, 0.08133231103420258
29, 25, 393, 995, 0.06158217042684555
29, 26, 216, 1000, 0.18080952763557434
29, 27, 403, 1263, 0.8171003460884094
29, 28, 234, 1264, 0.7063528299331665
29, 29, 410, 1306, 0.8573803901672363
29, 30, 234, 1304, 0.7410271763801575
29, 31, 375, 1342, 0.2592577040195465
29, 32, 264, 1350, 0.07031353563070297
30, 0, 286, 167, -1.016341209411621
30, 1, 304, 143, -0.959537148475647
30, 2, 316, 144, -0.9596015214920044
30, 3, 325, 145, -0.9599384069442749
30, 4, 271, 143, -0.9558202028274536
30, 5, 261, 143, -0.9551910161972046
30, 6, 252, 144, -0.9555595517158508
30, 7, 339, 164, -0.5635613799095154
30, 8, 245, 163, -0.5275844931602478
30, 9, 313, 197, -0.8697035908699036
30, 10, 266, 197, -0.8587933778762817
30, 11, 429, 302, -0.3401082754135132
30, 12, 161, 320, -0.3186376988887787
30, 13, 519, 460, -0.27132388949394226
30, 14, 55, 463, -0.32442325353622437
30, 15, 608, 636, -0.605873167514801
30, 16, -49, 606, -0.8357266187667847
30, 17, 642, 682, -0.6851631999015808
30, 18, -81, 644, -0.9516651034355164
30, 19, 622, 688, -0.7822558879852295
30, 20, -58, 642, -1.0716593265533447
30, 21, 602, 676, -0.6640400886535645
30, 22, -43, 632, -0.9080484509468079
30, 23, 390, 689, -0.07654412090778351
30, 24, 208, 694, 0.08140748739242554
30, 25, 392, 995, 0.057598598301410675
30, 26, 215, 1000, 0.17814263701438904
30, 27, 400, 1264, 0.8037613034248352
30, 28, 231, 1264, 0.6886171102523804
30, 29, 408, 1306, 0.8421376943588257
30, 30, 230, 1304, 0.7213090062141418
30, 31, 372, 1343, 0.23381271958351135
30, 32, 261, 1351, 0.05760196968913078
31, 0, 286, 167, -1.0024062395095825
31, 1, 303, 143, -0.9450203776359558
31, 2, 315, 144, -0.9450708627700806
31, 3, 324, 145, -0.9454123377799988
31, 4, 271, 143, -0.9419316053390503
31, 5, 261, 143, -0.9412992596626282
31, 6, 252, 144, -0.9416617155075073
31, 7, 339, 164, -0.5534206628799438
31, 8, 245, 163, -0.5175216794013977
31, 9, 313, 197, -0.856662392616272
31, 10, 266, 197, -0.8466199040412903
31, 11, 429, 302, -0.33509984612464905
31, 12, 160, 320, -0.3166201114654541
31, 13, 518, 460, -0.2597612738609314
31, 14, 55, 463, -0.31935352087020874
31, 15, 608, 636, -0.590469479560852
31, 16, -47, 607, -0.8160332441329956
31, 17, 642, 682, -0.6683641672134399
31, 18, -79, 645, -0.9281942248344421
31, 19, 622, 688, -0.7643269300460815
31, 20, -56, 644, -1.0485455989837646
31, 21, 603, 676, -0.648148238658905
31, 22, -41, 634, -0.8879019618034363
31, 23, 389, 689, -0.07650810480117798
31, 24, 207, 694, 0.08137131482362747
31, 25, 391, 995, 0.03338482975959778
31, 26, 214, 1000, 0.1689629852771759
31, 27, 397, 1264, 0.7337546348571777
31, 28, 229, 1264, 0.6376798152923584
31, 29, 405, 1306, 0.7676523327827454
31, 30, 227, 1304, 0.6653476357460022
31, 31, 369, 1343, 0.17089319229125977
31, 32, 258, 1351, 0.006427955813705921
32, 0, 286, 167, -1.0579084157943726
32, 1, 304, 143, -0.9968284368515015
32, 2, 315, 144, -0.9970048069953918
32, 3, 324, 145, -0.997246265411377
32, 4, 271, 143, -0.9930011034011841
32, 5, 261, 143, -0.9924048185348511
32, 6, 252, 145, -0.9928457140922546
32, 7, 339, 164, -0.5858824849128723
32, 8, 245, 163, -0.5483497381210327
32, 9, 313, 197, -0.9067811965942383
32, 10, 266, 197, -0.8956195712089539
32, 11, 429, 302, -0.35364678502082825
32, 12, 160, 320, -0.32464879751205444
32, 13, 518, 460, -0.30932173132896423
32, 14, 55, 464, -0.33019259572029114
32, 15, 608, 634, -0.7084783315658569
32, 16, -46, 607, -0.8461265563964844
32, 17, 642, 679, -0.8006135821342468
32, 18, -78, 646, -0.9649862051010132
32, 19, 624, 685, -0.8971325755119324
32, 20, -55, 643, -1.0852197408676147
32, 21, 604, 673, -0.7688242793083191
32, 22, -40, 633, -0.9188895225524902
32, 23, 389, 689, -0.07888106256723404
32, 24, 207, 694, 0.08366219699382782
32, 25, 391, 995, 0.029485663399100304
32, 26, 214, 1000, 0.1806757152080536
32, 27, 397, 1264, 0.7397242784500122
32, 28, 229, 1264, 0.6857184767723083
32, 29, 405, 1306, 0.7746571898460388
32, 30, 228, 1304, 0.7173179388046265
32, 31, 369, 1343, 0.17003268003463745
32, 32, 258, 1351, 0.0384066179394722
33, 0, 286, 167, -1.0567702054977417
33, 1, 304, 143, -0.9951080083847046
33, 2, 316, 144, -0.995256245136261
33, 3, 325, 145, -0.9955066442489624
33, 4, 271, 143, -0.9918965101242065
33, 5, 261, 143, -0.991304874420166
33, 6, 252, 145, -0.9917306900024414
33, 7, 339, 164, -0.5804606676101685
33, 8, 245, 163, -0.546423614025116
33, 9, 313, 197, -0.9042322039604187
33, 10, 266, 197, -0.8940194249153137
33, 11, 429, 302, -0.34750211238861084
33, 12, 161, 321, -0.32211923599243164
33, 13, 518, 460, -0.3013317584991455
33, 14, 56, 464, -0.33671241998672485
33, 15, 609, 633, -0.6825219392776489
33, 16, -48, 604, -0.8821805119514465
33, 17, 643, 678, -0.772110641002655
33, 18, -82, 642, -1.0119717121124268
33, 19, 626, 684, -0.8679342269897461
33, 20, -60, 639, -1.1450090408325195
33, 21, 605, 672, -0.7418991327285767
33, 22, -44, 629, -0.964072585105896
33, 23, 390, 689, -0.07960053533315659
33, 24, 207, 694, 0.08438850939273834
33, 25, 393, 995, 0.06378335505723953
33, 26, 215, 1000, 0.20242705941200256
33, 27, 400, 1264, 0.8324772715568542
33, 28, 229, 1264, 0.7614090442657471
33, 29, 407, 1306, 0.8721726536750793
33, 30, 228, 1304, 0.7991999983787537
33, 31, 372, 1343, 0.2573315501213074
33, 32, 259, 1350, 0.11617393791675568
34, 0, 287, 167, -1.0606303215026855
34, 1, 304, 143, -0.9983338117599487
34, 2, 316, 144, -0.9984811544418335
34, 3, 325, 145, -0.998744785785675
34, 4, 272, 143, -0.9945991635322571
34, 5, 262, 143, -0.9939817190170288
34, 6, 252, 145, -0.9943944811820984
34, 7, 340, 164, -0.5789863467216492
34, 8, 245, 163, -0.544992208480835
34, 9, 313, 197, -0.9063121676445007
34, 10, 267, 197, -0.895555317401886
34, 11, 429, 302, -0.34501731395721436
34, 12, 161, 321, -0.3106200098991394
34, 13, 518, 460, -0.298031747341156
34, 14, 57, 464, -0.3246740698814392
34, 15, 609, 633, -0.6806148290634155
34, 16, -52, 604, -0.8873933553695679
34, 17, 643, 677, -0.7720412015914917
34, 18, -87, 642, -1.0122966766357422
34, 19, 626, 683, -0.8694332838058472
34, 20, -66, 637, -1.1525042057037354
34, 21, 605, 672, -0.7406604290008545
34, 22, -49, 628, -0.9656826853752136
34, 23, 391, 689, -0.08419438451528549
34, 24, 208, 694, 0.08909694105386734
34, 25, 393, 995, 0.06298472732305527
34, 26, 215, 1000, 0.20770159363746643
34, 27, 400, 1264, 0.8141722679138184
34, 28, 229, 1264, 0.7606245875358582
34, 29, 408, 1306, 0.8520987629890442
34, 30, 228, 1304, 0.7967644333839417
34, 31, 372, 1342, 0.2389635294675827
34, 32, 258, 1350, 0.11047270148992538
35, 0, 287, 167, -1.0584090948104858
35, 1, 304, 143, -0.9960166811943054
35, 2, 316, 144, -0.9961587190628052
35, 3, 325, 145, -0.9964302182197571
35, 4, 272, 143, -0.993538498878479
35, 5, 262, 143, -0.9929450154304504
35, 6, 252, 145, -0.9933664202690125
35, 7, 340, 164, -0.5772891044616699
35, 8, 245, 163, -0.5388945937156677
35, 9, 313, 197, -0.9043879508972168
35, 10, 267, 197, -0.8953834772109985
35, 11, 430, 302, -0.3428176939487457
35, 12, 161, 321, -0.30639156699180603
35, 13, 518, 460, -0.29699546098709106
35, 14, 57, 464, -0.32916027307510376
35, 15, 610, 633, -0.6772972345352173
35, 16, -52, 602, -0.9400323033332825
35, 17, 644, 677, -0.7684201002120972
35, 18, -88, 639, -1.0739542245864868
35, 19, 626, 683, -0.8644638061523438
35, 20, -66, 633, -1.2004406452178955
35, 21, 606, 671, -0.7369412183761597
35, 22, -49, 624, -1.018476963043213
35, 23, 392, 690, -0.08444763720035553
35, 24, 208, 694, 0.0894090011715889
35, 25, 395, 995, 0.06072036176919937
35, 26, 216, 1000, 0.2165583372116089
35, 27, 402, 1264, 0.8046797513961792
35, 28, 231, 1264, 0.7667943835258484
35, 29, 410, 1306, 0.8418275713920593
35, 30, 231, 1304, 0.8027380108833313
35, 31, 374, 1342, 0.23348362743854523
35, 32, 260, 1350, 0.12015597522258759
36, 0, 287, 167, -1.067638874053955
36, 1, 305, 143, -1.0042798519134521
36, 2, 316, 144, -1.004440426826477
36, 3, 325, 145, -1.0046592950820923
36, 4, 272, 143, -1.0011231899261475
36, 5, 262, 143, -1.0005078315734863
36, 6, 253, 145, -1.000922441482544
36, 7, 340, 164, -0.5814758539199829
36, 8, 245, 163, -0.5438953638076782
36, 9, 314, 197, -0.9124541282653809
36, 10, 267, 197, -0.9025830030441284
36, 11, 430, 302, -0.3433930277824402
36, 12, 161, 321, -0.30662694573402405
36, 13, 518, 459, -0.3026401698589325
36, 14, 57, 464, -0.3327241539955139
36, 15, 613, 633, -0.6993759274482727
36, 16, -55, 601, -0.9377676248550415
36, 17, 648, 677, -0.7935230135917664
36, 18, -91, 637, -1.0698087215423584
36, 19, 630, 683, -0.8914446830749512
36, 20, -69, 631, -1.1942930221557617
36, 21, 609, 671, -0.7606084942817688
36, 22, -52, 623, -1.0148944854736328
36, 23, 392, 690, -0.08465505391359329
36, 24, 208, 694, 0.0896230936050415
36, 25, 395, 996, 0.05377780273556709
36, 26, 216, 1001, 0.21460625529289246
36, 27, 402, 1264, 0.8014451265335083
36, 28, 231, 1265, 0.758319616317749
36, 29, 410, 1307, 0.8383879661560059
36, 30, 231, 1304, 0.7942035794258118
36, 31, 374, 1343, 0.21957676112651825
36, 32, 260, 1351, 0.10859976708889008
37, 0, 287, 167, -1.0704529285430908
37, 1, 305, 143, -1.0055807828903198
37, 2, 316, 144, -1.0057488679885864
37, 3, 325, 145, -1.0059300661087036
37, 4, 272, 143, -1.00313138961792
37, 5, 262, 143, -1.002548098564148
37, 6, 253, 145, -1.0029665231704712
37, 7, 340, 164, -0.5795251131057739
37, 8, 245, 163, -0.5451041460037231
37, 9, 314, 197, -0.9133552312850952
37, 10, 267, 197, -0.9047418832778931
37, 11, 430, 302, -0.33731576800346375
37, 12, 161, 321, -0.30667364597320557
37, 13, 518, 459, -0.300981342792511
37, 14, 57, 464, -0.3499757647514343
37, 15, 613, 633, -0.691662609577179
37, 16, -55, 599, -1.0032689571380615
37, 17, 648, 677, -0.7856038808822632
37, 18, -90, 635, -1.1428020000457764
37, 19, 631, 682, -0.882890522480011
37, 20, -68, 628, -1.2655177116394043
37, 21, 609, 671, -0.7523058652877808
37, 22, -52, 619, -1.0806723833084106
37, 23, 392, 691, -0.08460639417171478
37, 24, 208, 695, 0.08956064283847809
37, 25, 395, 996, 0.047005023807287216
37, 26, 216, 1001, 0.19815626740455627
37, 27, 402, 1265, 0.7909395098686218
37, 28, 232, 1265, 0.7283397316932678
37, 29, 410, 1307, 0.8261785507202148
37, 30, 231, 1305, 0.7616254091262817
37, 31, 374, 1343, 0.19440126419067383
37, 32, 260, 1351, 0.06550111621618271
