0, 0, 358, 137, -0.9076963663101196
0, 1, 370, 109, -0.8676420450210571
0, 2, 381, 111, -0.8672534823417664
0, 3, 391, 112, -0.8676444888114929
0, 4, 336, 108, -0.8794480562210083
0, 5, 323, 110, -0.879252552986145
0, 6, 311, 112, -0.8795539736747742
0, 7, 408, 128, -0.5570046901702881
0, 8, 291, 130, -0.5983039140701294
0, 9, 375, 170, -0.7868751883506775
0, 10, 330, 173, -0.7977200746536255
0, 11, 483, 285, -0.37143224477767944
0, 12, 195, 286, -0.47350364923477173
0, 13, 518, 466, -0.25645554065704346
0, 14, 87, 449, -0.3682933747768402
0, 15, 539, 639, -0.4166865944862366
0, 16, 7, 585, -0.5869030952453613
0, 17, 557, 685, -0.47440218925476074
0, 18, -25, 620, -0.6429714560508728
0, 19, 533, 685, -0.527208149433136
0, 20, -8, 622, -0.7459372878074646
0, 21, 520, 668, -0.4509027898311615
0, 22, 9, 612, -0.6408080458641052
0, 23, 423, 647, -0.004442902281880379
0, 24, 237, 647, 0.008218161761760712
0, 25, 420, 926, 0.21055486798286438
0, 26, 242, 926, 0.18742893636226654
0, 27, 420, 1173, 0.9531413316726685
0, 28, 249, 1170, 0.7404564023017883
0, 29, 422, 1216, 1.0033634901046753
0, 30, 245, 1211, 0.7851952910423279
0, 31, 404, 1260, 0.5589135885238647
0, 32, 281, 1257, 0.2434653788805008
1, 0, 357, 138, -0.7447159290313721
1, 1, 370, 110, -0.7040355205535889
1, 2, 381, 111, -0.7036899328231812
1, 3, 391, 113, -0.7041299343109131
1, 4, 336, 109, -0.7124956846237183
1, 5, 323, 110, -0.7120898962020874
1, 6, 311, 112, -0.7124496102333069
1, 7, 408, 130, -0.4094444215297699
1, 8, 291, 130, -0.43675559759140015
1, 9, 374, 171, -0.631875216960907
1, 10, 330, 173, -0.638603150844574
1, 11, 483, 286, -0.2469526082277298
1, 12, 196, 286, -0.35057979822158813
1, 13, 516, 468, -0.14430636167526245
1, 14, 88, 449, -0.2727155387401581
1, 15, 536, 642, -0.29989755153656006
1, 16, 1, 581, -0.500381588935852
1, 17, 553, 691, -0.3498890995979309
1, 18, -36, 617, -0.5567216277122498
1, 19, 527, 692, -0.4037244915962219
1, 20, -17, 621, -0.6550046801567078
1, 21, 515, 672, -0.33435434103012085
1, 22, 2, 611, -0.5538660287857056
1, 23, 422, 655, -0.004443764686584473
1, 24, 237, 653, 0.008224754594266415
1, 25, 416, 938, 0.08185654878616333
1, 26, 237, 939, 0.0773608610033989
1, 27, 415, 1195, 0.6944986581802368
1, 28, 242, 1192, 0.4851457178592682
1, 29, 417, 1239, 0.7300949096679688
1, 30, 237, 1234, 0.5117253661155701
1, 31, 397, 1279, 0.2838696837425232
1, 32, 272, 1277, -0.022759344428777695
2, 0, 357, 140, -0.6905407905578613
2, 1, 370, 110, -0.653032124042511
2, 2, 380, 112, -0.6527014970779419
2, 3, 391, 113, -0.6531466245651245
2, 4, 336, 109, -0.6586006879806519
2, 5, 323, 110, -0.6581577062606812
2, 6, 311, 112, -0.658525824546814
2, 7, 408, 131, -0.37046101689338684
2, 8, 291, 130, -0.3838306963443756
2, 9, 373, 171, -0.581523060798645
2, 10, 329, 173, -0.5843292474746704
2, 11, 482, 286, -0.21774184703826904
2, 12, 196, 286, -0.30045387148857117
2, 13, 513, 468, -0.12663857638835907
2, 14, 89, 448, -0.22390063107013702
2, 15, 529, 643, -0.28390854597091675
2, 16, 1, 580, -0.45534467697143555
2, 17, 545, 693, -0.3357081413269043
2, 18, -37, 616, -0.5112547874450684
2, 19, 518, 694, -0.38656389713287354
2, 20, -17, 621, -0.6077076196670532
2, 21, 508, 673, -0.31725984811782837
2, 22, 2, 611, -0.508428692817688
2, 23, 421, 659, -0.005677274893969297
2, 24, 236, 656, 0.009542538784444332
2, 25, 412, 944, 0.04758324474096298
2, 26, 235, 944, 0.05509445071220398
2, 27, 410, 1203, 0.6367028951644897
2, 28, 238, 1199, 0.43977102637290955
2, 29, 413, 1247, 0.6694368720054626
2, 30, 233, 1241, 0.46468740701675415
2, 31, 392, 1287, 0.224909707903862
2, 32, 268, 1284, -0.063871830701828
3, 0, 356, 140, -0.6789961457252502
3, 1, 370, 111, -0.6417586207389832
3, 2, 380, 112, -0.6414312720298767
3, 3, 390, 114, -0.6418797969818115
3, 4, 336, 109, -0.6474834084510803
3, 5, 323, 110, -0.6470734477043152
3, 6, 311, 112, -0.6474452018737793
3, 7, 407, 131, -0.359990656375885
3, 8, 291, 130, -0.3741273283958435
3, 9, 373, 171, -0.5700918436050415
3, 10, 329, 173, -0.5730494856834412
3, 11, 482, 286, -0.21075192093849182
3, 12, 197, 286, -0.2888886332511902
3, 13, 510, 468, -0.1320646107196808
3, 14, 89, 447, -0.21939969062805176
3, 15, 527, 643, -0.3038877844810486
3, 16, 0, 580, -0.46019959449768066
3, 17, 543, 694, -0.35974785685539246
3, 18, -39, 616, -0.5176835060119629
3, 19, 516, 694, -0.41246819496154785
3, 20, -18, 621, -0.6151167750358582
3, 21, 506, 674, -0.33838951587677
3, 22, 1, 611, -0.5138437747955322
3, 23, 421, 661, -0.006116264034062624
3, 24, 236, 659, 0.010001451708376408
3, 25, 412, 946, 0.0442301481962204
3, 26, 235, 946, 0.04552349075675011
3, 27, 410, 1206, 0.623691201210022
3, 28, 238, 1202, 0.4211805760860443
3, 29, 412, 1250, 0.6551940441131592
3, 30, 234, 1244, 0.445014625787735
3, 31, 393, 1290, 0.21235206723213196
3, 32, 269, 1287, -0.07991835474967957
4, 0, 356, 140, -0.6933777928352356
4, 1, 370, 111, -0.6542776823043823
4, 2, 379, 112, -0.6539235711097717
4, 3, 390, 114, -0.6543779969215393
4, 4, 336, 109, -0.6615642309188843
4, 5, 323, 110, -0.6611747145652771
4, 6, 311, 112, -0.6615262627601624
4, 7, 407, 131, -0.3665551245212555
4, 8, 290, 130, -0.3879595398902893
4, 9, 373, 171, -0.5827785134315491
4, 10, 328, 173, -0.5877774953842163
4, 11, 482, 286, -0.20915719866752625
4, 12, 197, 286, -0.30342787504196167
4, 13, 510, 468, -0.12297479063272476
4, 14, 89, 447, -0.23326952755451202
4, 15, 527, 644, -0.296772301197052
4, 16, 0, 580, -0.474414587020874
4, 17, 544, 695, -0.35087862610816956
4, 18, -38, 617, -0.5316579937934875
4, 19, 516, 696, -0.4050939679145813
4, 20, -18, 624, -0.6268922090530396
4, 21, 506, 675, -0.3319739103317261
4, 22, 2, 613, -0.5266452431678772
4, 23, 421, 663, -0.006416442804038525
4, 24, 236, 661, 0.010310888290405273
4, 25, 411, 950, 0.04800640791654587
4, 26, 234, 951, 0.04999177157878876
4, 27, 410, 1212, 0.6415956616401672
4, 28, 238, 1208, 0.43800240755081177
4, 29, 412, 1256, 0.6746200919151306
4, 30, 233, 1249, 0.46301645040512085
4, 31, 393, 1295, 0.22989895939826965
4, 32, 269, 1294, -0.06699537485837936
5, 0, 356, 140, -0.7121658325195312
5, 1, 370, 110, -0.67051100730896
5, 2, 379, 112, -0.6701589822769165
5, 3, 390, 114, -0.6705940961837769
5, 4, 336, 109, -0.6795264482498169
5, 5, 323, 110, -0.6791262030601501
5, 6, 311, 111, -0.679461658000946
5, 7, 407, 131, -0.37677016854286194
5, 8, 290, 130, -0.40667033195495605
5, 9, 372, 171, -0.6002288460731506
5, 10, 328, 172, -0.60773766040802
5, 11, 481, 286, -0.21187706291675568
5, 12, 197, 286, -0.3227388858795166
5, 13, 510, 469, -0.10304360091686249
5, 14, 89, 447, -0.24960120022296906
5, 15, 543, 647, -0.25843846797943115
5, 16, 2, 584, -0.4850248694419861
5, 17, 566, 698, -0.3067552447319031
5, 18, -35, 622, -0.5414186120033264
5, 19, 539, 701, -0.36363619565963745
5, 20, -12, 631, -0.6369103193283081
5, 21, 525, 680, -0.2946811318397522
5, 22, 7, 618, -0.5370457172393799
5, 23, 421, 664, -0.006827998906373978
5, 24, 236, 662, 0.010737234726548195
5, 25, 411, 952, 0.04741537198424339
5, 26, 234, 954, 0.05467524379491806
5, 27, 410, 1215, 0.6582411527633667
5, 28, 238, 1211, 0.4611441493034363
5, 29, 412, 1259, 0.6927392482757568
5, 30, 233, 1254, 0.48813557624816895
5, 31, 393, 1298, 0.24480478465557098
5, 32, 269, 1296, -0.04789305478334427
6, 0, 356, 140, -0.7078872919082642
6, 1, 370, 110, -0.6668874025344849
6, 2, 379, 112, -0.6665372252464294
6, 3, 390, 114, -0.6669749021530151
6, 4, 336, 109, -0.6757195591926575
6, 5, 323, 110, -0.6753136515617371
6, 6, 311, 111, -0.6756666302680969
6, 7, 406, 131, -0.37610530853271484
6, 8, 290, 130, -0.40510615706443787
6, 9, 372, 171, -0.5969109535217285
6, 10, 328, 172, -0.6043622493743896
6, 11, 480, 287, -0.20799008011817932
6, 12, 197, 286, -0.321338951587677
6, 13, 510, 468, -0.08243445307016373
6, 14, 89, 447, -0.24650952219963074
6, 15, 553, 647, -0.21561260521411896
6, 16, 5, 588, -0.4727259576320648
6, 17, 577, 698, -0.2582240700721741
6, 18, -30, 629, -0.5265017747879028
6, 19, 552, 701, -0.3140811324119568
6, 20, -5, 637, -0.6188148856163025
6, 21, 537, 681, -0.2506171464920044
6, 22, 13, 624, -0.5226123332977295
6, 23, 420, 664, -0.0079877320677042
6, 24, 235, 663, 0.011854078620672226
6, 25, 411, 954, 0.04762626066803932
6, 26, 234, 955, 0.05514997988939285
6, 27, 410, 1217, 0.661239743232727
6, 28, 238, 1213, 0.4653957784175873
6, 29, 413, 1261, 0.6956685781478882
6, 30, 233, 1255, 0.4932228922843933
6, 31, 393, 1300, 0.24699215590953827
6, 32, 269, 1298, -0.04253499582409859
7, 0, 355, 143, -0.7135836482048035
7, 1, 370, 112, -0.6749113202095032
7, 2, 379, 114, -0.6745503544807434
7, 3, 390, 115, -0.6749850511550903
7, 4, 336, 111, -0.6841232776641846
7, 5, 323, 112, -0.6837280988693237
7, 6, 311, 113, -0.6840885877609253
7, 7, 405, 132, -0.38655370473861694
7, 8, 290, 131, -0.416996568441391
7, 9, 372, 173, -0.6024999022483826
7, 10, 328, 174, -0.610353410243988
7, 11, 480, 287, -0.2180510312318802
7, 12, 197, 287, -0.32863181829452515
7, 13, 510, 468, -0.09552542865276337
7, 14, 89, 447, -0.25255995988845825
7, 15, 559, 648, -0.23683905601501465
7, 16, 8, 592, -0.4754445552825928
7, 17, 584, 698, -0.2834629416465759
7, 18, -27, 633, -0.5293200612068176
7, 19, 559, 701, -0.340971440076828
7, 20, -2, 641, -0.6248656511306763
7, 21, 544, 682, -0.27267736196517944
7, 22, 16, 628, -0.5266216993331909
7, 23, 419, 665, -0.008655158802866936
7, 24, 234, 664, 0.012504838407039642
7, 25, 410, 954, 0.05392647907137871
7, 26, 232, 956, 0.05455727130174637
7, 27, 409, 1217, 0.6678484082221985
7, 28, 235, 1214, 0.46615567803382874
7, 29, 411, 1261, 0.7026966214179993
7, 30, 231, 1256, 0.4942159056663513
7, 31, 391, 1301, 0.25788113474845886
7, 32, 266, 1299, -0.03795398771762848
8, 0, 355, 150, -0.7242105603218079
8, 1, 369, 119, -0.6860374212265015
8, 2, 379, 120, -0.6856774091720581
8, 3, 389, 121, -0.6861076951026917
8, 4, 336, 117, -0.6955083608627319
8, 5, 323, 117, -0.695127010345459
8, 6, 311, 118, -0.6954799890518188
8, 7, 404, 135, -0.3956882059574127
8, 8, 290, 134, -0.42458224296569824
8, 9, 372, 181, -0.6118730902671814
8, 10, 328, 181, -0.6203087568283081
8, 11, 480, 287, -0.22619083523750305
8, 12, 196, 287, -0.3350260853767395
8, 13, 511, 466, -0.10893045365810394
8, 14, 88, 448, -0.2544468939304352
8, 15, 559, 648, -0.2555161118507385
8, 16, 11, 600, -0.4803774952888489
8, 17, 584, 698, -0.3017602562904358
8, 18, -23, 643, -0.5345990657806396
8, 19, 560, 701, -0.35674524307250977
8, 20, 2, 649, -0.6308539509773254
8, 21, 544, 682, -0.29032546281814575
8, 22, 21, 636, -0.5322268009185791
8, 23, 419, 665, -0.009448466822504997
8, 24, 233, 665, 0.013255974277853966
8, 25, 410, 955, 0.05183098465204239
8, 26, 232, 957, 0.048684291541576385
8, 27, 409, 1218, 0.6552457213401794
8, 28, 235, 1215, 0.45601558685302734
8, 29, 411, 1261, 0.6891071796417236
8, 30, 231, 1256, 0.48429983854293823
8, 31, 391, 1302, 0.2441539317369461
8, 32, 266, 1299, -0.048143934458494186
9, 0, 355, 163, -0.7348877787590027
9, 1, 369, 130, -0.7000051736831665
9, 2, 379, 130, -0.6996465921401978
9, 3, 389, 131, -0.7000922560691833
9, 4, 336, 128, -0.713039755821228
9, 5, 323, 127, -0.7126144170761108
9, 6, 311, 127, -0.7129495143890381
9, 7, 404, 141, -0.40486040711402893
9, 8, 290, 139, -0.4511849284172058
9, 9, 372, 193, -0.6184009313583374
9, 10, 328, 193, -0.6315120458602905
9, 11, 480, 288, -0.2289460450410843
9, 12, 196, 288, -0.3435671925544739
9, 13, 511, 466, -0.1123594269156456
9, 14, 88, 448, -0.2724205553531647
9, 15, 558, 649, -0.27905943989753723
9, 16, 11, 603, -0.5015760064125061
9, 17, 583, 699, -0.336412638425827
9, 18, -23, 645, -0.5599721670150757
9, 19, 558, 703, -0.39421600103378296
9, 20, 1, 651, -0.6623903512954712
9, 21, 543, 684, -0.316531240940094
9, 22, 20, 639, -0.5549869537353516
9, 23, 418, 665, -0.009836254641413689
9, 24, 233, 665, 0.013588656671345234
9, 25, 409, 954, 0.05824771523475647
9, 26, 231, 956, 0.05561984330415726
9, 27, 408, 1217, 0.6754251718521118
9, 28, 234, 1214, 0.47464483976364136
9, 29, 411, 1260, 0.7109359502792358
9, 30, 230, 1255, 0.5041996240615845
9, 31, 390, 1302, 0.26562219858169556
9, 32, 265, 1299, -0.029896382242441177
10, 0, 355, 174, -0.9705665707588196
10, 1, 369, 141, -0.9388653039932251
10, 2, 379, 140, -0.9385093450546265
10, 3, 389, 139, -0.9389737844467163
10, 4, 335, 141, -0.9540977478027344
10, 5, 322, 140, -0.9537429809570312
10, 6, 311, 139, -0.9540410041809082
10, 7, 404, 145, -0.6036467552185059
10, 8, 289, 146, -0.6618905663490295
10, 9, 372, 203, -0.8338764309883118
10, 10, 328, 205, -0.8495087623596191
10, 11, 480, 288, -0.33869045972824097
10, 12, 195, 289, -0.49647027254104614
10, 13, 511, 466, -0.15796253085136414
10, 14, 87, 449, -0.412973552942276
10, 15, 558, 649, -0.33731433749198914
10, 16, 10, 605, -0.6717580556869507
10, 17, 582, 698, -0.39807650446891785
10, 18, -24, 646, -0.7442366480827332
10, 19, 559, 702, -0.47360676527023315
10, 20, 0, 652, -0.855953574180603
10, 21, 542, 684, -0.3825055956840515
10, 22, 20, 639, -0.7289518117904663
10, 23, 418, 665, -0.00831512175500393
10, 24, 232, 665, 0.011968253180384636
10, 25, 409, 954, 0.12054195255041122
10, 26, 231, 956, 0.08260895311832428
10, 27, 408, 1217, 0.7945995926856995
10, 28, 234, 1214, 0.5614691376686096
10, 29, 411, 1260, 0.8353801965713501
10, 30, 230, 1255, 0.5962727069854736
10, 31, 390, 1302, 0.3585198223590851
10, 32, 265, 1300, 0.018542440608143806
11, 0, 354, 182, -0.9648229479789734
11, 1, 369, 149, -0.935301661491394
11, 2, 379, 148, -0.9349260330200195
11, 3, 389, 146, -0.9353910684585571
11, 4, 335, 150, -0.9499905705451965
11, 5, 322, 149, -0.9495776891708374
11, 6, 310, 148, -0.9498642086982727
11, 7, 403, 149, -0.604615330696106
11, 8, 289, 151, -0.660292387008667
11, 9, 371, 211, -0.8289443850517273
11, 10, 328, 213, -0.8437395095825195
11, 11, 480, 288, -0.3379074037075043
11, 12, 195, 290, -0.4962862432003021
11, 13, 511, 466, -0.15736177563667297
11, 14, 87, 450, -0.4140404164791107
11, 15, 556, 649, -0.3333290219306946
11, 16, 10, 605, -0.6716944575309753
11, 17, 580, 698, -0.39745980501174927
11, 18, -23, 647, -0.7448508739471436
11, 19, 558, 702, -0.46059107780456543
11, 20, 1, 652, -0.8523135185241699
11, 21, 542, 684, -0.3792046308517456
11, 22, 20, 639, -0.726887047290802
11, 23, 417, 665, -0.006850949488580227
11, 24, 232, 664, 0.01044456847012043
11, 25, 409, 954, 0.13336452841758728
11, 26, 231, 956, 0.08677972108125687
11, 27, 408, 1216, 0.8012040257453918
11, 28, 235, 1213, 0.5650602579116821
11, 29, 411, 1259, 0.8415158987045288
11, 30, 230, 1254, 0.5996018052101135
11, 31, 390, 1302, 0.36680740118026733
11, 32, 265, 1299, 0.022526558488607407
12, 0, 353, 188, -1.0497649908065796
12, 1, 368, 154, -1.0194494724273682
12, 2, 378, 153, -1.0190609693527222
12, 3, 389, 152, -1.0195261240005493
12, 4, 334, 154, -1.0343124866485596
12, 5, 321, 153, -1.0338971614837646
12, 6, 310, 153, -1.034196376800537
12, 7, 403, 153, -0.6697069406509399
12, 8, 289, 155, -0.7260011434555054
12, 9, 370, 216, -0.9056356549263
12, 10, 327, 219, -0.9207237958908081
12, 11, 479, 288, -0.37364569306373596
12, 12, 195, 290, -0.5383142828941345
12, 13, 512, 466, -0.16535940766334534
12, 14, 86, 450, -0.4434342384338379
12, 15, 556, 649, -0.3398786783218384
12, 16, 11, 605, -0.7176198363304138
12, 17, 580, 698, -0.4012451171875
12, 18, -22, 647, -0.7967967987060547
12, 19, 557, 702, -0.4751235544681549
12, 20, 2, 651, -0.906707763671875
12, 21, 541, 684, -0.38594502210617065
12, 22, 21, 639, -0.7737112641334534
12, 23, 415, 665, -0.006807328667491674
12, 24, 230, 664, 0.010392971336841583
12, 25, 408, 954, 0.1509474664926529
12, 26, 229, 956, 0.10247937589883804
12, 27, 408, 1216, 0.842741847038269
12, 28, 234, 1213, 0.6060816049575806
12, 29, 410, 1259, 0.8844072222709656
12, 30, 230, 1254, 0.6423627138137817
12, 31, 389, 1301, 0.3890513777732849
12, 32, 265, 1299, 0.04554964229464531
13, 0, 353, 192, -1.1695600748062134
13, 1, 368, 158, -1.1385562419891357
13, 2, 378, 157, -1.1381802558898926
13, 3, 389, 155, -1.1386489868164062
13, 4, 334, 158, -1.1567957401275635
13, 5, 321, 158, -1.1564290523529053
13, 6, 310, 157, -1.156752347946167
13, 7, 402, 156, -0.7624267339706421
13, 8, 289, 158, -0.8339745402336121
13, 9, 370, 220, -1.0132958889007568
13, 10, 327, 224, -1.0329861640930176
13, 11, 479, 288, -0.42351633310317993
13, 12, 195, 291, -0.6096193790435791
13, 13, 512, 466, -0.1657751351594925
13, 14, 86, 450, -0.484839528799057
13, 15, 551, 648, -0.3358614146709442
13, 16, 14, 606, -0.7646762728691101
13, 17, 573, 698, -0.395991712808609
13, 18, -17, 649, -0.8468419313430786
13, 19, 553, 702, -0.4695746898651123
13, 20, 6, 653, -0.9589783549308777
13, 21, 538, 683, -0.3805099129676819
13, 22, 24, 640, -0.8210456967353821
13, 23, 415, 665, -0.006581062916666269
13, 24, 230, 664, 0.01013943087309599
13, 25, 409, 954, 0.1789051741361618
13, 26, 229, 955, 0.12164700031280518
13, 27, 410, 1215, 0.9162095189094543
13, 28, 237, 1212, 0.6688600778579712
13, 29, 412, 1258, 0.9610282182693481
13, 30, 234, 1254, 0.7085963487625122
13, 31, 390, 1301, 0.4417956471443176
13, 32, 268, 1298, 0.08691777288913727
14, 0, 353, 191, -1.058459758758545
14, 1, 368, 157, -1.028293490409851
14, 2, 378, 156, -1.0279101133346558
14, 3, 389, 155, -1.0283446311950684
14, 4, 334, 157, -1.0450115203857422
14, 5, 321, 156, -1.0446597337722778
14, 6, 310, 155, -1.0449674129486084
14, 7, 402, 156, -0.6848424673080444
14, 8, 288, 157, -0.7506874799728394
14, 9, 369, 219, -0.9170094728469849
14, 10, 327, 223, -0.9346960186958313
14, 11, 479, 289, -0.3941911458969116
14, 12, 194, 291, -0.5657469034194946
14, 13, 512, 466, -0.166824609041214
14, 14, 85, 451, -0.4669157862663269
14, 15, 551, 649, -0.3348093330860138
14, 16, 19, 610, -0.7271421551704407
14, 17, 573, 698, -0.395354688167572
14, 18, -10, 654, -0.8017712831497192
14, 19, 553, 702, -0.4645760655403137
14, 20, 14, 657, -0.9070664644241333
14, 21, 537, 683, -0.3793787956237793
14, 22, 32, 643, -0.7803105115890503
14, 23, 415, 665, -0.005161382257938385
14, 24, 229, 664, 0.008597927168011665
14, 25, 409, 953, 0.16767051815986633
14, 26, 229, 955, 0.11773405969142914
14, 27, 410, 1216, 0.8687909841537476
14, 28, 237, 1213, 0.631546139717102
14, 29, 412, 1258, 0.9108825922012329
14, 30, 234, 1254, 0.6683191061019897
14, 31, 391, 1302, 0.41840511560440063
14, 32, 268, 1299, 0.07387980818748474
15, 0, 353, 194, -1.1369048357009888
15, 1, 368, 159, -1.1097619533538818
15, 2, 378, 157, -1.1093672513961792
15, 3, 389, 156, -1.1098220348358154
15, 4, 334, 159, -1.1279796361923218
15, 5, 321, 159, -1.1276309490203857
15, 6, 310, 159, -1.1279282569885254
15, 7, 402, 157, -0.750124990940094
15, 8, 288, 160, -0.8225889205932617
15, 9, 369, 222, -0.986021876335144
15, 10, 327, 227, -1.0057885646820068
15, 11, 479, 289, -0.42607051134109497
15, 12, 194, 292, -0.6081185340881348
15, 13, 512, 466, -0.17825235426425934
15, 14, 84, 451, -0.49518895149230957
15, 15, 548, 649, -0.34175893664360046
15, 16, 19, 611, -0.7583165764808655
15, 17, 570, 698, -0.4006161689758301
15, 18, -10, 656, -0.8352139592170715
15, 19, 550, 702, -0.4777328372001648
15, 20, 13, 658, -0.9441041946411133
15, 21, 534, 683, -0.3870513439178467
15, 22, 31, 645, -0.8126069903373718
15, 23, 415, 665, -0.003503102343529463
15, 24, 228, 664, 0.0068878852762281895
15, 25, 409, 953, 0.18417619168758392
15, 26, 229, 955, 0.12425310909748077
15, 27, 410, 1216, 0.9056941866874695
15, 28, 237, 1213, 0.6563040018081665
15, 29, 412, 1258, 0.9500144720077515
15, 30, 234, 1254, 0.6953599452972412
15, 31, 390, 1303, 0.4490324556827545
15, 32, 268, 1300, 0.08979383856058121
16, 0, 354, 195, -1.1763464212417603
16, 1, 369, 160, -1.1477382183074951
16, 2, 379, 158, -1.1473454236984253
16, 3, 389, 157, -1.1478134393692017
16, 4, 334, 161, -1.16666579246521
16, 5, 321, 161, -1.1663177013397217
16, 6, 309, 161, -1.1666159629821777
16, 7, 402, 158, -0.7767409086227417
16, 8, 288, 162, -0.8525652885437012
16, 9, 369, 224, -1.021005392074585
16, 10, 328, 229, -1.0418051481246948
16, 11, 479, 289, -0.4399162828922272
16, 12, 193, 292, -0.6266430616378784
16, 13, 512, 466, -0.18349018692970276
16, 14, 84, 452, -0.5053042769432068
16, 15, 546, 648, -0.3514103293418884
16, 16, 19, 611, -0.7775379419326782
16, 17, 568, 698, -0.4100645184516907
16, 18, -11, 656, -0.8573259115219116
16, 19, 548, 702, -0.4930124878883362
16, 20, 12, 658, -0.969818115234375
16, 21, 533, 683, -0.398278146982193
16, 22, 30, 644, -0.8335943222045898
16, 23, 415, 665, -0.0028259416576474905
16, 24, 228, 664, 0.006213405169546604
16, 25, 409, 953, 0.19313085079193115
16, 26, 229, 955, 0.1314341127872467
16, 27, 410, 1216, 0.926977813243866
16, 28, 236, 1213, 0.6768370866775513
16, 29, 411, 1257, 0.972225546836853
16, 30, 233, 1253, 0.7166961431503296
16, 31, 390, 1303, 0.4638042449951172
16, 32, 267, 1300, 0.10210710763931274
17, 0, 354, 195, -1.118890643119812
17, 1, 369, 160, -1.0907682180404663
17, 2, 379, 158, -1.0903770923614502
17, 3, 389, 157, -1.0908396244049072
17, 4, 334, 161, -1.1095775365829468
17, 5, 321, 161, -1.1092345714569092
17, 6, 309, 161, -1.10952889919281
17, 7, 402, 158, -0.7339269518852234
17, 8, 287, 163, -0.8080416917800903
17, 9, 369, 224, -0.9694427251815796
17, 10, 328, 230, -0.9896516799926758
17, 11, 479, 289, -0.4155658185482025
17, 12, 193, 292, -0.6016219258308411
17, 13, 512, 466, -0.14906492829322815
17, 14, 83, 452, -0.49189791083335876
17, 15, 544, 647, -0.2848992943763733
17, 16, 20, 614, -0.7570648789405823
17, 17, 565, 696, -0.33627405762672424
17, 18, -8, 659, -0.8347125053405762
17, 19, 547, 700, -0.4186495840549469
17, 20, 15, 661, -0.9429596662521362
17, 21, 531, 682, -0.3302534520626068
17, 22, 33, 647, -0.8112710118293762
17, 23, 415, 664, -0.0018396165687590837
17, 24, 228, 664, 0.0052285753190517426
17, 25, 409, 953, 0.19057901203632355
17, 26, 229, 955, 0.12969931960105896
17, 27, 411, 1216, 0.9164729118347168
17, 28, 238, 1213, 0.6652532815933228
17, 29, 413, 1257, 0.9612776041030884
17, 30, 235, 1253, 0.7047872543334961
17, 31, 393, 1303, 0.4632754921913147
17, 32, 271, 1300, 0.09958015382289886
18, 0, 354, 195, -1.1250221729278564
18, 1, 369, 160, -1.097682237625122
18, 2, 379, 158, -1.0973217487335205
18, 3, 389, 157, -1.0977938175201416
18, 4, 334, 161, -1.1165708303451538
18, 5, 321, 161, -1.1162540912628174
18, 6, 309, 161, -1.1165512800216675
18, 7, 402, 158, -0.7389652132987976
18, 8, 287, 163, -0.8131965398788452
18, 9, 369, 224, -0.9740270376205444
18, 10, 328, 229, -0.9943156242370605
18, 11, 479, 289, -0.41394224762916565
18, 12, 193, 292, -0.6009079813957214
18, 13, 512, 466, -0.15370923280715942
18, 14, 83, 452, -0.4916366636753082
18, 15, 544, 645, -0.30560117959976196
18, 16, 19, 614, -0.7608393430709839
18, 17, 565, 694, -0.3619954586029053
18, 18, -9, 658, -0.8401286005973816
18, 19, 547, 698, -0.44901084899902344
18, 20, 13, 661, -0.9525205492973328
18, 21, 531, 680, -0.3535633087158203
18, 22, 32, 647, -0.8172104954719543
18, 23, 415, 664, -0.001197241828776896
18, 24, 228, 663, 0.004584243521094322
18, 25, 410, 953, 0.19895978271961212
18, 26, 229, 955, 0.1363358199596405
18, 27, 411, 1215, 0.9327179193496704
18, 28, 239, 1213, 0.6797242164611816
18, 29, 413, 1257, 0.9788454174995422
18, 30, 236, 1254, 0.7204030752182007
18, 31, 393, 1303, 0.4827801287174225
18, 32, 271, 1301, 0.11577154695987701
19, 0, 354, 195, -1.0969713926315308
19, 1, 369, 160, -1.0687724351882935
19, 2, 379, 158, -1.068406343460083
19, 3, 389, 157, -1.0688679218292236
19, 4, 334, 161, -1.086502194404602
19, 5, 321, 161, -1.0861661434173584
19, 6, 309, 161, -1.0864653587341309
19, 7, 401, 158, -0.7176918983459473
19, 8, 286, 163, -0.7870279550552368
19, 9, 369, 223, -0.9501345753669739
19, 10, 328, 229, -0.9689757227897644
19, 11, 479, 289, -0.40664395689964294
19, 12, 193, 292, -0.585803210735321
19, 13, 512, 466, -0.16336622834205627
19, 14, 83, 452, -0.4805523455142975
19, 15, 539, 645, -0.31985896825790405
19, 16, 19, 614, -0.7455808520317078
19, 17, 559, 693, -0.3796970248222351
19, 18, -10, 658, -0.8228311538696289
19, 19, 540, 696, -0.4611912667751312
19, 20, 13, 661, -0.9325813055038452
19, 21, 524, 679, -0.3659673035144806
19, 22, 31, 647, -0.8009623289108276
19, 23, 414, 664, -0.0012207886902615428
19, 24, 228, 663, 0.004603882320225239
19, 25, 408, 953, 0.19182726740837097
19, 26, 227, 955, 0.13411197066307068
19, 27, 408, 1215, 0.9127905964851379
19, 28, 236, 1213, 0.6654753088951111
19, 29, 409, 1257, 0.957309365272522
19, 30, 234, 1254, 0.7047077417373657
19, 31, 389, 1303, 0.4650958478450775
19, 32, 267, 1301, 0.10668455064296722
20, 0, 354, 195, -1.1264091730117798
20, 1, 368, 159, -1.1014549732208252
20, 2, 379, 158, -1.1010661125183105
20, 3, 389, 157, -1.1014933586120605
20, 4, 334, 161, -1.1181907653808594
20, 5, 320, 161, -1.1178414821624756
20, 6, 309, 161, -1.1181280612945557
20, 7, 401, 158, -0.7499869465827942
20, 8, 286, 163, -0.8139013051986694
20, 9, 369, 223, -0.9778079986572266
20, 10, 328, 229, -0.9951996803283691
20, 11, 479, 289, -0.44129544496536255
20, 12, 193, 292, -0.5959860682487488
20, 13, 512, 466, -0.21779084205627441
20, 14, 83, 452, -0.4771571755409241
20, 15, 536, 645, -0.3805191218852997
20, 16, 19, 614, -0.7387384176254272
20, 17, 556, 694, -0.44450822472572327
20, 18, -10, 658, -0.8154202699661255
20, 19, 535, 697, -0.5207207202911377
20, 20, 13, 661, -0.9264826774597168
20, 21, 520, 679, -0.4242843687534332
20, 22, 31, 647, -0.7945001721382141
20, 23, 414, 664, -0.0027016201056540012
20, 24, 227, 663, 0.00605731550604105
20, 25, 406, 953, 0.19255618751049042
20, 26, 225, 955, 0.14124150574207306
20, 27, 404, 1215, 0.9168645143508911
20, 28, 233, 1213, 0.6809738278388977
20, 29, 406, 1257, 0.9621227979660034
20, 30, 231, 1254, 0.7217077016830444
20, 31, 383, 1303, 0.46610623598098755
20, 32, 262, 1301, 0.12194180488586426
21, 0, 354, 195, -1.1169945001602173
21, 1, 368, 160, -1.0927320718765259
21, 2, 378, 158, -1.092345952987671
21, 3, 388, 157, -1.0927847623825073
21, 4, 333, 161, -1.1081888675689697
21, 5, 319, 161, -1.1078197956085205
21, 6, 308, 161, -1.108109951019287
21, 7, 401, 158, -0.7451642751693726
21, 8, 285, 163, -0.8030881881713867
21, 9, 369, 223, -0.9699814915657043
21, 10, 328, 229, -0.9857271909713745
21, 11, 479, 289, -0.44004321098327637
21, 12, 193, 292, -0.5887612104415894
21, 13, 512, 466, -0.22040466964244843
21, 14, 83, 452, -0.4737378656864166
21, 15, 535, 645, -0.38207367062568665
21, 16, 19, 613, -0.7342489957809448
21, 17, 555, 694, -0.4461916387081146
21, 18, -10, 658, -0.8109439015388489
21, 19, 534, 696, -0.5221148729324341
21, 20, 13, 660, -0.92261803150177
21, 21, 519, 679, -0.4257633090019226
21, 22, 31, 646, -0.7900848388671875
21, 23, 413, 663, -0.004310319200158119
21, 24, 226, 662, 0.007654295768588781
21, 25, 404, 953, 0.1902981996536255
21, 26, 223, 954, 0.14438951015472412
21, 27, 401, 1215, 0.9124056100845337
21, 28, 230, 1213, 0.6821798086166382
21, 29, 403, 1257, 0.9573410749435425
21, 30, 228, 1253, 0.7227509617805481
21, 31, 380, 1303, 0.4604695737361908
21, 32, 258, 1301, 0.12208613008260727
22, 0, 352, 195, -1.0924546718597412
22, 1, 367, 160, -1.0744175910949707
22, 2, 377, 158, -1.074005126953125
22, 3, 388, 157, -1.0744527578353882
22, 4, 332, 161, -1.0868406295776367
22, 5, 318, 161, -1.086427092552185
22, 6, 307, 161, -1.0867059230804443
22, 7, 401, 159, -0.7432945966720581
22, 8, 285, 163, -0.7870427966117859
22, 9, 368, 224, -0.9496780633926392
22, 10, 327, 229, -0.9618609547615051
22, 11, 479, 289, -0.43407368659973145
22, 12, 193, 292, -0.5741903185844421
22, 13, 511, 466, -0.21902580559253693
22, 14, 83, 452, -0.46157699823379517
22, 15, 534, 646, -0.3427603244781494
22, 16, 18, 613, -0.7154534459114075
22, 17, 554, 694, -0.40013009309768677
22, 18, -12, 657, -0.7903587222099304
22, 19, 533, 696, -0.4732631742954254
22, 20, 11, 659, -0.9012137651443481
22, 21, 518, 679, -0.38430845737457275
22, 22, 29, 645, -0.7712592482566833
22, 23, 412, 663, -0.004356325138360262
22, 24, 225, 661, 0.007691535167396069
22, 25, 403, 953, 0.18850868940353394
22, 26, 222, 954, 0.14241734147071838
22, 27, 400, 1215, 0.908746600151062
22, 28, 228, 1213, 0.6776798367500305
22, 29, 402, 1256, 0.9535249471664429
22, 30, 226, 1253, 0.7177276611328125
22, 31, 378, 1303, 0.4568201005458832
22, 32, 257, 1301, 0.11785469204187393
23, 0, 352, 196, -1.1932520866394043
23, 1, 367, 161, -1.171303391456604
23, 2, 377, 160, -1.170936107635498
23, 3, 387, 159, -1.1713917255401611
23, 4, 331, 162, -1.1866652965545654
23, 5, 318, 162, -1.1863453388214111
23, 6, 306, 162, -1.1866629123687744
23, 7, 401, 160, -0.8128455877304077
23, 8, 284, 164, -0.8702057003974915
23, 9, 368, 225, -1.0401740074157715
23, 10, 326, 230, -1.0559159517288208
23, 11, 479, 289, -0.47358614206314087
23, 12, 192, 292, -0.6344738602638245
23, 13, 511, 466, -0.23142802715301514
23, 14, 83, 452, -0.506557047367096
23, 15, 534, 646, -0.3813125491142273
23, 16, 15, 613, -0.7764783501625061
23, 17, 554, 694, -0.43928560614585876
23, 18, -16, 657, -0.8583656549453735
23, 19, 534, 696, -0.5220820903778076
23, 20, 6, 658, -0.9726493954658508
23, 21, 518, 679, -0.4273620545864105
23, 22, 25, 645, -0.8339952230453491
23, 23, 412, 663, -0.004024273715913296
23, 24, 225, 661, 0.007318445947021246
23, 25, 403, 952, 0.22128906846046448
23, 26, 222, 954, 0.15758678317070007
23, 27, 401, 1215, 0.9772350192070007
23, 28, 228, 1213, 0.7263475656509399
23, 29, 402, 1256, 1.0251562595367432
23, 30, 227, 1253, 0.769256055355072
23, 31, 379, 1303, 0.51350337266922
23, 32, 257, 1301, 0.1522437036037445
24, 0, 351, 197, -1.3014163970947266
24, 1, 366, 162, -1.2792761325836182
24, 2, 376, 160, -1.2789018154144287
24, 3, 387, 159, -1.2793550491333008
24, 4, 331, 163, -1.294815182685852
24, 5, 317, 162, -1.2945553064346313
24, 6, 306, 162, -1.2948846817016602
24, 7, 400, 161, -0.9076479077339172
24, 8, 284, 164, -0.9678210020065308
24, 9, 367, 226, -1.1430408954620361
24, 10, 325, 230, -1.1593563556671143
24, 11, 478, 289, -0.5516327023506165
24, 12, 192, 291, -0.7084061503410339
24, 13, 510, 466, -0.30594807863235474
24, 14, 83, 452, -0.5707004070281982
24, 15, 534, 646, -0.4838886260986328
24, 16, 15, 613, -0.8427841067314148
24, 17, 555, 695, -0.5484870076179504
24, 18, -16, 656, -0.9266913533210754
24, 19, 534, 697, -0.6361089944839478
24, 20, 5, 658, -1.0442743301391602
24, 21, 519, 680, -0.5320202112197876
24, 22, 24, 645, -0.9012726545333862
24, 23, 411, 663, -0.0040224408730864525
24, 24, 224, 660, 0.0073103769682347775
24, 25, 403, 952, 0.23515376448631287
24, 26, 222, 954, 0.1759015917778015
24, 27, 400, 1215, 1.0084000825881958
24, 28, 228, 1213, 0.7666615843772888
24, 29, 401, 1256, 1.0583807229995728
24, 30, 226, 1253, 0.8115904927253723
24, 31, 378, 1303, 0.5419955849647522
24, 32, 256, 1301, 0.1893688440322876
25, 0, 350, 197, -1.251629114151001
25, 1, 366, 162, -1.227609634399414
25, 2, 376, 161, -1.2272220849990845
25, 3, 387, 159, -1.2276650667190552
25, 4, 330, 163, -1.243738055229187
25, 5, 317, 162, -1.2434457540512085
25, 6, 305, 162, -1.2437671422958374
25, 7, 400, 161, -0.8622850179672241
25, 8, 284, 164, -0.9250079989433289
25, 9, 366, 226, -1.0969462394714355
25, 10, 325, 230, -1.1139638423919678
25, 11, 478, 289, -0.5229057669639587
25, 12, 192, 291, -0.683370053768158
25, 13, 510, 467, -0.28477364778518677
25, 14, 83, 452, -0.5504626631736755
25, 15, 534, 647, -0.45821577310562134
25, 16, 15, 612, -0.8133824467658997
25, 17, 554, 696, -0.5214561223983765
25, 18, -15, 656, -0.893622100353241
25, 19, 533, 698, -0.6043509244918823
25, 20, 7, 658, -1.0077606439590454
25, 21, 518, 680, -0.5043388605117798
25, 22, 26, 645, -0.870185375213623
25, 23, 411, 663, -0.0037100580520927906
25, 24, 224, 660, 0.006962847895920277
25, 25, 403, 952, 0.22883513569831848
25, 26, 221, 954, 0.1700635552406311
25, 27, 400, 1215, 0.9854851961135864
25, 28, 228, 1213, 0.7423352003097534
25, 29, 401, 1256, 1.033684492111206
25, 30, 226, 1253, 0.7855238914489746
25, 31, 378, 1304, 0.524579644203186
25, 32, 256, 1301, 0.17172689735889435
26, 0, 350, 197, -1.2501177787780762
26, 1, 366, 162, -1.2194769382476807
26, 2, 376, 160, -1.2191033363342285
26, 3, 387, 159, -1.2195463180541992
26, 4, 330, 162, -1.2374950647354126
26, 5, 317, 162, -1.2371537685394287
26, 6, 305, 161, -1.2374913692474365
26, 7, 400, 160, -0.83665931224823
26, 8, 284, 163, -0.9058368802070618
26, 9, 366, 225, -1.0893462896347046
26, 10, 325, 229, -1.108838677406311
26, 11, 478, 289, -0.504295825958252
26, 12, 192, 291, -0.6692472100257874
26, 13, 511, 467, -0.2555530071258545
26, 14, 83, 452, -0.5452550649642944
26, 15, 543, 647, -0.4368075728416443
26, 16, 17, 612, -0.8327943086624146
26, 17, 566, 696, -0.49869340658187866
26, 18, -12, 656, -0.9185813069343567
26, 19, 547, 699, -0.57799232006073
26, 20, 10, 658, -1.032222032546997
26, 21, 531, 681, -0.4808103144168854
26, 22, 28, 645, -0.8898685574531555
26, 23, 411, 663, -0.0040209065191447735
26, 24, 224, 661, 0.007362847216427326
26, 25, 404, 954, 0.21703889966011047
26, 26, 222, 956, 0.16527846455574036
26, 27, 403, 1217, 0.9738480448722839
26, 28, 229, 1214, 0.731268584728241
26, 29, 405, 1258, 1.0221505165100098
26, 30, 227, 1254, 0.7744607329368591
26, 31, 382, 1305, 0.4857853353023529
26, 32, 259, 1302, 0.1401529610157013
27, 0, 350, 187, -1.1836216449737549
27, 1, 366, 152, -1.138719081878662
27, 2, 376, 151, -1.1383488178253174
27, 3, 387, 151, -1.138712763786316
27, 4, 330, 153, -1.1571297645568848
27, 5, 317, 152, -1.1567591428756714
27, 6, 305, 152, -1.1570972204208374
27, 7, 400, 155, -0.7489125728607178
27, 8, 284, 157, -0.8208262324333191
27, 9, 366, 216, -1.026642084121704
27, 10, 325, 219, -1.0469944477081299
27, 11, 478, 289, -0.440803587436676
27, 12, 192, 292, -0.6174259781837463
27, 13, 511, 467, -0.2259083092212677
27, 14, 85, 452, -0.5055434703826904
27, 15, 551, 647, -0.424797385931015
27, 16, 16, 611, -0.8296018838882446
27, 17, 577, 696, -0.4865244925022125
27, 18, -15, 654, -0.9029546976089478
27, 19, 557, 699, -0.5680493116378784
27, 20, 7, 657, -1.0111825466156006
27, 21, 540, 681, -0.47002753615379333
27, 22, 25, 643, -0.878391444683075
27, 23, 412, 663, -0.0049177370965480804
27, 24, 224, 661, 0.008383704349398613
27, 25, 405, 954, 0.21500751376152039
27, 26, 222, 956, 0.1636977344751358
27, 27, 404, 1217, 0.9681878089904785
27, 28, 229, 1215, 0.7308576107025146
27, 29, 406, 1259, 1.0156060457229614
27, 30, 227, 1255, 0.7733262777328491
27, 31, 382, 1305, 0.48880666494369507
27, 32, 259, 1303, 0.1458914577960968
28, 0, 350, 181, -1.1816966533660889
28, 1, 365, 146, -1.1319849491119385
28, 2, 375, 145, -1.1316601037979126
28, 3, 386, 145, -1.132056474685669
28, 4, 329, 146, -1.1506872177124023
28, 5, 316, 145, -1.1503918170928955
28, 6, 304, 145, -1.1507163047790527
28, 7, 400, 151, -0.7422564029693604
28, 8, 282, 153, -0.8134279251098633
28, 9, 366, 211, -1.0238381624221802
28, 10, 323, 212, -1.0449225902557373
28, 11, 478, 289, -0.4385014474391937
28, 12, 191, 292, -0.6174365282058716
28, 13, 512, 469, -0.23710155487060547
28, 14, 86, 454, -0.5215939283370972
28, 15, 557, 654, -0.4611015319824219
28, 16, 30, 615, -0.830146312713623
28, 17, 583, 704, -0.532288670539856
28, 18, 4, 659, -0.9121578335762024
28, 19, 561, 709, -0.6127272248268127
28, 20, 28, 662, -1.0216127634048462
28, 21, 545, 690, -0.508866012096405
28, 22, 43, 648, -0.8837968707084656
28, 23, 414, 666, -0.0061510843224823475
28, 24, 226, 666, 0.009643899276852608
28, 25, 409, 959, 0.1994069516658783
28, 26, 226, 965, 0.16564953327178955
28, 27, 409, 1226, 0.9624834060668945
28, 28, 235, 1228, 0.7294031977653503
28, 29, 412, 1269, 1.0108542442321777
28, 30, 233, 1271, 0.771214485168457
28, 31, 388, 1315, 0.48258668184280396
28, 32, 265, 1316, 0.15137365460395813
29, 0, 344, 179, -1.1799794435501099
29, 1, 362, 143, -1.1306557655334473
29, 2, 372, 142, -1.1304497718811035
29, 3, 383, 142, -1.1307041645050049
29, 4, 324, 143, -1.131662130355835
29, 5, 311, 142, -1.131316900253296
29, 6, 300, 142, -1.1315853595733643
29, 7, 398, 149, -0.7306898236274719
29, 8, 282, 150, -0.6968282461166382
29, 9, 363, 209, -1.0166637897491455
29, 10, 319, 210, -1.0085182189941406
29, 11, 478, 288, -0.4175768494606018
29, 12, 204, 283, -0.43706440925598145
29, 13, 515, 469, -0.3292464017868042
29, 14, 95, 444, -0.7923442721366882
29, 15, 556, 647, -0.6962221264839172
29, 16, 112, 449, -1.8041757345199585
29, 17, 581, 698, -0.7942432165145874
29, 18, 114, 449, -1.9936774969100952
29, 19, 559, 692, -0.8717074394226074
29, 20, 145, 419, -2.0096001625061035
29, 21, 543, 675, -0.7433961629867554
29, 22, 153, 425, -1.8387718200683594
29, 23, 419, 656, -0.031957220286130905
29, 24, 231, 653, 0.03570514917373657
29, 25, 410, 950, 0.18423596024513245
29, 26, 227, 950, 0.17952251434326172
29, 27, 409, 1216, 0.9609281420707703
29, 28, 235, 1211, 0.7785141468048096
29, 29, 412, 1257, 1.0049211978912354
29, 30, 233, 1249, 0.8222902417182922
29, 31, 385, 1304, 0.38857173919677734
29, 32, 264, 1301, 0.1501932442188263
30, 0, 335, 173, -1.1780551671981812
30, 1, 356, 137, -1.1290067434310913
30, 2, 367, 136, -1.1289088726043701
30, 3, 377, 136, -1.1291007995605469
30, 4, 316, 138, -1.1247056722640991
30, 5, 304, 137, -1.124238133430481
30, 6, 294, 137, -1.1244646310806274
30, 7, 395, 145, -0.7118396759033203
30, 8, 281, 147, -0.6618414521217346
30, 9, 358, 202, -1.0120097398757935
30, 10, 312, 203, -0.9955816268920898
30, 11, 478, 285, -0.38961368799209595
30, 12, 204, 283, -0.42138734459877014
30, 13, 519, 471, -0.3146437108516693
30, 14, 96, 466, -0.8878731727600098
30, 15, 555, 647, -0.6534199118614197
30, 16, 177, 404, -1.8888441324234009
30, 17, 580, 698, -0.7502884864807129
30, 18, 212, 370, -2.082829713821411
30, 19, 555, 692, -0.8067725896835327
30, 20, 218, 338, -2.0510635375976562
30, 21, 537, 675, -0.6913824677467346
30, 22, 218, 346, -1.8975073099136353
30, 23, 419, 656, -0.05302437022328377
30, 24, 230, 653, 0.057182393968105316
30, 25, 407, 951, 0.13227179646492004
30, 26, 221, 950, 0.3289540112018585
30, 27, 402, 1216, 0.9186366200447083
30, 28, 229, 1211, 1.0788861513137817
30, 29, 405, 1255, 0.9588411450386047
30, 30, 227, 1248, 1.1412104368209839
30, 31, 376, 1303, 0.3280861973762512
30, 32, 254, 1301, 0.4662131667137146
31, 0, 333, 171, -1.1784939765930176
31, 1, 354, 135, -1.1315944194793701
31, 2, 365, 134, -1.1315715312957764
31, 3, 374, 134, -1.131705403327942
31, 4, 314, 136, -1.126372218132019
31, 5, 301, 136, -1.1259291172027588
31, 6, 291, 135, -1.1261698007583618
31, 7, 393, 143, -0.7168731093406677
31, 8, 280, 145, -0.6725826859474182
31, 9, 356, 199, -1.0125491619110107
31, 10, 309, 201, -0.9977696537971497
31, 11, 477, 283, -0.393199622631073
31, 12, 204, 284, -0.4331660866737366
31, 13, 520, 473, -0.31636887788772583
31, 14, 96, 477, -0.9015225172042847
31, 15, 555, 648, -0.6378427147865295
31, 16, 183, 402, -1.8813111782073975
31, 17, 580, 699, -0.730886697769165
31, 18, 218, 366, -2.0712437629699707
31, 19, 551, 693, -0.7830691933631897
31, 20, 222, 334, -2.035891056060791
31, 21, 534, 675, -0.673484206199646
31, 22, 223, 342, -1.8876993656158447
31, 23, 419, 656, -0.06061087176203728
31, 24, 229, 654, 0.06480114907026291
31, 25, 405, 953, 0.11884339898824692
31, 26, 219, 951, 0.3526451885700226
31, 27, 399, 1216, 0.9064788818359375
31, 28, 226, 1211, 1.1099412441253662
31, 29, 402, 1255, 0.9466696977615356
31, 30, 225, 1249, 1.1734365224838257
31, 31, 373, 1303, 0.32218486070632935
31, 32, 251, 1302, 0.5010391473770142
32, 0, 331, 160, -1.05618417263031
32, 1, 352, 126, -1.0060721635818481
32, 2, 364, 126, -1.0060298442840576
32, 3, 373, 126, -1.0061789751052856
32, 4, 313, 128, -1.0038349628448486
32, 5, 301, 127, -1.0034453868865967
32, 6, 290, 127, -1.0037003755569458
32, 7, 393, 138, -0.6000552177429199
32, 8, 279, 140, -0.568921685218811
32, 9, 355, 189, -0.8994066119194031
32, 10, 309, 189, -0.8900896310806274
32, 11, 476, 282, -0.29699674248695374
32, 12, 203, 283, -0.40017423033714294
32, 13, 521, 477, -0.1786571592092514
32, 14, 97, 487, -0.898452639579773
32, 15, 557, 665, -0.3717266917228699
32, 16, 217, 362, -1.751306176185608
32, 17, 583, 720, -0.43442702293395996
32, 18, 247, 318, -1.9258733987808228
32, 19, 554, 718, -0.48081859946250916
32, 20, 246, 287, -1.8680522441864014
32, 21, 535, 700, -0.40367063879966736
32, 22, 249, 296, -1.7472989559173584
32, 23, 418, 658, -0.054368823766708374
32, 24, 226, 657, 0.058457959443330765
32, 25, 403, 957, 0.09038254618644714
32, 26, 217, 958, 0.29526224732398987
32, 27, 395, 1220, 0.8574846982955933
32, 28, 225, 1217, 0.9643852114677429
32, 29, 398, 1259, 0.8963543176651001
32, 30, 223, 1254, 1.0195164680480957
32, 31, 370, 1309, 0.2969558537006378
32, 32, 250, 1310, 0.3673604428768158
33, 0, 330, 161, -0.9401928186416626
33, 1, 352, 125, -0.8975372314453125
33, 2, 364, 125, -0.8973603248596191
33, 3, 373, 125, -0.8974953889846802
33, 4, 313, 126, -0.8951870203018188
33, 5, 301, 125, -0.8947998285293579
33, 6, 290, 125, -0.8950128555297852
33, 7, 392, 137, -0.5286215543746948
33, 8, 277, 137, -0.4931061863899231
33, 9, 354, 190, -0.7969353199005127
33, 10, 306, 191, -0.7873006463050842
33, 11, 475, 282, -0.26186245679855347
33, 12, 203, 283, -0.36962130665779114
33, 13, 521, 478, -0.14808592200279236
33, 14, 97, 490, -0.8757052421569824
33, 15, 557, 672, -0.2877979874610901
33, 16, 227, 347, -1.6406186819076538
33, 17, 584, 729, -0.3409782946109772
33, 18, 255, 302, -1.8029868602752686
33, 19, 554, 729, -0.379332035779953
33, 20, 257, 271, -1.7337591648101807
33, 21, 535, 710, -0.3163146674633026
33, 22, 259, 282, -1.6304466724395752
33, 23, 417, 659, -0.05049899220466614
33, 24, 223, 659, 0.054502736777067184
33, 25, 403, 961, 0.08416327089071274
33, 26, 218, 963, 0.2712390422821045
33, 27, 395, 1223, 0.8205617070198059
33, 28, 225, 1222, 0.9202867746353149
33, 29, 398, 1262, 0.8588201403617859
33, 30, 223, 1259, 0.9709820747375488
33, 31, 371, 1314, 0.291791170835495
33, 32, 252, 1318, 0.3277797996997833
34, 0, 327, 161, -0.9152885675430298
34, 1, 349, 125, -0.8721479177474976
34, 2, 361, 125, -0.8719381093978882
34, 3, 370, 125, -0.8720768690109253
34, 4, 311, 127, -0.8652464151382446
34, 5, 299, 126, -0.8647265434265137
34, 6, 288, 126, -0.8649410009384155
34, 7, 390, 136, -0.5046168565750122
34, 8, 276, 138, -0.4468315541744232
34, 9, 353, 188, -0.7744268774986267
34, 10, 304, 191, -0.7585946917533875
34, 11, 475, 280, -0.23202542960643768
34, 12, 204, 283, -0.35155096650123596
34, 13, 520, 478, -0.12561294436454773
34, 14, 100, 486, -0.9164320826530457
34, 15, 557, 668, -0.24928060173988342
34, 16, 221, 328, -1.7460861206054688
34, 17, 583, 723, -0.2957833409309387
34, 18, 244, 278, -1.9171119928359985
34, 19, 555, 724, -0.33170849084854126
34, 20, 252, 251, -1.844400405883789
34, 21, 535, 706, -0.27671152353286743
34, 22, 254, 268, -1.7363799810409546
34, 23, 417, 656, -0.04813813790678978
34, 24, 224, 656, 0.05214221403002739
34, 25, 404, 956, 0.06460393965244293
34, 26, 220, 958, 0.26930326223373413
34, 27, 398, 1216, 0.7503670454025269
34, 28, 229, 1216, 0.877297043800354
34, 29, 401, 1253, 0.7821725606918335
34, 30, 226, 1252, 0.9286447763442993
34, 31, 373, 1306, 0.20589430630207062
34, 32, 258, 1313, 0.29079675674438477
35, 0, 325, 160, -0.8874276876449585
35, 1, 348, 125, -0.8438886404037476
35, 2, 360, 124, -0.8436703681945801
35, 3, 369, 124, -0.8438113927841187
35, 4, 310, 127, -0.836194634437561
35, 5, 298, 126, -0.8356693983078003
35, 6, 287, 126, -0.8358758091926575
35, 7, 390, 135, -0.4805465638637543
35, 8, 276, 138, -0.4184744954109192
35, 9, 352, 187, -0.7491509914398193
35, 10, 304, 190, -0.7320162057876587
35, 11, 474, 279, -0.21655936539173126
35, 12, 206, 282, -0.3336508870124817
35, 13, 520, 478, -0.11198434978723526
35, 14, 101, 484, -0.9074299931526184
35, 15, 556, 665, -0.22326457500457764
35, 16, 223, 322, -1.7257063388824463
35, 17, 583, 719, -0.2680644094944
35, 18, 246, 271, -1.8964658975601196
35, 19, 555, 721, -0.30369484424591064
35, 20, 255, 244, -1.8212339878082275
35, 21, 535, 703, -0.25070273876190186
35, 22, 256, 262, -1.7154699563980103
35, 23, 417, 655, -0.04672747105360031
35, 24, 224, 655, 0.05075891688466072
35, 25, 404, 955, 0.054413795471191406
35, 26, 222, 957, 0.2671110928058624
35, 27, 399, 1215, 0.7266532182693481
35, 28, 232, 1215, 0.8436930775642395
35, 29, 403, 1252, 0.7570236921310425
35, 30, 229, 1251, 0.8941184282302856
35, 31, 375, 1304, 0.18031923472881317
35, 32, 261, 1312, 0.25972044467926025
36, 0, 325, 158, -0.8482872843742371
36, 1, 348, 123, -0.8060598373413086
36, 2, 360, 122, -0.8057713508605957
36, 3, 369, 122, -0.8059128522872925
36, 4, 310, 126, -0.797195315361023
36, 5, 297, 126, -0.796696662902832
36, 6, 287, 126, -0.7968766093254089
36, 7, 389, 134, -0.4578019082546234
36, 8, 276, 137, -0.3913511037826538
36, 9, 352, 184, -0.7174087762832642
36, 10, 304, 188, -0.698670506477356
36, 11, 474, 278, -0.21115224063396454
36, 12, 209, 280, -0.31508153676986694
36, 13, 520, 478, -0.11144691705703735
36, 14, 105, 484, -0.8724344968795776
36, 15, 557, 663, -0.21769526600837708
36, 16, 222, 318, -1.6543079614639282
36, 17, 583, 717, -0.2627381980419159
36, 18, 244, 266, -1.8207578659057617
36, 19, 556, 720, -0.3013198971748352
36, 20, 253, 242, -1.7509775161743164
36, 21, 536, 702, -0.24664676189422607
36, 22, 255, 258, -1.6464259624481201
36, 23, 418, 653, -0.04572713002562523
36, 24, 226, 653, 0.04977159947156906
36, 25, 405, 953, 0.018555182963609695
36, 26, 224, 955, 0.22751986980438232
36, 27, 399, 1214, 0.6472564339637756
36, 28, 233, 1214, 0.7646727561950684
36, 29, 404, 1251, 0.6734519004821777
36, 30, 230, 1250, 0.8099551200866699
36, 31, 375, 1303, 0.10275814682245255
36, 32, 263, 1311, 0.1837032586336136
37, 0, 325, 157, -0.8373924493789673
37, 1, 347, 121, -0.7941191792488098
37, 2, 359, 121, -0.7938279509544373
37, 3, 368, 121, -0.7939944267272949
37, 4, 309, 124, -0.7850521802902222
37, 5, 297, 124, -0.7845333814620972
37, 6, 287, 125, -0.7846843600273132
37, 7, 389, 133, -0.4484070837497711
37, 8, 275, 137, -0.3807479739189148
37, 9, 352, 183, -0.7077621221542358
37, 10, 304, 187, -0.6888810396194458
37, 11, 474, 278, -0.20749537646770477
37, 12, 210, 279, -0.3123064637184143
37, 13, 520, 478, -0.11058913171291351
37, 14, 110, 483, -0.8762385249137878
37, 15, 560, 663, -0.19785933196544647
37, 16, 226, 315, -1.6609293222427368
37, 17, 589, 716, -0.23890440165996552
37, 18, 250, 259, -1.8295061588287354
37, 19, 562, 718, -0.2779080271720886
37, 20, 258, 237, -1.7536863088607788
37, 21, 541, 700, -0.22685594856739044
37, 22, 260, 254, -1.6520122289657593
37, 23, 418, 652, -0.045010343194007874
37, 24, 227, 651, 0.0490623340010643
37, 25, 405, 952, 0.017215561121702194
37, 26, 227, 953, 0.20008119940757751
37, 27, 401, 1214, 0.6492435336112976
37, 28, 236, 1213, 0.7284250855445862
37, 29, 405, 1250, 0.6758584380149841
37, 30, 232, 1249, 0.7716989517211914
37, 31, 377, 1301, 0.10662473738193512
37, 32, 266, 1310, 0.14633172750473022
38, 0, 324, 157, -0.8331376910209656
38, 1, 346, 121, -0.7938681840896606
38, 2, 358, 120, -0.7935788035392761
38, 3, 368, 120, -0.7938080430030823
38, 4, 307, 125, -0.7846077680587769
38, 5, 295, 125, -0.7840601801872253
38, 6, 285, 125, -0.7841758131980896
38, 7, 388, 132, -0.45421847701072693
38, 8, 273, 137, -0.383938729763031
38, 9, 352, 184, -0.7036305665969849
38, 10, 303, 188, -0.6840457320213318
38, 11, 474, 277, -0.21378867328166962
38, 12, 210, 279, -0.30600249767303467
38, 13, 520, 477, -0.10530245304107666
38, 14, 112, 482, -0.8685576319694519
38, 15, 562, 662, -0.16579078137874603
38, 16, 229, 312, -1.6391798257827759
38, 17, 592, 716, -0.20280048251152039
38, 18, 251, 256, -1.8043863773345947
38, 19, 564, 718, -0.24078938364982605
38, 20, 260, 232, -1.7297143936157227
38, 21, 543, 700, -0.19330939650535583
38, 22, 262, 249, -1.63056218624115
38, 23, 418, 652, -0.0449952706694603
38, 24, 228, 651, 0.04910900071263313
38, 25, 407, 952, 0.028499621897935867
38, 26, 230, 954, 0.2052864283323288
38, 27, 403, 1214, 0.6822856664657593
38, 28, 239, 1214, 0.7561384439468384
38, 29, 408, 1250, 0.7121090888977051
38, 30, 235, 1249, 0.8021580576896667
38, 31, 379, 1301, 0.1478089988231659
38, 32, 269, 1310, 0.16006995737552643
39, 0, 321, 160, -0.8029931783676147
39, 1, 344, 123, -0.7684935927391052
39, 2, 357, 121, -0.768218457698822
39, 3, 367, 120, -0.7684518098831177
39, 4, 303, 128, -0.7580926418304443
39, 5, 292, 129, -0.7575045824050903
39, 6, 282, 129, -0.7575870752334595
39, 7, 388, 133, -0.4388402998447418
39, 8, 272, 138, -0.3608374297618866
39, 9, 352, 186, -0.6755276918411255
39, 10, 301, 192, -0.6536925435066223
39, 11, 475, 277, -0.19643597304821014
39, 12, 211, 279, -0.28068071603775024
39, 13, 520, 476, -0.08157405257225037
39, 14, 116, 482, -0.8641354441642761
39, 15, 562, 662, -0.1291877031326294
39, 16, 228, 315, -1.616896390914917
39, 17, 592, 715, -0.16103732585906982
39, 18, 243, 257, -1.7792332172393799
39, 19, 564, 717, -0.19871696829795837
39, 20, 251, 232, -1.714114785194397
39, 21, 543, 699, -0.1560489386320114
39, 22, 255, 249, -1.6107890605926514
39, 23, 419, 652, -0.045296408236026764
39, 24, 230, 652, 0.04946964606642723
39, 25, 410, 952, 0.005343401804566383
39, 26, 234, 954, 0.2063264548778534
39, 27, 406, 1214, 0.6195324659347534
39, 28, 243, 1215, 0.7485800385475159
39, 29, 412, 1251, 0.6453660130500793
39, 30, 239, 1250, 0.7934190034866333
39, 31, 382, 1302, 0.08758969604969025
39, 32, 273, 1311, 0.17317655682563782
40, 0, 317, 161, -0.8329917192459106
40, 1, 341, 123, -0.7979299426078796
40, 2, 355, 121, -0.7976644039154053
40, 3, 365, 120, -0.7978428602218628
40, 4, 299, 129, -0.7866736054420471
40, 5, 288, 130, -0.7859946489334106
40, 6, 278, 130, -0.7860311269760132
40, 7, 387, 133, -0.46171942353248596
40, 8, 269, 138, -0.3789767622947693
40, 9, 349, 187, -0.7021955251693726
40, 10, 297, 193, -0.6793022751808167
40, 11, 475, 277, -0.21572168171405792
40, 12, 210, 280, -0.2885599732398987
40, 13, 520, 476, -0.08880089968442917
40, 14, 117, 481, -0.8616920709609985
40, 15, 563, 663, -0.17395590245723724
40, 16, 224, 316, -1.6665332317352295
40, 17, 593, 716, -0.2103794366121292
40, 18, 240, 259, -1.8330564498901367
40, 19, 565, 719, -0.244652658700943
40, 20, 249, 232, -1.754900574684143
40, 21, 544, 701, -0.20000973343849182
40, 22, 253, 251, -1.6591485738754272
40, 23, 422, 657, -0.04944282025098801
40, 24, 231, 658, 0.053964365273714066
40, 25, 414, 957, 0.01904965564608574
40, 26, 236, 959, 0.2533107101917267
40, 27, 413, 1219, 0.6684669256210327
40, 28, 247, 1220, 0.8380193710327148
40, 29, 418, 1255, 0.6983441114425659
40, 30, 244, 1256, 0.8887943029403687
40, 31, 388, 1307, 0.13669362664222717
40, 32, 276, 1316, 0.279366135597229
41, 0, 315, 161, -0.8274990320205688
41, 1, 339, 124, -0.7926222085952759
41, 2, 354, 121, -0.7923541069030762
41, 3, 365, 121, -0.7924678921699524
41, 4, 298, 130, -0.7811370491981506
41, 5, 287, 130, -0.7804802656173706
41, 6, 277, 131, -0.7805465459823608
41, 7, 386, 133, -0.46191635727882385
41, 8, 268, 139, -0.37944313883781433
41, 9, 348, 187, -0.6990112066268921
41, 10, 296, 194, -0.675992488861084
41, 11, 475, 277, -0.21725289523601532
41, 12, 210, 282, -0.29123470187187195
41, 13, 521, 476, -0.10140341520309448
41, 14, 118, 481, -0.8549003601074219
41, 15, 564, 665, -0.20095011591911316
41, 16, 224, 323, -1.638808012008667
41, 17, 594, 718, -0.24231860041618347
41, 18, 238, 265, -1.8013248443603516
41, 19, 566, 721, -0.2798669636249542
41, 20, 246, 240, -1.7371746301651
41, 21, 545, 703, -0.22904527187347412
41, 22, 250, 257, -1.6345503330230713
41, 23, 424, 659, -0.04910224303603172
41, 24, 233, 661, 0.05363333225250244
41, 25, 416, 958, 0.011255403980612755
41, 26, 237, 962, 0.21331767737865448
41, 27, 415, 1221, 0.6633120775222778
41, 28, 249, 1223, 0.73947674036026
41, 29, 421, 1258, 0.6931982040405273
41, 30, 247, 1260, 0.782950222492218
41, 31, 391, 1310, 0.1360052078962326
41, 32, 278, 1319, 0.174897700548172
42, 0, 316, 162, -0.8492386937141418
42, 1, 340, 124, -0.8120344877243042
42, 2, 354, 122, -0.8117698431015015
42, 3, 365, 121, -0.8119053840637207
42, 4, 298, 130, -0.803165078163147
42, 5, 287, 130, -0.8025475740432739
42, 6, 277, 131, -0.8026396632194519
42, 7, 386, 133, -0.46818676590919495
42, 8, 268, 139, -0.39942416548728943
42, 9, 349, 187, -0.7166407704353333
42, 10, 297, 194, -0.697214663028717
42, 11, 476, 277, -0.22154131531715393
42, 12, 210, 282, -0.2997586727142334
42, 13, 521, 476, -0.12181631475687027
42, 14, 117, 481, -0.8989729881286621
42, 15, 563, 668, -0.22703643143177032
42, 16, 227, 319, -1.701074242591858
42, 17, 593, 722, -0.274251252412796
42, 18, 242, 260, -1.8702150583267212
42, 19, 564, 724, -0.29802900552749634
42, 20, 249, 233, -1.79457688331604
42, 21, 542, 706, -0.2519151568412781
42, 22, 254, 252, -1.6927738189697266
42, 23, 425, 662, -0.04880398511886597
42, 24, 233, 664, 0.05331611633300781
42, 25, 417, 962, 0.021269185468554497
42, 26, 237, 967, 0.22739005088806152
42, 27, 416, 1225, 0.7106590270996094
42, 28, 249, 1228, 0.8011935949325562
42, 29, 421, 1263, 0.7445228099822998
42, 30, 246, 1266, 0.8514646291732788
42, 31, 392, 1315, 0.18145349621772766
42, 32, 277, 1325, 0.23222053050994873
43, 0, 321, 161, -0.9878290295600891
43, 1, 344, 123, -0.944495677947998
43, 2, 356, 121, -0.9443408250808716
43, 3, 367, 120, -0.9445357322692871
43, 4, 303, 128, -0.9403471946716309
43, 5, 291, 129, -0.9398095011711121
43, 6, 280, 129, -0.9399467706680298
43, 7, 387, 132, -0.541431188583374
43, 8, 269, 138, -0.49571317434310913
43, 9, 351, 187, -0.8298715353012085
43, 10, 301, 194, -0.8176978230476379
43, 11, 477, 277, -0.2245059758424759
43, 12, 210, 279, -0.35019227862358093
43, 13, 521, 477, -0.09858845174312592
43, 14, 114, 481, -0.9312394857406616
43, 15, 563, 668, -0.2252471148967743
43, 16, 224, 325, -1.8145424127578735
43, 17, 593, 722, -0.27571770548820496
43, 18, 243, 268, -2.000609874725342
43, 19, 564, 723, -0.3066752552986145
43, 20, 248, 238, -1.93538498878479
43, 21, 543, 705, -0.2543896734714508
43, 22, 251, 256, -1.8114163875579834
43, 23, 425, 662, -0.04822472110390663
43, 24, 232, 664, 0.05267344042658806
43, 25, 417, 965, 0.11709706485271454
43, 26, 237, 970, 0.25802451372146606
43, 27, 416, 1228, 0.9055550694465637
43, 28, 248, 1232, 0.935562789440155
43, 29, 421, 1267, 0.9476743936538696
43, 30, 246, 1269, 0.9952389597892761
43, 31, 392, 1319, 0.35179445147514343
43, 32, 277, 1328, 0.3317769467830658
44, 0, 324, 158, -1.082671046257019
44, 1, 345, 122, -1.0257985591888428
44, 2, 357, 120, -1.0257892608642578
44, 3, 367, 120, -1.026007890701294
44, 4, 305, 127, -1.0245267152786255
44, 5, 293, 127, -1.0239953994750977
44, 6, 282, 127, -1.024254560470581
44, 7, 388, 131, -0.5688254237174988
44, 8, 272, 137, -0.5398833155632019
44, 9, 351, 185, -0.9068590402603149
44, 10, 302, 190, -0.8997142910957336
44, 11, 478, 277, -0.22710368037223816
44, 12, 210, 279, -0.37613004446029663
44, 13, 521, 477, -0.1224047988653183
44, 14, 111, 475, -1.0025650262832642
44, 15, 563, 654, -0.38629037141799927
44, 16, 210, 347, -2.0314700603485107
44, 17, 590, 706, -0.4648149013519287
44, 18, 238, 273, -2.2424564361572266
44, 19, 563, 702, -0.5198835134506226
44, 20, 247, 241, -2.1954715251922607
44, 21, 543, 685, -0.4247685968875885
44, 22, 250, 259, -2.039853811264038
44, 23, 421, 662, -0.047557588666677475
44, 24, 226, 664, 0.052042342722415924
44, 25, 412, 964, 0.14386996626853943
44, 26, 226, 969, 0.26877567172050476
44, 27, 408, 1228, 0.9315007328987122
44, 28, 234, 1231, 0.9761132001876831
44, 29, 413, 1266, 0.9715587496757507
44, 30, 233, 1269, 1.034789800643921
44, 31, 383, 1319, 0.3455762565135956
44, 32, 261, 1326, 0.3419272005558014
45, 0, 328, 157, -1.083678126335144
45, 1, 348, 122, -1.037196159362793
45, 2, 359, 120, -1.0370533466339111
45, 3, 369, 120, -1.0373345613479614
45, 4, 311, 126, -1.039638876914978
45, 5, 299, 126, -1.0391658544540405
45, 6, 288, 127, -1.0395532846450806
45, 7, 391, 132, -0.6491870880126953
45, 8, 278, 137, -0.6470931768417358
45, 9, 353, 185, -0.9330192804336548
45, 10, 307, 189, -0.9308255314826965
45, 11, 480, 279, -0.3367341160774231
45, 12, 211, 279, -0.4769958555698395
45, 13, 521, 475, -0.20767875015735626
45, 14, 111, 456, -0.4683869481086731
45, 15, 566, 650, -0.5065222978591919
45, 16, 42, 584, -0.8477129936218262
45, 17, 594, 700, -0.5834587812423706
45, 18, 11, 626, -0.9505993723869324
45, 19, 569, 701, -0.6700789332389832
45, 20, 38, 631, -1.0575205087661743
45, 21, 552, 682, -0.5595613718032837
45, 22, 53, 617, -0.9068886041641235
45, 23, 420, 663, -0.036383695900440216
45, 24, 227, 664, 0.04075007140636444
45, 25, 411, 964, 0.12672199308872223
45, 26, 227, 969, 0.13167640566825867
45, 27, 409, 1230, 0.865875244140625
45, 28, 235, 1232, 0.6221919655799866
45, 29, 413, 1272, 0.9067673683166504
45, 30, 233, 1273, 0.6531962752342224
45, 31, 383, 1319, 0.3197702467441559
45, 32, 261, 1326, 0.014290869235992432
46, 0, 334, 154, -0.8872536420822144
46, 1, 353, 120, -0.8421761393547058
46, 2, 363, 120, -0.8419052362442017
46, 3, 373, 119, -0.842399001121521
46, 4, 317, 123, -0.8549484014511108
46, 5, 305, 123, -0.8545947074890137
46, 6, 294, 124, -0.8550521731376648
46, 7, 394, 132, -0.5061506032943726
46, 8, 280, 137, -0.603613018989563
46, 9, 357, 183, -0.7567805647850037
46, 10, 311, 185, -0.7700107097625732
46, 11, 481, 280, -0.27954521775245667
46, 12, 208, 281, -0.46017012000083923
46, 13, 520, 473, -0.14235471189022064
46, 14, 108, 453, -0.3238029479980469
46, 15, 566, 650, -0.44103774428367615
46, 16, 25, 596, -0.6090479493141174
46, 17, 593, 701, -0.49956950545310974
46, 18, -6, 639, -0.6858779191970825
46, 19, 569, 702, -0.5428652167320251
46, 20, 18, 647, -0.7858934998512268
46, 21, 552, 683, -0.46726536750793457
46, 22, 34, 633, -0.6634716987609863
46, 23, 420, 666, -0.024129927158355713
46, 24, 227, 665, 0.028362790122628212
46, 25, 411, 966, 0.12165441364049911
46, 26, 227, 969, 0.09538670629262924
46, 27, 409, 1234, 0.802675724029541
46, 28, 232, 1235, 0.5581518411636353
46, 29, 413, 1278, 0.8454779386520386
46, 30, 229, 1278, 0.5883104801177979
46, 31, 384, 1321, 0.308300256729126
46, 32, 261, 1325, -0.0032525458373129368
47, 0, 338, 150, -0.8914281725883484
47, 1, 356, 119, -0.8433845639228821
47, 2, 365, 119, -0.8431177139282227
47, 3, 376, 119, -0.8435465097427368
47, 4, 321, 120, -0.8555749654769897
47, 5, 309, 120, -0.8551810383796692
47, 6, 298, 121, -0.8555898666381836
47, 7, 397, 132, -0.49554309248924255
47, 8, 282, 136, -0.5667771697044373
47, 9, 360, 181, -0.7573944330215454
47, 10, 314, 182, -0.7692821025848389
47, 11, 481, 282, -0.26809561252593994
47, 12, 206, 283, -0.433891236782074
47, 13, 518, 472, -0.12312207370996475
47, 14, 106, 450, -0.3380883038043976
47, 15, 567, 649, -0.3974596858024597
47, 16, 17, 600, -0.6266804337501526
47, 17, 595, 700, -0.4547399580478668
47, 18, -17, 644, -0.7056399583816528
47, 19, 571, 703, -0.5005224347114563
47, 20, 8, 653, -0.8044854402542114
47, 21, 555, 684, -0.42370933294296265
47, 22, 25, 639, -0.6813510656356812
47, 23, 420, 670, -0.018046826124191284
47, 24, 227, 667, 0.022268885746598244
47, 25, 411, 968, 0.11825345456600189
47, 26, 226, 971, 0.10458041727542877
47, 27, 409, 1237, 0.8107260465621948
47, 28, 232, 1237, 0.6007086038589478
47, 29, 413, 1283, 0.8532670736312866
47, 30, 228, 1282, 0.6345275640487671
47, 31, 385, 1323, 0.34329280257225037
47, 32, 261, 1325, 0.033623743802309036
48, 0, 340, 150, -0.9037049412727356
48, 1, 358, 118, -0.855743408203125
48, 2, 367, 118, -0.8554933667182922
48, 3, 378, 119, -0.8559277653694153
48, 4, 324, 119, -0.8653922080993652
48, 5, 312, 119, -0.8649587631225586
48, 6, 300, 120, -0.8653166890144348
48, 7, 398, 132, -0.49610576033592224
48, 8, 284, 135, -0.5531212687492371
48, 9, 361, 181, -0.7656551599502563
48, 10, 316, 181, -0.7727460861206055
48, 11, 481, 283, -0.24462077021598816
48, 12, 205, 284, -0.42483648657798767
48, 13, 516, 470, -0.06905773282051086
48, 14, 101, 447, -0.3419947326183319
48, 15, 567, 648, -0.3115222454071045
48, 16, 7, 592, -0.6439902782440186
48, 17, 595, 698, -0.3637446463108063
48, 18, -28, 633, -0.7266325950622559
48, 19, 572, 703, -0.44506388902664185
48, 20, -3, 644, -0.8265219926834106
48, 21, 556, 684, -0.35907045006752014
48, 22, 13, 629, -0.6991632580757141
48, 23, 419, 670, -0.01258618663996458
48, 24, 227, 667, 0.016744183376431465
48, 25, 411, 969, 0.11706890165805817
48, 26, 226, 971, 0.10030696541070938
48, 27, 410, 1237, 0.8102375864982605
48, 28, 232, 1237, 0.5904093980789185
48, 29, 414, 1283, 0.851336658000946
48, 30, 228, 1282, 0.6220225691795349
48, 31, 387, 1323, 0.3332808017730713
48, 32, 262, 1325, 0.008024855516850948
49, 0, 341, 150, -0.8993855714797974
49, 1, 359, 118, -0.8512177467346191
49, 2, 368, 118, -0.8509696125984192
49, 3, 379, 119, -0.851453959941864
49, 4, 324, 119, -0.8618243336677551
49, 5, 312, 119, -0.861369788646698
49, 6, 301, 120, -0.8617417216300964
49, 7, 399, 132, -0.4915701448917389
49, 8, 284, 135, -0.545976996421814
49, 9, 362, 181, -0.7611168622970581
49, 10, 316, 181, -0.769883394241333
49, 11, 481, 284, -0.24114587903022766
49, 12, 203, 284, -0.42427167296409607
49, 13, 513, 469, -0.07826255261898041
49, 14, 97, 444, -0.3054375648498535
49, 15, 561, 648, -0.31026527285575867
49, 16, -1, 585, -0.5993996858596802
49, 17, 586, 699, -0.3632575273513794
49, 18, -39, 625, -0.6789343953132629
49, 19, 563, 703, -0.4442220628261566
49, 20, -14, 635, -0.7801082134246826
49, 21, 549, 684, -0.3588334918022156
49, 22, 2, 621, -0.655382513999939
49, 23, 419, 672, -0.012705911882221699
49, 24, 228, 668, 0.01686173304915428
49, 25, 410, 970, 0.11682718992233276
49, 26, 226, 971, 0.08973060548305511
49, 27, 410, 1238, 0.7845942974090576
49, 28, 232, 1238, 0.5521010160446167
49, 29, 414, 1283, 0.8242209553718567
49, 30, 229, 1282, 0.5811678767204285
49, 31, 387, 1323, 0.3249552845954895
49, 32, 262, 1325, -0.025809576734900475
50, 0, 342, 149, -0.8412917852401733
50, 1, 360, 117, -0.7951855659484863
50, 2, 369, 117, -0.7949364185333252
50, 3, 380, 118, -0.7953799962997437
50, 4, 324, 118, -0.8074088096618652
50, 5, 312, 118, -0.8069709539413452
50, 6, 301, 119, -0.8073092699050903
50, 7, 400, 132, -0.45649003982543945
50, 8, 284, 135, -0.5125200152397156
50, 9, 363, 180, -0.7112497687339783
50, 10, 317, 180, -0.7227972745895386
50, 11, 481, 284, -0.2363937795162201
50, 12, 201, 285, -0.41263025999069214
50, 13, 513, 469, -0.10730904340744019
50, 14, 87, 446, -0.3334882855415344
50, 15, 552, 651, -0.35547688603401184
50, 16, -3, 598, -0.6240947246551514
50, 17, 573, 702, -0.4170973300933838
50, 18, -39, 641, -0.700073778629303
50, 19, 548, 706, -0.48987239599227905
50, 20, -12, 649, -0.7874796986579895
50, 21, 536, 686, -0.40136608481407166
50, 22, 5, 635, -0.6733640432357788
50, 23, 419, 673, -0.01098183635622263
50, 24, 229, 670, 0.015042388811707497
50, 25, 409, 973, 0.07550346851348877
50, 26, 226, 973, 0.04857383668422699
50, 27, 410, 1242, 0.6716588735580444
50, 28, 232, 1241, 0.44112879037857056
50, 29, 413, 1287, 0.7046897411346436
50, 30, 229, 1284, 0.4644976556301117
50, 31, 387, 1327, 0.22882488369941711
50, 32, 261, 1327, -0.11146438121795654
51, 0, 343, 148, -0.8390280604362488
51, 1, 360, 116, -0.7920416593551636
51, 2, 369, 117, -0.7917627692222595
51, 3, 380, 117, -0.7921775579452515
51, 4, 325, 116, -0.8042414784431458
51, 5, 312, 117, -0.8038181066513062
51, 6, 301, 117, -0.8041494488716125
51, 7, 400, 132, -0.45278269052505493
51, 8, 284, 135, -0.5050591826438904
51, 9, 364, 179, -0.709080696105957
51, 10, 317, 179, -0.7204428315162659
51, 11, 481, 284, -0.23504860699176788
51, 12, 199, 286, -0.4100329875946045
51, 13, 512, 470, -0.10800240188837051
51, 14, 84, 447, -0.3348316550254822
51, 15, 547, 652, -0.3521517813205719
51, 16, -7, 597, -0.6141697764396667
51, 17, 567, 703, -0.41341572999954224
51, 18, -43, 638, -0.6880553364753723
51, 19, 541, 707, -0.48325610160827637
51, 20, -17, 647, -0.780082643032074
51, 21, 530, 687, -0.39677125215530396
51, 22, 0, 633, -0.6654989719390869
51, 23, 419, 674, -0.00796053558588028
51, 24, 229, 670, 0.01201141718775034
51, 25, 409, 974, 0.07578812539577484
51, 26, 226, 975, 0.0587993748486042
51, 27, 410, 1244, 0.7018208503723145
51, 28, 232, 1242, 0.48806601762771606
51, 29, 413, 1289, 0.7371645569801331
51, 30, 229, 1286, 0.5152236223220825
51, 31, 387, 1328, 0.23434653878211975
51, 32, 262, 1329, -0.07028894126415253
52, 0, 344, 147, -0.8543402552604675
52, 1, 361, 115, -0.8066874742507935
52, 2, 370, 116, -0.8064174652099609
52, 3, 381, 117, -0.8068246841430664
52, 4, 325, 115, -0.8181815147399902
52, 5, 313, 116, -0.8177496790885925
52, 6, 301, 116, -0.8180779218673706
52, 7, 400, 132, -0.4600520133972168
52, 8, 284, 135, -0.506743311882019
52, 9, 364, 178, -0.721418559551239
52, 10, 317, 178, -0.7310811281204224
52, 11, 481, 284, -0.2356877624988556
52, 12, 198, 286, -0.40857404470443726
52, 13, 512, 470, -0.11306565999984741
52, 14, 83, 447, -0.3375377058982849
52, 15, 545, 652, -0.3654463291168213
52, 16, -11, 594, -0.6177754998207092
52, 17, 565, 704, -0.42832499742507935
52, 18, -49, 634, -0.693083643913269
52, 19, 539, 709, -0.4986088275909424
52, 20, -24, 645, -0.7888781428337097
52, 21, 527, 687, -0.41058605909347534
52, 22, -6, 631, -0.6710058450698853
52, 23, 419, 674, -0.006137211807072163
52, 24, 229, 671, 0.010205957107245922
52, 25, 409, 974, 0.07626143842935562
52, 26, 226, 975, 0.06443546712398529
52, 27, 409, 1245, 0.7172809839248657
52, 28, 232, 1243, 0.5082112550735474
52, 29, 413, 1290, 0.7530304193496704
52, 30, 228, 1287, 0.5361550450325012
52, 31, 387, 1329, 0.2481977492570877
52, 32, 262, 1330, -0.0570274293422699
53, 0, 344, 146, -0.9573878049850464
53, 1, 361, 114, -0.9082797765731812
53, 2, 370, 115, -0.9078944325447083
53, 3, 381, 116, -0.9082978367805481
53, 4, 325, 114, -0.9189134836196899
53, 5, 313, 114, -0.9184223413467407
53, 6, 301, 116, -0.918722927570343
53, 7, 400, 132, -0.5472894906997681
53, 8, 283, 134, -0.5846081972122192
53, 9, 364, 177, -0.8194478154182434
53, 10, 317, 178, -0.8281775712966919
53, 11, 481, 284, -0.31076279282569885
53, 12, 197, 287, -0.45146632194519043
53, 13, 512, 470, -0.17998705804347992
53, 14, 81, 447, -0.36239999532699585
53, 15, 546, 652, -0.43174585700035095
53, 16, -30, 588, -0.6521797776222229
53, 17, 566, 704, -0.4958062171936035
53, 18, -74, 624, -0.7321109175682068
53, 19, 540, 709, -0.5695105791091919
53, 20, -53, 634, -0.8419182896614075
53, 21, 528, 687, -0.4791739881038666
53, 22, -32, 622, -0.7127134203910828
53, 23, 420, 674, -0.006719709374010563
53, 24, 229, 671, 0.010784247890114784
53, 25, 411, 975, 0.13447538018226624
53, 26, 227, 976, 0.10056041181087494
53, 27, 413, 1245, 0.8664549589157104
53, 28, 233, 1244, 0.6171071529388428
53, 29, 417, 1290, 0.9112805128097534
53, 30, 229, 1288, 0.6523648500442505
53, 31, 391, 1330, 0.3900165259838104
53, 32, 264, 1331, 0.02859819307923317
54, 0, 344, 145, -0.9719079732894897
54, 1, 361, 113, -0.9223224520683289
54, 2, 370, 114, -0.9219643473625183
54, 3, 381, 116, -0.9223520159721375
54, 4, 325, 113, -0.9324024319648743
54, 5, 313, 114, -0.9318860173225403
54, 6, 301, 115, -0.9321931004524231
54, 7, 400, 132, -0.5572829842567444
54, 8, 283, 134, -0.5911127924919128
54, 9, 364, 177, -0.8324324488639832
54, 10, 317, 177, -0.8405824899673462
54, 11, 481, 284, -0.3175433278083801
54, 12, 197, 286, -0.4559210240840912
54, 13, 512, 470, -0.19359895586967468
54, 14, 82, 447, -0.3608523905277252
54, 15, 546, 652, -0.45416608452796936
54, 16, -39, 582, -0.6442086100578308
54, 17, 567, 704, -0.5190364122390747
54, 18, -85, 616, -0.7241378426551819
54, 19, 542, 709, -0.5934067964553833
54, 20, -66, 627, -0.839657187461853
54, 21, 529, 687, -0.5026907324790955
54, 22, -45, 616, -0.7077760696411133
54, 23, 420, 674, -0.007419639267027378
54, 24, 229, 671, 0.011510464362800121
54, 25, 412, 974, 0.14829976856708527
54, 26, 230, 976, 0.10407489538192749
54, 27, 416, 1244, 0.8782991170883179
54, 28, 237, 1244, 0.6250291466712952
54, 29, 420, 1290, 0.9224912524223328
54, 30, 232, 1288, 0.6601439714431763
54, 31, 393, 1329, 0.40161094069480896
54, 32, 267, 1331, 0.034468550235033035
55, 0, 345, 145, -0.9909003376960754
55, 1, 361, 113, -0.9401695132255554
55, 2, 370, 114, -0.9398409724235535
55, 3, 381, 115, -0.9402238726615906
55, 4, 325, 113, -0.9507952928543091
55, 5, 313, 114, -0.9502957463264465
55, 6, 301, 115, -0.9506164789199829
55, 7, 400, 132, -0.5678354501724243
55, 8, 283, 134, -0.6036722660064697
55, 9, 365, 176, -0.8487915992736816
55, 10, 318, 177, -0.8576033711433411
55, 11, 480, 284, -0.32962968945503235
55, 12, 196, 286, -0.46171507239341736
55, 13, 512, 470, -0.2207740843296051
55, 14, 81, 446, -0.364867240190506
55, 15, 545, 651, -0.5047586560249329
55, 16, -48, 578, -0.6564949750900269
55, 17, 566, 704, -0.5756550431251526
55, 18, -96, 611, -0.7390182614326477
55, 19, 540, 709, -0.6505895853042603
55, 20, -78, 622, -0.8586933016777039
55, 21, 528, 687, -0.5540483593940735
55, 22, -56, 611, -0.7224308252334595
55, 23, 420, 674, -0.007508495356887579
55, 24, 229, 671, 0.011612328700721264
55, 25, 412, 974, 0.15170319378376007
55, 26, 231, 976, 0.1119740828871727
55, 27, 416, 1244, 0.8834722638130188
55, 28, 237, 1244, 0.6369330286979675
55, 29, 420, 1289, 0.9277011156082153
55, 30, 232, 1288, 0.6720151901245117
55, 31, 393, 1329, 0.4023493230342865
55, 32, 267, 1331, 0.04284130409359932
56, 0, 345, 145, -1.0120760202407837
56, 1, 361, 113, -0.9620075225830078
56, 2, 370, 114, -0.9616491198539734
56, 3, 381, 115, -0.9620111584663391
56, 4, 326, 113, -0.9739699363708496
56, 5, 313, 114, -0.9734845161437988
56, 6, 301, 115, -0.9737889170646667
56, 7, 400, 132, -0.5896375775337219
56, 8, 283, 134, -0.6319177746772766
56, 9, 365, 176, -0.8700205683708191
56, 10, 318, 177, -0.8805080652236938
56, 11, 480, 284, -0.3540383577346802
56, 12, 196, 286, -0.4852069914340973
56, 13, 512, 469, -0.25334426760673523
56, 14, 81, 446, -0.3799726366996765
56, 15, 546, 650, -0.5440278649330139
56, 16, -43, 580, -0.6741440892219543
56, 17, 567, 702, -0.617718517780304
56, 18, -88, 614, -0.754584014415741
56, 19, 541, 708, -0.6912280917167664
56, 20, -69, 625, -0.8726097345352173
56, 21, 528, 686, -0.5927507281303406
56, 22, -48, 614, -0.7383173108100891
56, 23, 420, 674, -0.007940241135656834
56, 24, 229, 671, 0.012060899287462234
56, 25, 412, 974, 0.15322503447532654
56, 26, 231, 975, 0.11416425555944443
56, 27, 416, 1244, 0.877923309803009
56, 28, 237, 1244, 0.6371629238128662
56, 29, 420, 1289, 0.9214421510696411
56, 30, 232, 1288, 0.6722005605697632
56, 31, 393, 1329, 0.39869508147239685
56, 32, 267, 1330, 0.04477274790406227
57, 0, 346, 145, -0.9931248426437378
57, 1, 362, 113, -0.9441856145858765
57, 2, 370, 114, -0.9438667297363281
57, 3, 381, 115, -0.944237232208252
57, 4, 326, 113, -0.954428493976593
57, 5, 313, 114, -0.9539502859115601
57, 6, 301, 115, -0.9542604684829712
57, 7, 400, 132, -0.5754050016403198
57, 8, 283, 134, -0.611815869808197
57, 9, 365, 176, -0.8521407246589661
57, 10, 318, 177, -0.8607603311538696
57, 11, 480, 284, -0.3365362286567688
57, 12, 196, 287, -0.47275978326797485
57, 13, 512, 469, -0.22833657264709473
57, 14, 81, 446, -0.3695475161075592
57, 15, 546, 649, -0.4955848157405853
57, 16, -37, 585, -0.6465972661972046
57, 17, 567, 702, -0.5637948513031006
57, 18, -81, 621, -0.7238093614578247
57, 19, 541, 708, -0.6358903646469116
57, 20, -61, 632, -0.8374017477035522
57, 21, 528, 686, -0.5427978038787842
57, 22, -41, 620, -0.7083984613418579
57, 23, 420, 674, -0.008308960124850273
57, 24, 229, 671, 0.01244300790131092
57, 25, 412, 974, 0.14693208038806915
57, 26, 231, 975, 0.11025679111480713
57, 27, 416, 1244, 0.8620786666870117
57, 28, 237, 1244, 0.6173452138900757
57, 29, 420, 1289, 0.9042713046073914
57, 30, 232, 1288, 0.6507200598716736
57, 31, 393, 1329, 0.38280266523361206
57, 32, 267, 1330, 0.02792184054851532
58, 0, 346, 145, -0.9836091995239258
58, 1, 362, 112, -0.9354448318481445
58, 2, 370, 114, -0.9351469278335571
58, 3, 381, 115, -0.9355260133743286
58, 4, 326, 113, -0.9446617960929871
58, 5, 313, 114, -0.9441863894462585
58, 6, 302, 115, -0.9444964528083801
58, 7, 400, 132, -0.569192111492157
58, 8, 283, 134, -0.6030547022819519
58, 9, 366, 176, -0.8432633280754089
58, 10, 319, 177, -0.8510940670967102
58, 11, 480, 284, -0.32827383279800415
58, 12, 196, 287, -0.4670380651950836
58, 13, 512, 469, -0.22063681483268738
58, 14, 81, 446, -0.36596181988716125
58, 15, 545, 649, -0.4760254919528961
58, 16, -34, 588, -0.6403822898864746
58, 17, 566, 701, -0.5429064035415649
58, 18, -77, 624, -0.7169170379638672
58, 19, 541, 707, -0.6141967177391052
58, 20, -57, 635, -0.8283502459526062
58, 21, 528, 685, -0.5226634740829468
58, 22, -37, 623, -0.700878918170929
58, 23, 420, 674, -0.008352878503501415
58, 24, 229, 671, 0.012502193450927734
58, 25, 412, 974, 0.14470025897026062
58, 26, 231, 975, 0.09493628889322281
58, 27, 416, 1243, 0.8469724655151367
58, 28, 237, 1244, 0.5784012079238892
58, 29, 420, 1288, 0.8878973722457886
58, 30, 233, 1288, 0.6094458699226379
58, 31, 393, 1329, 0.37133339047431946
58, 32, 268, 1330, -0.010374234989285469
59, 0, 347, 144, -0.9778680801391602
59, 1, 362, 112, -0.9300047159194946
59, 2, 371, 114, -0.9297154545783997
59, 3, 381, 115, -0.9300994873046875
59, 4, 327, 113, -0.9389910697937012
59, 5, 314, 114, -0.9385133981704712
59, 6, 302, 115, -0.9388226270675659
59, 7, 400, 132, -0.5660050511360168
59, 8, 283, 134, -0.598433792591095
59, 9, 366, 175, -0.8379160761833191
59, 10, 319, 177, -0.8458176851272583
59, 11, 480, 284, -0.3234381675720215
59, 12, 195, 287, -0.4637400209903717
59, 13, 512, 469, -0.21398372948169708
59, 14, 81, 446, -0.36433830857276917
59, 15, 545, 648, -0.4676600992679596
59, 16, -33, 588, -0.6419740319252014
59, 17, 566, 701, -0.533620297908783
59, 18, -76, 624, -0.7193840146064758
59, 19, 540, 707, -0.6058467030525208
59, 20, -56, 635, -0.8306459188461304
59, 21, 528, 685, -0.5145803093910217
59, 22, -36, 623, -0.7025107145309448
59, 23, 420, 674, -0.008379336446523666
59, 24, 229, 671, 0.012543192133307457
59, 25, 412, 974, 0.14240339398384094
59, 26, 231, 975, 0.09180497378110886
59, 27, 416, 1243, 0.845929741859436
59, 28, 237, 1244, 0.5739225745201111
59, 29, 420, 1288, 0.8869050741195679
59, 30, 233, 1288, 0.6050718426704407
59, 31, 394, 1329, 0.3687061369419098
59, 32, 268, 1330, -0.014567619189620018
60, 0, 348, 144, -1.0018517971038818
60, 1, 362, 112, -0.9483677744865417
60, 2, 371, 114, -0.9480888247489929
60, 3, 382, 115, -0.9484348297119141
60, 4, 327, 113, -0.9622925519943237
60, 5, 314, 114, -0.9617903828620911
60, 6, 302, 115, -0.9621063470840454
60, 7, 401, 132, -0.5688719153404236
60, 8, 283, 135, -0.6193753480911255
60, 9, 367, 175, -0.8563982844352722
60, 10, 321, 177, -0.870235800743103
60, 11, 480, 284, -0.3220363259315491
60, 12, 195, 287, -0.4781878888607025
60, 13, 512, 469, -0.20899124443531036
60, 14, 80, 446, -0.36901694536209106
60, 15, 544, 647, -0.48132404685020447
60, 16, -38, 586, -0.6609792709350586
60, 17, 565, 700, -0.5499130487442017
60, 18, -83, 621, -0.740376889705658
60, 19, 539, 706, -0.6250467300415039
60, 20, -63, 632, -0.8359610438346863
60, 21, 527, 684, -0.530377209186554
60, 22, -43, 620, -0.7152081727981567
60, 23, 420, 674, -0.007992609404027462
60, 24, 230, 672, 0.012200207449495792
60, 25, 414, 974, 0.15066996216773987
60, 26, 234, 976, 0.0951925739645958
60, 27, 420, 1243, 0.8726028203964233
60, 28, 242, 1244, 0.598732590675354
60, 29, 424, 1288, 0.915253758430481
60, 30, 238, 1288, 0.6318158507347107
60, 31, 399, 1329, 0.38828057050704956
60, 32, 274, 1330, -0.001363192219287157
61, 0, 350, 144, -0.9797876477241516
61, 1, 363, 112, -0.9217643737792969
61, 2, 372, 113, -0.9214857816696167
61, 3, 383, 115, -0.9218536615371704
61, 4, 329, 113, -0.9390202760696411
61, 5, 316, 114, -0.9384273290634155
61, 6, 304, 115, -0.9387351274490356
61, 7, 401, 132, -0.5389375686645508
61, 8, 283, 135, -0.6041597127914429
61, 9, 368, 175, -0.8345606923103333
61, 10, 323, 177, -0.8530451059341431
61, 11, 480, 284, -0.30186885595321655
61, 12, 195, 287, -0.4735482335090637
61, 13, 512, 469, -0.17892995476722717
61, 14, 80, 446, -0.37039175629615784
61, 15, 544, 647, -0.4501236379146576
61, 16, -41, 585, -0.665427565574646
61, 17, 565, 700, -0.5140795111656189
61, 18, -87, 619, -0.7465780973434448
61, 19, 539, 706, -0.5905752182006836
61, 20, -67, 630, -0.8505660891532898
61, 21, 527, 684, -0.49976640939712524
61, 22, -46, 618, -0.7238671779632568
61, 23, 420, 674, -0.007609202526509762
61, 24, 230, 672, 0.011850402690470219
61, 25, 414, 974, 0.1476006805896759
61, 26, 234, 976, 0.09508456289768219
61, 27, 420, 1243, 0.8640116453170776
61, 28, 243, 1244, 0.5912426114082336
61, 29, 424, 1288, 0.9063010215759277
61, 30, 238, 1288, 0.6231526136398315
61, 31, 400, 1329, 0.3817181885242462
61, 32, 276, 1330, -0.0065466733649373055
62, 0, 350, 144, -0.963225245475769
62, 1, 363, 112, -0.9041838645935059
62, 2, 372, 113, -0.9038864374160767
62, 3, 383, 115, -0.9042263031005859
62, 4, 329, 113, -0.92054682970047
62, 5, 316, 114, -0.919924259185791
62, 6, 304, 115, -0.9202143549919128
62, 7, 401, 132, -0.5226778388023376
62, 8, 283, 135, -0.5837525129318237
62, 9, 368, 175, -0.8192508816719055
62, 10, 323, 177, -0.8366416692733765
62, 11, 480, 284, -0.2882125973701477
62, 12, 195, 287, -0.46141988039016724
62, 13, 513, 469, -0.17325487732887268
62, 14, 80, 446, -0.3649589717388153
62, 15, 544, 647, -0.4498825669288635
62, 16, -41, 584, -0.6624466180801392
62, 17, 565, 700, -0.514222264289856
62, 18, -86, 618, -0.7446200847625732
62, 19, 540, 706, -0.5903154611587524
62, 20, -65, 629, -0.8517912030220032
62, 21, 528, 684, -0.4993971288204193
62, 22, -45, 617, -0.7225574851036072
62, 23, 421, 674, -0.007328234612941742
62, 24, 230, 672, 0.011619297787547112
62, 25, 414, 974, 0.14591127634048462
62, 26, 234, 976, 0.09384851157665253
62, 27, 421, 1243, 0.8613947629928589
62, 28, 243, 1244, 0.583966076374054
62, 29, 425, 1288, 0.9043014645576477
62, 30, 239, 1288, 0.6149918437004089
62, 31, 400, 1329, 0.3777705132961273
62, 32, 276, 1330, -0.01406928338110447
63, 0, 350, 144, -0.9619960784912109
63, 1, 363, 112, -0.902830958366394
63, 2, 372, 113, -0.9025341868400574
63, 3, 383, 115, -0.9028702974319458
63, 4, 330, 113, -0.9189127683639526
63, 5, 316, 114, -0.918289065361023
63, 6, 305, 115, -0.9185776710510254
63, 7, 402, 132, -0.5218992829322815
63, 8, 283, 135, -0.5810673832893372
63, 9, 368, 175, -0.8180640339851379
63, 10, 324, 177, -0.8353952169418335
63, 11, 481, 284, -0.2873172461986542
63, 12, 195, 287, -0.46028804779052734
63, 13, 513, 469, -0.17362108826637268
63, 14, 80, 446, -0.3670841157436371
63, 15, 545, 647, -0.45585402846336365
63, 16, -41, 583, -0.6670201420783997
63, 17, 566, 700, -0.5214203596115112
63, 18, -86, 617, -0.7497531175613403
63, 19, 541, 706, -0.5975173711776733
63, 20, -66, 628, -0.8573440313339233
63, 21, 529, 684, -0.5057356357574463
63, 22, -45, 617, -0.7274090647697449
63, 23, 421, 673, -0.0073181637562811375
63, 24, 230, 672, 0.011622208170592785
63, 25, 414, 974, 0.14444933831691742
63, 26, 235, 976, 0.09423931688070297
63, 27, 421, 1243, 0.8573643565177917
63, 28, 244, 1244, 0.5844975113868713
63, 29, 425, 1288, 0.8999338150024414
63, 30, 239, 1288, 0.6157054305076599
63, 31, 400, 1329, 0.3768285810947418
63, 32, 277, 1330, -0.012773772701621056
64, 0, 350, 144, -0.9654157757759094
64, 1, 363, 112, -0.9074028730392456
64, 2, 372, 114, -0.9071018099784851
64, 3, 383, 115, -0.9074447751045227
64, 4, 330, 113, -0.9231114387512207
64, 5, 316, 114, -0.9225223660469055
64, 6, 305, 115, -0.922812819480896
64, 7, 402, 132, -0.5252519845962524
64, 8, 283, 135, -0.5844587683677673
64, 9, 368, 175, -0.8214706182479858
64, 10, 324, 177, -0.8378003239631653
64, 11, 481, 284, -0.2893117666244507
64, 12, 195, 287, -0.4605565667152405
64, 13, 513, 469, -0.18047191202640533
64, 14, 79, 446, -0.36851510405540466
64, 15, 545, 647, -0.46891579031944275
64, 16, -42, 583, -0.6702336072921753
64, 17, 566, 701, -0.5352954268455505
64, 18, -87, 618, -0.7529147863388062
64, 19, 541, 707, -0.610918402671814
64, 20, -66, 629, -0.8606222867965698
64, 21, 529, 685, -0.5186048746109009
64, 22, -46, 617, -0.7305305004119873
64, 23, 421, 674, -0.007246013730764389
64, 24, 230, 672, 0.011543767526745796
64, 25, 414, 974, 0.1439560204744339
64, 26, 235, 976, 0.0947759598493576
64, 27, 421, 1243, 0.8545831441879272
64, 28, 244, 1244, 0.5854126214981079
64, 29, 425, 1288, 0.8966256380081177
64, 30, 239, 1288, 0.6168047189712524
64, 31, 400, 1329, 0.37353259325027466
64, 32, 276, 1331, -0.010429710149765015
65, 0, 350, 144, -0.9868035316467285
65, 1, 363, 113, -0.9310647249221802
65, 2, 372, 114, -0.9307440519332886
65, 3, 383, 115, -0.9310740232467651
65, 4, 330, 113, -0.9458755254745483
65, 5, 316, 114, -0.9453225135803223
65, 6, 305, 115, -0.9456042051315308
65, 7, 402, 132, -0.5473030209541321
65, 8, 283, 135, -0.6034513711929321
65, 9, 368, 175, -0.8416520357131958
65, 10, 324, 177, -0.8565055727958679
65, 11, 481, 285, -0.3078120946884155
65, 12, 195, 287, -0.46879100799560547
65, 13, 513, 470, -0.20753514766693115
65, 14, 79, 446, -0.37151169776916504
65, 15, 544, 649, -0.502518892288208
65, 16, -44, 583, -0.6723757982254028
65, 17, 564, 702, -0.5728419423103333
65, 18, -90, 618, -0.7549962997436523
65, 19, 539, 708, -0.646086573600769
65, 20, -69, 629, -0.8624353408813477
65, 21, 527, 686, -0.5514125823974609
65, 22, -49, 617, -0.7325295209884644
65, 23, 421, 675, -0.007172406651079655
65, 24, 230, 673, 0.011485695838928223
65, 25, 414, 975, 0.14371202886104584
65, 26, 235, 977, 0.09523624926805496
65, 27, 421, 1244, 0.8532042503356934
65, 28, 244, 1246, 0.585792601108551
65, 29, 425, 1290, 0.8949325680732727
65, 30, 239, 1290, 0.6173957586288452
65, 31, 400, 1331, 0.37144267559051514
65, 32, 276, 1332, -0.008853106759488583
66, 0, 350, 145, -1.0289268493652344
66, 1, 363, 113, -0.9737011194229126
66, 2, 372, 114, -0.9734128713607788
66, 3, 383, 116, -0.9737637639045715
66, 4, 330, 113, -0.987988293170929
66, 5, 316, 114, -0.9874570965766907
66, 6, 305, 115, -0.9877629280090332
66, 7, 402, 132, -0.579576313495636
66, 8, 284, 135, -0.6340057849884033
66, 9, 368, 176, -0.8787374496459961
66, 10, 324, 177, -0.8929897546768188
66, 11, 481, 285, -0.31848573684692383
66, 12, 195, 288, -0.48059719800949097
66, 13, 513, 469, -0.2059735506772995
66, 14, 79, 446, -0.38179105520248413
66, 15, 544, 648, -0.5034013986587524
66, 16, -44, 583, -0.6929841637611389
66, 17, 564, 702, -0.5747150778770447
66, 18, -89, 617, -0.7804895639419556
66, 19, 539, 708, -0.6515107154846191
66, 20, -69, 628, -0.8964143991470337
66, 21, 527, 685, -0.5537552237510681
66, 22, -49, 617, -0.7567468285560608
66, 23, 422, 675, -0.0072113811038434505
66, 24, 230, 673, 0.011535031720995903
66, 25, 415, 975, 0.1471499502658844
66, 26, 235, 978, 0.10209371894598007
66, 27, 421, 1244, 0.8693906664848328
66, 28, 244, 1246, 0.6077925562858582
66, 29, 425, 1289, 0.911718487739563
66, 30, 239, 1290, 0.6405330896377563
66, 31, 400, 1331, 0.37762004137039185
66, 32, 277, 1332, 0.0020552524365484715
67, 0, 350, 145, -1.0188722610473633
67, 1, 363, 114, -0.9647126197814941
67, 2, 372, 115, -0.9644230604171753
67, 3, 383, 116, -0.9647820591926575
67, 4, 330, 113, -0.9789450764656067
67, 5, 316, 114, -0.978432297706604
67, 6, 305, 115, -0.9787405133247375
67, 7, 402, 133, -0.5762940645217896
67, 8, 284, 135, -0.6301591396331787
67, 9, 368, 176, -0.8709724545478821
67, 10, 324, 177, -0.8849661946296692
67, 11, 481, 285, -0.3181311786174774
67, 12, 195, 288, -0.4801291525363922
67, 13, 513, 469, -0.20513951778411865
67, 14, 79, 446, -0.3843093514442444
67, 15, 544, 648, -0.49988168478012085
67, 16, -43, 584, -0.6930657625198364
67, 17, 564, 702, -0.5701791644096375
67, 18, -88, 619, -0.7800877094268799
67, 19, 539, 708, -0.6452361345291138
67, 20, -68, 630, -0.8950244784355164
67, 21, 527, 685, -0.5496388673782349
67, 22, -47, 618, -0.7565215826034546
67, 23, 422, 675, -0.007168507669121027
67, 24, 230, 674, 0.011485783383250237
67, 25, 415, 976, 0.14656805992126465
67, 26, 235, 978, 0.10221686214208603
67, 27, 421, 1245, 0.8690319061279297
67, 28, 244, 1247, 0.6066882014274597
67, 29, 425, 1290, 0.9114103317260742
67, 30, 239, 1291, 0.6390933990478516
67, 31, 400, 1331, 0.37718668580055237
67, 32, 277, 1333, 0.0016405312344431877
68, 0, 350, 145, -0.9977468252182007
68, 1, 364, 114, -0.9429301023483276
68, 2, 372, 115, -0.9426810145378113
68, 3, 383, 116, -0.9430806040763855
68, 4, 330, 113, -0.9566183090209961
68, 5, 317, 114, -0.9560731649398804
68, 6, 305, 115, -0.9563897252082825
68, 7, 402, 133, -0.554905891418457
68, 8, 284, 135, -0.6054130792617798
68, 9, 368, 176, -0.8499414324760437
68, 10, 324, 177, -0.8631775975227356
68, 11, 481, 285, -0.30357879400253296
68, 12, 195, 288, -0.4574366509914398
68, 13, 513, 467, -0.18450899422168732
68, 14, 79, 446, -0.36179113388061523
68, 15, 543, 648, -0.46651044487953186
68, 16, -43, 584, -0.6628457307815552
68, 17, 564, 702, -0.5319516658782959
68, 18, -87, 618, -0.7453106641769409
68, 19, 539, 708, -0.6055648326873779
68, 20, -67, 630, -0.858248233795166
68, 21, 527, 685, -0.5149137377738953
68, 22, -47, 618, -0.7249970436096191
68, 23, 422, 675, -0.007899472489953041
68, 24, 231, 674, 0.012225968763232231
68, 25, 415, 976, 0.1442984789609909
68, 26, 235, 978, 0.10611860454082489
68, 27, 422, 1245, 0.8604669570922852
68, 28, 245, 1247, 0.6062580943107605
68, 29, 427, 1290, 0.9023417234420776
68, 30, 241, 1291, 0.6385820508003235
68, 31, 401, 1331, 0.36980685591697693
68, 32, 279, 1333, 0.0030668037943542004
69, 0, 350, 145, -0.9998253583908081
69, 1, 364, 114, -0.9447094202041626
69, 2, 372, 115, -0.9444695711135864
69, 3, 383, 116, -0.9448536038398743
69, 4, 330, 113, -0.9591767191886902
69, 5, 317, 114, -0.9586507678031921
69, 6, 305, 115, -0.9589710235595703
69, 7, 402, 133, -0.5554518103599548
69, 8, 284, 135, -0.6091333627700806
69, 9, 368, 176, -0.8515256643295288
69, 10, 324, 177, -0.8657854795455933
69, 11, 481, 285, -0.303793728351593
69, 12, 195, 288, -0.45922166109085083
69, 13, 513, 467, -0.1862589716911316
69, 14, 79, 446, -0.3624201714992523
69, 15, 543, 648, -0.47788161039352417
69, 16, -43, 584, -0.6656058430671692
69, 17, 564, 702, -0.5450957417488098
69, 18, -88, 618, -0.7479860782623291
69, 19, 539, 708, -0.6207154393196106
69, 20, -69, 629, -0.8639271855354309
69, 21, 527, 685, -0.5272935628890991
69, 22, -48, 618, -0.7289825677871704
69, 23, 422, 675, -0.007992441765964031
69, 24, 231, 674, 0.012320784851908684
69, 25, 415, 976, 0.1421479880809784
69, 26, 235, 979, 0.10611611604690552
69, 27, 423, 1245, 0.8518255352973938
69, 28, 246, 1247, 0.6032874584197998
69, 29, 427, 1290, 0.8928070068359375
69, 30, 241, 1291, 0.6349403262138367
69, 31, 401, 1331, 0.36109936237335205
69, 32, 280, 1333, 0.0010317679261788726
70, 0, 351, 145, -0.9970280528068542
70, 1, 364, 114, -0.9413350820541382
70, 2, 373, 115, -0.941096305847168
70, 3, 384, 116, -0.9414966702461243
70, 4, 330, 113, -0.9552509188652039
70, 5, 317, 114, -0.9546799659729004
70, 6, 305, 115, -0.954986572265625
70, 7, 402, 133, -0.5504816770553589
70, 8, 284, 135, -0.6004676222801208
70, 9, 368, 176, -0.8480855226516724
70, 10, 324, 177, -0.8615129590034485
70, 11, 481, 285, -0.30096685886383057
70, 12, 195, 288, -0.4529627859592438
70, 13, 513, 467, -0.17297138273715973
70, 14, 78, 447, -0.35628312826156616
70, 15, 543, 650, -0.44455546140670776
70, 16, -43, 584, -0.6583576202392578
70, 17, 564, 704, -0.5060409307479858
70, 18, -88, 619, -0.7388567924499512
70, 19, 539, 711, -0.580896258354187
70, 20, -68, 630, -0.8534458875656128
70, 21, 527, 688, -0.4926641583442688
70, 22, -48, 618, -0.7210038900375366
70, 23, 422, 676, -0.00998577568680048
70, 24, 231, 675, 0.014350026845932007
70, 25, 414, 977, 0.13839124143123627
70, 26, 234, 980, 0.1143500953912735
70, 27, 419, 1246, 0.8516629934310913
70, 28, 244, 1249, 0.6162798404693604
70, 29, 424, 1292, 0.8926143646240234
70, 30, 239, 1293, 0.6487571001052856
70, 31, 397, 1332, 0.35798943042755127
70, 32, 278, 1335, 0.011519999243319035
71, 0, 351, 145, -0.9859391450881958
71, 1, 364, 114, -0.9305526614189148
71, 2, 373, 115, -0.9303229451179504
71, 3, 384, 116, -0.9307421445846558
71, 4, 331, 113, -0.9442685842514038
71, 5, 317, 114, -0.9437071681022644
71, 6, 306, 115, -0.944019615650177
71, 7, 402, 133, -0.5423678159713745
71, 8, 284, 135, -0.5913382768630981
71, 9, 369, 176, -0.8379831314086914
71, 10, 324, 177, -0.8509930372238159
71, 11, 481, 285, -0.29359227418899536
71, 12, 195, 288, -0.4455960690975189
71, 13, 513, 467, -0.16229821741580963
71, 14, 78, 447, -0.353220671415329
71, 15, 541, 650, -0.43342918157577515
71, 16, -43, 584, -0.6579177379608154
71, 17, 562, 704, -0.4963308870792389
71, 18, -88, 619, -0.7391788959503174
71, 19, 537, 711, -0.571316123008728
71, 20, -68, 630, -0.8534679412841797
71, 21, 525, 688, -0.4816628098487854
71, 22, -47, 618, -0.7204695343971252
71, 23, 422, 676, -0.010272083804011345
71, 24, 231, 675, 0.014644233509898186
71, 25, 413, 977, 0.13692811131477356
71, 26, 233, 980, 0.1147393211722374
71, 27, 418, 1247, 0.8477250933647156
71, 28, 243, 1249, 0.6153162717819214
71, 29, 423, 1292, 0.8884266018867493
71, 30, 238, 1293, 0.6479135155677795
71, 31, 396, 1333, 0.355047345161438
71, 32, 277, 1336, 0.011346777901053429
