0, 0, 298, 190, -1.0567816495895386
0, 1, 315, 156, -1.0490119457244873
0, 2, 326, 154, -1.0486326217651367
0, 3, 337, 152, -1.048960566520691
0, 4, 282, 164, -1.029814600944519
0, 5, 273, 167, -1.0293068885803223
0, 6, 266, 169, -1.0296190977096558
0, 7, 359, 159, -0.7702018618583679
0, 8, 262, 176, -0.6633679270744324
0, 9, 324, 212, -0.9366730451583862
0, 10, 282, 219, -0.9051183462142944
0, 11, 459, 289, -0.5006672143936157
0, 12, 208, 286, -0.444890558719635
0, 13, 489, 454, -0.39231401681900024
0, 14, 118, 437, -0.2915019392967224
0, 15, 507, 615, -0.5405468344688416
0, 16, 33, 578, -0.5252246856689453
0, 17, 521, 656, -0.5924731492996216
0, 18, 0, 619, -0.5881988406181335
0, 19, 498, 659, -0.6432565450668335
0, 20, 19, 624, -0.6891637444496155
0, 21, 487, 643, -0.570848822593689
0, 22, 37, 613, -0.5799058079719543
0, 23, 401, 634, -0.05734937638044357
0, 24, 230, 628, 0.061312682926654816
0, 25, 390, 902, 0.11681637912988663
0, 26, 219, 896, 0.21031007170677185
0, 27, 389, 1136, 0.7843197584152222
0, 28, 223, 1134, 0.7028605937957764
0, 29, 396, 1175, 0.8268972635269165
0, 30, 223, 1173, 0.7404830455780029
0, 31, 357, 1220, 0.3382291793823242
0, 32, 245, 1217, 0.18128198385238647
1, 0, 306, 189, -1.1385191679000854
1, 1, 321, 156, -1.1184216737747192
1, 2, 332, 154, -1.1180403232574463
1, 3, 342, 151, -1.1183388233184814
1, 4, 289, 164, -1.1125508546829224
1, 5, 279, 166, -1.1121877431869507
1, 6, 270, 168, -1.1124967336654663
1, 7, 362, 159, -0.7809169292449951
1, 8, 263, 175, -0.7327993512153625
1, 9, 330, 212, -0.9963330030441284
1, 10, 289, 219, -0.982702374458313
1, 11, 459, 288, -0.4751192033290863
1, 12, 208, 287, -0.4962751269340515
1, 13, 487, 451, -0.31025415658950806
1, 14, 117, 436, -0.3450698256492615
1, 15, 505, 613, -0.4977957606315613
1, 16, 37, 578, -0.6146743297576904
1, 17, 517, 655, -0.551480233669281
1, 18, 5, 619, -0.6914998888969421
1, 19, 496, 658, -0.6123634576797485
1, 20, 27, 625, -0.797947108745575
1, 21, 486, 642, -0.5331366658210754
1, 22, 43, 613, -0.6690433025360107
1, 23, 401, 634, -0.051447510719299316
1, 24, 230, 628, 0.05518811196088791
1, 25, 390, 903, 0.11440157890319824
1, 26, 222, 897, 0.18078622221946716
1, 27, 388, 1142, 0.7793588638305664
1, 28, 224, 1137, 0.6806784272193909
1, 29, 394, 1179, 0.8193774223327637
1, 30, 224, 1175, 0.7167484164237976
1, 31, 356, 1224, 0.30179205536842346
1, 32, 246, 1219, 0.11854269355535507
2, 0, 315, 188, -1.2890040874481201
2, 1, 329, 156, -1.2562168836593628
2, 2, 339, 153, -1.2564051151275635
2, 3, 348, 151, -1.2566159963607788
2, 4, 298, 163, -1.253610372543335
2, 5, 287, 164, -1.2535310983657837
2, 6, 278, 166, -1.2540830373764038
2, 7, 366, 158, -0.855978786945343
2, 8, 265, 173, -0.8292543292045593
2, 9, 337, 212, -1.1250149011611938
2, 10, 297, 219, -1.1171486377716064
2, 11, 459, 284, -0.5152772068977356
2, 12, 207, 288, -0.486957848072052
2, 13, 487, 451, -0.5882089734077454
2, 14, 115, 436, -0.35191577672958374
2, 15, 414, 530, -1.0962121486663818
2, 16, 61, 578, -0.770735502243042
2, 17, 405, 583, -1.2328342199325562
2, 18, 45, 621, -0.8830830454826355
2, 19, 351, 525, -1.2416021823883057
2, 20, 68, 622, -0.97503262758255
2, 21, 369, 506, -1.1145987510681152
2, 22, 79, 608, -0.8202489614486694
2, 23, 405, 632, -0.06256722658872604
2, 24, 234, 628, 0.0661565512418747
2, 25, 399, 903, -0.052841074764728546
2, 26, 234, 897, 0.08337792754173279
2, 27, 395, 1145, 0.5227004289627075
2, 28, 239, 1139, 0.48104730248451233
2, 29, 399, 1182, 0.5492644309997559
2, 30, 238, 1177, 0.5047218799591064
2, 31, 364, 1227, -0.026823341846466064
2, 32, 260, 1221, -0.11074948310852051
3, 0, 320, 188, -1.1987258195877075
3, 1, 334, 156, -1.1150929927825928
3, 2, 344, 153, -1.1159439086914062
3, 3, 353, 151, -1.1156432628631592
3, 4, 302, 162, -1.1232796907424927
3, 5, 291, 163, -1.1236424446105957
3, 6, 282, 164, -1.124373197555542
3, 7, 370, 159, -0.6562751531600952
3, 8, 269, 172, -0.6470690965652466
3, 9, 341, 212, -0.9826110601425171
3, 10, 301, 218, -0.9941201210021973
3, 11, 456, 279, -0.3472461998462677
3, 12, 208, 287, -0.27357304096221924
3, 13, 492, 450, -0.5895187854766846
3, 14, 115, 437, -0.46096986532211304
3, 15, 405, 466, -1.313706398010254
3, 16, 176, 498, -1.3286452293395996
3, 17, 375, 490, -1.4894450902938843
3, 18, 195, 532, -1.5150848627090454
3, 19, 353, 466, -1.4938125610351562
3, 20, 218, 500, -1.5406543016433716
3, 21, 360, 455, -1.3335821628570557
3, 22, 209, 474, -1.3596704006195068
3, 23, 405, 623, -0.06184525042772293
3, 24, 236, 621, 0.06546717137098312
3, 25, 399, 890, -0.05528407543897629
3, 26, 237, 878, -0.14238476753234863
3, 27, 395, 1134, 0.41558369994163513
3, 28, 239, 1125, 0.16426904499530792
3, 29, 399, 1168, 0.4276694357395172
3, 30, 238, 1163, 0.1757250279188156
3, 31, 364, 1216, -0.1610461175441742
3, 32, 259, 1203, -0.4558444619178772
4, 0, 322, 188, -0.8438069224357605
4, 1, 336, 159, -0.7872451543807983
4, 2, 346, 157, -0.7876784205436707
4, 3, 355, 155, -0.787423849105835
4, 4, 306, 162, -0.8059691190719604
4, 5, 296, 163, -0.8059526681900024
4, 6, 286, 164, -0.8065822720527649
4, 7, 370, 160, -0.3396308124065399
4, 8, 272, 171, -0.41025495529174805
4, 9, 343, 213, -0.6605783700942993
4, 10, 305, 218, -0.6838297247886658
4, 11, 446, 268, -0.0099879065528512
4, 12, 210, 281, -0.18392491340637207
4, 13, 489, 432, -0.2913362681865692
4, 14, 118, 433, -0.5600820183753967
4, 15, 394, 426, -1.0674846172332764
4, 16, 182, 453, -1.4606488943099976
4, 17, 372, 454, -1.2302792072296143
4, 18, 206, 463, -1.6579583883285522
4, 19, 342, 438, -1.2495379447937012
4, 20, 221, 441, -1.6617939472198486
4, 21, 343, 428, -1.0918164253234863
4, 22, 219, 432, -1.4794566631317139
4, 23, 405, 609, 0.01512980181723833
4, 24, 236, 605, -0.011786495335400105
4, 25, 399, 850, -0.03129655495285988
4, 26, 240, 832, -0.26671767234802246
4, 27, 397, 1089, 0.3313474953174591
4, 28, 242, 1081, -0.060973405838012695
4, 29, 400, 1121, 0.33549627661705017
4, 30, 240, 1118, -0.05963416025042534
4, 31, 370, 1176, -0.18508875370025635
4, 32, 262, 1159, -0.6241095066070557
5, 0, 325, 189, -0.8508929014205933
5, 1, 339, 161, -0.8109718561172485
5, 2, 349, 158, -0.8110417127609253
5, 3, 357, 157, -0.8106611371040344
5, 4, 308, 164, -0.8159710764884949
5, 5, 297, 165, -0.8155964612960815
5, 6, 287, 166, -0.8160054087638855
5, 7, 372, 160, -0.4001345634460449
5, 8, 273, 171, -0.41126447916030884
5, 9, 346, 213, -0.6844185590744019
5, 10, 309, 219, -0.6887503862380981
5, 11, 442, 259, -0.10350154340267181
5, 12, 214, 273, -0.18565090000629425
5, 13, 490, 426, -0.338211327791214
5, 14, 115, 433, -0.6606448888778687
5, 15, 398, 396, -1.0675699710845947
5, 16, 209, 411, -1.6012074947357178
5, 17, 375, 423, -1.2251108884811401
5, 18, 234, 426, -1.7820104360580444
5, 19, 346, 409, -1.2153910398483276
5, 20, 257, 407, -1.762709617614746
5, 21, 346, 400, -1.0767672061920166
5, 22, 253, 400, -1.6083223819732666
5, 23, 410, 588, 0.0032469648867845535
5, 24, 237, 587, 0.00012807190068997443
5, 25, 411, 839, 0.13907377421855927
5, 26, 249, 832, 0.10669679939746857
5, 27, 413, 1068, 0.6413537859916687
5, 28, 258, 1068, 0.5647462606430054
5, 29, 414, 1098, 0.6588475704193115
5, 30, 256, 1101, 0.5962241888046265
5, 31, 396, 1152, 0.1304672360420227
5, 32, 281, 1145, 0.024468684569001198
6, 0, 329, 194, -0.8815433382987976
6, 1, 342, 166, -0.852255642414093
6, 2, 352, 164, -0.8523181080818176
6, 3, 359, 161, -0.8519884347915649
6, 4, 311, 170, -0.851286768913269
6, 5, 301, 170, -0.8509279489517212
6, 6, 291, 170, -0.8513431549072266
6, 7, 376, 163, -0.4663565158843994
6, 8, 277, 173, -0.45149916410446167
6, 9, 348, 217, -0.722136914730072
6, 10, 313, 224, -0.7188769578933716
6, 11, 443, 256, -0.15740571916103363
6, 12, 221, 270, -0.17860469222068787
6, 13, 495, 428, -0.4135429263114929
6, 14, 115, 434, -0.5848485231399536
6, 15, 407, 394, -1.1749147176742554
6, 16, 221, 395, -1.4152677059173584
6, 17, 383, 411, -1.329131841659546
6, 18, 249, 405, -1.5704289674758911
6, 19, 358, 395, -1.304236650466919
6, 20, 274, 389, -1.5485049486160278
6, 21, 359, 389, -1.1779171228408813
6, 22, 269, 385, -1.4179692268371582
6, 23, 412, 584, -0.0029654097743332386
6, 24, 240, 581, 0.006251872982829809
6, 25, 415, 837, 0.11295036226511002
6, 26, 250, 828, 0.09063012152910233
6, 27, 415, 1064, 0.5784037113189697
6, 28, 259, 1061, 0.4462359845638275
6, 29, 417, 1094, 0.5930696725845337
6, 30, 257, 1093, 0.4659649431705475
6, 31, 395, 1147, 0.07046686112880707
6, 32, 282, 1137, -0.0952666699886322
7, 0, 331, 198, -0.9361886978149414
7, 1, 344, 168, -0.931161105632782
7, 2, 353, 166, -0.9313419461250305
7, 3, 361, 164, -0.9306639432907104
7, 4, 313, 172, -0.9269569516181946
7, 5, 302, 172, -0.9265955686569214
7, 6, 292, 172, -0.9270218014717102
7, 7, 378, 164, -0.5290955305099487
7, 8, 279, 173, -0.5013543367385864
7, 9, 350, 220, -0.7490223050117493
7, 10, 317, 226, -0.7455624938011169
7, 11, 444, 256, -0.22659513354301453
7, 12, 225, 268, -0.23398785293102264
7, 13, 503, 432, -0.5123192667961121
7, 14, 115, 435, -0.5938451290130615
7, 15, 410, 400, -1.2556724548339844
7, 16, 225, 386, -1.407527208328247
7, 17, 386, 411, -1.4044082164764404
7, 18, 255, 398, -1.555057168006897
7, 19, 365, 392, -1.3737592697143555
7, 20, 280, 381, -1.5281856060028076
7, 21, 367, 387, -1.2556616067886353
7, 22, 275, 377, -1.4065206050872803
7, 23, 415, 583, -0.00812971219420433
7, 24, 244, 579, 0.011593302711844444
7, 25, 419, 834, 0.10306642204523087
7, 26, 256, 826, 0.10302820056676865
7, 27, 418, 1060, 0.5621806979179382
7, 28, 263, 1056, 0.47521263360977173
7, 29, 420, 1089, 0.5790919065475464
7, 30, 260, 1088, 0.4977085590362549
7, 31, 396, 1145, 0.053949255496263504
7, 32, 285, 1133, -0.05997476726770401
8, 0, 334, 201, -0.9554221034049988
8, 1, 347, 171, -0.9423671960830688
8, 2, 355, 169, -0.9424701929092407
8, 3, 363, 167, -0.942071795463562
8, 4, 317, 175, -0.9367353320121765
8, 5, 306, 175, -0.9363997578620911
8, 6, 296, 175, -0.9368349313735962
8, 7, 380, 165, -0.5535852313041687
8, 8, 282, 174, -0.5264335870742798
8, 9, 353, 222, -0.7887444496154785
8, 10, 321, 229, -0.7805315852165222
8, 11, 444, 257, -0.22899456322193146
8, 12, 227, 267, -0.23969464004039764
8, 13, 502, 431, -0.5074077248573303
8, 14, 115, 435, -0.6228400468826294
8, 15, 408, 396, -1.2571133375167847
8, 16, 221, 383, -1.4802372455596924
8, 17, 383, 411, -1.409824252128601
8, 18, 248, 396, -1.6368052959442139
8, 19, 363, 392, -1.3876770734786987
8, 20, 273, 379, -1.6117064952850342
8, 21, 364, 386, -1.2614176273345947
8, 22, 270, 374, -1.4813686609268188
8, 23, 417, 582, -0.01026101689785719
8, 24, 246, 579, 0.013605205342173576
8, 25, 422, 833, 0.09833472967147827
8, 26, 258, 826, 0.09753897786140442
8, 27, 421, 1058, 0.5734104514122009
8, 28, 265, 1055, 0.47520995140075684
8, 29, 423, 1086, 0.592569887638092
8, 30, 262, 1087, 0.4977720379829407
8, 31, 398, 1141, 0.0658755749464035
8, 32, 286, 1132, -0.06146176904439926
9, 0, 338, 202, -0.9268919229507446
9, 1, 350, 173, -0.9077131152153015
9, 2, 358, 171, -0.9077234268188477
9, 3, 366, 169, -0.9073655009269714
9, 4, 321, 177, -0.907652735710144
9, 5, 310, 177, -0.9072585105895996
9, 6, 300, 177, -0.9076140522956848
9, 7, 382, 166, -0.5315309762954712
9, 8, 284, 175, -0.5201969742774963
9, 9, 355, 223, -0.7676026225090027
9, 10, 325, 230, -0.7650683522224426
9, 11, 445, 258, -0.20843176543712616
9, 12, 228, 267, -0.2250378131866455
9, 13, 502, 431, -0.4855492115020752
9, 14, 117, 435, -0.5832813382148743
9, 15, 407, 398, -1.157286524772644
9, 16, 220, 386, -1.3853025436401367
9, 17, 382, 411, -1.3014094829559326
9, 18, 249, 399, -1.5329231023788452
9, 19, 364, 392, -1.281657099723816
9, 20, 273, 379, -1.5131100416183472
9, 21, 365, 386, -1.1623700857162476
9, 22, 270, 374, -1.3878707885742188
9, 23, 417, 582, -0.011200176551938057
9, 24, 247, 580, 0.014478413388133049
9, 25, 421, 829, 0.10366473346948624
9, 26, 259, 823, 0.10498976707458496
9, 27, 420, 1053, 0.5787003040313721
9, 28, 265, 1050, 0.4878386855125427
9, 29, 422, 1081, 0.5985429286956787
9, 30, 263, 1081, 0.5113182067871094
9, 31, 397, 1135, 0.07213111966848373
9, 32, 286, 1125, -0.040282897651195526
10, 0, 340, 202, -0.9425712823867798
10, 1, 352, 173, -0.91923588514328
10, 2, 359, 171, -0.9192501902580261
10, 3, 368, 168, -0.9189213514328003
10, 4, 322, 177, -0.9190163612365723
10, 5, 311, 177, -0.9186457395553589
10, 6, 301, 177, -0.919022262096405
10, 7, 384, 166, -0.5377631187438965
10, 8, 285, 175, -0.5274933576583862
10, 9, 357, 223, -0.7836725115776062
10, 10, 326, 230, -0.780826210975647
10, 11, 445, 259, -0.21560755372047424
10, 12, 228, 267, -0.23003435134887695
10, 13, 501, 432, -0.4870213568210602
10, 14, 118, 435, -0.596605658531189
10, 15, 404, 395, -1.2166802883148193
10, 16, 223, 385, -1.420752763748169
10, 17, 378, 409, -1.3651424646377563
10, 18, 252, 397, -1.5719614028930664
10, 19, 358, 390, -1.3394891023635864
10, 20, 280, 378, -1.5435750484466553
10, 21, 360, 384, -1.220043659210205
10, 22, 276, 373, -1.420184850692749
10, 23, 418, 581, -0.012295741587877274
10, 24, 249, 579, 0.01554899662733078
10, 25, 422, 829, 0.10070084035396576
10, 26, 261, 824, 0.09917391836643219
10, 27, 423, 1052, 0.5802421569824219
10, 28, 269, 1050, 0.46754440665245056
10, 29, 425, 1082, 0.5993171334266663
10, 30, 266, 1081, 0.4893833100795746
10, 31, 400, 1134, 0.07362208515405655
10, 32, 291, 1126, -0.07313968986272812
11, 0, 341, 202, -1.0660488605499268
11, 1, 353, 172, -1.0452163219451904
11, 2, 360, 170, -1.0452160835266113
11, 3, 369, 168, -1.0447529554367065
11, 4, 323, 177, -1.0448963642120361
11, 5, 312, 177, -1.0446711778640747
11, 6, 302, 177, -1.0450886487960815
11, 7, 384, 166, -0.6613825559616089
11, 8, 286, 175, -0.6507416367530823
11, 9, 357, 223, -0.904507040977478
11, 10, 327, 230, -0.9026275873184204
11, 11, 446, 260, -0.3053584396839142
11, 12, 228, 268, -0.3170607089996338
11, 13, 504, 439, -0.5899469256401062
11, 14, 119, 439, -0.6682201623916626
11, 15, 405, 399, -1.332579255104065
11, 16, 221, 388, -1.470690369606018
11, 17, 378, 408, -1.4773313999176025
11, 18, 251, 397, -1.6171693801879883
11, 19, 361, 388, -1.4475032091140747
11, 20, 278, 377, -1.589000940322876
11, 21, 362, 384, -1.3341351747512817
11, 22, 274, 373, -1.4697850942611694
11, 23, 419, 583, -0.012118719518184662
11, 24, 250, 581, 0.015284779481589794
11, 25, 423, 831, 0.10095570981502533
11, 26, 262, 826, 0.060477275401353836
11, 27, 424, 1056, 0.5824865102767944
11, 28, 270, 1053, 0.4220268130302429
11, 29, 426, 1085, 0.6021190881729126
11, 30, 267, 1084, 0.44254374504089355
11, 31, 401, 1138, 0.07698987424373627
11, 32, 293, 1129, -0.1280873715877533
12, 0, 340, 202, -1.017734408378601
12, 1, 352, 172, -1.00465989112854
12, 2, 360, 170, -1.0046247243881226
12, 3, 368, 168, -1.0039411783218384
12, 4, 322, 176, -1.0044100284576416
12, 5, 311, 177, -1.0042587518692017
12, 6, 301, 177, -1.0046566724777222
12, 7, 384, 166, -0.6499699950218201
12, 8, 286, 175, -0.6312028169631958
12, 9, 357, 223, -0.8711551427841187
12, 10, 326, 230, -0.8698511123657227
12, 11, 446, 261, -0.30489668250083923
12, 12, 228, 268, -0.30447009205818176
12, 13, 504, 442, -0.5436637997627258
12, 14, 119, 445, -0.6319986581802368
12, 15, 405, 402, -1.2231019735336304
12, 16, 224, 391, -1.4043800830841064
12, 17, 379, 409, -1.3645410537719727
12, 18, 253, 397, -1.584862470626831
12, 19, 362, 388, -1.3923699855804443
12, 20, 280, 377, -1.4974722862243652
12, 21, 364, 385, -1.2372839450836182
12, 22, 276, 374, -1.4655003547668457
12, 23, 419, 584, -0.011096088215708733
12, 24, 250, 582, 0.01420446764677763
12, 25, 423, 833, 0.10007963329553604
12, 26, 261, 828, 0.062395405024290085
12, 27, 423, 1058, 0.5666254162788391
12, 28, 269, 1055, 0.43159422278404236
12, 29, 425, 1088, 0.5846964716911316
12, 30, 266, 1086, 0.4533185064792633
12, 31, 400, 1140, 0.0699155181646347
12, 32, 292, 1131, -0.11695130169391632
13, 0, 339, 202, -1.0086452960968018
13, 1, 352, 172, -0.9955927729606628
13, 2, 360, 170, -0.9955456852912903
13, 3, 368, 168, -0.9947348833084106
13, 4, 322, 176, -0.9973350763320923
13, 5, 311, 177, -0.9972198605537415
13, 6, 301, 177, -0.9976097345352173
13, 7, 384, 166, -0.642807126045227
13, 8, 286, 175, -0.6159237027168274
13, 9, 357, 223, -0.8644862174987793
13, 10, 326, 230, -0.8662908673286438
13, 11, 446, 262, -0.289931982755661
13, 12, 228, 268, -0.3006657361984253
13, 13, 504, 445, -0.524030327796936
13, 14, 118, 447, -0.6090546250343323
13, 15, 406, 403, -1.2029975652694702
13, 16, 224, 392, -1.3652197122573853
13, 17, 380, 410, -1.3430055379867554
13, 18, 253, 399, -1.5171799659729004
13, 19, 363, 389, -1.3295527696609497
13, 20, 280, 378, -1.4767498970031738
13, 21, 365, 386, -1.2073075771331787
13, 22, 277, 375, -1.389488935470581
13, 23, 419, 585, -0.008792448788881302
13, 24, 250, 583, 0.011872140690684319
13, 25, 422, 834, 0.10484186559915543
13, 26, 260, 829, 0.06956630945205688
13, 27, 423, 1059, 0.5734209418296814
13, 28, 268, 1055, 0.46064096689224243
13, 29, 425, 1089, 0.5905357599258423
13, 30, 265, 1086, 0.4854509234428406
13, 31, 400, 1141, 0.0807950347661972
13, 32, 291, 1131, -0.07613138854503632
14, 0, 339, 202, -0.9643607139587402
14, 1, 351, 172, -0.9393779039382935
14, 2, 360, 170, -0.9393820762634277
14, 3, 368, 168, -0.9388942718505859
14, 4, 321, 176, -0.9419716596603394
14, 5, 310, 177, -0.9417027235031128
14, 6, 300, 177, -0.942105770111084
14, 7, 384, 166, -0.5571972131729126
14, 8, 286, 175, -0.5505136251449585
14, 9, 357, 222, -0.8090733289718628
14, 10, 325, 230, -0.8103253245353699
14, 11, 447, 262, -0.21625873446464539
14, 12, 228, 269, -0.26474833488464355
14, 13, 503, 445, -0.4708716869354248
14, 14, 120, 448, -0.6009727120399475
14, 15, 405, 405, -1.1848723888397217
14, 16, 229, 390, -1.400012731552124
14, 17, 378, 411, -1.3273004293441772
14, 18, 258, 400, -1.550750970840454
14, 19, 361, 391, -1.3075652122497559
14, 20, 287, 380, -1.5244947671890259
14, 21, 363, 386, -1.1895846128463745
14, 22, 284, 376, -1.4049893617630005
14, 23, 419, 584, -0.008461019024252892
14, 24, 250, 583, 0.011588872410356998
14, 25, 422, 833, 0.09890960156917572
14, 26, 260, 829, 0.06921067088842392
14, 27, 422, 1058, 0.5680758357048035
14, 28, 267, 1054, 0.45575278997421265
14, 29, 424, 1088, 0.5850847959518433
14, 30, 265, 1085, 0.4795805811882019
14, 31, 399, 1139, 0.06636972725391388
14, 32, 290, 1131, -0.09373630583286285
15, 0, 339, 202, -0.9672603607177734
15, 1, 351, 172, -0.9412437677383423
15, 2, 359, 170, -0.9412544965744019
15, 3, 368, 168, -0.9408000111579895
15, 4, 321, 176, -0.9422966837882996
15, 5, 310, 177, -0.9420062899589539
15, 6, 300, 177, -0.9424068331718445
15, 7, 384, 166, -0.5557698011398315
15, 8, 286, 175, -0.5440517067909241
15, 9, 357, 222, -0.8108786344528198
15, 10, 325, 230, -0.8100768327713013
15, 11, 447, 262, -0.21935014426708221
15, 12, 228, 269, -0.26032307744026184
15, 13, 503, 445, -0.49335575103759766
15, 14, 119, 449, -0.6087245345115662
15, 15, 406, 400, -1.2684094905853271
15, 16, 227, 393, -1.4291019439697266
15, 17, 379, 409, -1.4258882999420166
15, 18, 255, 404, -1.5841152667999268
15, 19, 362, 389, -1.3981318473815918
15, 20, 283, 385, -1.5612469911575317
15, 21, 363, 384, -1.2732412815093994
15, 22, 281, 380, -1.4321675300598145
15, 23, 419, 585, -0.008792213164269924
15, 24, 250, 583, 0.01190602034330368
15, 25, 422, 834, 0.10599459707736969
15, 26, 260, 829, 0.08919526636600494
15, 27, 422, 1059, 0.6122667789459229
15, 28, 267, 1056, 0.5127577185630798
15, 29, 424, 1089, 0.6326349973678589
15, 30, 264, 1087, 0.5402877926826477
15, 31, 399, 1140, 0.1030193567276001
15, 32, 289, 1132, -0.04139558598399162
16, 0, 339, 201, -0.8614385724067688
16, 1, 351, 172, -0.8351117372512817
16, 2, 359, 170, -0.8350821733474731
16, 3, 367, 168, -0.8346511125564575
16, 4, 321, 176, -0.8358432650566101
16, 5, 310, 177, -0.8355005383491516
16, 6, 299, 177, -0.8358982801437378
16, 7, 384, 166, -0.46642836928367615
16, 8, 285, 175, -0.4578081965446472
16, 9, 357, 222, -0.7099250555038452
16, 10, 325, 229, -0.7080968022346497
16, 11, 446, 262, -0.16415902972221375
16, 12, 229, 269, -0.2079015076160431
16, 13, 492, 437, -0.3910643756389618
16, 14, 120, 448, -0.5766819715499878
16, 15, 396, 401, -1.0883935689926147
16, 16, 228, 394, -1.4048573970794678
16, 17, 372, 412, -1.236369013786316
16, 18, 252, 407, -1.5476577281951904
16, 19, 351, 393, -1.2216910123825073
16, 20, 283, 389, -1.5327532291412354
16, 21, 351, 387, -1.0967196226119995
16, 22, 281, 383, -1.411564588546753
16, 23, 419, 584, -0.00671380665153265
16, 24, 250, 583, 0.009871081449091434
16, 25, 422, 830, 0.11995235830545425
16, 26, 260, 827, 0.09780304878950119
16, 27, 421, 1052, 0.6142023801803589
16, 28, 267, 1051, 0.5099354982376099
16, 29, 424, 1082, 0.6345999836921692
16, 30, 264, 1082, 0.536334753036499
16, 31, 398, 1133, 0.12449146807193756
16, 32, 289, 1126, -0.02581438422203064
17, 0, 338, 201, -0.8311637043952942
17, 1, 351, 172, -0.7997018098831177
17, 2, 359, 170, -0.7997149229049683
17, 3, 367, 168, -0.7992984056472778
17, 4, 319, 176, -0.8021363019943237
17, 5, 308, 176, -0.8017708659172058
17, 6, 298, 177, -0.8022040128707886
17, 7, 384, 166, -0.41706961393356323
17, 8, 285, 175, -0.41641348600387573
17, 9, 357, 222, -0.6750450134277344
17, 10, 324, 229, -0.6753183603286743
17, 11, 446, 262, -0.11785759031772614
17, 12, 228, 269, -0.17696943879127502
17, 13, 491, 438, -0.36869731545448303
17, 14, 124, 448, -0.5587718486785889
17, 15, 395, 402, -1.0915740728378296
17, 16, 226, 396, -1.392201542854309
17, 17, 372, 415, -1.2423980236053467
17, 18, 249, 409, -1.54630446434021
17, 19, 349, 396, -1.22501540184021
17, 20, 279, 390, -1.5340412855148315
17, 21, 350, 390, -1.0992172956466675
17, 22, 278, 385, -1.3997900485992432
17, 23, 419, 584, -0.0034516952000558376
17, 24, 250, 583, 0.006697851233184338
17, 25, 422, 831, 0.1325332224369049
17, 26, 259, 828, 0.08662952482700348
17, 27, 421, 1053, 0.6332756280899048
17, 28, 267, 1052, 0.47178325057029724
17, 29, 423, 1083, 0.6537929773330688
17, 30, 264, 1084, 0.4942033290863037
17, 31, 398, 1134, 0.14518524706363678
17, 32, 289, 1128, -0.06322073191404343
18, 0, 338, 200, -0.7879940271377563
18, 1, 350, 171, -0.755233883857727
18, 2, 359, 169, -0.7552516460418701
18, 3, 367, 167, -0.7548432350158691
18, 4, 318, 175, -0.7593633532524109
18, 5, 307, 176, -0.7589823007583618
18, 6, 297, 176, -0.7593859434127808
18, 7, 383, 166, -0.37422505021095276
18, 8, 285, 175, -0.382441908121109
18, 9, 356, 222, -0.6329185962677002
18, 10, 324, 229, -0.635714590549469
18, 11, 445, 261, -0.0972508043050766
18, 12, 228, 269, -0.14798161387443542
18, 13, 488, 435, -0.3227483630180359
18, 14, 128, 447, -0.5374741554260254
18, 15, 392, 403, -1.0049786567687988
18, 16, 227, 397, -1.3839635848999023
18, 17, 370, 416, -1.1524912118911743
18, 18, 247, 413, -1.5395992994308472
18, 19, 340, 401, -1.1364237070083618
18, 20, 280, 398, -1.5273631811141968
18, 21, 342, 393, -1.010902762413025
18, 22, 280, 390, -1.3916757106781006
18, 23, 420, 584, -0.0031942203640937805
18, 24, 250, 584, 0.006511626299470663
18, 25, 422, 831, 0.12730418145656586
18, 26, 260, 828, 0.08487851917743683
18, 27, 421, 1053, 0.6319494247436523
18, 28, 267, 1053, 0.44705238938331604
18, 29, 424, 1082, 0.6522244215011597
18, 30, 264, 1084, 0.46769291162490845
18, 31, 399, 1133, 0.1379622519016266
18, 32, 289, 1128, -0.07723072916269302
19, 0, 338, 199, -0.7491913437843323
19, 1, 350, 170, -0.709969699382782
19, 2, 359, 168, -0.7100702524185181
19, 3, 367, 166, -0.7095917463302612
19, 4, 317, 174, -0.7212401628494263
19, 5, 306, 174, -0.7210090160369873
19, 6, 296, 175, -0.7215307950973511
19, 7, 383, 166, -0.31167834997177124
19, 8, 284, 175, -0.3535742461681366
19, 9, 356, 221, -0.5882092714309692
19, 10, 324, 229, -0.6006506681442261
19, 11, 444, 260, -0.005553024355322123
19, 12, 228, 269, -0.14910221099853516
19, 13, 484, 430, -0.20699414610862732
19, 14, 133, 440, -0.5419581532478333
19, 15, 387, 403, -0.9024405479431152
19, 16, 225, 403, -1.3898303508758545
19, 17, 368, 423, -1.0463181734085083
19, 18, 246, 427, -1.5537197589874268
19, 19, 330, 413, -1.0423704385757446
19, 20, 278, 413, -1.5432175397872925
19, 21, 331, 404, -0.91392982006073
19, 22, 278, 404, -1.3984674215316772
19, 23, 419, 585, 0.028279941529035568
19, 24, 250, 584, -0.024972442537546158
19, 25, 422, 831, 0.1242392510175705
19, 26, 259, 828, -0.014377419836819172
19, 27, 419, 1052, 0.5989567041397095
19, 28, 265, 1053, 0.29081034660339355
19, 29, 421, 1082, 0.6145695447921753
19, 30, 263, 1083, 0.3048705458641052
19, 31, 398, 1133, 0.12426076829433441
19, 32, 287, 1128, -0.2402176409959793
20, 0, 337, 197, -0.7930784225463867
20, 1, 349, 168, -0.7698220014572144
20, 2, 358, 167, -0.7698161602020264
20, 3, 366, 165, -0.7694950103759766
20, 4, 316, 171, -0.7626920342445374
20, 5, 305, 172, -0.762025773525238
20, 6, 295, 173, -0.7622739672660828
20, 7, 383, 165, -0.3884088397026062
20, 8, 284, 173, -0.370464026927948
20, 9, 356, 220, -0.645433783531189
20, 10, 322, 228, -0.6308596730232239
20, 11, 444, 260, -0.07033109664916992
20, 12, 228, 269, -0.2246004045009613
20, 13, 483, 427, -0.27541279792785645
20, 14, 136, 434, -0.6108072400093079
20, 15, 387, 406, -0.9856694936752319
20, 16, 225, 415, -1.4315688610076904
20, 17, 368, 430, -1.1322168111801147
20, 18, 246, 441, -1.602644920349121
20, 19, 331, 424, -1.1215803623199463
20, 20, 278, 430, -1.5952303409576416
20, 21, 330, 414, -0.9974366426467896
20, 22, 277, 420, -1.4411265850067139
20, 23, 418, 585, 0.03599105030298233
20, 24, 249, 584, -0.03273558244109154
20, 25, 418, 830, 0.16632133722305298
20, 26, 255, 827, -0.00996388215571642
20, 27, 415, 1051, 0.6650665998458862
20, 28, 260, 1050, 0.332914263010025
20, 29, 417, 1080, 0.6856356859207153
20, 30, 258, 1080, 0.35160955786705017
20, 31, 394, 1133, 0.20189523696899414
20, 32, 282, 1127, -0.19271712005138397
21, 0, 337, 193, -0.8319800496101379
21, 1, 349, 165, -0.7892274260520935
21, 2, 358, 164, -0.788943886756897
21, 3, 366, 162, -0.7887686491012573
21, 4, 316, 168, -0.7834066152572632
21, 5, 305, 168, -0.7831702828407288
21, 6, 295, 169, -0.783987820148468
21, 7, 383, 164, -0.39705610275268555
21, 8, 284, 171, -0.3822883367538452
21, 9, 356, 217, -0.6515582799911499
21, 10, 322, 224, -0.6800768375396729
21, 11, 444, 260, -0.06809398531913757
21, 12, 227, 269, -0.24775858223438263
21, 13, 483, 427, -0.30825576186180115
21, 14, 136, 434, -0.6290755867958069
21, 15, 396, 421, -1.08777916431427
21, 16, 224, 425, -1.4421477317810059
21, 17, 375, 444, -1.2517192363739014
21, 18, 245, 451, -1.6145137548446655
21, 19, 345, 434, -1.2561967372894287
21, 20, 277, 436, -1.6103336811065674
21, 21, 344, 425, -1.1105271577835083
21, 22, 276, 427, -1.4534482955932617
21, 23, 417, 586, 0.03464498370885849
21, 24, 248, 586, -0.031287781894207
21, 25, 417, 831, 0.1600399762392044
21, 26, 252, 827, -0.03095037117600441
21, 27, 413, 1051, 0.687842071056366
21, 28, 257, 1051, 0.3512524962425232
21, 29, 415, 1081, 0.7092615365982056
21, 30, 255, 1081, 0.37320810556411743
21, 31, 392, 1133, 0.19653186202049255
21, 32, 279, 1127, -0.19353605806827545
22, 0, 337, 184, -0.8217571377754211
22, 1, 350, 155, -0.7663541436195374
22, 2, 359, 155, -0.7665356993675232
22, 3, 366, 154, -0.7661771178245544
22, 4, 318, 157, -0.7762254476547241
22, 5, 307, 158, -0.7761000394821167
22, 6, 296, 159, -0.776803731918335
22, 7, 383, 159, -0.34050875902175903
22, 8, 284, 165, -0.3864228129386902
22, 9, 356, 209, -0.6513307094573975
22, 10, 321, 215, -0.6715420484542847
22, 11, 444, 263, -0.051033031195402145
22, 12, 226, 270, -0.19013795256614685
22, 13, 484, 428, -0.31870606541633606
22, 14, 138, 434, -0.5525060296058655
22, 15, 396, 440, -1.1309963464736938
22, 16, 225, 455, -1.3835333585739136
22, 17, 376, 464, -1.306915044784546
22, 18, 250, 480, -1.5718753337860107
22, 19, 346, 450, -1.322477102279663
22, 20, 278, 454, -1.5974915027618408
22, 21, 345, 440, -1.158835768699646
22, 22, 275, 445, -1.403872013092041
22, 23, 412, 588, 0.019875746220350266
22, 24, 247, 586, -0.016070300713181496
22, 25, 406, 831, 0.037176795303821564
22, 26, 247, 827, -0.06061066314578056
22, 27, 400, 1053, 0.49633464217185974
22, 28, 247, 1051, 0.24193494021892548
22, 29, 401, 1084, 0.5119215250015259
22, 30, 243, 1083, 0.253437340259552
22, 31, 375, 1134, -0.004156955983489752
22, 32, 268, 1127, -0.31153035163879395
23, 0, 337, 181, -0.7673147320747375
23, 1, 350, 151, -0.7209092378616333
23, 2, 359, 151, -0.7212312817573547
23, 3, 367, 150, -0.7212747931480408
23, 4, 318, 154, -0.7273998260498047
23, 5, 307, 154, -0.7274158596992493
23, 6, 297, 155, -0.7280224561691284
23, 7, 383, 156, -0.34946510195732117
23, 8, 284, 162, -0.3734509348869324
23, 9, 356, 207, -0.6171495914459229
23, 10, 321, 211, -0.6256095170974731
23, 11, 445, 265, -0.06206664443016052
23, 12, 224, 271, -0.12747976183891296
23, 13, 481, 432, -0.2748791575431824
23, 14, 142, 434, -0.3309031128883362
23, 15, 393, 464, -0.843898594379425
23, 16, 233, 480, -0.8980790376663208
23, 17, 369, 492, -0.9818052053451538
23, 18, 266, 518, -1.023374080657959
23, 19, 347, 469, -0.9906046986579895
23, 20, 285, 482, -1.0411914587020874
23, 21, 346, 459, -0.8620108366012573
23, 22, 279, 466, -0.9146015048027039
23, 23, 401, 584, -0.028377782553434372
23, 24, 247, 580, 0.03136441856622696
23, 25, 388, 766, -0.5875372290611267
23, 26, 219, 751, -0.497201144695282
23, 27, 377, 1025, -0.369173139333725
23, 28, 233, 1026, -0.4556140899658203
23, 29, 376, 1057, -0.36784839630126953
23, 30, 236, 1064, -0.46811866760253906
23, 31, 344, 1115, -0.8475043177604675
23, 32, 242, 1115, -0.9307055473327637
24, 0, 337, 173, -0.7595741152763367
24, 1, 350, 146, -0.7053359746932983
24, 2, 359, 145, -0.7056893706321716
24, 3, 367, 145, -0.7055563926696777
24, 4, 319, 147, -0.7176358103752136
24, 5, 307, 147, -0.7175482511520386
24, 6, 297, 148, -0.7182188630104065
24, 7, 384, 153, -0.30795004963874817
24, 8, 284, 158, -0.35757651925086975
24, 9, 356, 201, -0.603920578956604
24, 10, 320, 204, -0.6188661456108093
24, 11, 445, 267, -0.042686812579631805
24, 12, 223, 271, -0.13996478915214539
24, 13, 481, 432, -0.2952805161476135
24, 14, 143, 432, -0.4141386151313782
24, 15, 413, 454, -1.027727723121643
24, 16, 228, 473, -1.1418404579162598
24, 17, 400, 479, -1.1969376802444458
24, 18, 264, 507, -1.2923756837844849
24, 19, 369, 460, -1.2238372564315796
24, 20, 267, 473, -1.292965054512024
24, 21, 366, 450, -1.0637763738632202
24, 22, 267, 461, -1.1558537483215332
24, 23, 402, 585, -0.02722812071442604
24, 24, 246, 581, 0.03055504523217678
24, 25, 391, 792, -0.24043019115924835
24, 26, 220, 768, -0.32507646083831787
24, 27, 384, 1043, 0.03844321519136429
24, 28, 236, 1040, -0.2270858734846115
24, 29, 384, 1078, 0.03815043345093727
24, 30, 236, 1083, -0.23688986897468567
24, 31, 354, 1126, -0.4670046269893646
24, 32, 250, 1116, -0.7802608013153076
25, 0, 337, 169, -0.7824581861495972
25, 1, 351, 143, -0.7377997040748596
25, 2, 360, 143, -0.7380730509757996
25, 3, 368, 143, -0.7378551363945007
25, 4, 319, 143, -0.747443675994873
25, 5, 307, 144, -0.7472535371780396
25, 6, 297, 144, -0.747831404209137
25, 7, 385, 151, -0.33767181634902954
25, 8, 284, 155, -0.374263733625412
25, 9, 356, 197, -0.6274499893188477
25, 10, 320, 200, -0.6316125988960266
25, 11, 447, 269, -0.06242607906460762
25, 12, 223, 272, -0.15317177772521973
25, 13, 481, 432, -0.347362756729126
25, 14, 146, 432, -0.414678156375885
25, 15, 414, 451, -1.1263130903244019
25, 16, 232, 473, -1.0612019300460815
25, 17, 400, 473, -1.2944152355194092
25, 18, 271, 510, -1.2049744129180908
25, 19, 374, 455, -1.3151520490646362
25, 20, 270, 471, -1.2200502157211304
25, 21, 372, 446, -1.1562494039535522
25, 22, 273, 460, -1.0781033039093018
25, 23, 399, 585, -0.022460078820586205
25, 24, 245, 581, 0.02575841173529625
25, 25, 379, 791, -0.3575027585029602
25, 26, 218, 764, -0.5270916223526001
25, 27, 381, 1041, -0.10434438288211823
25, 28, 234, 1035, -0.39362388849258423
25, 29, 382, 1076, -0.1049981564283371
25, 30, 235, 1077, -0.3994525074958801
25, 31, 352, 1124, -0.6073397397994995
25, 32, 247, 1111, -0.9174996614456177
26, 0, 338, 168, -0.7853325605392456
26, 1, 352, 141, -0.7513664960861206
26, 2, 361, 141, -0.7516120076179504
26, 3, 370, 142, -0.7513361573219299
26, 4, 321, 141, -0.7611666917800903
26, 5, 309, 142, -0.7609801292419434
26, 6, 297, 143, -0.7615505456924438
26, 7, 386, 151, -0.3524477183818817
26, 8, 284, 153, -0.38869962096214294
26, 9, 357, 197, -0.6349033713340759
26, 10, 320, 199, -0.6395139694213867
26, 11, 449, 272, -0.0928284153342247
26, 12, 221, 273, -0.15367482602596283
26, 13, 478, 434, -0.2864382863044739
26, 14, 141, 433, -0.3969864249229431
26, 15, 419, 477, -0.787825345993042
26, 16, 266, 483, -0.9085103869438171
26, 17, 410, 488, -0.8998064994812012
26, 18, 307, 507, -1.0251753330230713
26, 19, 404, 465, -0.9056458473205566
26, 20, 344, 465, -1.0060878992080688
26, 21, 381, 455, -0.8051730394363403
26, 22, 320, 458, -0.9087710380554199
26, 23, 398, 585, -0.04926551133394241
26, 24, 245, 580, 0.052410610020160675
26, 25, 384, 761, -0.5960382223129272
26, 26, 205, 727, -0.6466859579086304
26, 27, 384, 1020, -0.253765732049942
26, 28, 235, 1018, -0.4516749382019043
26, 29, 385, 1055, -0.2430615872144699
26, 30, 236, 1057, -0.44852662086486816
26, 31, 355, 1108, -0.7534919381141663
26, 32, 244, 1110, -0.9348154067993164
27, 0, 340, 169, -1.1105587482452393
27, 1, 354, 141, -1.065986156463623
27, 2, 362, 141, -1.0660064220428467
27, 3, 371, 142, -1.0660338401794434
27, 4, 323, 142, -1.0758134126663208
27, 5, 310, 142, -1.0756103992462158
27, 6, 299, 143, -1.0761582851409912
27, 7, 387, 150, -0.6718888878822327
27, 8, 284, 152, -0.7088162302970886
27, 9, 357, 197, -0.9549686312675476
27, 10, 320, 200, -0.9647366404533386
27, 11, 451, 276, -0.38950425386428833
27, 12, 216, 277, -0.4241226613521576
27, 13, 476, 446, -0.44894838333129883
27, 14, 122, 439, -0.3846524655818939
27, 15, 430, 537, -0.9138369560241699
27, 16, 82, 557, -0.7752244472503662
27, 17, 424, 561, -1.0396078824996948
27, 18, 67, 600, -0.8758012652397156
27, 19, 412, 545, -1.0560156106948853
27, 20, 90, 593, -0.9525626301765442
27, 21, 404, 535, -0.9347242116928101
27, 22, 98, 578, -0.8192912340164185
27, 23, 399, 605, -0.0491541288793087
27, 24, 241, 603, 0.05318359658122063
27, 25, 385, 862, -0.29634901881217957
27, 26, 213, 859, -0.1203017607331276
27, 27, 378, 1110, 0.2747132182121277
27, 28, 224, 1112, 0.1595115065574646
27, 29, 381, 1148, 0.29739415645599365
27, 30, 222, 1153, 0.16837097704410553
27, 31, 347, 1192, -0.2575330138206482
27, 32, 238, 1190, -0.4328603148460388
28, 0, 340, 169, -1.0507177114486694
28, 1, 354, 141, -0.980514407157898
28, 2, 362, 141, -0.9811928868293762
28, 3, 371, 141, -0.9798412322998047
28, 4, 323, 141, -0.9879863858222961
28, 5, 311, 142, -0.9880945086479187
28, 6, 300, 143, -0.9892008900642395
28, 7, 387, 150, -0.5480042695999146
28, 8, 285, 152, -0.5832725763320923
28, 9, 357, 198, -0.8427606821060181
28, 10, 320, 201, -0.855643630027771
28, 11, 453, 277, -0.2765546441078186
28, 12, 215, 280, -0.3693523705005646
28, 13, 477, 446, -0.2997802197933197
28, 14, 114, 438, -0.2904032766819
28, 15, 443, 557, -0.6630894541740417
28, 16, 32, 557, -0.6048094034194946
28, 17, 436, 591, -0.7462297677993774
28, 18, 0, 595, -0.6845513582229614
28, 19, 419, 582, -0.7735717296600342
28, 20, 21, 600, -0.7672222852706909
28, 21, 415, 568, -0.6889480352401733
28, 22, 37, 587, -0.6502194404602051
28, 23, 399, 614, -0.043427541851997375
28, 24, 240, 612, 0.04738716408610344
28, 25, 386, 880, 0.03835263103246689
28, 26, 225, 880, 0.09713856875896454
28, 27, 383, 1120, 0.6278075575828552
28, 28, 240, 1120, 0.49001604318618774
28, 29, 387, 1158, 0.6635552644729614
28, 30, 237, 1158, 0.5164170861244202
28, 31, 360, 1199, 0.20353099703788757
28, 32, 264, 1197, -0.021076275035738945
29, 0, 340, 168, -1.055557131767273
29, 1, 354, 140, -1.0152113437652588
29, 2, 362, 140, -1.0150926113128662
29, 3, 371, 140, -1.0152173042297363
29, 4, 323, 140, -1.025811791419983
29, 5, 311, 140, -1.0257256031036377
29, 6, 301, 141, -1.0261200666427612
29, 7, 387, 149, -0.6593653559684753
29, 8, 285, 151, -0.6957857012748718
29, 9, 357, 196, -0.9092130661010742
29, 10, 320, 199, -0.918864905834198
29, 11, 455, 279, -0.3878616392612457
29, 12, 214, 281, -0.5118695497512817
29, 13, 478, 446, -0.2990703880786896
29, 14, 108, 439, -0.3380265533924103
29, 15, 478, 588, -0.5495815277099609
29, 16, 32, 580, -0.6752843260765076
29, 17, 483, 628, -0.6126460433006287
29, 18, 1, 619, -0.7457742094993591
29, 19, 464, 626, -0.6608685851097107
29, 20, 23, 626, -0.8345221281051636
29, 21, 457, 611, -0.5815575122833252
29, 22, 39, 613, -0.7206786870956421
29, 23, 401, 621, -0.041333865374326706
29, 24, 240, 620, 0.04464542120695114
29, 25, 390, 895, 0.1416827142238617
29, 26, 230, 895, 0.15293295681476593
29, 27, 391, 1137, 0.800857663154602
29, 28, 242, 1138, 0.6303962469100952
29, 29, 396, 1175, 0.8440611958503723
29, 30, 238, 1177, 0.6667817831039429
29, 31, 370, 1220, 0.38725346326828003
29, 32, 267, 1219, 0.11946769058704376
30, 0, 340, 168, -0.7808811068534851
30, 1, 354, 140, -0.7526326179504395
30, 2, 362, 140, -0.7523631453514099
30, 3, 371, 140, -0.7527275681495667
30, 4, 323, 140, -0.7590445280075073
30, 5, 311, 140, -0.7587630152702332
30, 6, 301, 141, -0.7590547204017639
30, 7, 387, 149, -0.5009140372276306
30, 8, 286, 151, -0.5118647813796997
30, 9, 357, 196, -0.6746121048927307
30, 10, 319, 198, -0.6776395440101624
30, 11, 457, 280, -0.30258414149284363
30, 12, 213, 283, -0.39925235509872437
30, 13, 480, 444, -0.19048631191253662
30, 14, 110, 441, -0.2913880944252014
30, 15, 495, 591, -0.3730851113796234
30, 16, 34, 574, -0.519456148147583
30, 17, 505, 631, -0.42729872465133667
30, 18, 3, 611, -0.5781217813491821
30, 19, 486, 630, -0.47688570618629456
30, 20, 25, 615, -0.6591058969497681
30, 21, 476, 616, -0.40527504682540894
30, 22, 42, 603, -0.5625473260879517
30, 23, 402, 623, -0.032913003116846085
30, 24, 240, 622, 0.03576516732573509
30, 25, 390, 894, 0.05440700799226761
30, 26, 231, 893, 0.03773018717765808
30, 27, 391, 1136, 0.571758508682251
30, 28, 242, 1136, 0.3786943554878235
30, 29, 396, 1172, 0.6003094911575317
30, 30, 238, 1172, 0.40020743012428284
30, 31, 370, 1217, 0.17330428957939148
30, 32, 267, 1213, -0.11039215326309204
31, 0, 340, 168, -0.6796144247055054
31, 1, 354, 140, -0.6485930681228638
31, 2, 362, 140, -0.6483054161071777
31, 3, 371, 140, -0.6486347317695618
31, 4, 323, 140, -0.6561506986618042
31, 5, 311, 141, -0.6557931303977966
31, 6, 301, 141, -0.656108021736145
31, 7, 387, 149, -0.3791969418525696
31, 8, 286, 151, -0.3978012204170227
31, 9, 357, 196, -0.5707209706306458
31, 10, 319, 198, -0.5752238035202026
31, 11, 458, 283, -0.23165802657604218
31, 12, 212, 284, -0.35337579250335693
31, 13, 480, 445, -0.14089784026145935
31, 14, 112, 441, -0.24080106616020203
31, 15, 499, 605, -0.3446124494075775
31, 16, 40, 576, -0.4612916111946106
31, 17, 509, 649, -0.3998106122016907
31, 18, 9, 614, -0.5178837776184082
31, 19, 489, 648, -0.4449346959590912
31, 20, 30, 619, -0.5986607074737549
31, 21, 480, 631, -0.3762998580932617
31, 22, 47, 606, -0.5051543712615967
31, 23, 401, 635, -0.029136573895812035
31, 24, 236, 631, 0.032162610441446304
31, 25, 388, 908, 0.029169831424951553
31, 26, 227, 903, 0.013115398585796356
31, 27, 386, 1151, 0.5222569704055786
31, 28, 231, 1147, 0.3275451064109802
31, 29, 390, 1189, 0.5479189157485962
31, 30, 226, 1185, 0.3466506600379944
31, 31, 365, 1232, 0.12414403259754181
31, 32, 257, 1227, -0.1584862917661667
32, 0, 340, 168, -0.760270893573761
32, 1, 354, 140, -0.7245622873306274
32, 2, 362, 140, -0.7244046926498413
32, 3, 371, 140, -0.7246264219284058
32, 4, 323, 141, -0.7336711287498474
32, 5, 311, 141, -0.733401358127594
32, 6, 301, 141, -0.7337728142738342
32, 7, 387, 149, -0.3990229368209839
32, 8, 286, 151, -0.40375828742980957
32, 9, 357, 196, -0.6342064738273621
32, 10, 319, 198, -0.6412855386734009
32, 11, 458, 284, -0.24183106422424316
32, 12, 209, 285, -0.3665993809700012
32, 13, 480, 446, -0.16616132855415344
32, 14, 111, 441, -0.28773996233940125
32, 15, 489, 606, -0.36904457211494446
32, 16, 35, 571, -0.5296593904495239
32, 17, 497, 648, -0.42127513885498047
32, 18, 3, 608, -0.5916346311569214
32, 19, 477, 648, -0.471362829208374
32, 20, 23, 613, -0.6695998311042786
32, 21, 469, 632, -0.4015074372291565
32, 22, 40, 601, -0.5722827911376953
32, 23, 402, 635, -0.02726145088672638
32, 24, 236, 631, 0.030157899484038353
32, 25, 388, 907, 0.051986295729875565
32, 26, 227, 905, 0.03544893488287926
32, 27, 386, 1152, 0.5843466520309448
32, 28, 230, 1150, 0.38419634103775024
32, 29, 389, 1189, 0.6145428419113159
32, 30, 226, 1187, 0.40602391958236694
32, 31, 364, 1233, 0.18241716921329498
32, 32, 254, 1229, -0.1132509708404541
33, 0, 340, 168, -0.7566474080085754
33, 1, 354, 140, -0.7188165783882141
33, 2, 362, 140, -0.7185890078544617
33, 3, 371, 140, -0.7189077138900757
33, 4, 323, 140, -0.7309861183166504
33, 5, 312, 140, -0.7306760549545288
33, 6, 301, 141, -0.7309635877609253
33, 7, 387, 149, -0.40714558959007263
33, 8, 286, 151, -0.43531376123428345
33, 9, 357, 196, -0.6359559893608093
33, 10, 319, 198, -0.6469074487686157
33, 11, 458, 285, -0.23760731518268585
33, 12, 207, 287, -0.35781365633010864
33, 13, 480, 447, -0.15651921927928925
33, 14, 108, 443, -0.2961113452911377
33, 15, 492, 611, -0.35394227504730225
33, 16, 42, 581, -0.5313795208930969
33, 17, 502, 654, -0.408334881067276
33, 18, 14, 619, -0.5911906957626343
33, 19, 482, 655, -0.4580945372581482
33, 20, 37, 625, -0.6634171605110168
33, 21, 473, 639, -0.3867124617099762
33, 22, 52, 612, -0.5707846879959106
33, 23, 402, 637, -0.02647024765610695
33, 24, 236, 634, 0.02942383661866188
33, 25, 387, 911, 0.025940245017409325
33, 26, 227, 910, 0.02422567829489708
33, 27, 386, 1157, 0.5405904650688171
33, 28, 231, 1155, 0.3597955107688904
33, 29, 389, 1195, 0.5684424042701721
33, 30, 227, 1193, 0.3804316520690918
33, 31, 365, 1237, 0.13463158905506134
33, 32, 254, 1233, -0.13571886718273163
34, 0, 342, 167, -0.8870114088058472
34, 1, 355, 139, -0.8377636075019836
34, 2, 363, 139, -0.8375891447067261
34, 3, 372, 140, -0.8380872011184692
34, 4, 325, 138, -0.8554146885871887
34, 5, 313, 138, -0.8550797700881958
34, 6, 303, 138, -0.8553347587585449
34, 7, 387, 150, -0.4808097779750824
34, 8, 286, 151, -0.5445237755775452
34, 9, 358, 195, -0.7499291896820068
34, 10, 320, 196, -0.7678436040878296
34, 11, 458, 286, -0.25148504972457886
34, 12, 206, 288, -0.41856303811073303
34, 13, 480, 447, -0.11768140643835068
34, 14, 107, 443, -0.3107694983482361
34, 15, 497, 609, -0.3323734402656555
34, 16, 39, 587, -0.5910702347755432
34, 17, 510, 655, -0.3835943341255188
34, 18, 10, 626, -0.6617311835289001
34, 19, 491, 659, -0.4529111981391907
34, 20, 33, 636, -0.7406024932861328
34, 21, 481, 640, -0.37366238236427307
34, 22, 47, 621, -0.6336103081703186
34, 23, 402, 639, -0.02601766027510166
34, 24, 235, 637, 0.02898595668375492
34, 25, 388, 914, 0.03744180127978325
34, 26, 228, 914, 0.06449026614427567
34, 27, 387, 1161, 0.6225540041923523
34, 28, 231, 1160, 0.46580037474632263
34, 29, 390, 1201, 0.6562893986701965
34, 30, 227, 1200, 0.4909916818141937
34, 31, 368, 1240, 0.18617966771125793
34, 32, 256, 1238, -0.06658586114645004
35, 0, 345, 167, -0.8905765414237976
35, 1, 357, 139, -0.8443645238876343
35, 2, 365, 139, -0.8441691398620605
35, 3, 374, 140, -0.8445904850959778
35, 4, 328, 138, -0.8625307083129883
35, 5, 316, 137, -0.8622430562973022
35, 6, 306, 137, -0.8625167608261108
35, 7, 388, 150, -0.491818368434906
35, 8, 286, 151, -0.5633652210235596
35, 9, 360, 195, -0.7543789744377136
35, 10, 321, 196, -0.7733983993530273
35, 11, 458, 287, -0.2540535628795624
35, 12, 205, 288, -0.4264727234840393
35, 13, 480, 447, -0.1095845103263855
35, 14, 106, 443, -0.3175649046897888
35, 15, 497, 607, -0.30803775787353516
35, 16, 44, 584, -0.5945092439651489
35, 17, 509, 651, -0.3591774106025696
35, 18, 18, 623, -0.6637000441551208
35, 19, 491, 655, -0.4266839921474457
35, 20, 41, 631, -0.7402480244636536
35, 21, 481, 637, -0.3481462597846985
35, 22, 55, 616, -0.6351838111877441
35, 23, 402, 639, -0.024823976680636406
35, 24, 235, 637, 0.027724191546440125
35, 25, 388, 914, 0.05170314386487007
35, 26, 228, 914, 0.05703394487500191
35, 27, 388, 1162, 0.6393454074859619
35, 28, 231, 1161, 0.4587213397026062
35, 29, 391, 1201, 0.6731885671615601
35, 30, 228, 1200, 0.484717458486557
35, 31, 370, 1242, 0.21448858082294464
35, 32, 257, 1238, -0.0660688653588295
36, 0, 346, 167, -0.806276798248291
36, 1, 358, 139, -0.7644393444061279
36, 2, 365, 139, -0.7641081213951111
36, 3, 375, 140, -0.7644903063774109
36, 4, 328, 138, -0.7819068431854248
36, 5, 316, 137, -0.7815207242965698
36, 6, 306, 137, -0.7817391157150269
36, 7, 389, 150, -0.4457833766937256
36, 8, 286, 151, -0.5198484659194946
36, 9, 361, 195, -0.6837901473045349
36, 10, 322, 196, -0.7023571729660034
36, 11, 458, 288, -0.25295889377593994
36, 12, 205, 289, -0.40217527747154236
36, 13, 480, 447, -0.1385108083486557
36, 14, 104, 445, -0.3192724883556366
36, 15, 495, 614, -0.3578133285045624
36, 16, 38, 587, -0.5512568950653076
36, 17, 506, 657, -0.41300806403160095
36, 18, 9, 625, -0.6113582849502563
36, 19, 487, 660, -0.46842876076698303
36, 20, 32, 633, -0.6866232752799988
36, 21, 478, 643, -0.3940132260322571
36, 22, 47, 619, -0.5919514298439026
36, 23, 401, 642, -0.021498512476682663
36, 24, 233, 639, 0.02450176328420639
36, 25, 387, 919, 0.03899451345205307
36, 26, 228, 918, 0.036519333720207214
36, 27, 387, 1168, 0.5894920229911804
36, 28, 231, 1165, 0.41379743814468384
36, 29, 390, 1207, 0.6194866299629211
36, 30, 227, 1204, 0.43664318323135376
36, 31, 370, 1248, 0.1659870147705078
36, 32, 256, 1243, -0.11041660606861115
