0, 0, 340, 144, -1.2848663330078125
0, 1, 360, 118, -1.2550506591796875
0, 2, 371, 118, -1.2550157308578491
0, 3, 381, 118, -1.2550281286239624
0, 4, 323, 118, -1.2485240697860718
0, 5, 310, 118, -1.2488408088684082
0, 6, 301, 119, -1.2494165897369385
0, 7, 406, 131, -0.9678970575332642
0, 8, 289, 131, -0.9284319877624512
0, 9, 362, 174, -1.1703637838363647
0, 10, 320, 175, -1.1600797176361084
0, 11, 471, 261, -0.7563073039054871
0, 12, 231, 248, -0.6328929662704468
0, 13, 516, 450, -0.8428213000297546
0, 14, 126, 408, -0.5425518751144409
0, 15, 394, 495, -1.1108574867248535
0, 16, 51, 545, -0.852591872215271
0, 17, 336, 502, -1.2026368379592896
0, 18, 23, 588, -0.9334915280342102
0, 19, 326, 474, -1.17550528049469
0, 20, 42, 585, -1.0126051902770996
0, 21, 343, 464, -1.1052194833755493
0, 22, 58, 571, -0.8973690271377563
0, 23, 407, 532, -0.06490116566419601
0, 24, 256, 527, 0.0681915208697319
0, 25, 395, 763, -0.07150164246559143
0, 26, 242, 752, -0.01661931909620762
0, 27, 382, 966, 0.437865674495697
0, 28, 239, 962, 0.34301459789276123
0, 29, 387, 1000, 0.4647808074951172
0, 30, 240, 999, 0.3611324429512024
0, 31, 353, 1047, 0.03398223966360092
0, 32, 251, 1039, -0.11895265430212021
1, 0, 339, 148, -1.2915085554122925
1, 1, 358, 120, -1.26911461353302
1, 2, 370, 119, -1.2690098285675049
1, 3, 380, 119, -1.2690216302871704
1, 4, 322, 122, -1.2592573165893555
1, 5, 310, 122, -1.2593955993652344
1, 6, 300, 122, -1.2598581314086914
1, 7, 401, 131, -0.984588623046875
1, 8, 289, 131, -0.9286444783210754
1, 9, 361, 175, -1.1752524375915527
1, 10, 319, 177, -1.161057949066162
1, 11, 471, 261, -0.7584332823753357
1, 12, 230, 247, -0.6351302862167358
1, 13, 512, 450, -0.8483381271362305
1, 14, 127, 407, -0.5232223272323608
1, 15, 390, 495, -1.1211847066879272
1, 16, 50, 550, -0.791314959526062
1, 17, 332, 504, -1.209445595741272
1, 18, 18, 592, -0.8545265197753906
1, 19, 321, 474, -1.1758720874786377
1, 20, 38, 596, -0.9366821050643921
1, 21, 340, 463, -1.1122639179229736
1, 22, 55, 581, -0.8354998826980591
1, 23, 407, 533, -0.07049792259931564
1, 24, 255, 529, 0.0738278180360794
1, 25, 396, 773, 0.0041901301592588425
1, 26, 246, 768, 0.1801220327615738
1, 27, 385, 985, 0.6023654341697693
1, 28, 249, 986, 0.6326536536216736
1, 29, 390, 1021, 0.6409093141555786
1, 30, 250, 1024, 0.6637684106826782
1, 31, 356, 1069, 0.2023746222257614
1, 32, 261, 1065, 0.16792498528957367
2, 0, 339, 149, -1.2888667583465576
2, 1, 358, 121, -1.2674930095672607
2, 2, 369, 120, -1.2673300504684448
2, 3, 379, 120, -1.267325758934021
2, 4, 321, 123, -1.2571966648101807
2, 5, 310, 124, -1.2571860551834106
2, 6, 300, 124, -1.2575627565383911
2, 7, 398, 131, -0.9646302461624146
2, 8, 289, 131, -0.9048131108283997
2, 9, 361, 175, -1.165930986404419
2, 10, 318, 177, -1.150092601776123
2, 11, 471, 261, -0.7337932586669922
2, 12, 230, 247, -0.6124802827835083
2, 13, 511, 450, -0.8449355363845825
2, 14, 127, 407, -0.48658251762390137
2, 15, 387, 494, -1.1583281755447388
2, 16, 50, 552, -0.7681634426116943
2, 17, 331, 502, -1.2550674676895142
2, 18, 18, 593, -0.8336918950080872
2, 19, 320, 472, -1.2182260751724243
2, 20, 38, 599, -0.9175998568534851
2, 21, 339, 462, -1.1504490375518799
2, 22, 55, 584, -0.8124977946281433
2, 23, 408, 541, -0.07481764256954193
2, 24, 255, 537, 0.07829596102237701
2, 25, 396, 787, 0.04355969280004501
2, 26, 246, 784, 0.23313692212104797
2, 27, 387, 1002, 0.6602109670639038
2, 28, 252, 1003, 0.6844053864479065
2, 29, 392, 1037, 0.7003764510154724
2, 30, 252, 1040, 0.7153425812721252
2, 31, 357, 1085, 0.24539880454540253
2, 32, 266, 1084, 0.2072421759366989
3, 0, 339, 149, -1.2890441417694092
3, 1, 358, 121, -1.2668571472167969
3, 2, 369, 120, -1.2667138576507568
3, 3, 378, 120, -1.266709566116333
3, 4, 321, 124, -1.256899118423462
3, 5, 310, 124, -1.2569090127944946
3, 6, 300, 125, -1.2572975158691406
3, 7, 397, 130, -0.9637699127197266
3, 8, 289, 131, -0.9029489755630493
3, 9, 361, 175, -1.1660503149032593
3, 10, 318, 177, -1.1501855850219727
3, 11, 471, 260, -0.7337080240249634
3, 12, 230, 247, -0.6140219569206238
3, 13, 511, 450, -0.8451340794563293
3, 14, 126, 408, -0.48969951272010803
3, 15, 387, 493, -1.171849012374878
3, 16, 49, 564, -0.7709326148033142
3, 17, 334, 500, -1.2705601453781128
3, 18, 17, 607, -0.8383630514144897
3, 19, 324, 470, -1.231747031211853
3, 20, 38, 615, -0.9205789566040039
3, 21, 339, 462, -1.1633718013763428
3, 22, 55, 599, -0.8147919774055481
3, 23, 409, 544, -0.07722769677639008
3, 24, 255, 542, 0.08065323531627655
3, 25, 400, 793, 0.07690194249153137
3, 26, 249, 793, 0.3092532753944397
3, 27, 395, 1010, 0.7283649444580078
3, 28, 260, 1013, 0.8234133720397949
3, 29, 401, 1046, 0.7728118300437927
3, 30, 261, 1050, 0.8616307377815247
3, 31, 367, 1094, 0.3200286328792572
3, 32, 277, 1095, 0.35763999819755554
4, 0, 339, 149, -1.2835372686386108
4, 1, 358, 122, -1.2607924938201904
4, 2, 369, 120, -1.260669231414795
4, 3, 378, 120, -1.2607111930847168
4, 4, 321, 124, -1.2516742944717407
4, 5, 310, 124, -1.2516331672668457
4, 6, 300, 125, -1.2519721984863281
4, 7, 396, 130, -0.9514113664627075
4, 8, 288, 131, -0.8944392204284668
4, 9, 360, 175, -1.1576192378997803
4, 10, 318, 177, -1.1421629190444946
4, 11, 471, 260, -0.718900740146637
4, 12, 230, 247, -0.606111466884613
4, 13, 511, 451, -0.822115421295166
4, 14, 126, 409, -0.4663817286491394
4, 15, 390, 492, -1.1665958166122437
4, 16, 48, 566, -0.7375287413597107
4, 17, 338, 499, -1.268829107284546
4, 18, 16, 607, -0.8009647130966187
4, 19, 331, 469, -1.2277191877365112
4, 20, 37, 616, -0.8853902816772461
4, 21, 342, 461, -1.158746600151062
4, 22, 53, 600, -0.7821471691131592
4, 23, 410, 548, -0.07700376212596893
4, 24, 255, 546, 0.08042140305042267
4, 25, 402, 798, 0.09707687795162201
4, 26, 250, 798, 0.3499048352241516
4, 27, 398, 1015, 0.7636132836341858
4, 28, 261, 1017, 0.8917838335037231
4, 29, 403, 1052, 0.8106364011764526
4, 30, 262, 1055, 0.9334288835525513
4, 31, 369, 1098, 0.3615265488624573
4, 32, 278, 1099, 0.4356285631656647
5, 0, 339, 150, -1.2833129167556763
5, 1, 357, 122, -1.2607256174087524
5, 2, 369, 121, -1.2606019973754883
5, 3, 378, 120, -1.2606449127197266
5, 4, 321, 124, -1.2514466047286987
5, 5, 310, 124, -1.2514022588729858
5, 6, 300, 125, -1.2517379522323608
5, 7, 396, 130, -0.9525126218795776
5, 8, 288, 131, -0.8949154615402222
5, 9, 360, 175, -1.157836675643921
5, 10, 318, 178, -1.1420989036560059
5, 11, 472, 260, -0.7214677333831787
5, 12, 230, 247, -0.6068932414054871
5, 13, 512, 451, -0.8238931894302368
5, 14, 126, 410, -0.47193652391433716
5, 15, 390, 491, -1.1584047079086304
5, 16, 47, 567, -0.7466864585876465
5, 17, 339, 499, -1.2574424743652344
5, 18, 15, 609, -0.8110322952270508
5, 19, 332, 469, -1.2209866046905518
5, 20, 35, 616, -0.8951417803764343
5, 21, 342, 461, -1.1511695384979248
5, 22, 52, 601, -0.7912646532058716
5, 23, 412, 550, -0.07753966748714447
5, 24, 255, 548, 0.08093996345996857
5, 25, 404, 800, 0.08618663996458054
5, 26, 251, 799, 0.3446500897407532
5, 27, 399, 1017, 0.740216851234436
5, 28, 262, 1020, 0.8751507997512817
5, 29, 405, 1054, 0.7853714823722839
5, 30, 262, 1058, 0.9151058197021484
5, 31, 370, 1102, 0.33410030603408813
5, 32, 279, 1103, 0.41416722536087036
6, 0, 339, 150, -1.280648112297058
6, 1, 357, 122, -1.2559549808502197
6, 2, 369, 121, -1.255837321281433
6, 3, 378, 120, -1.2558598518371582
6, 4, 321, 124, -1.248252034187317
6, 5, 310, 124, -1.2481911182403564
6, 6, 300, 125, -1.2485275268554688
6, 7, 396, 130, -0.9376304745674133
6, 8, 288, 131, -0.8887139558792114
6, 9, 360, 175, -1.151928186416626
6, 10, 318, 178, -1.1381564140319824
6, 11, 472, 260, -0.7025471329689026
6, 12, 229, 247, -0.6000725030899048
6, 13, 512, 451, -0.8153843879699707
6, 14, 126, 410, -0.4737269878387451
6, 15, 388, 491, -1.1561802625656128
6, 16, 47, 566, -0.7566119432449341
6, 17, 338, 500, -1.2562934160232544
6, 18, 15, 608, -0.824498176574707
6, 19, 332, 469, -1.2207967042922974
6, 20, 35, 615, -0.9090040922164917
6, 21, 341, 462, -1.1494017839431763
6, 22, 52, 600, -0.8017175793647766
6, 23, 412, 551, -0.07745558023452759
6, 24, 255, 549, 0.08084283769130707
6, 25, 404, 801, 0.08739335834980011
6, 26, 252, 801, 0.3133729100227356
6, 27, 400, 1018, 0.7354596853256226
6, 28, 265, 1022, 0.8186964988708496
6, 29, 405, 1055, 0.7797837853431702
6, 30, 265, 1060, 0.8553813695907593
6, 31, 372, 1102, 0.3248031735420227
6, 32, 281, 1104, 0.34816214442253113
7, 0, 339, 150, -1.2813990116119385
7, 1, 357, 122, -1.2562328577041626
7, 2, 369, 121, -1.2561063766479492
7, 3, 378, 120, -1.2561277151107788
7, 4, 321, 124, -1.2493830919265747
7, 5, 310, 124, -1.2493219375610352
7, 6, 300, 125, -1.2496498823165894
7, 7, 396, 129, -0.9384767413139343
7, 8, 288, 131, -0.8912064433097839
7, 9, 360, 175, -1.1528068780899048
7, 10, 318, 178, -1.1388530731201172
7, 11, 472, 260, -0.702762246131897
7, 12, 229, 247, -0.6016431450843811
7, 13, 511, 451, -0.8133558034896851
7, 14, 126, 410, -0.4773392081260681
7, 15, 385, 492, -1.1531356573104858
7, 16, 48, 565, -0.7601598501205444
7, 17, 338, 505, -1.2520411014556885
7, 18, 18, 607, -0.8268390893936157
7, 19, 324, 470, -1.2170336246490479
7, 20, 38, 614, -0.9109662771224976
7, 21, 339, 462, -1.146322250366211
7, 22, 54, 599, -0.8044571876525879
7, 23, 412, 552, -0.07745356857776642
7, 24, 255, 550, 0.08083276450634003
7, 25, 405, 802, 0.07137797027826309
7, 26, 254, 803, 0.3043058514595032
7, 27, 401, 1020, 0.7040234804153442
7, 28, 267, 1025, 0.7915768027305603
7, 29, 406, 1056, 0.7467502951622009
7, 30, 268, 1062, 0.8264484405517578
7, 31, 374, 1103, 0.29286861419677734
7, 32, 283, 1105, 0.3202555775642395
8, 0, 339, 150, -1.1289660930633545
8, 1, 358, 122, -1.103022575378418
8, 2, 369, 121, -1.1029083728790283
8, 3, 378, 120, -1.1029211282730103
8, 4, 322, 124, -1.100435495376587
8, 5, 311, 124, -1.1004806756973267
8, 6, 300, 125, -1.1008837223052979
8, 7, 396, 129, -0.8098006248474121
8, 8, 288, 131, -0.7836670279502869
8, 9, 361, 175, -1.0093419551849365
8, 10, 318, 178, -1.0024616718292236
8, 11, 472, 260, -0.5964232683181763
8, 12, 229, 248, -0.5441471338272095
8, 13, 509, 450, -0.692414402961731
8, 14, 126, 410, -0.4461185038089752
8, 15, 382, 493, -0.9817239046096802
8, 16, 51, 564, -0.6932530403137207
8, 17, 338, 517, -1.0665390491485596
8, 18, 21, 605, -0.7539785504341125
8, 19, 321, 472, -1.033112645149231
8, 20, 42, 611, -0.8300127983093262
8, 21, 333, 462, -0.9754523038864136
8, 22, 57, 597, -0.7335182428359985
8, 23, 412, 553, -0.06386587023735046
8, 24, 255, 552, 0.06699160486459732
8, 25, 405, 803, 0.06523067504167557
8, 26, 255, 803, 0.21224120259284973
8, 27, 401, 1021, 0.6982977986335754
8, 28, 268, 1024, 0.5908908247947693
8, 29, 406, 1056, 0.7377091646194458
8, 30, 268, 1060, 0.6171190738677979
8, 31, 374, 1103, 0.27268660068511963
8, 32, 283, 1104, 0.13915285468101501
9, 0, 340, 150, -1.1648849248886108
9, 1, 358, 122, -1.1361781358718872
9, 2, 369, 121, -1.1360821723937988
9, 3, 378, 120, -1.1360738277435303
9, 4, 323, 124, -1.132590413093567
9, 5, 312, 124, -1.132599115371704
9, 6, 302, 125, -1.1329997777938843
9, 7, 396, 129, -0.8280657529830933
9, 8, 289, 131, -0.7989722490310669
9, 9, 361, 175, -1.0405268669128418
9, 10, 318, 178, -1.0327171087265015
9, 11, 472, 260, -0.6073924899101257
9, 12, 229, 248, -0.5422533750534058
9, 13, 508, 450, -0.7135359048843384
9, 14, 126, 409, -0.43684154748916626
9, 15, 382, 494, -1.035504937171936
9, 16, 53, 557, -0.7019326090812683
9, 17, 339, 517, -1.1278506517410278
9, 18, 24, 597, -0.7674015760421753
9, 19, 321, 472, -1.0952497720718384
9, 20, 45, 604, -0.8475643396377563
9, 21, 333, 462, -1.0300712585449219
9, 22, 60, 590, -0.7444065809249878
9, 23, 412, 554, -0.06074759364128113
9, 24, 255, 553, 0.06398139148950577
9, 25, 405, 804, 0.07408253103494644
9, 26, 257, 803, 0.2111387699842453
9, 27, 401, 1021, 0.6926034688949585
9, 28, 270, 1024, 0.6149340867996216
9, 29, 406, 1056, 0.7332109212875366
9, 30, 270, 1060, 0.6435219645500183
9, 31, 375, 1103, 0.28865480422973633
9, 32, 285, 1102, 0.15722554922103882
10, 0, 341, 150, -1.1166037321090698
10, 1, 359, 122, -1.0968735218048096
10, 2, 370, 121, -1.0966718196868896
10, 3, 378, 121, -1.0968518257141113
10, 4, 325, 124, -1.0946451425552368
10, 5, 314, 124, -1.0948007106781006
10, 6, 305, 125, -1.0952118635177612
10, 7, 396, 130, -0.8094629049301147
10, 8, 290, 131, -0.7879165410995483
10, 9, 361, 176, -0.9961739778518677
10, 10, 319, 179, -0.9900299906730652
10, 11, 472, 260, -0.5740143060684204
10, 12, 229, 247, -0.5320871472358704
10, 13, 507, 449, -0.6074258089065552
10, 14, 131, 405, -0.3993780314922333
10, 15, 382, 496, -0.8794327974319458
10, 16, 53, 519, -0.6491618752479553
10, 17, 345, 522, -0.9620807766914368
10, 18, 24, 553, -0.7119337320327759
10, 19, 322, 475, -0.948229193687439
10, 20, 44, 553, -0.7994465827941895
10, 21, 333, 463, -0.8791635632514954
10, 22, 59, 543, -0.6935766935348511
10, 23, 410, 555, -0.038511332124471664
10, 24, 257, 513, 0.04121408611536026
10, 25, 402, 803, 0.15910503268241882
10, 26, 249, 802, 0.21165156364440918
10, 27, 393, 1019, 0.7914626598358154
10, 28, 253, 1021, 0.63718181848526
10, 29, 396, 1054, 0.8382704854011536
10, 30, 252, 1058, 0.6718848347663879
10, 31, 369, 1101, 0.4426557421684265
10, 32, 268, 1100, 0.2105790078639984
11, 0, 341, 151, -0.9637702703475952
11, 1, 360, 122, -0.9363924264907837
11, 2, 370, 121, -0.9362220764160156
11, 3, 378, 121, -0.9363365173339844
11, 4, 325, 124, -0.9339432716369629
11, 5, 314, 124, -0.9338509440422058
11, 6, 305, 125, -0.9341338872909546
11, 7, 396, 130, -0.629950225353241
11, 8, 291, 131, -0.6128731369972229
11, 9, 361, 176, -0.8399673700332642
11, 10, 320, 179, -0.8353997468948364
11, 11, 471, 260, -0.4251163601875305
11, 12, 229, 247, -0.3684583306312561
11, 13, 507, 449, -0.470337450504303
11, 14, 145, 397, -0.4206399917602539
11, 15, 383, 496, -0.7693189978599548
11, 16, 86, 463, -1.0506503582000732
11, 17, 351, 524, -0.8574248552322388
11, 18, 45, 474, -1.1644103527069092
11, 19, 326, 476, -0.8479401469230652
11, 20, 60, 466, -1.2293652296066284
11, 21, 336, 464, -0.7710045576095581
11, 22, 80, 463, -1.0952732563018799
11, 23, 408, 555, -0.03547155484557152
11, 24, 254, 525, 0.03826854005455971
11, 25, 397, 802, 0.14349365234375
11, 26, 247, 797, 0.19035863876342773
11, 27, 386, 1016, 0.7470993995666504
11, 28, 248, 1011, 0.6210855841636658
11, 29, 388, 1048, 0.7885314226150513
11, 30, 246, 1043, 0.6528227925300598
11, 31, 359, 1092, 0.37037554383277893
11, 32, 263, 1087, 0.17562150955200195
12, 0, 342, 150, -0.9797512888908386
12, 1, 361, 122, -0.9447665214538574
12, 2, 371, 121, -0.9446198344230652
12, 3, 380, 121, -0.9447339773178101
12, 4, 326, 123, -0.9448569416999817
12, 5, 315, 123, -0.944710373878479
12, 6, 306, 123, -0.9449661374092102
12, 7, 397, 130, -0.6075268983840942
12, 8, 290, 130, -0.5978004932403564
12, 9, 362, 176, -0.8450215458869934
12, 10, 320, 179, -0.8426265716552734
12, 11, 470, 258, -0.3973998427391052
12, 12, 228, 247, -0.32661357522010803
12, 13, 505, 443, -0.44951075315475464
12, 14, 146, 386, -0.30533772706985474
12, 15, 385, 496, -0.7976729869842529
12, 16, 94, 475, -0.9728347659111023
12, 17, 358, 524, -0.8960502743721008
12, 18, 69, 504, -1.0349979400634766
12, 19, 333, 478, -0.8896319270133972
12, 20, 84, 498, -1.1286940574645996
12, 21, 342, 464, -0.8028990626335144
12, 22, 96, 487, -1.034598469734192
12, 23, 409, 554, -0.038007088005542755
12, 24, 254, 535, 0.04101381078362465
12, 25, 402, 801, 0.15968243777751923
12, 26, 251, 797, 0.2069360464811325
12, 27, 391, 1016, 0.8346470594406128
12, 28, 253, 1013, 0.6988379955291748
12, 29, 392, 1050, 0.8806037902832031
12, 30, 252, 1046, 0.7338142991065979
12, 31, 366, 1092, 0.4170962870121002
12, 32, 271, 1091, 0.2010854184627533
13, 0, 342, 153, -1.0223124027252197
13, 1, 361, 125, -1.0108062028884888
13, 2, 371, 124, -1.0105817317962646
13, 3, 380, 124, -1.0106269121170044
13, 4, 326, 125, -1.002474069595337
13, 5, 315, 125, -1.002840280532837
13, 6, 306, 124, -1.0034840106964111
13, 7, 397, 131, -0.6951954960823059
13, 8, 290, 130, -0.6789196133613586
13, 9, 361, 179, -0.929576575756073
13, 10, 320, 181, -0.9219362139701843
13, 11, 468, 258, -0.45163455605506897
13, 12, 226, 248, -0.3646843731403351
13, 13, 506, 443, -0.53016597032547
13, 14, 145, 411, -0.4817023277282715
13, 15, 384, 495, -0.8468438386917114
13, 16, 139, 444, -1.272751808166504
13, 17, 356, 523, -0.9558632969856262
13, 18, 136, 461, -1.4130241870880127
13, 19, 328, 474, -0.9993896484375
13, 20, 148, 440, -1.447556734085083
13, 21, 341, 464, -0.8057686686515808
13, 22, 155, 436, -1.3061513900756836
13, 23, 409, 560, -0.040232568979263306
13, 24, 252, 551, 0.04327164590358734
13, 25, 402, 808, 0.14614823460578918
13, 26, 250, 805, 0.2033163607120514
13, 27, 390, 1024, 0.8066891431808472
13, 28, 253, 1022, 0.6950443387031555
13, 29, 392, 1056, 0.8468770980834961
13, 30, 251, 1052, 0.7285441160202026
13, 31, 364, 1102, 0.394726037979126
13, 32, 270, 1103, 0.1649903953075409
14, 0, 342, 155, -1.1662706136703491
14, 1, 361, 128, -1.1448532342910767
14, 2, 372, 127, -1.144641637802124
14, 3, 380, 127, -1.1442883014678955
14, 4, 326, 127, -1.1427273750305176
14, 5, 315, 126, -1.1428048610687256
14, 6, 306, 125, -1.143090009689331
14, 7, 398, 133, -0.7795066237449646
14, 8, 290, 130, -0.7681714296340942
14, 9, 361, 182, -1.0271480083465576
14, 10, 320, 183, -1.0237375497817993
14, 11, 466, 256, -0.49907049536705017
14, 12, 225, 248, -0.4552122950553894
14, 13, 507, 445, -0.520979106426239
14, 14, 139, 442, -0.7916346788406372
14, 15, 388, 496, -0.817975640296936
14, 16, 183, 327, -1.5167920589447021
14, 17, 372, 527, -0.8941553235054016
14, 18, 190, 286, -1.6509344577789307
14, 19, 338, 473, -0.8890698552131653
14, 20, 197, 264, -1.6198238134384155
14, 21, 347, 463, -0.8111549615859985
14, 22, 202, 278, -1.5168960094451904
14, 23, 410, 559, -0.024249877780675888
14, 24, 254, 524, 0.026665106415748596
14, 25, 402, 803, 0.2510388195514679
14, 26, 251, 802, 0.22400975227355957
14, 27, 392, 1009, 0.9640833735466003
14, 28, 254, 1004, 0.773637592792511
14, 29, 394, 1036, 1.0105081796646118
14, 30, 252, 1028, 0.8180691003799438
14, 31, 369, 1087, 0.5470037460327148
14, 32, 272, 1088, 0.2858690321445465
15, 0, 343, 159, -1.164817214012146
15, 1, 362, 131, -1.143042802810669
15, 2, 373, 131, -1.1427886486053467
15, 3, 381, 131, -1.1425039768218994
15, 4, 327, 130, -1.1412756443023682
15, 5, 315, 128, -1.1413183212280273
15, 6, 306, 127, -1.141561508178711
15, 7, 399, 137, -0.7882675528526306
15, 8, 290, 132, -0.7773678302764893
15, 9, 361, 187, -1.0264308452606201
15, 10, 320, 187, -1.0225965976715088
15, 11, 464, 255, -0.5090469717979431
15, 12, 224, 250, -0.5002369284629822
15, 13, 507, 446, -0.4785013198852539
15, 14, 137, 451, -0.8103889226913452
15, 15, 394, 497, -0.7201846837997437
15, 16, 199, 309, -1.4581586122512817
15, 17, 387, 533, -0.7773514986038208
15, 18, 206, 261, -1.5812218189239502
15, 19, 368, 499, -0.7676504254341125
15, 20, 217, 240, -1.5410850048065186
15, 21, 357, 463, -0.7170727849006653
15, 22, 225, 255, -1.4521362781524658
15, 23, 411, 559, -0.01095558237284422
15, 24, 257, 512, 0.013059666380286217
15, 25, 402, 801, 0.258958637714386
15, 26, 251, 801, 0.21580979228019714
15, 27, 392, 1004, 0.9354156255722046
15, 28, 254, 998, 0.7451308965682983
15, 29, 394, 1029, 0.9802626371383667
15, 30, 252, 1021, 0.7809531688690186
15, 31, 371, 1082, 0.5349026918411255
15, 32, 272, 1083, 0.2575729489326477
16, 0, 343, 163, -0.9655309915542603
16, 1, 363, 135, -0.9560260772705078
16, 2, 373, 135, -0.9557221531867981
16, 3, 382, 136, -0.955609142780304
16, 4, 328, 134, -0.9539440274238586
16, 5, 316, 133, -0.9539060592651367
16, 6, 307, 132, -0.9540352821350098
16, 7, 400, 140, -0.6775189638137817
16, 8, 290, 135, -0.6557815074920654
16, 9, 361, 191, -0.8499159812927246
16, 10, 321, 192, -0.8439242243766785
16, 11, 463, 254, -0.4438130855560303
16, 12, 224, 252, -0.42683348059654236
16, 13, 507, 445, -0.4033776819705963
16, 14, 137, 453, -0.6840034127235413
16, 15, 401, 501, -0.587093710899353
16, 16, 207, 304, -1.2527456283569336
16, 17, 398, 538, -0.6301230788230896
16, 18, 214, 260, -1.3567736148834229
16, 19, 381, 513, -0.6217828989028931
16, 20, 224, 236, -1.3406511545181274
16, 21, 360, 467, -0.5849384069442749
16, 22, 231, 251, -1.2503159046173096
16, 23, 412, 559, -0.006464120000600815
16, 24, 260, 507, 0.008514529094099998
16, 25, 402, 801, 0.251047819852829
16, 26, 252, 801, 0.13054513931274414
16, 27, 392, 1004, 0.7465245723724365
16, 28, 256, 1000, 0.4931093752384186
16, 29, 394, 1031, 0.7784321904182434
16, 30, 254, 1024, 0.5174447298049927
16, 31, 373, 1083, 0.385053813457489
16, 32, 274, 1085, 0.03436736389994621
17, 0, 344, 167, -0.9936502575874329
17, 1, 364, 141, -0.976033091545105
17, 2, 374, 141, -0.9757782220840454
17, 3, 383, 142, -0.9756144285202026
17, 4, 329, 138, -0.9749758839607239
17, 5, 317, 137, -0.9748689532279968
17, 6, 308, 137, -0.9749636650085449
17, 7, 401, 146, -0.6641737222671509
17, 8, 290, 139, -0.6461088061332703
17, 9, 362, 196, -0.8641855120658875
17, 10, 322, 196, -0.8596599698066711
17, 11, 462, 254, -0.42389217019081116
17, 12, 224, 254, -0.40023723244667053
17, 13, 507, 445, -0.4376767575740814
17, 14, 139, 457, -0.6715802550315857
17, 15, 400, 502, -0.6845060586929321
17, 16, 213, 300, -1.284824252128601
17, 17, 398, 539, -0.746492326259613
17, 18, 221, 253, -1.400144338607788
17, 19, 377, 511, -0.7275603413581848
17, 20, 230, 230, -1.3548738956451416
17, 21, 360, 469, -0.681199848651886
17, 22, 236, 245, -1.2769383192062378
17, 23, 415, 562, -0.011890480294823647
17, 24, 260, 548, 0.014205818064510822
17, 25, 406, 806, 0.21883848309516907
17, 26, 257, 808, 0.14252512156963348
17, 27, 397, 1013, 0.7479776740074158
17, 28, 263, 1012, 0.5540319085121155
17, 29, 399, 1040, 0.7832266688346863
17, 30, 261, 1035, 0.584442675113678
17, 31, 381, 1092, 0.35696154832839966
17, 32, 282, 1098, 0.0778522863984108
18, 0, 344, 172, -0.8998724222183228
18, 1, 364, 146, -0.8923704028129578
18, 2, 374, 147, -0.8920719027519226
18, 3, 383, 148, -0.891932487487793
18, 4, 329, 142, -0.8882891535758972
18, 5, 317, 141, -0.8881829380989075
18, 6, 308, 140, -0.8882730603218079
18, 7, 401, 151, -0.6279062032699585
18, 8, 290, 141, -0.5961912274360657
18, 9, 361, 202, -0.788596510887146
18, 10, 321, 199, -0.7799883484840393
18, 11, 461, 254, -0.4089924693107605
18, 12, 224, 258, -0.36937886476516724
18, 13, 507, 445, -0.4009332060813904
18, 14, 144, 460, -0.6451348066329956
18, 15, 401, 502, -0.5648187398910522
18, 16, 219, 310, -1.2121220827102661
18, 17, 402, 539, -0.5995206236839294
18, 18, 230, 265, -1.3335405588150024
18, 19, 384, 515, -0.5787059664726257
18, 20, 236, 242, -1.2401410341262817
18, 21, 362, 470, -0.5585042238235474
18, 22, 242, 256, -1.2667404413223267
18, 23, 419, 563, -0.014700454659759998
18, 24, 261, 559, 0.017187662422657013
18, 25, 409, 810, 0.11539535224437714
18, 26, 262, 811, 0.1495526134967804
18, 27, 402, 1020, 0.6120702624320984
18, 28, 270, 1020, 0.5251299142837524
18, 29, 404, 1047, 0.6394402384757996
18, 30, 268, 1043, 0.5502305626869202
18, 31, 388, 1098, 0.22233864665031433
18, 32, 288, 1106, 0.06626679003238678
19, 0, 345, 175, -1.4403107166290283
19, 1, 364, 149, -1.4294378757476807
19, 2, 374, 150, -1.4291722774505615
19, 3, 383, 150, -1.429011583328247
19, 4, 329, 146, -1.4306195974349976
19, 5, 317, 145, -1.4307303428649902
19, 6, 308, 144, -1.4310047626495361
19, 7, 401, 152, -1.05426824092865
19, 8, 290, 144, -1.0507699251174927
19, 9, 361, 203, -1.2779046297073364
19, 10, 322, 202, -1.277827501296997
19, 11, 462, 252, -0.6772394180297852
19, 12, 224, 255, -0.6700839400291443
19, 13, 507, 445, -0.6179234981536865
19, 14, 150, 459, -0.9349910020828247
19, 15, 401, 502, -0.9114454984664917
19, 16, 215, 343, -1.6610924005508423
19, 17, 399, 538, -0.9738280177116394
19, 18, 237, 304, -1.7939975261688232
19, 19, 376, 510, -0.9822887182235718
19, 20, 237, 278, -1.7643029689788818
19, 21, 361, 470, -0.9148299098014832
19, 22, 240, 293, -1.6621671915054321
19, 23, 419, 560, -0.016572140157222748
19, 24, 258, 555, 0.01917148008942604
19, 25, 408, 803, 0.1999000757932663
19, 26, 260, 801, 0.1901499181985855
19, 27, 401, 1010, 0.8566349148750305
19, 28, 266, 1005, 0.7007409334182739
19, 29, 402, 1036, 0.8967034220695496
19, 30, 264, 1027, 0.7396727800369263
19, 31, 385, 1091, 0.40524014830589294
19, 32, 284, 1092, 0.1952832192182541
20, 0, 344, 176, -1.3018674850463867
20, 1, 364, 150, -1.297298789024353
20, 2, 374, 150, -1.2969022989273071
20, 3, 383, 151, -1.2966631650924683
20, 4, 329, 147, -1.2940623760223389
20, 5, 317, 146, -1.2940819263458252
20, 6, 307, 145, -1.294236660003662
20, 7, 401, 152, -0.9827921986579895
20, 8, 290, 144, -0.9570556879043579
20, 9, 361, 204, -1.1629637479782104
20, 10, 322, 203, -1.1565163135528564
20, 11, 462, 249, -0.6478103399276733
20, 12, 224, 256, -0.6249819993972778
20, 13, 507, 444, -0.5893297791481018
20, 14, 152, 465, -0.8163377046585083
20, 15, 401, 501, -0.8520961999893188
20, 16, 207, 353, -1.4287331104278564
20, 17, 394, 526, -0.8932902216911316
20, 18, 221, 323, -1.543928623199463
20, 19, 366, 483, -0.8994846343994141
20, 20, 223, 298, -1.5178660154342651
20, 21, 360, 465, -0.8508794903755188
20, 22, 228, 308, -1.427364468574524
20, 23, 419, 558, -0.011784129776060581
20, 24, 259, 520, 0.01426852960139513
20, 25, 408, 801, 0.2315605878829956
20, 26, 259, 799, 0.19055165350437164
20, 27, 401, 1005, 0.8703702092170715
20, 28, 266, 1001, 0.6810714602470398
20, 29, 402, 1031, 0.9112807512283325
20, 30, 264, 1024, 0.7169811129570007
20, 31, 384, 1087, 0.46054163575172424
20, 32, 284, 1088, 0.18735374510288239
21, 0, 344, 176, -1.2410695552825928
21, 1, 364, 150, -1.2228422164916992
21, 2, 374, 150, -1.2225221395492554
21, 3, 383, 150, -1.2223527431488037
21, 4, 328, 148, -1.220244288444519
21, 5, 316, 146, -1.2202491760253906
21, 6, 307, 145, -1.2204511165618896
21, 7, 401, 152, -0.9312955141067505
21, 8, 290, 145, -0.8932861089706421
21, 9, 361, 204, -1.099055528640747
21, 10, 322, 204, -1.0943682193756104
21, 11, 462, 249, -0.6277264952659607
21, 12, 224, 258, -0.585946798324585
21, 13, 507, 443, -0.5768004655838013
21, 14, 156, 472, -0.756895899772644
21, 15, 399, 500, -0.8194209337234497
21, 16, 206, 358, -1.3462351560592651
21, 17, 392, 518, -0.860258936882019
21, 18, 218, 329, -1.4572046995162964
21, 19, 357, 475, -0.8611788749694824
21, 20, 220, 305, -1.4489779472351074
21, 21, 359, 463, -0.8172795176506042
21, 22, 224, 315, -1.3506264686584473
21, 23, 419, 553, -0.010856756009161472
21, 24, 262, 508, 0.013348582200706005
21, 25, 408, 794, 0.21712128818035126
21, 26, 260, 794, 0.18817466497421265
21, 27, 401, 999, 0.8646005392074585
21, 28, 267, 997, 0.6049553155899048
21, 29, 402, 1024, 0.9068068265914917
21, 30, 265, 1021, 0.6321473121643066
21, 31, 384, 1079, 0.43104100227355957
21, 32, 285, 1084, 0.14007051289081573
22, 0, 344, 177, -1.2242714166641235
22, 1, 363, 150, -1.2194688320159912
22, 2, 373, 150, -1.219052791595459
22, 3, 382, 150, -1.2187868356704712
22, 4, 327, 149, -1.2143834829330444
22, 5, 315, 147, -1.2143406867980957
22, 6, 306, 147, -1.2144973278045654
22, 7, 401, 152, -0.9277051091194153
22, 8, 289, 146, -0.889795184135437
22, 9, 361, 204, -1.0902453660964966
22, 10, 322, 206, -1.081654667854309
22, 11, 462, 248, -0.605454683303833
22, 12, 225, 259, -0.5842412114143372
22, 13, 506, 442, -0.5241984128952026
22, 14, 156, 474, -0.7589733004570007
22, 15, 399, 500, -0.7392381429672241
22, 16, 209, 363, -1.34933340549469
22, 17, 391, 516, -0.7851942181587219
22, 18, 221, 329, -1.4615329504013062
22, 19, 353, 474, -0.780795156955719
22, 20, 221, 306, -1.4346492290496826
22, 21, 357, 462, -0.7374934554100037
22, 22, 226, 315, -1.346726655960083
22, 23, 421, 552, -0.005978240631520748
22, 24, 265, 508, 0.00854263175278902
22, 25, 410, 794, 0.23940148949623108
22, 26, 262, 794, 0.18786874413490295
22, 27, 406, 999, 0.8734396696090698
22, 28, 271, 998, 0.6162753701210022
22, 29, 407, 1025, 0.9149662256240845
22, 30, 269, 1023, 0.647903323173523
22, 31, 391, 1080, 0.47096437215805054
22, 32, 291, 1084, 0.14868545532226562
23, 0, 344, 177, -1.2253237962722778
23, 1, 363, 150, -1.2271133661270142
23, 2, 373, 149, -1.2267299890518188
23, 3, 382, 149, -1.2265127897262573
23, 4, 326, 149, -1.2207181453704834
23, 5, 314, 148, -1.2207612991333008
23, 6, 305, 148, -1.22096848487854
23, 7, 401, 151, -0.9474844932556152
23, 8, 289, 148, -0.9048441648483276
23, 9, 361, 204, -1.097991704940796
23, 10, 322, 207, -1.0869355201721191
23, 11, 463, 248, -0.6300800442695618
23, 12, 225, 261, -0.5997388958930969
23, 13, 504, 442, -0.5785364508628845
23, 14, 156, 475, -0.7833583354949951
23, 15, 395, 500, -0.8020963668823242
23, 16, 211, 365, -1.3662495613098145
23, 17, 378, 516, -0.8491750955581665
23, 18, 223, 330, -1.47481369972229
23, 19, 342, 475, -0.838178277015686
23, 20, 222, 306, -1.4390299320220947
23, 21, 350, 463, -0.7971966862678528
23, 22, 227, 316, -1.3593226671218872
23, 23, 421, 552, -0.007037959061563015
23, 24, 265, 507, 0.009527144953608513
23, 25, 410, 794, 0.22490748763084412
23, 26, 261, 794, 0.18807730078697205
23, 27, 405, 1000, 0.8520750999450684
23, 28, 270, 999, 0.6080668568611145
23, 29, 407, 1026, 0.8864218592643738
23, 30, 269, 1023, 0.6376920342445374
23, 31, 390, 1080, 0.45872336626052856
23, 32, 291, 1085, 0.14532621204853058
24, 0, 344, 177, -1.2491899728775024
24, 1, 362, 149, -1.2514370679855347
24, 2, 372, 149, -1.251051425933838
24, 3, 382, 149, -1.2507898807525635
24, 4, 326, 149, -1.2458583116531372
24, 5, 314, 148, -1.2459218502044678
24, 6, 305, 148, -1.2461466789245605
24, 7, 401, 151, -0.9696022868156433
24, 8, 288, 148, -0.9322324991226196
24, 9, 360, 204, -1.1221325397491455
24, 10, 322, 207, -1.112051248550415
24, 11, 463, 248, -0.6439856886863708
24, 12, 225, 262, -0.6252604722976685
24, 13, 504, 442, -0.5941861867904663
24, 14, 156, 476, -0.7899467945098877
24, 15, 396, 500, -0.8282133936882019
24, 16, 211, 366, -1.350898265838623
24, 17, 375, 517, -0.8793587684631348
24, 18, 224, 331, -1.4577317237854004
24, 19, 339, 475, -0.8708217740058899
24, 20, 223, 308, -1.4248802661895752
24, 21, 350, 465, -0.8254849314689636
24, 22, 227, 317, -1.3450582027435303
24, 23, 421, 551, -0.005811349488794804
24, 24, 265, 507, 0.00824529118835926
24, 25, 410, 794, 0.22761225700378418
24, 26, 261, 794, 0.18417897820472717
24, 27, 405, 999, 0.8379310369491577
24, 28, 270, 998, 0.6004761457443237
24, 29, 407, 1026, 0.874167799949646
24, 30, 268, 1023, 0.6301617622375488
24, 31, 389, 1080, 0.44470125436782837
24, 32, 290, 1085, 0.1401766836643219
25, 0, 343, 177, -1.3713352680206299
25, 1, 361, 149, -1.3655985593795776
25, 2, 371, 149, -1.3651971817016602
25, 3, 380, 149, -1.3649170398712158
25, 4, 324, 149, -1.3622119426727295
25, 5, 312, 148, -1.3622909784317017
25, 6, 303, 148, -1.3625251054763794
25, 7, 400, 151, -1.037708044052124
25, 8, 286, 148, -1.0117233991622925
25, 9, 360, 204, -1.2269607782363892
25, 10, 321, 207, -1.220295786857605
25, 11, 463, 248, -0.6680551767349243
25, 12, 225, 264, -0.6732872724533081
25, 13, 504, 443, -0.5947490930557251
25, 14, 156, 476, -0.848248302936554
25, 15, 392, 500, -0.841716468334198
25, 16, 210, 369, -1.4575152397155762
25, 17, 368, 517, -0.8990825414657593
25, 18, 223, 333, -1.5777561664581299
25, 19, 337, 476, -0.8954647779464722
25, 20, 222, 310, -1.5491174459457397
25, 21, 346, 465, -0.8409202694892883
25, 22, 227, 319, -1.4540282487869263
25, 23, 421, 551, -0.0056550344452261925
25, 24, 264, 508, 0.00808713212609291
25, 25, 409, 794, 0.25228893756866455
25, 26, 261, 794, 0.18874981999397278
25, 27, 404, 999, 0.9153183698654175
25, 28, 269, 999, 0.6754881739616394
25, 29, 405, 1027, 0.9579215049743652
25, 30, 267, 1024, 0.7126473188400269
25, 31, 388, 1081, 0.4971771836280823
25, 32, 289, 1085, 0.18479925394058228
26, 0, 342, 177, -1.5028057098388672
26, 1, 360, 148, -1.492286205291748
26, 2, 370, 147, -1.491911768913269
26, 3, 380, 147, -1.4916424751281738
26, 4, 324, 149, -1.4921379089355469
26, 5, 312, 148, -1.4922676086425781
26, 6, 303, 148, -1.4925224781036377
26, 7, 400, 149, -1.1368343830108643
26, 8, 286, 148, -1.1270191669464111
26, 9, 360, 203, -1.348602294921875
26, 10, 321, 207, -1.346610426902771
26, 11, 463, 248, -0.7426989078521729
26, 12, 225, 264, -0.7626805305480957
26, 13, 504, 443, -0.6801930665969849
26, 14, 155, 475, -0.9507042169570923
26, 15, 391, 501, -0.9809586405754089
26, 16, 208, 376, -1.5964114665985107
26, 17, 367, 518, -1.049422264099121
26, 18, 220, 334, -1.7231948375701904
26, 19, 336, 476, -1.0496926307678223
26, 20, 219, 311, -1.7006518840789795
26, 21, 346, 466, -0.9826939702033997
26, 22, 224, 320, -1.5962274074554443
26, 23, 421, 551, -0.006140619516372681
26, 24, 264, 510, 0.008535997942090034
26, 25, 409, 794, 0.2686114013195038
26, 26, 261, 794, 0.2048676311969757
26, 27, 404, 1000, 0.9602195024490356
26, 28, 269, 999, 0.7275276780128479
26, 29, 405, 1027, 1.0053863525390625
26, 30, 267, 1024, 0.767096996307373
26, 31, 387, 1081, 0.5349786281585693
26, 32, 289, 1085, 0.22894537448883057
27, 0, 343, 176, -1.6560214757919312
27, 1, 360, 148, -1.632211685180664
27, 2, 370, 147, -1.6320310831069946
27, 3, 380, 146, -1.63167405128479
27, 4, 324, 148, -1.6347242593765259
27, 5, 312, 148, -1.6349713802337646
27, 6, 303, 147, -1.6353237628936768
27, 7, 399, 148, -1.21534264087677
27, 8, 286, 148, -1.2185126543045044
27, 9, 360, 202, -1.480499267578125
27, 10, 322, 206, -1.4823009967803955
27, 11, 463, 249, -0.7794087529182434
27, 12, 225, 266, -0.805067241191864
27, 13, 506, 445, -0.8135300874710083
27, 14, 152, 474, -1.0591864585876465
27, 15, 392, 501, -1.301863670349121
27, 16, 195, 388, -1.8517011404037476
27, 17, 367, 517, -1.3996365070343018
27, 18, 210, 341, -1.998384714126587
27, 19, 337, 474, -1.4002513885498047
27, 20, 217, 315, -1.9833370447158813
27, 21, 349, 465, -1.3067452907562256
27, 22, 220, 326, -1.8572251796722412
27, 23, 422, 551, -0.006553953047841787
27, 24, 263, 543, 0.008941895328462124
27, 25, 409, 794, 0.2558865249156952
27, 26, 260, 794, 0.20321401953697205
27, 27, 403, 1000, 0.9553902745246887
27, 28, 268, 999, 0.7363730669021606
27, 29, 405, 1027, 0.9998632669448853
27, 30, 267, 1024, 0.7766737937927246
27, 31, 387, 1081, 0.514438807964325
27, 32, 287, 1085, 0.2278626412153244
28, 0, 343, 174, -1.5138133764266968
28, 1, 360, 145, -1.4881832599639893
28, 2, 370, 144, -1.488103985786438
28, 3, 380, 144, -1.4879109859466553
28, 4, 325, 146, -1.4890319108963013
28, 5, 313, 146, -1.4892443418502808
28, 6, 303, 146, -1.4896204471588135
28, 7, 399, 147, -1.102885365486145
28, 8, 287, 148, -1.097355842590332
28, 9, 360, 200, -1.349996566772461
28, 10, 323, 203, -1.3507945537567139
28, 11, 464, 249, -0.7261670827865601
28, 12, 225, 265, -0.7407360076904297
28, 13, 507, 445, -0.7348021864891052
28, 14, 142, 458, -0.9441027641296387
28, 15, 393, 501, -1.1456325054168701
28, 16, 181, 403, -1.7095983028411865
28, 17, 362, 524, -1.236881971359253
28, 18, 199, 377, -1.8543046712875366
28, 19, 337, 474, -1.249492883682251
28, 20, 208, 340, -1.8450227975845337
28, 21, 349, 466, -1.1529343128204346
28, 22, 210, 350, -1.719999074935913
28, 23, 422, 550, -0.008183094672858715
28, 24, 263, 545, 0.010498967953026295
28, 25, 409, 792, 0.1945158690214157
28, 26, 260, 787, 0.10588409751653671
28, 27, 403, 1000, 0.8256867527961731
28, 28, 265, 998, 0.567717432975769
28, 29, 405, 1027, 0.8596824407577515
28, 30, 264, 1024, 0.5968352556228638
28, 31, 385, 1080, 0.3520392179489136
28, 32, 281, 1080, 0.035893626511096954
29, 0, 344, 170, -1.516180157661438
29, 1, 361, 141, -1.4880480766296387
29, 2, 370, 140, -1.4879127740859985
29, 3, 380, 139, -1.4878756999969482
29, 4, 326, 142, -1.4889025688171387
29, 5, 314, 142, -1.489139199256897
29, 6, 304, 142, -1.489619493484497
29, 7, 400, 143, -1.110754370689392
29, 8, 287, 146, -1.110709547996521
29, 9, 361, 197, -1.3582425117492676
29, 10, 323, 199, -1.3595236539840698
29, 11, 466, 252, -0.7664856314659119
29, 12, 225, 264, -0.7197094559669495
29, 13, 506, 445, -0.7995311617851257
29, 14, 133, 446, -0.8336458206176758
29, 15, 386, 503, -1.1724716424942017
29, 16, 146, 460, -1.5206924676895142
29, 17, 334, 532, -1.2638401985168457
29, 18, 149, 482, -1.6606647968292236
29, 19, 308, 474, -1.2659814357757568
29, 20, 158, 435, -1.7902746200561523
29, 21, 331, 466, -1.1766636371612549
29, 22, 163, 430, -1.5702531337738037
29, 23, 421, 554, -0.01121776644140482
29, 24, 259, 554, 0.013841396197676659
29, 25, 408, 803, 0.05741215869784355
29, 26, 254, 792, -0.12223681062459946
29, 27, 396, 1023, 0.6051243543624878
29, 28, 252, 1019, 0.2634534537792206
29, 29, 398, 1055, 0.6305466890335083
29, 30, 253, 1055, 0.28091591596603394
29, 31, 371, 1105, 0.11628212779760361
29, 32, 265, 1097, -0.30154162645339966
30, 0, 345, 165, -1.2270166873931885
30, 1, 361, 136, -1.2049150466918945
30, 2, 370, 135, -1.2046889066696167
30, 3, 380, 134, -1.2048473358154297
30, 4, 328, 137, -1.209502935409546
30, 5, 315, 138, -1.2095999717712402
30, 6, 305, 138, -1.2101092338562012
30, 7, 400, 141, -0.9005671739578247
30, 8, 287, 144, -0.9162976145744324
30, 9, 361, 193, -1.0981295108795166
30, 10, 324, 195, -1.1029821634292603
30, 11, 468, 252, -0.6388944983482361
30, 12, 225, 260, -0.6303977966308594
30, 13, 506, 445, -0.6586083173751831
30, 14, 129, 413, -0.5029259324073792
30, 15, 386, 503, -0.8974728584289551
30, 16, 95, 504, -0.774046778678894
30, 17, 340, 532, -0.9679093360900879
30, 18, 76, 543, -0.8450127840042114
30, 19, 315, 477, -0.9649359583854675
30, 20, 93, 532, -0.9117636680603027
30, 21, 331, 466, -0.9019678235054016
30, 22, 105, 519, -0.809707522392273
30, 23, 419, 553, -0.01091401930898428
30, 24, 258, 550, 0.013646324165165424
30, 25, 404, 802, 0.023313960060477257
30, 26, 247, 791, -0.07981210947036743
30, 27, 391, 1021, 0.4670684337615967
30, 28, 245, 1017, 0.19863246381282806
30, 29, 394, 1053, 0.48935526609420776
30, 30, 246, 1051, 0.20856504142284393
30, 31, 362, 1103, 0.05098508670926094
30, 32, 261, 1096, -0.2978416979312897
31, 0, 345, 160, -1.2043215036392212
31, 1, 361, 130, -1.1826385259628296
31, 2, 370, 129, -1.1823910474777222
31, 3, 380, 129, -1.182490587234497
31, 4, 328, 133, -1.1864845752716064
31, 5, 316, 133, -1.1866376399993896
31, 6, 305, 134, -1.1871100664138794
31, 7, 400, 136, -0.8938506841659546
31, 8, 288, 141, -0.9022011756896973
31, 9, 361, 188, -1.0830357074737549
31, 10, 324, 190, -1.0857369899749756
31, 11, 470, 253, -0.6397046446800232
31, 12, 225, 257, -0.6464787721633911
31, 13, 506, 445, -0.6623062491416931
31, 14, 120, 411, -0.5598887205123901
31, 15, 388, 504, -0.8922913670539856
31, 16, 74, 551, -0.7603697180747986
31, 17, 343, 536, -0.9572269320487976
31, 18, 50, 596, -0.8211665153503418
31, 19, 319, 480, -0.9472260475158691
31, 20, 73, 597, -0.879999041557312
31, 21, 335, 470, -0.8938726186752319
31, 22, 88, 582, -0.7914328575134277
31, 23, 418, 552, -0.01095517911016941
31, 24, 258, 549, 0.013680430129170418
31, 25, 404, 803, 0.04877365380525589
31, 26, 252, 795, -0.02067822962999344
31, 27, 393, 1024, 0.518019437789917
31, 28, 256, 1023, 0.27037081122398376
31, 29, 397, 1056, 0.5446280241012573
31, 30, 258, 1056, 0.28383922576904297
31, 31, 364, 1108, 0.12529754638671875
31, 32, 269, 1104, -0.20387622714042664
32, 0, 345, 158, -1.1518081426620483
32, 1, 361, 129, -1.1304410696029663
32, 2, 370, 128, -1.1301720142364502
32, 3, 380, 128, -1.1303203105926514
32, 4, 328, 131, -1.1321899890899658
32, 5, 316, 131, -1.1322672367095947
32, 6, 305, 132, -1.1327069997787476
32, 7, 400, 136, -0.8497979044914246
32, 8, 288, 140, -0.8467246890068054
32, 9, 361, 186, -1.0343176126480103
32, 10, 324, 188, -1.0335932970046997
32, 11, 470, 254, -0.6151524186134338
32, 12, 225, 256, -0.6229835748672485
32, 13, 506, 444, -0.6505463123321533
32, 14, 116, 408, -0.5188296437263489
32, 15, 392, 505, -0.8611170649528503
32, 16, 61, 547, -0.7163793444633484
32, 17, 352, 539, -0.9287091493606567
32, 18, 35, 588, -0.7755587100982666
32, 19, 324, 482, -0.9131323099136353
32, 20, 59, 590, -0.8389149904251099
32, 21, 338, 472, -0.8615268468856812
32, 22, 73, 576, -0.7501905560493469
32, 23, 418, 552, -0.01813654601573944
32, 24, 258, 549, 0.021058404818177223
32, 25, 404, 806, 0.04174346476793289
32, 26, 252, 798, 0.016344914212822914
32, 27, 393, 1028, 0.5448096990585327
32, 28, 256, 1027, 0.34332627058029175
32, 29, 397, 1061, 0.5752089023590088
32, 30, 259, 1060, 0.3613089919090271
32, 31, 365, 1111, 0.15471945703029633
32, 32, 270, 1110, -0.1308586448431015
33, 0, 343, 156, -1.1367286443710327
33, 1, 360, 127, -1.1161916255950928
33, 2, 369, 126, -1.115909218788147
33, 3, 378, 125, -1.1160489320755005
33, 4, 327, 130, -1.115696907043457
33, 5, 315, 131, -1.1158061027526855
33, 6, 305, 132, -1.1162431240081787
33, 7, 398, 133, -0.8411938548088074
33, 8, 288, 139, -0.8279412984848022
33, 9, 361, 183, -1.0220792293548584
33, 10, 323, 186, -1.0183273553848267
33, 11, 470, 254, -0.6054251790046692
33, 12, 226, 254, -0.612168550491333
33, 13, 506, 444, -0.6426980495452881
33, 14, 118, 405, -0.5080478191375732
33, 15, 395, 506, -0.8433042764663696
33, 16, 61, 543, -0.6994844675064087
33, 17, 359, 543, -0.9064695239067078
33, 18, 35, 584, -0.7548236846923828
33, 19, 329, 489, -0.8904701471328735
33, 20, 57, 587, -0.8174232244491577
33, 21, 341, 474, -0.8427073359489441
33, 22, 72, 573, -0.7324658632278442
33, 23, 418, 552, -0.019276943057775497
33, 24, 258, 548, 0.022139912471175194
33, 25, 404, 806, 0.04444213584065437
33, 26, 252, 799, 0.029059167951345444
33, 27, 393, 1027, 0.5464988350868225
33, 28, 257, 1026, 0.34851038455963135
33, 29, 397, 1060, 0.5773508548736572
33, 30, 259, 1059, 0.36662083864212036
33, 31, 366, 1110, 0.1634790003299713
33, 32, 270, 1109, -0.1173241138458252
34, 0, 340, 155, -1.1719577312469482
34, 1, 357, 125, -1.1544196605682373
34, 2, 367, 124, -1.1541551351547241
34, 3, 375, 123, -1.1542344093322754
34, 4, 322, 129, -1.1497892141342163
34, 5, 311, 129, -1.149911880493164
34, 6, 301, 130, -1.1503554582595825
34, 7, 396, 131, -0.8771387338638306
34, 8, 287, 138, -0.8472871780395508
34, 9, 359, 181, -1.0566352605819702
34, 10, 319, 185, -1.0475718975067139
34, 11, 471, 256, -0.6071200370788574
34, 12, 226, 253, -0.6179351210594177
34, 13, 507, 444, -0.6621495485305786
34, 14, 117, 406, -0.5202569961547852
34, 15, 398, 518, -0.8684026002883911
34, 16, 61, 549, -0.7252269387245178
34, 17, 365, 549, -0.9326992034912109
34, 18, 34, 593, -0.7810681462287903
34, 19, 330, 493, -0.9164844751358032
34, 20, 57, 595, -0.8454927206039429
34, 21, 341, 475, -0.8676837086677551
34, 22, 72, 581, -0.7595545053482056
34, 23, 418, 552, -0.02488338202238083
34, 24, 258, 549, 0.02784719504415989
34, 25, 403, 809, 0.026858199387788773
34, 26, 251, 802, 0.036723122000694275
34, 27, 393, 1033, 0.5318921804428101
34, 28, 255, 1031, 0.35505908727645874
34, 29, 397, 1066, 0.5623347759246826
34, 30, 257, 1066, 0.37260833382606506
34, 31, 363, 1117, 0.14217187464237213
34, 32, 268, 1116, -0.11620453745126724
35, 0, 335, 153, -1.1645649671554565
35, 1, 353, 124, -1.1490527391433716
35, 2, 364, 122, -1.148776650428772
35, 3, 372, 121, -1.1488564014434814
35, 4, 318, 127, -1.1411319971084595
35, 5, 307, 128, -1.1412029266357422
35, 6, 298, 130, -1.1416226625442505
35, 7, 393, 129, -0.8831201791763306
35, 8, 286, 136, -0.835639476776123
35, 9, 357, 178, -1.0536268949508667
35, 10, 315, 182, -1.0397861003875732
35, 11, 472, 257, -0.611148476600647
35, 12, 226, 251, -0.6124829053878784
35, 13, 507, 445, -0.6622819900512695
35, 14, 119, 405, -0.4920245110988617
35, 15, 399, 517, -0.8485873937606812
35, 16, 64, 547, -0.686096727848053
35, 17, 367, 553, -0.9086068868637085
35, 18, 38, 590, -0.735293447971344
35, 19, 331, 495, -0.8861986398696899
35, 20, 60, 593, -0.8004900217056274
35, 21, 342, 479, -0.8448131680488586
35, 22, 75, 578, -0.7202635407447815
35, 23, 417, 552, -0.03181561827659607
35, 24, 259, 510, 0.03482707217335701
35, 25, 400, 809, 0.025826359167695045
35, 26, 247, 802, 0.0889761745929718
35, 27, 387, 1033, 0.5553135275840759
35, 28, 250, 1031, 0.40085911750793457
35, 29, 392, 1067, 0.5884243249893188
35, 30, 252, 1066, 0.4192101061344147
35, 31, 355, 1116, 0.16732218861579895
35, 32, 263, 1116, -0.05159243196249008
36, 0, 331, 152, -1.1721731424331665
36, 1, 349, 122, -1.156282901763916
36, 2, 360, 120, -1.1560195684432983
36, 3, 369, 119, -1.1561305522918701
36, 4, 313, 127, -1.1455405950546265
36, 5, 302, 128, -1.145582914352417
36, 6, 293, 129, -1.1459885835647583
36, 7, 390, 128, -0.8871917724609375
36, 8, 283, 136, -0.8223778009414673
36, 9, 355, 176, -1.0596872568130493
36, 10, 312, 181, -1.0416622161865234
36, 11, 473, 257, -0.6256645321846008
36, 12, 226, 250, -0.5917121171951294
36, 13, 508, 445, -0.6796480417251587
36, 14, 119, 406, -0.46179550886154175
36, 15, 400, 516, -0.865485668182373
36, 16, 61, 552, -0.6556736826896667
36, 17, 368, 556, -0.9287565350532532
36, 18, 35, 596, -0.7014003992080688
36, 19, 331, 496, -0.9080597758293152
36, 20, 57, 600, -0.7671962976455688
36, 21, 342, 481, -0.8628181219100952
36, 22, 71, 586, -0.6898932456970215
36, 23, 417, 553, -0.043251484632492065
36, 24, 259, 532, 0.04634521156549454
36, 25, 400, 813, 0.038245610892772675
36, 26, 246, 805, 0.16102512180805206
36, 27, 387, 1037, 0.5959873795509338
36, 28, 249, 1034, 0.5378994345664978
36, 29, 392, 1071, 0.6403449773788452
36, 30, 250, 1069, 0.5647554397583008
36, 31, 355, 1121, 0.2184920758008957
36, 32, 263, 1121, 0.0760628879070282
37, 0, 323, 151, -1.121034026145935
37, 1, 343, 121, -1.1082170009613037
37, 2, 355, 119, -1.1079057455062866
37, 3, 365, 118, -1.108027696609497
37, 4, 306, 126, -1.0931090116500854
37, 5, 296, 128, -1.0932281017303467
37, 6, 286, 129, -1.0936471223831177
37, 7, 387, 127, -0.8636609315872192
37, 8, 280, 135, -0.7782770395278931
37, 9, 350, 176, -1.0185142755508423
37, 10, 307, 180, -0.9941353797912598
37, 11, 474, 258, -0.6267337203025818
37, 12, 226, 249, -0.5599013566970825
37, 13, 508, 445, -0.666569709777832
37, 14, 119, 406, -0.42312127351760864
37, 15, 400, 516, -0.8197387456893921
37, 16, 62, 550, -0.6115860939025879
37, 17, 367, 554, -0.8750863075256348
37, 18, 36, 594, -0.6514981985092163
37, 19, 331, 495, -0.844641387462616
37, 20, 58, 597, -0.7154932618141174
37, 21, 342, 480, -0.8113449215888977
37, 22, 73, 582, -0.6446953415870667
37, 23, 418, 553, -0.04660707339644432
37, 24, 259, 539, 0.04954146593809128
37, 25, 400, 812, 0.031123310327529907
37, 26, 247, 805, 0.14863626658916473
37, 27, 387, 1036, 0.5863489508628845
37, 28, 251, 1034, 0.5063568353652954
37, 29, 393, 1070, 0.6258814930915833
37, 30, 252, 1069, 0.5306240320205688
37, 31, 356, 1119, 0.21366405487060547
37, 32, 264, 1121, 0.04759860783815384
38, 0, 320, 150, -1.1551882028579712
38, 1, 340, 121, -1.1403228044509888
38, 2, 352, 119, -1.140036702156067
38, 3, 362, 118, -1.1401164531707764
38, 4, 302, 126, -1.1298052072525024
38, 5, 292, 128, -1.1299082040786743
38, 6, 282, 129, -1.1303318738937378
38, 7, 384, 127, -0.8687047958374023
38, 8, 277, 135, -0.8106414079666138
38, 9, 348, 176, -1.0425238609313965
38, 10, 305, 180, -1.0259251594543457
38, 11, 474, 258, -0.6522951722145081
38, 12, 226, 249, -0.575565755367279
38, 13, 511, 446, -0.7259748578071594
38, 14, 117, 408, -0.4694291055202484
38, 15, 394, 519, -0.9218482971191406
38, 16, 54, 561, -0.6750252842903137
38, 17, 361, 553, -0.982195258140564
38, 18, 27, 606, -0.7231882810592651
38, 19, 326, 495, -0.9423909187316895
38, 20, 50, 611, -0.7859116792678833
38, 21, 342, 480, -0.910693347454071
38, 22, 65, 596, -0.7089003324508667
38, 23, 418, 554, -0.04767657816410065
38, 24, 259, 546, 0.05067913606762886
38, 25, 401, 814, 0.029432421550154686
38, 26, 247, 806, 0.13354770839214325
38, 27, 390, 1037, 0.5805883407592773
38, 28, 251, 1035, 0.500379741191864
38, 29, 396, 1072, 0.6170936822891235
38, 30, 253, 1071, 0.5246877074241638
38, 31, 357, 1122, 0.19362647831439972
38, 32, 265, 1122, 0.029740383848547935
39, 0, 319, 150, -1.1642043590545654
39, 1, 338, 121, -1.1501126289367676
39, 2, 350, 119, -1.1498504877090454
39, 3, 361, 117, -1.1498956680297852
39, 4, 301, 126, -1.1384557485580444
39, 5, 291, 128, -1.1385644674301147
39, 6, 281, 129, -1.1390252113342285
39, 7, 382, 127, -0.8719369173049927
39, 8, 276, 136, -0.8213135004043579
39, 9, 347, 176, -1.0530647039413452
39, 10, 304, 180, -1.0351288318634033
39, 11, 474, 258, -0.6585180163383484
39, 12, 226, 249, -0.5822936296463013
39, 13, 511, 446, -0.7220472097396851
39, 14, 117, 407, -0.4810172915458679
39, 15, 392, 520, -0.9228506088256836
39, 16, 59, 555, -0.6833480596542358
39, 17, 358, 553, -0.9844197034835815
39, 18, 33, 600, -0.7341952919960022
39, 19, 324, 492, -0.9506139755249023
39, 20, 55, 602, -0.7968591451644897
39, 21, 342, 480, -0.9142906069755554
39, 22, 70, 587, -0.7174465656280518
39, 23, 418, 554, -0.04609855264425278
39, 24, 259, 548, 0.049074944108724594
39, 25, 402, 813, 0.01771995984017849
39, 26, 247, 806, 0.07366006821393967
39, 27, 391, 1036, 0.5402103662490845
39, 28, 252, 1034, 0.397817462682724
39, 29, 397, 1071, 0.572716236114502
39, 30, 255, 1070, 0.4178733825683594
39, 31, 358, 1120, 0.1506505310535431
39, 32, 265, 1121, -0.06666181981563568
40, 0, 318, 150, -1.1650315523147583
40, 1, 336, 121, -1.1518919467926025
40, 2, 349, 118, -1.1516435146331787
40, 3, 359, 117, -1.1517220735549927
40, 4, 300, 126, -1.1376433372497559
40, 5, 290, 128, -1.1377604007720947
40, 6, 280, 129, -1.1382285356521606
40, 7, 381, 126, -0.8726987838745117
40, 8, 275, 136, -0.8177151679992676
40, 9, 345, 176, -1.0570073127746582
40, 10, 303, 180, -1.0354087352752686
40, 11, 474, 259, -0.6695641875267029
40, 12, 226, 249, -0.5850173234939575
40, 13, 512, 446, -0.7280145883560181
40, 14, 118, 408, -0.46816158294677734
40, 15, 395, 519, -0.9211559295654297
40, 16, 57, 557, -0.6585784554481506
40, 17, 358, 552, -0.9823781251907349
40, 18, 30, 602, -0.7023953199386597
40, 19, 326, 493, -0.950082004070282
40, 20, 52, 606, -0.7662051320075989
40, 21, 342, 479, -0.912624716758728
40, 22, 67, 591, -0.6925480961799622
40, 23, 418, 554, -0.0498165637254715
40, 24, 259, 550, 0.05278019979596138
40, 25, 402, 814, 0.02329063229262829
40, 26, 247, 807, 0.1294640600681305
40, 27, 392, 1038, 0.5489249229431152
40, 28, 253, 1036, 0.4866105616092682
40, 29, 399, 1072, 0.5735277533531189
40, 30, 255, 1072, 0.511482298374176
40, 31, 359, 1122, 0.17479200661182404
40, 32, 266, 1122, 0.039160002022981644
41, 0, 317, 150, -1.1511259078979492
41, 1, 335, 120, -1.1374800205230713
41, 2, 348, 118, -1.1372431516647339
41, 3, 359, 117, -1.1373296976089478
41, 4, 300, 126, -1.122059941291809
41, 5, 289, 128, -1.122198224067688
41, 6, 280, 129, -1.1226600408554077
41, 7, 380, 126, -0.8789771199226379
41, 8, 275, 136, -0.802754282951355
41, 9, 345, 176, -1.0475451946258545
41, 10, 303, 180, -1.022894024848938
41, 11, 474, 259, -0.6681943535804749
41, 12, 226, 250, -0.5819141268730164
41, 13, 512, 446, -0.7209617495536804
41, 14, 118, 408, -0.45591306686401367
41, 15, 397, 519, -0.8990477323532104
41, 16, 55, 563, -0.648169994354248
41, 17, 361, 554, -0.9598298072814941
41, 18, 27, 609, -0.6922092437744141
41, 19, 328, 494, -0.9268757104873657
41, 20, 50, 613, -0.7585530877113342
41, 21, 343, 480, -0.8903003931045532
41, 22, 66, 598, -0.6834787130355835
41, 23, 418, 554, -0.05294647067785263
41, 24, 260, 551, 0.05591990798711777
41, 25, 405, 814, 0.022404324263334274
41, 26, 250, 808, 0.15420517325401306
41, 27, 395, 1038, 0.5510626435279846
41, 28, 256, 1037, 0.5204350352287292
41, 29, 402, 1072, 0.5816304087638855
41, 30, 259, 1073, 0.5464259386062622
41, 31, 362, 1123, 0.19400255382061005
41, 32, 270, 1123, 0.07096609473228455
