0, 0, 357, 182, -1.4476560354232788
0, 1, 369, 150, -1.3942619562149048
0, 2, 380, 150, -1.3939764499664307
0, 3, 390, 150, -1.3943674564361572
0, 4, 335, 149, -1.4048062562942505
0, 5, 321, 149, -1.404444932937622
0, 6, 308, 149, -1.4048645496368408
0, 7, 404, 161, -0.943914532661438
0, 8, 282, 166, -0.9802101254463196
0, 9, 374, 211, -1.2714810371398926
0, 10, 333, 214, -1.2809027433395386
0, 11, 481, 302, -0.5657252669334412
0, 12, 180, 314, -0.7001711130142212
0, 13, 582, 463, -0.39962610602378845
0, 14, 57, 465, -0.6257721185684204
0, 15, 712, 633, -0.7677695155143738
0, 16, -32, 668, -0.9876166582107544
0, 17, 759, 681, -0.840399444103241
0, 18, -66, 719, -1.0754213333129883
0, 19, 739, 696, -0.9584250450134277
0, 20, -38, 727, -1.2170425653457642
0, 21, 716, 682, -0.8347791433334351
0, 22, -23, 712, -1.0589860677719116
0, 23, 432, 702, -0.031025802716612816
0, 24, 234, 707, 0.03631652891635895
0, 25, 434, 1016, 0.19876700639724731
0, 26, 238, 1024, 0.3022390604019165
0, 27, 438, 1297, 1.0557724237442017
0, 28, 251, 1301, 0.9782190322875977
0, 29, 443, 1350, 1.10740065574646
0, 30, 246, 1350, 1.0246953964233398
0, 31, 413, 1387, 0.47969645261764526
0, 32, 297, 1394, 0.3131100833415985
1, 0, 357, 183, -1.4539868831634521
1, 1, 369, 150, -1.3963124752044678
1, 2, 380, 150, -1.396087884902954
1, 3, 390, 151, -1.3964874744415283
1, 4, 335, 149, -1.4098378419876099
1, 5, 320, 149, -1.4094852209091187
1, 6, 307, 150, -1.409919023513794
1, 7, 403, 161, -0.9298124313354492
1, 8, 281, 166, -0.9798272252082825
1, 9, 374, 213, -1.2725622653961182
1, 10, 332, 215, -1.2850062847137451
1, 11, 481, 302, -0.5659548044204712
1, 12, 180, 314, -0.7003848552703857
1, 13, 582, 464, -0.43508458137512207
1, 14, 56, 466, -0.6863210797309875
1, 15, 711, 640, -0.8297411203384399
1, 16, -71, 656, -1.1626065969467163
1, 17, 757, 689, -0.9159560203552246
1, 18, -116, 700, -1.27613365650177
1, 19, 738, 703, -1.0326005220413208
1, 20, -91, 707, -1.4326105117797852
1, 21, 714, 689, -0.8978927731513977
1, 22, -71, 695, -1.244741678237915
1, 23, 432, 709, -0.03821175917983055
1, 24, 234, 716, 0.0429924800992012
1, 25, 434, 1027, 0.22663168609142303
1, 26, 239, 1036, 0.370555579662323
1, 27, 438, 1312, 1.1087864637374878
1, 28, 253, 1314, 1.125762939453125
1, 29, 443, 1361, 1.1614463329315186
1, 30, 248, 1359, 1.1834628582000732
1, 31, 415, 1402, 0.5201656818389893
1, 32, 297, 1408, 0.46486392617225647
2, 0, 354, 182, -1.4323786497116089
2, 1, 366, 149, -1.3673574924468994
2, 2, 378, 150, -1.367233157157898
2, 3, 388, 150, -1.367614984512329
2, 4, 332, 149, -1.3822059631347656
2, 5, 318, 149, -1.3818598985671997
2, 6, 305, 150, -1.3823148012161255
2, 7, 402, 161, -0.8832430839538574
2, 8, 280, 166, -0.9361270666122437
2, 9, 372, 213, -1.2483831644058228
2, 10, 329, 215, -1.262237548828125
2, 11, 481, 303, -0.5464342832565308
2, 12, 179, 314, -0.6772993803024292
2, 13, 582, 464, -0.43368059396743774
2, 14, 55, 466, -0.677007794380188
2, 15, 711, 645, -0.8328092694282532
2, 16, -82, 647, -1.1622973680496216
2, 17, 756, 695, -0.9187586903572083
2, 18, -128, 688, -1.2769874334335327
2, 19, 737, 708, -1.0333948135375977
2, 20, -104, 695, -1.4327081441879272
2, 21, 713, 695, -0.9007434844970703
2, 22, -83, 684, -1.2453196048736572
2, 23, 433, 715, -0.041698865592479706
2, 24, 234, 723, 0.04635272175073624
2, 25, 435, 1035, 0.2352803647518158
2, 26, 239, 1044, 0.3735365569591522
2, 27, 439, 1321, 1.1322460174560547
2, 28, 253, 1323, 1.1173210144042969
2, 29, 444, 1371, 1.1861745119094849
2, 30, 248, 1368, 1.1732234954833984
2, 31, 415, 1411, 0.5423815250396729
2, 32, 297, 1417, 0.4543374478816986
3, 0, 354, 182, -1.375739336013794
3, 1, 366, 149, -1.3090450763702393
3, 2, 377, 150, -1.309023380279541
3, 3, 388, 150, -1.3094584941864014
3, 4, 332, 149, -1.324399709701538
3, 5, 317, 149, -1.3239957094192505
3, 6, 304, 150, -1.3244731426239014
3, 7, 402, 161, -0.8311731219291687
3, 8, 279, 165, -0.885374903678894
3, 9, 371, 213, -1.1953072547912598
3, 10, 328, 215, -1.2098510265350342
3, 11, 481, 304, -0.5112701654434204
3, 12, 179, 314, -0.636978268623352
3, 13, 582, 464, -0.4219634532928467
3, 14, 54, 466, -0.6406511068344116
3, 15, 711, 647, -0.8248254060745239
3, 16, -92, 641, -1.123483657836914
3, 17, 755, 697, -0.9059720039367676
3, 18, -140, 682, -1.2230480909347534
3, 19, 736, 710, -1.0224518775939941
3, 20, -117, 688, -1.3698559999465942
3, 21, 713, 697, -0.8922222852706909
3, 22, -96, 677, -1.196765661239624
3, 23, 433, 718, -0.04376805201172829
3, 24, 234, 725, 0.048405520617961884
3, 25, 434, 1039, 0.15729036927223206
3, 26, 238, 1048, 0.3077024221420288
3, 27, 438, 1327, 0.994324803352356
3, 28, 251, 1329, 0.9054545164108276
3, 29, 443, 1377, 1.041813611984253
3, 30, 247, 1374, 0.9457883834838867
3, 31, 414, 1415, 0.401793897151947
3, 32, 293, 1423, 0.2356484830379486
4, 0, 354, 182, -1.3902673721313477
4, 1, 366, 149, -1.3099161386489868
4, 2, 377, 150, -1.3098033666610718
4, 3, 388, 150, -1.3102611303329468
4, 4, 332, 149, -1.3368480205535889
4, 5, 317, 149, -1.3363420963287354
4, 6, 304, 150, -1.3369280099868774
4, 7, 401, 161, -0.8562148213386536
4, 8, 279, 165, -0.8919714689254761
4, 9, 371, 213, -1.196118950843811
4, 10, 329, 215, -1.2232059240341187
4, 11, 481, 304, -0.5159270763397217
4, 12, 179, 314, -0.6395121216773987
4, 13, 581, 464, -0.44563397765159607
4, 14, 53, 466, -0.6477926969528198
4, 15, 710, 647, -0.8966876864433289
4, 16, -102, 632, -1.108748435974121
4, 17, 754, 696, -0.991063117980957
4, 18, -152, 671, -1.2155272960662842
4, 19, 736, 709, -1.1124389171600342
4, 20, -132, 676, -1.375852108001709
4, 21, 712, 696, -0.9692822694778442
4, 22, -110, 667, -1.1907711029052734
4, 23, 433, 717, -0.044198889285326004
4, 24, 234, 724, 0.04881614074110985
4, 25, 434, 1037, 0.1638757437467575
4, 26, 238, 1047, 0.30856674909591675
4, 27, 438, 1325, 1.013950228691101
4, 28, 252, 1327, 0.9261254072189331
4, 29, 443, 1374, 1.0636065006256104
4, 30, 248, 1372, 0.9682055711746216
4, 31, 415, 1413, 0.4231626093387604
4, 32, 293, 1421, 0.2706236243247986
5, 0, 354, 182, -1.3906047344207764
5, 1, 366, 149, -1.3206571340560913
5, 2, 377, 150, -1.3205736875534058
5, 3, 388, 150, -1.3210090398788452
5, 4, 332, 149, -1.3415769338607788
5, 5, 317, 149, -1.341111421585083
5, 6, 304, 150, -1.3416287899017334
5, 7, 401, 161, -0.8507493138313293
5, 8, 279, 165, -0.9051550030708313
5, 9, 371, 213, -1.2035973072052002
5, 10, 329, 215, -1.2249444723129272
5, 11, 480, 304, -0.5206047892570496
5, 12, 179, 314, -0.6488244533538818
5, 13, 580, 463, -0.4445968568325043
5, 14, 53, 466, -0.6792396903038025
5, 15, 708, 646, -0.8812870979309082
5, 16, -93, 635, -1.1785341501235962
5, 17, 752, 696, -0.9753460884094238
5, 18, -140, 675, -1.2952353954315186
5, 19, 733, 709, -1.0911945104599
5, 20, -118, 680, -1.4525277614593506
5, 21, 710, 695, -0.9513149261474609
5, 22, -97, 670, -1.2629057168960571
5, 23, 433, 717, -0.0450567752122879
5, 24, 235, 724, 0.04965478181838989
5, 25, 435, 1037, 0.16986209154129028
5, 26, 239, 1047, 0.30896180868148804
5, 27, 441, 1324, 1.0284565687179565
5, 28, 255, 1326, 0.943577766418457
5, 29, 446, 1374, 1.0780608654022217
5, 30, 252, 1371, 0.9862955808639526
5, 31, 418, 1412, 0.4377199709415436
5, 32, 296, 1419, 0.2783653736114502
6, 0, 354, 182, -1.397040605545044
6, 1, 366, 150, -1.330773115158081
6, 2, 377, 150, -1.3306633234024048
6, 3, 388, 151, -1.3310850858688354
6, 4, 332, 149, -1.3490608930587769
6, 5, 317, 149, -1.3486335277557373
6, 6, 304, 150, -1.3491307497024536
6, 7, 401, 161, -0.8567293286323547
6, 8, 279, 164, -0.9140849113464355
6, 9, 371, 213, -1.2125616073608398
6, 10, 329, 215, -1.2312066555023193
6, 11, 480, 304, -0.5237612724304199
6, 12, 179, 314, -0.6540122628211975
6, 13, 580, 464, -0.44162386655807495
6, 14, 53, 466, -0.676811695098877
6, 15, 703, 648, -0.8705703020095825
6, 16, -96, 630, -1.142951250076294
6, 17, 744, 699, -0.9619094729423523
6, 18, -145, 669, -1.2534910440444946
6, 19, 725, 712, -1.079200267791748
6, 20, -124, 675, -1.4108275175094604
6, 21, 703, 697, -0.940905749797821
6, 22, -102, 665, -1.2255604267120361
6, 23, 433, 717, -0.04531325772404671
6, 24, 235, 724, 0.04994049668312073
6, 25, 435, 1036, 0.17177245020866394
6, 26, 240, 1046, 0.30850327014923096
6, 27, 441, 1323, 1.0222113132476807
6, 28, 256, 1325, 0.955134391784668
6, 29, 446, 1373, 1.070723295211792
6, 30, 253, 1370, 0.9992899894714355
6, 31, 418, 1411, 0.4223070740699768
6, 32, 296, 1418, 0.2911463975906372
7, 0, 354, 182, -1.3995860815048218
7, 1, 366, 150, -1.3356086015701294
7, 2, 377, 150, -1.3354828357696533
7, 3, 388, 151, -1.335908055305481
7, 4, 332, 149, -1.3531874418258667
7, 5, 317, 149, -1.3527761697769165
7, 6, 304, 150, -1.3532575368881226
7, 7, 401, 161, -0.8621695637702942
7, 8, 279, 164, -0.9183125495910645
7, 9, 371, 213, -1.216446042060852
7, 10, 329, 215, -1.2342857122421265
7, 11, 480, 305, -0.5241780281066895
7, 12, 179, 314, -0.6632964015007019
7, 13, 579, 464, -0.44227415323257446
7, 14, 54, 466, -0.6881716251373291
7, 15, 700, 648, -0.8636019825935364
7, 16, -95, 631, -1.165503978729248
7, 17, 743, 699, -0.9548035860061646
7, 18, -140, 671, -1.280806303024292
7, 19, 723, 711, -1.070260763168335
7, 20, -119, 677, -1.4363632202148438
7, 21, 700, 697, -0.9329970479011536
7, 22, -100, 667, -1.2486518621444702
7, 23, 433, 717, -0.045221541076898575
7, 24, 235, 725, 0.04985680431127548
7, 25, 435, 1037, 0.21900208294391632
7, 26, 240, 1047, 0.32378771901130676
7, 27, 442, 1324, 1.1070696115493774
7, 28, 257, 1326, 1.0373681783676147
7, 29, 447, 1373, 1.161010980606079
7, 30, 254, 1371, 1.0916584730148315
7, 31, 420, 1413, 0.5315977334976196
7, 32, 298, 1419, 0.38249266147613525
8, 0, 354, 182, -1.4195997714996338
8, 1, 366, 150, -1.3549649715423584
8, 2, 377, 150, -1.354873776435852
8, 3, 388, 151, -1.3553162813186646
8, 4, 332, 149, -1.3744970560073853
8, 5, 317, 149, -1.3740718364715576
8, 6, 304, 150, -1.3745758533477783
8, 7, 401, 161, -0.8713377118110657
8, 8, 279, 164, -0.9405272603034973
8, 9, 371, 213, -1.233938455581665
8, 10, 329, 215, -1.2540009021759033
8, 11, 480, 305, -0.537348210811615
8, 12, 179, 314, -0.6813059449195862
8, 13, 579, 464, -0.4503510892391205
8, 14, 54, 466, -0.6874212026596069
8, 15, 700, 648, -0.87841796875
8, 16, -94, 633, -1.1469295024871826
8, 17, 743, 698, -0.9699034690856934
8, 18, -141, 674, -1.2581228017807007
8, 19, 723, 711, -1.0885279178619385
8, 20, -120, 680, -1.4129581451416016
8, 21, 700, 697, -0.9491175413131714
8, 22, -99, 669, -1.2287437915802002
8, 23, 433, 717, -0.0451609268784523
8, 24, 235, 724, 0.04979617893695831
8, 25, 436, 1036, 0.21275195479393005
8, 26, 240, 1046, 0.31985345482826233
8, 27, 442, 1324, 1.081700325012207
8, 28, 258, 1326, 1.0101377964019775
8, 29, 447, 1373, 1.1323649883270264
8, 30, 255, 1371, 1.0604627132415771
8, 31, 420, 1412, 0.48993104696273804
8, 32, 298, 1419, 0.3430156707763672
9, 0, 354, 182, -1.411535382270813
9, 1, 366, 150, -1.3472189903259277
9, 2, 377, 151, -1.3471428155899048
9, 3, 388, 151, -1.347598910331726
9, 4, 332, 149, -1.3649417161941528
9, 5, 317, 149, -1.364525318145752
9, 6, 304, 150, -1.3650301694869995
9, 7, 400, 161, -0.8642632365226746
9, 8, 279, 164, -0.9267421960830688
9, 9, 371, 213, -1.2264961004257202
9, 10, 329, 215, -1.2441340684890747
9, 11, 480, 305, -0.5330212712287903
9, 12, 179, 314, -0.6636814475059509
9, 13, 579, 464, -0.44730716943740845
9, 14, 54, 466, -0.6567797064781189
9, 15, 701, 648, -0.8730475306510925
9, 16, -95, 633, -1.1127535104751587
9, 17, 744, 698, -0.9636036157608032
9, 18, -142, 674, -1.2232129573822021
9, 19, 725, 710, -1.0829355716705322
9, 20, -122, 680, -1.3864446878433228
9, 21, 702, 696, -0.944033145904541
9, 22, -101, 669, -1.1991186141967773
9, 23, 433, 717, -0.04563567042350769
9, 24, 235, 724, 0.05027880147099495
9, 25, 436, 1036, 0.18786004185676575
9, 26, 240, 1046, 0.3073694705963135
9, 27, 442, 1324, 1.0412421226501465
9, 28, 258, 1326, 0.9636826515197754
9, 29, 447, 1373, 1.0906845331192017
9, 30, 254, 1371, 1.0096131563186646
9, 31, 420, 1412, 0.44580286741256714
9, 32, 297, 1419, 0.2895122170448303
10, 0, 354, 182, -1.396347999572754
10, 1, 366, 150, -1.3303987979888916
10, 2, 377, 151, -1.330363154411316
10, 3, 387, 151, -1.3308058977127075
10, 4, 332, 149, -1.3485511541366577
10, 5, 317, 149, -1.3480918407440186
10, 6, 304, 150, -1.3485949039459229
10, 7, 400, 161, -0.8490198850631714
10, 8, 279, 164, -0.9162191152572632
10, 9, 371, 213, -1.2131441831588745
10, 10, 329, 215, -1.2318624258041382
10, 11, 479, 304, -0.5193957686424255
10, 12, 179, 314, -0.6591631174087524
10, 13, 579, 463, -0.41782230138778687
10, 14, 54, 466, -0.6561648845672607
10, 15, 701, 647, -0.8410564661026001
10, 16, -94, 634, -1.1121327877044678
10, 17, 744, 697, -0.9283437728881836
10, 18, -141, 675, -1.2228243350982666
10, 19, 725, 709, -1.0470373630523682
10, 20, -120, 681, -1.3841884136199951
10, 21, 702, 695, -0.9121014475822449
10, 22, -99, 670, -1.1976442337036133
10, 23, 433, 716, -0.04514485225081444
10, 24, 235, 724, 0.04978930577635765
10, 25, 436, 1036, 0.1422106921672821
10, 26, 241, 1046, 0.2608238160610199
10, 27, 443, 1324, 0.9538322687149048
10, 28, 260, 1326, 0.843558669090271
10, 29, 448, 1373, 0.9985049962997437
10, 30, 256, 1371, 0.8813947439193726
10, 31, 421, 1412, 0.35775226354599
10, 32, 300, 1419, 0.1688317358493805
11, 0, 354, 182, -1.3971067667007446
11, 1, 366, 150, -1.3320194482803345
11, 2, 377, 150, -1.3319705724716187
11, 3, 387, 151, -1.3324191570281982
11, 4, 332, 149, -1.3499361276626587
11, 5, 317, 149, -1.3494949340820312
11, 6, 304, 150, -1.3499908447265625
11, 7, 400, 161, -0.8525951504707336
11, 8, 279, 163, -0.9167720675468445
11, 9, 371, 213, -1.21482253074646
11, 10, 329, 215, -1.233290672302246
11, 11, 479, 304, -0.5212459564208984
11, 12, 179, 314, -0.653728187084198
11, 13, 579, 463, -0.41257864236831665
11, 14, 54, 466, -0.6428245902061462
11, 15, 707, 646, -0.8369530439376831
11, 16, -95, 635, -1.108250379562378
11, 17, 751, 696, -0.9245438575744629
11, 18, -141, 676, -1.2214844226837158
11, 19, 735, 707, -1.0452228784561157
11, 20, -120, 682, -1.381968379020691
11, 21, 711, 694, -0.9091525077819824
11, 22, -99, 671, -1.1959412097930908
11, 23, 435, 716, -0.04705765098333359
11, 24, 237, 724, 0.05171872302889824
11, 25, 439, 1036, 0.19672523438930511
11, 26, 245, 1046, 0.3241637945175171
11, 27, 446, 1323, 1.085310459136963
11, 28, 264, 1325, 1.0518476963043213
11, 29, 451, 1372, 1.137974739074707
11, 30, 261, 1371, 1.1064684391021729
11, 31, 425, 1412, 0.48799362778663635
11, 32, 306, 1419, 0.3756864070892334
12, 0, 354, 182, -1.398531436920166
12, 1, 366, 150, -1.3342734575271606
12, 2, 377, 151, -1.334209680557251
12, 3, 387, 151, -1.3346571922302246
12, 4, 332, 149, -1.3519593477249146
12, 5, 317, 149, -1.351525068283081
12, 6, 304, 150, -1.352015733718872
12, 7, 400, 161, -0.8546652793884277
12, 8, 279, 163, -0.9183039665222168
12, 9, 371, 213, -1.215680480003357
12, 10, 329, 215, -1.2339738607406616
12, 11, 479, 304, -0.5204961895942688
12, 12, 178, 314, -0.653982937335968
12, 13, 578, 463, -0.40516138076782227
12, 14, 54, 466, -0.6505183577537537
12, 15, 705, 646, -0.8186289668083191
12, 16, -94, 635, -1.1186498403549194
12, 17, 749, 695, -0.9057826995849609
12, 18, -141, 676, -1.2312328815460205
12, 19, 733, 707, -1.022454023361206
12, 20, -120, 682, -1.3912241458892822
12, 21, 710, 694, -0.888607382774353
12, 22, -98, 671, -1.2044156789779663
12, 23, 435, 716, -0.04667973890900612
12, 24, 237, 724, 0.05128125473856926
12, 25, 439, 1036, 0.21718935668468475
12, 26, 245, 1046, 0.33699509501457214
12, 27, 446, 1323, 1.1033953428268433
12, 28, 264, 1325, 1.0721311569213867
12, 29, 451, 1372, 1.1557096242904663
12, 30, 261, 1370, 1.127475380897522
12, 31, 425, 1411, 0.5157334804534912
12, 32, 305, 1418, 0.40541401505470276
13, 0, 354, 182, -1.4389398097991943
13, 1, 366, 150, -1.3745143413543701
13, 2, 377, 150, -1.3744189739227295
13, 3, 387, 151, -1.374895691871643
13, 4, 332, 149, -1.389907717704773
13, 5, 317, 149, -1.3894391059875488
13, 6, 304, 150, -1.3899223804473877
13, 7, 400, 161, -0.874536395072937
13, 8, 279, 163, -0.9284029006958008
13, 9, 371, 213, -1.247449278831482
13, 10, 329, 215, -1.261732816696167
13, 11, 479, 304, -0.5218453407287598
13, 12, 179, 314, -0.6535232663154602
13, 13, 578, 462, -0.3922022879123688
13, 14, 54, 466, -0.6152761578559875
13, 15, 705, 643, -0.8030532002449036
13, 16, -93, 633, -1.0585691928863525
13, 17, 748, 693, -0.8890129923820496
13, 18, -139, 674, -1.1680008172988892
13, 19, 733, 704, -1.0103293657302856
13, 20, -118, 679, -1.3330974578857422
13, 21, 709, 692, -0.8744363784790039
13, 22, -97, 669, -1.144188404083252
13, 23, 435, 715, -0.049299996346235275
13, 24, 237, 723, 0.05391118675470352
13, 25, 439, 1035, 0.20781847834587097
13, 26, 245, 1045, 0.37664204835891724
13, 27, 446, 1323, 1.0984259843826294
13, 28, 264, 1325, 1.1408202648162842
13, 29, 451, 1371, 1.1494060754776
13, 30, 261, 1369, 1.1985809803009033
13, 31, 424, 1411, 0.4762619435787201
13, 32, 305, 1418, 0.45889854431152344
14, 0, 354, 182, -1.4485509395599365
14, 1, 366, 150, -1.3841784000396729
14, 2, 378, 150, -1.3840816020965576
14, 3, 387, 151, -1.384563684463501
14, 4, 332, 149, -1.3991296291351318
14, 5, 317, 149, -1.3986570835113525
14, 6, 304, 150, -1.3991397619247437
14, 7, 400, 161, -0.8804420232772827
14, 8, 279, 163, -0.9312399625778198
14, 9, 371, 213, -1.2557430267333984
14, 10, 330, 215, -1.2691154479980469
14, 11, 479, 303, -0.522356390953064
14, 12, 180, 314, -0.6513642072677612
14, 13, 578, 462, -0.38602548837661743
14, 14, 55, 465, -0.6017271280288696
14, 15, 704, 642, -0.7975103855133057
14, 16, -92, 632, -1.0403486490249634
14, 17, 747, 692, -0.8834465742111206
14, 18, -138, 673, -1.1490631103515625
14, 19, 733, 703, -1.006074070930481
14, 20, -118, 676, -1.3145936727523804
14, 21, 709, 690, -0.8693016171455383
14, 22, -97, 667, -1.1257617473602295
14, 23, 435, 715, -0.05084038898348808
14, 24, 237, 723, 0.055459748953580856
14, 25, 439, 1035, 0.20320966839790344
14, 26, 245, 1045, 0.38380470871925354
14, 27, 446, 1323, 1.0969560146331787
14, 28, 264, 1325, 1.143036127090454
14, 29, 451, 1371, 1.148418664932251
14, 30, 260, 1369, 1.2001628875732422
14, 31, 424, 1411, 0.4630287289619446
14, 32, 305, 1418, 0.4596072733402252
15, 0, 354, 182, -1.38931405544281
15, 1, 366, 150, -1.3273708820343018
15, 2, 378, 150, -1.3272826671600342
15, 3, 388, 151, -1.3277400732040405
15, 4, 332, 149, -1.3435282707214355
15, 5, 318, 148, -1.3430416584014893
15, 6, 305, 149, -1.343473196029663
15, 7, 401, 161, -0.8463144302368164
15, 8, 279, 163, -0.9053667783737183
15, 9, 371, 213, -1.2054580450057983
15, 10, 330, 214, -1.2213666439056396
15, 11, 481, 304, -0.5121404528617859
15, 12, 180, 314, -0.6480327844619751
15, 13, 578, 462, -0.4007173478603363
15, 14, 55, 466, -0.668533205986023
15, 15, 702, 644, -0.8363395929336548
15, 16, -81, 638, -1.1892322301864624
15, 17, 745, 694, -0.9356368184089661
15, 18, -125, 682, -1.30906081199646
15, 19, 727, 706, -1.0449650287628174
15, 20, -99, 688, -1.4614980220794678
15, 21, 703, 693, -0.9035736322402954
15, 22, -79, 676, -1.2714358568191528
15, 23, 435, 717, -0.049244292080402374
15, 24, 237, 725, 0.05393245816230774
15, 25, 439, 1038, 0.20612704753875732
15, 26, 245, 1049, 0.34933650493621826
15, 27, 447, 1327, 1.088964581489563
15, 28, 264, 1330, 1.0311686992645264
15, 29, 452, 1376, 1.139992594718933
15, 30, 260, 1375, 1.0807576179504395
15, 31, 425, 1415, 0.4792989194393158
15, 32, 305, 1422, 0.3683443069458008
16, 0, 354, 182, -1.36936616897583
16, 1, 366, 150, -1.306530237197876
16, 2, 378, 150, -1.306475281715393
16, 3, 388, 150, -1.30693519115448
16, 4, 333, 148, -1.3230931758880615
16, 5, 318, 148, -1.3226056098937988
16, 6, 305, 149, -1.323054552078247
16, 7, 401, 161, -0.8256330490112305
16, 8, 279, 163, -0.8870618939399719
16, 9, 372, 213, -1.1857043504714966
16, 10, 331, 214, -1.2021675109863281
16, 11, 481, 304, -0.5003690123558044
16, 12, 180, 314, -0.634035587310791
16, 13, 578, 462, -0.3967462182044983
16, 14, 56, 466, -0.6655248403549194
16, 15, 702, 644, -0.8320131301879883
16, 16, -77, 640, -1.175952672958374
16, 17, 745, 694, -0.9349934458732605
16, 18, -121, 684, -1.2954477071762085
16, 19, 727, 706, -1.042015790939331
16, 20, -95, 690, -1.4511206150054932
16, 21, 703, 693, -0.8991580009460449
16, 22, -75, 678, -1.2595192193984985
16, 23, 435, 717, -0.0492020919919014
16, 24, 237, 726, 0.0538911409676075
16, 25, 440, 1038, 0.2199801206588745
16, 26, 246, 1050, 0.3460795283317566
16, 27, 449, 1327, 1.108648419380188
16, 28, 265, 1330, 1.0314104557037354
16, 29, 454, 1376, 1.1608664989471436
16, 30, 261, 1376, 1.0810458660125732
16, 31, 428, 1416, 0.5193451046943665
16, 32, 307, 1423, 0.3683087229728699
17, 0, 354, 181, -1.351818561553955
17, 1, 366, 149, -1.2913239002227783
17, 2, 378, 149, -1.2912564277648926
17, 3, 388, 150, -1.2917637825012207
17, 4, 333, 148, -1.3042255640029907
17, 5, 318, 148, -1.3037021160125732
17, 6, 305, 148, -1.3041768074035645
17, 7, 401, 160, -0.8204817771911621
17, 8, 280, 162, -0.8648689985275269
17, 9, 372, 212, -1.1719410419464111
17, 10, 331, 214, -1.1832717657089233
17, 11, 482, 304, -0.4890570044517517
17, 12, 182, 314, -0.6149164438247681
17, 13, 580, 462, -0.36529257893562317
17, 14, 57, 464, -0.6216934323310852
17, 15, 703, 645, -0.7361708283424377
17, 16, -75, 639, -1.1008244752883911
17, 17, 746, 695, -0.8181636929512024
17, 18, -117, 683, -1.214181661605835
17, 19, 728, 706, -0.9273563623428345
17, 20, -92, 689, -1.3614723682403564
17, 21, 704, 693, -0.801866352558136
17, 22, -72, 677, -1.1808315515518188
17, 23, 434, 719, -0.04942670091986656
17, 24, 234, 726, 0.054141800850629807
17, 25, 435, 1041, 0.20706228911876678
17, 26, 237, 1050, 0.3284054398536682
17, 27, 438, 1329, 1.0838779211044312
17, 28, 246, 1331, 1.0098536014556885
17, 29, 443, 1378, 1.1341955661773682
17, 30, 242, 1376, 1.0595388412475586
17, 31, 413, 1419, 0.49124234914779663
17, 32, 285, 1424, 0.33960384130477905
18, 0, 354, 182, -1.4349071979522705
18, 1, 366, 149, -1.3757424354553223
18, 2, 378, 149, -1.3757988214492798
18, 3, 388, 150, -1.3761409521102905
18, 4, 332, 148, -1.3878660202026367
18, 5, 318, 148, -1.3874748945236206
18, 6, 305, 149, -1.3879581689834595
18, 7, 402, 160, -0.9087565541267395
18, 8, 280, 162, -0.9504332542419434
18, 9, 372, 213, -1.256034016609192
18, 10, 331, 214, -1.267314076423645
18, 11, 484, 304, -0.5579063296318054
18, 12, 186, 313, -0.6478318572044373
18, 13, 583, 461, -0.43425384163856506
18, 14, 60, 456, -0.6493237018585205
18, 15, 704, 645, -0.801744818687439
18, 16, -47, 637, -1.1600843667984009
18, 17, 746, 695, -0.8923258781433105
18, 18, -81, 682, -1.2806107997894287
18, 19, 728, 704, -1.0039423704147339
18, 20, -56, 685, -1.4162774085998535
18, 21, 704, 691, -0.8671064376831055
18, 22, -39, 672, -1.2357299327850342
18, 23, 438, 710, -0.05264931172132492
18, 24, 239, 713, 0.05713716149330139
18, 25, 439, 1031, 0.03178934007883072
18, 26, 243, 1037, 0.2769554555416107
18, 27, 441, 1320, 0.7744466662406921
18, 28, 250, 1318, 0.8597698211669922
18, 29, 446, 1366, 0.808803915977478
18, 30, 246, 1362, 0.8982006907463074
18, 31, 413, 1408, 0.13017958402633667
18, 32, 285, 1412, 0.17791083455085754
19, 0, 352, 178, -1.2393553256988525
19, 1, 365, 146, -1.1785757541656494
19, 2, 377, 146, -1.1783748865127563
19, 3, 388, 147, -1.178642988204956
19, 4, 331, 144, -1.174375295639038
19, 5, 318, 144, -1.1738934516906738
19, 6, 305, 145, -1.173919916152954
19, 7, 403, 159, -0.6864123940467834
19, 8, 281, 160, -0.6583753824234009
19, 9, 371, 210, -1.053887963294983
19, 10, 330, 209, -1.0455442667007446
19, 11, 486, 304, -0.3629763722419739
19, 12, 194, 311, -0.4211176335811615
19, 13, 586, 462, -0.3120073974132538
19, 14, 56, 451, -1.1027650833129883
19, 15, 695, 646, -0.6553828120231628
19, 16, 106, 428, -2.374736785888672
19, 17, 733, 697, -0.7537893652915955
19, 18, 116, 392, -2.606678009033203
19, 19, 708, 704, -0.8266072273254395
19, 20, 155, 372, -2.5782387256622314
19, 21, 684, 690, -0.7024411559104919
19, 22, 167, 383, -2.3979432582855225
19, 23, 442, 713, -0.05505013465881348
19, 24, 241, 713, 0.05960988253355026
19, 25, 439, 1035, 0.1839960217475891
19, 26, 241, 1038, 0.5037590265274048
19, 27, 440, 1322, 1.040571928024292
19, 28, 246, 1321, 1.4051748514175415
19, 29, 445, 1367, 1.0862349271774292
19, 30, 242, 1364, 1.4804203510284424
19, 31, 413, 1414, 0.38142186403274536
19, 32, 277, 1418, 0.7349931001663208
20, 0, 351, 172, -1.2939417362213135
20, 1, 365, 139, -1.2260301113128662
20, 2, 377, 141, -1.2258316278457642
20, 3, 387, 143, -1.226041555404663
20, 4, 331, 138, -1.2278462648391724
20, 5, 318, 138, -1.2274566888809204
20, 6, 305, 138, -1.2276517152786255
20, 7, 404, 157, -0.6766374707221985
20, 8, 282, 157, -0.6695508360862732
20, 9, 370, 205, -1.1037241220474243
20, 10, 329, 202, -1.103325366973877
20, 11, 486, 303, -0.32379525899887085
20, 12, 194, 306, -0.45125022530555725
20, 13, 586, 461, -0.2846679389476776
20, 14, 14, 443, -1.272440791130066
20, 15, 691, 646, -0.6626183390617371
20, 16, 123, 346, -2.499772548675537
20, 17, 731, 697, -0.7732887268066406
20, 18, 157, 317, -2.751167058944702
20, 19, 705, 701, -0.8508755564689636
20, 20, 189, 301, -2.686406373977661
20, 21, 680, 689, -0.7158945798873901
20, 22, 194, 315, -2.508875846862793
20, 23, 442, 713, -0.05800787732005119
20, 24, 239, 712, 0.06259424984455109
20, 25, 434, 1035, 0.21408891677856445
20, 26, 235, 1038, 0.5108634233474731
20, 27, 431, 1322, 1.093165397644043
20, 28, 239, 1321, 1.4379698038101196
20, 29, 435, 1367, 1.13704514503479
20, 30, 235, 1364, 1.5143814086914062
20, 31, 403, 1414, 0.38371986150741577
20, 32, 268, 1418, 0.7319731116294861
21, 0, 350, 168, -1.3104145526885986
21, 1, 365, 135, -1.2321064472198486
21, 2, 376, 137, -1.2318764925003052
21, 3, 387, 139, -1.2320042848587036
21, 4, 331, 134, -1.2339842319488525
21, 5, 318, 134, -1.2336578369140625
21, 6, 305, 135, -1.2338621616363525
21, 7, 405, 155, -0.6678698062896729
21, 8, 282, 154, -0.6652711629867554
21, 9, 370, 202, -1.1108826398849487
21, 10, 328, 199, -1.1108964681625366
21, 11, 486, 302, -0.3122207522392273
21, 12, 194, 304, -0.452861487865448
21, 13, 586, 461, -0.2742786705493927
21, 14, 3, 440, -1.2718406915664673
21, 15, 689, 646, -0.6646244525909424
21, 16, 124, 342, -2.4921934604644775
21, 17, 730, 697, -0.7784801125526428
21, 18, 159, 315, -2.742579221725464
21, 19, 704, 699, -0.856052577495575
21, 20, 191, 299, -2.6792240142822266
21, 21, 678, 687, -0.7188721895217896
21, 22, 196, 313, -2.5015110969543457
21, 23, 442, 713, -0.05871611833572388
21, 24, 238, 712, 0.063302181661129
21, 25, 432, 1035, 0.23013226687908173
21, 26, 233, 1038, 0.5041138529777527
21, 27, 429, 1322, 1.1168378591537476
21, 28, 238, 1321, 1.426497459411621
21, 29, 432, 1367, 1.1613552570343018
21, 30, 234, 1364, 1.502182126045227
21, 31, 402, 1414, 0.40850821137428284
21, 32, 267, 1418, 0.718377411365509
22, 0, 351, 166, -1.2518452405929565
22, 1, 366, 133, -1.1720125675201416
22, 2, 378, 134, -1.1716792583465576
22, 3, 389, 136, -1.171759843826294
22, 4, 333, 131, -1.1727876663208008
22, 5, 319, 131, -1.1723893880844116
22, 6, 306, 132, -1.1724735498428345
22, 7, 407, 152, -0.6273409724235535
22, 8, 283, 153, -0.6210748553276062
22, 9, 371, 200, -1.0544730424880981
22, 10, 330, 198, -1.0526916980743408
22, 11, 486, 299, -0.26722201704978943
22, 12, 197, 301, -0.40412864089012146
22, 13, 586, 461, -0.1711631566286087
22, 14, 7, 441, -1.1444928646087646
22, 15, 690, 648, -0.5018849968910217
22, 16, 120, 311, -2.2864718437194824
22, 17, 732, 698, -0.6067931056022644
22, 18, 154, 275, -2.5301411151885986
22, 19, 705, 699, -0.6811322569847107
22, 20, 182, 260, -2.459580898284912
22, 21, 680, 687, -0.5558754205703735
22, 22, 189, 278, -2.293930768966675
22, 23, 444, 712, -0.05881015211343765
22, 24, 238, 712, 0.06344611942768097
22, 25, 432, 1036, 0.2250330150127411
22, 26, 235, 1039, 0.48582443594932556
22, 27, 430, 1323, 1.1019303798675537
22, 28, 238, 1322, 1.3853439092636108
22, 29, 433, 1367, 1.1475659608840942
22, 30, 235, 1364, 1.462049961090088
22, 31, 403, 1414, 0.41215190291404724
22, 32, 270, 1420, 0.6949723958969116
23, 0, 351, 165, -1.0875380039215088
23, 1, 366, 131, -1.0293468236923218
23, 2, 378, 133, -1.0289905071258545
23, 3, 389, 134, -1.0292150974273682
23, 4, 332, 131, -1.0171583890914917
23, 5, 319, 131, -1.0166795253753662
23, 6, 307, 132, -1.0166475772857666
23, 7, 409, 150, -0.5910025238990784
23, 8, 285, 153, -0.5236168503761292
23, 9, 371, 199, -0.9285715222358704
23, 10, 330, 198, -0.9089457392692566
23, 11, 490, 299, -0.302797794342041
23, 12, 209, 302, -0.304294615983963
23, 13, 587, 460, -0.2055267095565796
23, 14, 11, 442, -1.090498924255371
23, 15, 690, 650, -0.39991244673728943
23, 16, 111, 301, -2.0362346172332764
23, 17, 732, 698, -0.4774640202522278
23, 18, 136, 256, -2.250216007232666
23, 19, 706, 700, -0.5371645092964172
23, 20, 166, 245, -2.201262950897217
23, 21, 681, 689, -0.4432581961154938
23, 22, 174, 264, -2.046022415161133
23, 23, 447, 712, -0.06827821582555771
23, 24, 244, 712, 0.07289866358041763
23, 25, 438, 1036, 0.12758103013038635
23, 26, 244, 1039, 0.4496414065361023
23, 27, 436, 1323, 0.922340989112854
23, 28, 249, 1322, 1.2086737155914307
23, 29, 440, 1367, 0.9625127911567688
23, 30, 246, 1363, 1.2749650478363037
23, 31, 408, 1414, 0.2941734194755554
23, 32, 276, 1421, 0.5726562142372131
24, 0, 351, 164, -1.0350759029388428
24, 1, 366, 130, -0.9746354222297668
24, 2, 378, 131, -0.9743126034736633
24, 3, 389, 132, -0.9744201898574829
24, 4, 333, 130, -0.9629673957824707
24, 5, 319, 131, -0.9624572992324829
24, 6, 307, 132, -0.9624807238578796
24, 7, 409, 148, -0.5537576675415039
24, 8, 286, 153, -0.4826967716217041
24, 9, 372, 198, -0.8829954862594604
24, 10, 331, 198, -0.863598644733429
24, 11, 493, 299, -0.29315412044525146
24, 12, 213, 306, -0.29063117504119873
24, 13, 587, 461, -0.22403645515441895
24, 14, 12, 447, -1.0678735971450806
24, 15, 686, 656, -0.4118211269378662
24, 16, 116, 303, -1.9565407037734985
24, 17, 725, 703, -0.48292964696884155
24, 18, 133, 250, -2.1619443893432617
24, 19, 696, 704, -0.5297353863716125
24, 20, 166, 241, -2.1576974391937256
24, 21, 672, 693, -0.44991761445999146
24, 22, 175, 263, -1.9697439670562744
24, 23, 454, 712, -0.07054100930690765
24, 24, 248, 713, 0.07534072548151016
24, 25, 449, 1037, 0.06643576920032501
24, 26, 256, 1042, 0.3509139120578766
24, 27, 453, 1324, 0.8331726789474487
24, 28, 268, 1323, 1.0198613405227661
24, 29, 458, 1367, 0.8704026937484741
24, 30, 266, 1363, 1.0758991241455078
24, 31, 426, 1415, 0.2126922905445099
24, 32, 296, 1423, 0.37425440549850464
25, 0, 353, 163, -1.1309138536453247
25, 1, 367, 128, -1.0619480609893799
25, 2, 379, 129, -1.061628818511963
25, 3, 390, 130, -1.061726450920105
25, 4, 334, 129, -1.0564433336257935
25, 5, 322, 129, -1.055974006652832
25, 6, 310, 131, -1.0560858249664307
25, 7, 413, 146, -0.5915328860282898
25, 8, 290, 152, -0.5482037663459778
25, 9, 374, 195, -0.9606937170028687
25, 10, 334, 196, -0.9499267339706421
25, 11, 498, 299, -0.2967507839202881
25, 12, 214, 308, -0.34648460149765015
25, 13, 587, 461, -0.22229966521263123
25, 14, 15, 450, -1.0576097965240479
25, 15, 676, 665, -0.43237948417663574
25, 16, 133, 308, -2.066588878631592
25, 17, 710, 711, -0.5112681984901428
25, 18, 158, 249, -2.285252571105957
25, 19, 680, 711, -0.5550472736358643
25, 20, 194, 243, -2.1913793087005615
25, 21, 657, 700, -0.4698893427848816
25, 22, 203, 266, -2.059532403945923
25, 23, 456, 715, -0.0703992173075676
25, 24, 250, 716, 0.07521643489599228
25, 25, 452, 1042, 0.10020150244235992
25, 26, 259, 1046, 0.35895758867263794
25, 27, 454, 1328, 0.8693219423294067
25, 28, 270, 1327, 1.0678287744522095
25, 29, 459, 1370, 0.9100915789604187
25, 30, 268, 1366, 1.1131139993667603
25, 31, 428, 1420, 0.27353549003601074
25, 32, 298, 1427, 0.4224366545677185
26, 0, 355, 162, -1.1296888589859009
26, 1, 370, 127, -1.062219262123108
26, 2, 382, 128, -1.0618958473205566
26, 3, 395, 129, -1.061984896659851
26, 4, 337, 128, -1.0528290271759033
26, 5, 325, 129, -1.052194356918335
26, 6, 313, 130, -1.0522204637527466
26, 7, 420, 144, -0.5931323766708374
26, 8, 297, 151, -0.5363389253616333
26, 9, 378, 194, -0.9604918360710144
26, 10, 338, 196, -0.9448620080947876
26, 11, 503, 299, -0.31003326177597046
26, 12, 220, 310, -0.3152654767036438
26, 13, 586, 461, -0.2328803539276123
26, 14, 22, 454, -1.024125576019287
26, 15, 673, 665, -0.49157848954200745
26, 16, 130, 331, -2.0985095500946045
26, 17, 707, 711, -0.5715125203132629
26, 18, 149, 267, -2.3237757682800293
26, 19, 678, 711, -0.6432386040687561
26, 20, 186, 257, -2.243396282196045
26, 21, 655, 700, -0.5404085516929626
26, 22, 196, 282, -2.1022789478302
26, 23, 460, 715, -0.07270529866218567
26, 24, 254, 716, 0.07772190868854523
26, 25, 453, 1043, 0.11529876291751862
26, 26, 260, 1046, 0.3675885796546936
26, 27, 453, 1328, 0.9097220301628113
26, 28, 269, 1326, 1.1476562023162842
26, 29, 458, 1370, 0.9545466303825378
26, 30, 266, 1365, 1.2112115621566772
26, 31, 427, 1420, 0.30664291977882385
26, 32, 297, 1426, 0.48038163781166077
27, 0, 357, 162, -1.153145670890808
27, 1, 373, 127, -1.0851483345031738
27, 2, 385, 128, -1.0848207473754883
27, 3, 398, 128, -1.084930181503296
27, 4, 339, 128, -1.078736424446106
27, 5, 327, 129, -1.0781538486480713
27, 6, 315, 130, -1.0781909227371216
27, 7, 423, 143, -0.6078871488571167
27, 8, 299, 150, -0.5641570687294006
27, 9, 381, 194, -0.9799289703369141
27, 10, 340, 196, -0.9678884744644165
27, 11, 505, 299, -0.31428152322769165
27, 12, 222, 311, -0.3387989401817322
27, 13, 587, 461, -0.23419499397277832
27, 14, 29, 456, -1.0227558612823486
27, 15, 673, 666, -0.47766876220703125
27, 16, 136, 336, -2.1055541038513184
27, 17, 708, 711, -0.5619949102401733
27, 18, 157, 268, -2.32863450050354
27, 19, 680, 712, -0.6187409162521362
27, 20, 195, 258, -2.245814085006714
27, 21, 657, 701, -0.5209931135177612
27, 22, 207, 282, -2.1076436042785645
27, 23, 464, 717, -0.07370800524950027
27, 24, 258, 718, 0.07870953530073166
27, 25, 458, 1045, 0.15047873556613922
27, 26, 264, 1049, 0.3917962908744812
27, 27, 459, 1330, 1.0248645544052124
27, 28, 272, 1328, 1.221829891204834
27, 29, 464, 1372, 1.0721464157104492
27, 30, 270, 1367, 1.2932019233703613
27, 31, 432, 1422, 0.388884961605072
27, 32, 300, 1428, 0.5459831953048706
28, 0, 358, 162, -1.232138991355896
28, 1, 374, 127, -1.157715082168579
28, 2, 387, 127, -1.1573450565338135
28, 3, 399, 128, -1.1573293209075928
28, 4, 340, 127, -1.1520127058029175
28, 5, 328, 128, -1.1514461040496826
28, 6, 316, 129, -1.1514418125152588
28, 7, 425, 143, -0.650950014591217
28, 8, 300, 149, -0.6081113815307617
28, 9, 382, 194, -1.049363136291504
28, 10, 341, 196, -1.039076328277588
28, 11, 508, 301, -0.33878451585769653
28, 12, 223, 311, -0.3546043038368225
28, 13, 589, 465, -0.25493255257606506
28, 14, 30, 464, -1.0696680545806885
28, 15, 674, 684, -0.4973539710044861
28, 16, 146, 339, -2.1660361289978027
28, 17, 708, 734, -0.5787036418914795
28, 18, 162, 272, -2.3945207595825195
28, 19, 679, 735, -0.6510189175605774
28, 20, 199, 262, -2.310582399368286
28, 21, 656, 722, -0.5468957424163818
28, 22, 212, 285, -2.167841672897339
28, 23, 464, 720, -0.07400818169116974
28, 24, 258, 721, 0.07897643744945526
28, 25, 457, 1050, 0.17567119002342224
28, 26, 263, 1053, 0.3941243886947632
28, 27, 457, 1336, 1.108942985534668
28, 28, 271, 1333, 1.23610520362854
28, 29, 461, 1378, 1.1598482131958008
28, 30, 269, 1372, 1.3077166080474854
28, 31, 429, 1428, 0.4607577323913574
28, 32, 295, 1434, 0.5461300015449524
29, 0, 362, 161, -1.2571858167648315
29, 1, 377, 126, -1.1852811574935913
29, 2, 390, 126, -1.1848633289337158
29, 3, 402, 126, -1.1848920583724976
29, 4, 343, 127, -1.1824527978897095
29, 5, 331, 128, -1.1819247007369995
29, 6, 319, 128, -1.1819130182266235
29, 7, 428, 140, -0.6768988370895386
29, 8, 301, 147, -0.6510690450668335
29, 9, 385, 193, -1.0721396207809448
29, 10, 345, 196, -1.0654246807098389
29, 11, 509, 301, -0.3394719660282135
29, 12, 223, 305, -0.394910991191864
29, 13, 590, 465, -0.24041029810905457
29, 14, 34, 464, -1.0877737998962402
29, 15, 676, 681, -0.4952460825443268
29, 16, 155, 342, -2.168412923812866
29, 17, 710, 730, -0.5817269682884216
29, 18, 174, 272, -2.3924708366394043
29, 19, 682, 731, -0.6450767517089844
29, 20, 207, 260, -2.3139965534210205
29, 21, 658, 718, -0.5414978861808777
29, 22, 220, 285, -2.1709954738616943
29, 23, 463, 719, -0.07392462342977524
29, 24, 257, 717, 0.0788835734128952
29, 25, 450, 1049, 0.16979029774665833
29, 26, 256, 1052, 0.39421600103378296
29, 27, 441, 1335, 1.082549810409546
29, 28, 256, 1333, 1.234289526939392
29, 29, 444, 1378, 1.1308560371398926
29, 30, 253, 1372, 1.3049370050430298
29, 31, 414, 1428, 0.439007431268692
29, 32, 275, 1433, 0.5425071120262146
30, 0, 363, 160, -1.2405179738998413
30, 1, 378, 124, -1.1651864051818848
30, 2, 391, 124, -1.164765477180481
30, 3, 403, 124, -1.1647154092788696
30, 4, 345, 125, -1.1639525890350342
30, 5, 333, 126, -1.1634726524353027
30, 6, 320, 127, -1.1634718179702759
30, 7, 428, 139, -0.6526166200637817
30, 8, 302, 146, -0.6351591944694519
30, 9, 385, 192, -1.0538873672485352
30, 10, 346, 195, -1.0495437383651733
30, 11, 508, 301, -0.3070613741874695
30, 12, 223, 301, -0.39292994141578674
30, 13, 590, 466, -0.1779494285583496
30, 14, 37, 464, -1.0785043239593506
30, 15, 684, 680, -0.4322710633277893
30, 16, 155, 344, -2.1635847091674805
30, 17, 723, 729, -0.5183656811714172
30, 18, 175, 277, -2.3879616260528564
30, 19, 698, 728, -0.5859239101409912
30, 20, 209, 264, -2.311069965362549
30, 21, 673, 717, -0.4807811677455902
30, 22, 220, 288, -2.167494297027588
30, 23, 463, 718, -0.07234125584363937
30, 24, 257, 716, 0.07723221927881241
30, 25, 448, 1049, 0.16951172053813934
30, 26, 254, 1051, 0.39035195112228394
30, 27, 438, 1335, 1.0720337629318237
30, 28, 253, 1333, 1.2316731214523315
30, 29, 441, 1378, 1.119909405708313
30, 30, 250, 1372, 1.3045151233673096
30, 31, 412, 1427, 0.431281179189682
30, 32, 274, 1432, 0.53600013256073
31, 0, 365, 160, -1.2410480976104736
31, 1, 380, 124, -1.166100263595581
31, 2, 392, 124, -1.1656763553619385
31, 3, 404, 124, -1.165594458580017
31, 4, 347, 125, -1.1658254861831665
31, 5, 335, 126, -1.1654049158096313
31, 6, 322, 127, -1.1654458045959473
31, 7, 428, 139, -0.6530541181564331
31, 8, 303, 146, -0.6410093307495117
31, 9, 387, 192, -1.054957389831543
31, 10, 348, 195, -1.051837682723999
31, 11, 508, 301, -0.3010769486427307
31, 12, 224, 302, -0.40958088636398315
31, 13, 590, 466, -0.12088777124881744
31, 14, 37, 464, -1.106984257698059
31, 15, 697, 680, -0.3395921289920807
31, 16, 157, 340, -2.178960084915161
31, 17, 739, 726, -0.41153424978256226
31, 18, 179, 275, -2.4026007652282715
31, 19, 719, 725, -0.48685064911842346
31, 20, 212, 262, -2.3230385780334473
31, 21, 691, 714, -0.3907792270183563
31, 22, 222, 284, -2.181509017944336
31, 23, 463, 718, -0.07040207087993622
31, 24, 256, 716, 0.07518483698368073
31, 25, 448, 1048, 0.14974312484264374
31, 26, 254, 1051, 0.3689395785331726
31, 27, 438, 1335, 1.0430400371551514
31, 28, 255, 1333, 1.1720244884490967
31, 29, 441, 1378, 1.0887364149093628
31, 30, 252, 1372, 1.2385587692260742
31, 31, 413, 1426, 0.3879639506340027
31, 32, 276, 1432, 0.46857404708862305
32, 0, 367, 161, -1.2595213651657104
32, 1, 381, 124, -1.1933261156082153
32, 2, 393, 124, -1.1928684711456299
32, 3, 405, 124, -1.192800760269165
32, 4, 348, 126, -1.1935369968414307
32, 5, 336, 126, -1.1931549310684204
32, 6, 323, 127, -1.1931910514831543
32, 7, 428, 139, -0.7002147436141968
32, 8, 304, 146, -0.6895331740379333
32, 9, 388, 193, -1.0761382579803467
32, 10, 350, 196, -1.0731580257415771
32, 11, 509, 301, -0.32438281178474426
32, 12, 225, 300, -0.45348769426345825
32, 13, 591, 466, -0.15783999860286713
32, 14, 39, 466, -1.1060208082199097
32, 15, 699, 676, -0.3956467807292938
32, 16, 162, 341, -2.1490299701690674
32, 17, 741, 720, -0.47045445442199707
32, 18, 179, 276, -2.3650527000427246
32, 19, 721, 719, -0.5406467914581299
32, 20, 212, 263, -2.292768716812134
32, 21, 694, 708, -0.4446159899234772
32, 22, 225, 285, -2.1522233486175537
32, 23, 462, 712, -0.07011272013187408
32, 24, 256, 709, 0.07482045888900757
32, 25, 446, 1042, 0.13404205441474915
32, 26, 254, 1045, 0.3672580420970917
32, 27, 437, 1332, 1.0059607028961182
32, 28, 255, 1330, 1.1492513418197632
32, 29, 440, 1375, 1.0513426065444946
32, 30, 252, 1370, 1.213149070739746
32, 31, 412, 1422, 0.3621422350406647
32, 32, 277, 1428, 0.4564293920993805
33, 0, 367, 161, -1.1617404222488403
33, 1, 381, 124, -1.0991647243499756
33, 2, 394, 124, -1.0987452268600464
33, 3, 405, 124, -1.0987286567687988
33, 4, 348, 126, -1.0978138446807861
33, 5, 336, 126, -1.097373366355896
33, 6, 323, 127, -1.097373604774475
33, 7, 429, 139, -0.6308804750442505
33, 8, 304, 146, -0.6109453439712524
33, 9, 388, 193, -0.9881413578987122
33, 10, 350, 196, -0.9822359085083008
33, 11, 510, 301, -0.29075175523757935
33, 12, 225, 297, -0.4101095199584961
33, 13, 592, 466, -0.15603236854076385
33, 14, 46, 467, -1.0426685810089111
33, 15, 695, 679, -0.40925899147987366
33, 16, 168, 343, -2.0855700969696045
33, 17, 734, 727, -0.4878079891204834
33, 18, 178, 278, -2.297278881072998
33, 19, 710, 727, -0.5515084266662598
33, 20, 213, 265, -2.2249248027801514
33, 21, 684, 714, -0.4551072120666504
33, 22, 228, 287, -2.0853099822998047
33, 23, 461, 712, -0.06983710825443268
33, 24, 255, 708, 0.07450572401285172
33, 25, 443, 1042, 0.10559185594320297
33, 26, 251, 1044, 0.33018654584884644
33, 27, 434, 1332, 0.9215419888496399
33, 28, 253, 1330, 1.05049467086792
33, 29, 436, 1374, 0.9620020985603333
33, 30, 251, 1370, 1.1083344221115112
33, 31, 408, 1422, 0.29120177030563354
33, 32, 274, 1428, 0.3691102862358093
34, 0, 367, 161, -1.12868332862854
34, 1, 381, 124, -1.0709608793258667
34, 2, 394, 124, -1.070505976676941
34, 3, 405, 124, -1.0705132484436035
34, 4, 348, 126, -1.0653886795043945
34, 5, 336, 126, -1.0648859739303589
34, 6, 323, 127, -1.0648478269577026
34, 7, 429, 139, -0.6215829849243164
34, 8, 304, 145, -0.5822701454162598
34, 9, 388, 193, -0.9621337056159973
34, 10, 349, 196, -0.9502919316291809
34, 11, 510, 300, -0.2978927493095398
34, 12, 225, 297, -0.37768664956092834
34, 13, 593, 467, -0.16758961975574493
34, 14, 50, 471, -1.016371726989746
34, 15, 692, 684, -0.404590904712677
34, 16, 168, 344, -2.0793745517730713
34, 17, 732, 734, -0.4854627251625061
34, 18, 176, 280, -2.2926149368286133
34, 19, 704, 735, -0.5479807257652283
34, 20, 212, 267, -2.220545530319214
34, 21, 678, 721, -0.44894829392433167
34, 22, 229, 290, -2.080000877380371
34, 23, 461, 712, -0.07008479535579681
34, 24, 256, 708, 0.07479746639728546
34, 25, 443, 1042, 0.11314333975315094
34, 26, 251, 1044, 0.3599197268486023
34, 27, 434, 1332, 0.9490270614624023
34, 28, 253, 1330, 1.1366651058197021
34, 29, 437, 1375, 0.9916796684265137
34, 30, 251, 1370, 1.2014906406402588
34, 31, 408, 1422, 0.312335729598999
34, 32, 275, 1429, 0.47679048776626587
35, 0, 367, 162, -1.1973979473114014
35, 1, 381, 124, -1.143897294998169
35, 2, 393, 124, -1.1434154510498047
35, 3, 405, 124, -1.1434160470962524
35, 4, 348, 126, -1.137414574623108
35, 5, 336, 127, -1.1369692087173462
35, 6, 323, 127, -1.1369283199310303
35, 7, 429, 139, -0.6847898364067078
35, 8, 304, 145, -0.6396269202232361
35, 9, 388, 194, -1.0256513357162476
35, 10, 349, 197, -1.0113757848739624
35, 11, 511, 300, -0.34263378381729126
35, 12, 226, 298, -0.4134748876094818
35, 13, 594, 468, -0.16954191029071808
35, 14, 52, 474, -1.0460937023162842
35, 15, 692, 682, -0.40096959471702576
35, 16, 172, 345, -2.1019675731658936
35, 17, 732, 732, -0.4768659174442291
35, 18, 178, 279, -2.3147037029266357
35, 19, 705, 733, -0.540885865688324
35, 20, 215, 267, -2.242792844772339
35, 21, 678, 720, -0.44550657272338867
35, 22, 232, 291, -2.1031532287597656
35, 23, 461, 713, -0.07203829288482666
35, 24, 256, 709, 0.07669276744127274
35, 25, 443, 1044, 0.13246719539165497
35, 26, 250, 1046, 0.3990427851676941
35, 27, 434, 1334, 1.0324182510375977
35, 28, 253, 1332, 1.2344228029251099
35, 29, 436, 1377, 1.0809307098388672
35, 30, 250, 1372, 1.3053022623062134
35, 31, 408, 1425, 0.3968800902366638
35, 32, 275, 1431, 0.5566449761390686
36, 0, 366, 162, -1.1963083744049072
36, 1, 381, 124, -1.1401934623718262
36, 2, 393, 124, -1.1397424936294556
36, 3, 405, 124, -1.139741063117981
36, 4, 348, 126, -1.1348968744277954
36, 5, 335, 127, -1.1344289779663086
36, 6, 323, 127, -1.1344118118286133
36, 7, 429, 139, -0.6793705821037292
36, 8, 304, 145, -0.6370551586151123
36, 9, 388, 194, -1.023099660873413
36, 10, 349, 197, -1.0108973979949951
36, 11, 511, 301, -0.33095523715019226
36, 12, 226, 298, -0.4138513505458832
36, 13, 594, 468, -0.15363295376300812
36, 14, 59, 474, -1.048811435699463
36, 15, 692, 682, -0.3683182895183563
36, 16, 174, 346, -2.11968731880188
36, 17, 732, 732, -0.4381088316440582
36, 18, 177, 280, -2.3342537879943848
36, 19, 704, 733, -0.5047301054000854
36, 20, 214, 269, -2.2674481868743896
36, 21, 678, 719, -0.4133005142211914
36, 22, 232, 291, -2.1235461235046387
36, 23, 461, 714, -0.07197783887386322
36, 24, 254, 709, 0.07661654055118561
36, 25, 441, 1045, 0.12822051346302032
36, 26, 247, 1046, 0.3781268298625946
36, 27, 431, 1335, 1.0047166347503662
36, 28, 249, 1332, 1.166628360748291
36, 29, 434, 1378, 1.0493699312210083
36, 30, 246, 1373, 1.231414794921875
36, 31, 406, 1426, 0.3656356632709503
36, 32, 271, 1432, 0.4840916693210602
37, 0, 365, 162, -1.1180078983306885
37, 1, 381, 124, -1.0571895837783813
37, 2, 393, 124, -1.0568087100982666
37, 3, 405, 124, -1.0568006038665771
37, 4, 347, 126, -1.0523381233215332
37, 5, 335, 127, -1.0518252849578857
37, 6, 323, 127, -1.0518367290496826
37, 7, 429, 139, -0.6004614233970642
37, 8, 304, 145, -0.5603278279304504
37, 9, 388, 194, -0.9488765597343445
37, 10, 348, 197, -0.9377209544181824
37, 11, 511, 300, -0.27913039922714233
37, 12, 226, 297, -0.3757534623146057
37, 13, 594, 468, -0.13638055324554443
37, 14, 62, 473, -1.0185065269470215
37, 15, 687, 683, -0.3513054847717285
37, 16, 177, 345, -2.075125217437744
37, 17, 725, 734, -0.422203928232193
37, 18, 179, 280, -2.2875795364379883
37, 19, 697, 735, -0.4836009442806244
37, 20, 216, 269, -2.2179596424102783
37, 21, 671, 721, -0.3945348858833313
37, 22, 234, 291, -2.0774996280670166
37, 23, 461, 714, -0.07181881368160248
37, 24, 254, 709, 0.07646480202674866
37, 25, 441, 1045, 0.08530876040458679
37, 26, 247, 1046, 0.32943859696388245
37, 27, 431, 1335, 0.8839486837387085
37, 28, 250, 1332, 1.033962368965149
37, 29, 434, 1378, 0.9213501811027527
37, 30, 248, 1372, 1.0907574892044067
37, 31, 406, 1426, 0.2465437352657318
37, 32, 272, 1432, 0.359297513961792
38, 0, 365, 162, -1.0993404388427734
38, 1, 381, 125, -1.0379619598388672
38, 2, 393, 124, -1.0375940799713135
38, 3, 405, 125, -1.037598729133606
38, 4, 347, 126, -1.0332762002944946
38, 5, 335, 127, -1.0327606201171875
38, 6, 323, 128, -1.032782793045044
38, 7, 429, 139, -0.5811828374862671
38, 8, 304, 145, -0.5425979495048523
38, 9, 388, 194, -0.9306555986404419
38, 10, 346, 197, -0.9198935627937317
38, 11, 511, 300, -0.2638012766838074
38, 12, 227, 297, -0.36455419659614563
38, 13, 594, 469, -0.12841756641864777
38, 14, 64, 473, -1.0077847242355347
38, 15, 684, 684, -0.3427136540412903
38, 16, 178, 345, -2.057532787322998
38, 17, 721, 735, -0.41370686888694763
38, 18, 179, 280, -2.2694225311279297
38, 19, 693, 736, -0.47460395097732544
38, 20, 217, 269, -2.200394868850708
38, 21, 667, 722, -0.3857637941837311
38, 22, 234, 291, -2.0601284503936768
38, 23, 461, 714, -0.07146155089139938
38, 24, 254, 709, 0.0761108249425888
38, 25, 441, 1045, 0.0728253722190857
38, 26, 248, 1046, 0.3120402693748474
38, 27, 432, 1335, 0.8583335876464844
38, 28, 251, 1332, 1.0061628818511963
38, 29, 435, 1378, 0.8948785662651062
38, 30, 248, 1372, 1.0621960163116455
38, 31, 406, 1426, 0.2217331826686859
38, 32, 272, 1431, 0.33183950185775757
39, 0, 364, 162, -1.08495032787323
39, 1, 381, 125, -1.0251175165176392
39, 2, 392, 124, -1.0247361660003662
39, 3, 405, 125, -1.024804711341858
39, 4, 347, 126, -1.0203542709350586
39, 5, 334, 127, -1.019864559173584
39, 6, 322, 128, -1.0199010372161865
39, 7, 429, 139, -0.5763688683509827
39, 8, 303, 146, -0.5393939018249512
39, 9, 387, 194, -0.9193083643913269
39, 10, 346, 197, -0.9087222814559937
39, 11, 511, 300, -0.25508058071136475
39, 12, 227, 297, -0.35971298813819885
39, 13, 594, 469, -0.11217106878757477
39, 14, 64, 474, -0.9914439916610718
39, 15, 687, 684, -0.3427455425262451
39, 16, 176, 347, -2.047621011734009
39, 17, 727, 735, -0.41376209259033203
39, 18, 179, 281, -2.2610249519348145
39, 19, 701, 736, -0.48256659507751465
39, 20, 216, 270, -2.197352409362793
39, 21, 674, 721, -0.38966137170791626
39, 22, 232, 292, -2.052934169769287
39, 23, 458, 714, -0.06783129274845123
39, 24, 253, 709, 0.07244382798671722
39, 25, 437, 1045, 0.07664500921964645
39, 26, 244, 1045, 0.2754198908805847
39, 27, 428, 1335, 0.846531867980957
39, 28, 246, 1331, 0.9367724657058716
39, 29, 431, 1378, 0.8812883496284485
39, 30, 243, 1371, 0.9877738952636719
39, 31, 402, 1425, 0.21688826382160187
39, 32, 269, 1431, 0.26245614886283875
40, 0, 364, 161, -1.080693244934082
40, 1, 381, 124, -1.0238573551177979
40, 2, 392, 124, -1.0235240459442139
40, 3, 404, 125, -1.0235852003097534
40, 4, 347, 126, -1.0179743766784668
40, 5, 334, 126, -1.0174753665924072
40, 6, 322, 127, -1.0175292491912842
40, 7, 428, 139, -0.5830191969871521
40, 8, 303, 145, -0.541502058506012
40, 9, 387, 194, -0.9181610345840454
40, 10, 346, 196, -0.9058858156204224
40, 11, 510, 300, -0.26079636812210083
40, 12, 226, 295, -0.35762226581573486
40, 13, 594, 468, -0.11422435194253922
40, 14, 64, 475, -0.975499153137207
40, 15, 693, 676, -0.3432784378528595
40, 16, 174, 354, -2.0212483406066895
40, 17, 737, 723, -0.41151195764541626
40, 18, 178, 288, -2.231062173843384
40, 19, 714, 724, -0.4859245717525482
40, 20, 215, 273, -2.170745372772217
40, 21, 685, 711, -0.392516553401947
40, 22, 232, 294, -2.0277676582336426
40, 23, 456, 714, -0.06711238622665405
40, 24, 253, 709, 0.07169321924448013
40, 25, 435, 1044, 0.04398158937692642
40, 26, 243, 1044, 0.2504417896270752
40, 27, 427, 1334, 0.7725293636322021
40, 28, 246, 1330, 0.8713417053222656
40, 29, 430, 1377, 0.8025021553039551
40, 30, 243, 1369, 0.9176963567733765
40, 31, 400, 1425, 0.1353851854801178
40, 32, 270, 1428, 0.1976977437734604
41, 0, 364, 160, -1.0258557796478271
41, 1, 381, 124, -0.9685255885124207
41, 2, 392, 124, -0.9681947827339172
41, 3, 404, 125, -0.968244731426239
41, 4, 346, 126, -0.9652460813522339
41, 5, 334, 126, -0.964841365814209
41, 6, 322, 127, -0.9649496078491211
41, 7, 428, 139, -0.5479360818862915
41, 8, 303, 145, -0.5190297365188599
41, 9, 387, 193, -0.8723134994506836
41, 10, 345, 195, -0.8641649484634399
41, 11, 509, 299, -0.24632267653942108
41, 12, 226, 295, -0.3513566255569458
41, 13, 592, 465, -0.10911846160888672
41, 14, 65, 477, -0.9707148671150208
41, 15, 707, 666, -0.3430410325527191
41, 16, 173, 357, -1.979009985923767
41, 17, 757, 710, -0.40892520546913147
41, 18, 177, 291, -2.180903911590576
41, 19, 737, 712, -0.48705536127090454
41, 20, 214, 275, -2.12131929397583
41, 21, 706, 701, -0.3946128785610199
41, 22, 231, 295, -1.9863474369049072
41, 23, 455, 714, -0.059867292642593384
41, 24, 252, 708, 0.06434550881385803
41, 25, 435, 1043, 0.030215490609407425
41, 26, 243, 1041, 0.18274620175361633
41, 27, 427, 1334, 0.7191734910011292
41, 28, 246, 1327, 0.7275134325027466
41, 29, 430, 1377, 0.7458547353744507
41, 30, 242, 1367, 0.7655426263809204
41, 31, 401, 1423, 0.10258698463439941
41, 32, 270, 1425, 0.06545921415090561
42, 0, 364, 160, -1.0164576768875122
42, 1, 381, 124, -0.9587012529373169
42, 2, 392, 124, -0.9583748579025269
42, 3, 404, 125, -0.9584371447563171
42, 4, 346, 126, -0.9559255838394165
42, 5, 334, 127, -0.9555212259292603
42, 6, 322, 127, -0.9556260108947754
42, 7, 427, 139, -0.5384689569473267
42, 8, 303, 145, -0.5122967958450317
42, 9, 387, 193, -0.8630069494247437
42, 10, 345, 195, -0.8555727005004883
42, 11, 507, 298, -0.24215836822986603
42, 12, 225, 296, -0.34764665365219116
42, 13, 591, 464, -0.11193373054265976
42, 14, 66, 478, -0.9689189791679382
42, 15, 712, 661, -0.34932929277420044
42, 16, 172, 358, -1.9732577800750732
42, 17, 762, 704, -0.4169754981994629
42, 18, 177, 293, -2.1758453845977783
42, 19, 743, 707, -0.4932248592376709
42, 20, 213, 276, -2.1161797046661377
42, 21, 712, 696, -0.4001396596431732
42, 22, 231, 296, -1.9807884693145752
42, 23, 454, 713, -0.05659208446741104
42, 24, 252, 708, 0.06106789782643318
42, 25, 434, 1042, 0.02234194055199623
42, 26, 243, 1040, 0.17381006479263306
42, 27, 427, 1334, 0.7037440538406372
42, 28, 246, 1326, 0.7141335010528564
42, 29, 431, 1377, 0.7298606634140015
42, 30, 241, 1365, 0.7516981363296509
42, 31, 401, 1422, 0.0873270109295845
42, 32, 270, 1423, 0.0517125129699707
43, 0, 363, 160, -0.9801974296569824
43, 1, 380, 125, -0.9233625531196594
43, 2, 391, 125, -0.9230726957321167
43, 3, 403, 125, -0.9231383204460144
43, 4, 346, 126, -0.91814786195755
43, 5, 333, 127, -0.9177714586257935
43, 6, 322, 127, -0.9178985357284546
43, 7, 425, 140, -0.49925193190574646
43, 8, 303, 145, -0.4620867669582367
43, 9, 386, 193, -0.8244143724441528
43, 10, 343, 194, -0.8138977289199829
43, 11, 507, 296, -0.20281779766082764
43, 12, 226, 296, -0.31111133098602295
43, 13, 591, 461, -0.09378305822610855
43, 14, 83, 470, -0.9560316801071167
43, 15, 711, 657, -0.3371109962463379
43, 16, 173, 358, -1.9888912439346313
43, 17, 761, 703, -0.40542539954185486
43, 18, 175, 297, -2.1952109336853027
43, 19, 739, 704, -0.4834071099758148
43, 20, 212, 279, -2.131737232208252
43, 21, 709, 693, -0.38841062784194946
43, 22, 230, 297, -1.9964778423309326
43, 23, 454, 710, -0.056698501110076904
43, 24, 254, 706, 0.06118548661470413
43, 25, 438, 1037, -0.002268947195261717
43, 26, 247, 1035, 0.1970004290342331
43, 27, 435, 1330, 0.6326380372047424
43, 28, 255, 1322, 0.7428956031799316
43, 29, 439, 1373, 0.6545624732971191
43, 30, 250, 1361, 0.781792938709259
43, 31, 409, 1416, 0.010635347105562687
43, 32, 281, 1418, 0.08855622261762619
44, 0, 362, 160, -0.9980069994926453
44, 1, 380, 125, -0.9406507611274719
44, 2, 390, 125, -0.9403746724128723
44, 3, 402, 125, -0.9404358863830566
44, 4, 345, 126, -0.9347591400146484
44, 5, 333, 127, -0.9343374967575073
44, 6, 321, 127, -0.934444785118103
44, 7, 424, 140, -0.507878839969635
44, 8, 303, 145, -0.46704643964767456
44, 9, 385, 192, -0.8388165235519409
44, 10, 342, 193, -0.8272067308425903
44, 11, 507, 295, -0.20697519183158875
44, 12, 227, 295, -0.30882054567337036
44, 13, 591, 460, -0.09922995418310165
44, 14, 89, 463, -0.9553435444831848
44, 15, 705, 655, -0.3422171175479889
44, 16, 174, 357, -1.9968713521957397
44, 17, 750, 703, -0.41151946783065796
44, 18, 175, 298, -2.208915948867798
44, 19, 728, 703, -0.48793262243270874
44, 20, 212, 280, -2.162919521331787
44, 21, 700, 691, -0.39281266927719116
44, 22, 230, 298, -2.0122294425964355
44, 23, 455, 707, -0.05728728696703911
44, 24, 255, 704, 0.06177365779876709
44, 25, 439, 1033, -0.003033813089132309
44, 26, 249, 1032, 0.21596860885620117
44, 27, 437, 1325, 0.647621750831604
44, 28, 257, 1317, 0.8102351427078247
44, 29, 442, 1367, 0.6713579893112183
44, 30, 254, 1356, 0.8543471097946167
44, 31, 411, 1412, 0.018919162452220917
44, 32, 283, 1413, 0.15136736631393433
45, 0, 361, 167, -1.0183591842651367
45, 1, 379, 129, -0.9604605436325073
45, 2, 390, 129, -0.9601324796676636
45, 3, 401, 129, -0.9601720571517944
45, 4, 344, 131, -0.9554011225700378
45, 5, 332, 131, -0.9549680948257446
45, 6, 321, 132, -0.9550606608390808
45, 7, 423, 142, -0.5202534198760986
45, 8, 303, 147, -0.4846768379211426
45, 9, 384, 198, -0.8570637702941895
45, 10, 342, 199, -0.8451374769210815
45, 11, 507, 295, -0.2422071248292923
45, 12, 228, 298, -0.29963093996047974
45, 13, 590, 460, -0.17611198127269745
45, 14, 96, 463, -0.9345647096633911
45, 15, 684, 656, -0.41316837072372437
45, 16, 173, 361, -2.059483528137207
45, 17, 718, 703, -0.4856265187263489
45, 18, 169, 308, -2.2727766036987305
45, 19, 693, 704, -0.5528450608253479
45, 20, 204, 286, -2.248567819595337
45, 21, 670, 692, -0.45536375045776367
45, 22, 222, 302, -2.0841610431671143
45, 23, 459, 707, -0.06493900716304779
45, 24, 259, 706, 0.0692763552069664
45, 25, 447, 1033, 0.012086169794201851
45, 26, 254, 1033, 0.3054211735725403
45, 27, 448, 1325, 0.6529002785682678
45, 28, 266, 1318, 0.9979923963546753
45, 29, 453, 1367, 0.6805312037467957
45, 30, 264, 1357, 1.0536447763442993
45, 31, 422, 1412, 0.04303372651338577
45, 32, 291, 1413, 0.34593406319618225
46, 0, 361, 170, -1.0227277278900146
46, 1, 379, 132, -0.9758113026618958
46, 2, 389, 132, -0.975716233253479
46, 3, 401, 132, -0.9758175015449524
46, 4, 343, 133, -0.9661763906478882
46, 5, 331, 134, -0.965631365776062
46, 6, 320, 134, -0.9656423330307007
46, 7, 422, 143, -0.5470082759857178
46, 8, 303, 147, -0.4886114001274109
46, 9, 383, 201, -0.8611127138137817
46, 10, 341, 202, -0.8490463495254517
46, 11, 507, 295, -0.2717282176017761
46, 12, 228, 299, -0.3055104911327362
46, 13, 590, 460, -0.20717445015907288
46, 14, 93, 463, -0.9262331128120422
46, 15, 678, 656, -0.46890050172805786
46, 16, 170, 365, -2.061056137084961
46, 17, 712, 704, -0.5486911535263062
46, 18, 163, 315, -2.2749178409576416
46, 19, 687, 705, -0.6130569577217102
46, 20, 200, 290, -2.2439334392547607
46, 21, 663, 692, -0.5112720131874084
46, 22, 218, 307, -2.0825130939483643
46, 23, 461, 708, -0.07004034519195557
46, 24, 260, 708, 0.07431526482105255
46, 25, 450, 1034, 0.044727910310029984
46, 26, 257, 1035, 0.3579104244709015
46, 27, 454, 1325, 0.7557435631752014
46, 28, 274, 1318, 1.0900739431381226
46, 29, 459, 1367, 0.788621187210083
46, 30, 273, 1357, 1.1499987840652466
46, 31, 429, 1413, 0.12647292017936707
46, 32, 301, 1413, 0.4406532347202301
47, 0, 359, 170, -1.0797330141067505
47, 1, 377, 132, -1.0232024192810059
47, 2, 388, 132, -1.0232141017913818
47, 3, 399, 132, -1.023250699043274
47, 4, 340, 134, -1.0164464712142944
47, 5, 329, 134, -1.0159823894500732
47, 6, 318, 135, -1.0160800218582153
47, 7, 421, 144, -0.5600959062576294
47, 8, 301, 148, -0.5101576447486877
47, 9, 382, 201, -0.904269814491272
47, 10, 338, 202, -0.8932186365127563
47, 11, 507, 295, -0.2710167169570923
47, 12, 227, 301, -0.31275302171707153
47, 13, 590, 460, -0.20388218760490417
47, 14, 92, 462, -0.9571117162704468
47, 15, 672, 656, -0.5105078816413879
47, 16, 164, 367, -2.16631817817688
47, 17, 703, 705, -0.5963990092277527
47, 18, 159, 324, -2.39296293258667
47, 19, 678, 705, -0.6674863696098328
47, 20, 193, 298, -2.3679466247558594
47, 21, 656, 692, -0.5567694902420044
47, 22, 209, 312, -2.190248727798462
47, 23, 463, 708, -0.06990920007228851
47, 24, 262, 708, 0.07419878244400024
47, 25, 458, 1034, 0.08003699034452438
47, 26, 265, 1036, 0.3374131917953491
47, 27, 466, 1325, 0.832083523273468
47, 28, 286, 1318, 1.0388622283935547
47, 29, 472, 1367, 0.8654731512069702
47, 30, 286, 1357, 1.0945760011672974
47, 31, 443, 1413, 0.18174336850643158
47, 32, 313, 1414, 0.3751819133758545
48, 0, 358, 170, -1.0854883193969727
48, 1, 376, 134, -1.028775930404663
48, 2, 387, 133, -1.0287542343139648
48, 3, 399, 133, -1.0288512706756592
48, 4, 339, 135, -1.0210462808609009
48, 5, 327, 135, -1.020571231842041
48, 6, 316, 136, -1.0206468105316162
48, 7, 420, 145, -0.5696825981140137
48, 8, 301, 150, -0.5139315128326416
48, 9, 381, 202, -0.912755012512207
48, 10, 337, 202, -0.8992994427680969
48, 11, 506, 295, -0.2705930471420288
48, 12, 225, 301, -0.30841779708862305
48, 13, 590, 460, -0.19388380646705627
48, 14, 91, 462, -0.9275185465812683
48, 15, 677, 648, -0.4807571768760681
48, 16, 151, 373, -2.147157669067383
48, 17, 709, 694, -0.5622259378433228
48, 18, 156, 333, -2.3589720726013184
48, 19, 686, 692, -0.6362069845199585
48, 20, 188, 310, -2.3159468173980713
48, 21, 664, 681, -0.5281499624252319
48, 22, 200, 324, -2.1602673530578613
48, 23, 463, 708, -0.07258665561676025
48, 24, 261, 708, 0.07684530317783356
48, 25, 458, 1034, 0.06931983679533005
48, 26, 264, 1036, 0.33289915323257446
48, 27, 463, 1325, 0.799674928188324
48, 28, 282, 1318, 1.022125005722046
48, 29, 468, 1367, 0.8298608660697937
48, 30, 281, 1357, 1.076050043106079
48, 31, 439, 1413, 0.14243844151496887
48, 32, 309, 1414, 0.3579118847846985
49, 0, 357, 172, -1.1898707151412964
49, 1, 376, 136, -1.1244254112243652
49, 2, 386, 135, -1.1245622634887695
49, 3, 398, 136, -1.1247050762176514
49, 4, 338, 136, -1.1133182048797607
49, 5, 326, 136, -1.1126712560653687
49, 6, 315, 137, -1.1127103567123413
49, 7, 418, 147, -0.6266196966171265
49, 8, 300, 150, -0.5609087347984314
49, 9, 381, 204, -1.0060044527053833
49, 10, 336, 204, -0.9879409074783325
49, 11, 505, 298, -0.32947394251823425
49, 12, 224, 304, -0.3072739243507385
49, 13, 588, 461, -0.3424738049507141
49, 14, 90, 461, -0.9482487440109253
49, 15, 677, 647, -0.7574862241744995
49, 16, 102, 409, -2.3225948810577393
49, 17, 711, 694, -0.8668975830078125
49, 18, 99, 365, -2.56825852394104
49, 19, 687, 692, -0.9479465484619141
49, 20, 139, 340, -2.560575485229492
49, 21, 664, 680, -0.8089596033096313
49, 22, 151, 360, -2.359147548675537
49, 23, 462, 711, -0.08143472671508789
49, 24, 260, 711, 0.08576411753892899
49, 25, 457, 1037, 0.08426811546087265
49, 26, 261, 1039, 0.41346001625061035
49, 27, 462, 1326, 0.870333194732666
49, 28, 270, 1321, 1.1716983318328857
49, 29, 467, 1370, 0.9042359590530396
49, 30, 269, 1361, 1.229261875152588
49, 31, 436, 1414, 0.17103496193885803
49, 32, 296, 1416, 0.4725094437599182
50, 0, 359, 173, -1.3483918905258179
50, 1, 376, 137, -1.2854182720184326
50, 2, 387, 137, -1.2854342460632324
50, 3, 399, 138, -1.2857227325439453
50, 4, 338, 137, -1.2942392826080322
50, 5, 326, 137, -1.2937475442886353
50, 6, 315, 137, -1.294205665588379
50, 7, 418, 149, -0.8131612539291382
50, 8, 299, 150, -0.840758204460144
50, 9, 381, 206, -1.1690086126327515
50, 10, 336, 206, -1.1758900880813599
50, 11, 504, 299, -0.47065025568008423
50, 12, 212, 309, -0.582008421421051
50, 13, 585, 460, -0.41361427307128906
50, 14, 90, 461, -0.6175148487091064
50, 15, 674, 649, -0.8773508071899414
50, 16, -14, 624, -1.1132564544677734
50, 17, 710, 699, -0.9887422323226929
50, 18, -54, 669, -1.2394232749938965
50, 19, 686, 706, -1.0952192544937134
50, 20, -25, 674, -1.3798240423202515
50, 21, 664, 690, -0.9449843168258667
50, 22, -6, 661, -1.1905667781829834
50, 23, 458, 713, -0.06506533175706863
50, 24, 258, 714, 0.06966164708137512
50, 25, 455, 1038, 0.08294619619846344
50, 26, 260, 1040, 0.21078045666217804
50, 27, 460, 1328, 0.8544188737869263
50, 28, 270, 1322, 0.7654761075973511
50, 29, 465, 1375, 0.8863293528556824
50, 30, 268, 1365, 0.7982118725776672
50, 31, 435, 1414, 0.18114450573921204
50, 32, 300, 1416, 0.0686287134885788
51, 0, 363, 174, -1.3892253637313843
51, 1, 378, 139, -1.3270831108093262
51, 2, 389, 139, -1.3270236253738403
51, 3, 400, 139, -1.327333688735962
51, 4, 341, 137, -1.3439100980758667
51, 5, 328, 137, -1.3435900211334229
51, 6, 317, 138, -1.3441325426101685
51, 7, 418, 150, -0.8471481204032898
51, 8, 299, 151, -0.9136992692947388
51, 9, 382, 206, -1.2056291103363037
51, 10, 338, 207, -1.2233985662460327
51, 11, 501, 299, -0.4713383615016937
51, 12, 206, 310, -0.6638147234916687
51, 13, 583, 460, -0.33513012528419495
51, 14, 88, 462, -0.6994123458862305
51, 15, 683, 649, -0.7151025533676147
51, 16, -7, 656, -1.2122032642364502
51, 17, 724, 699, -0.8082564473152161
51, 18, -39, 711, -1.3393023014068604
51, 19, 707, 709, -0.9201017618179321
51, 20, -8, 715, -1.4677770137786865
51, 21, 683, 694, -0.7817540764808655
51, 22, 8, 699, -1.282226800918579
51, 23, 452, 716, -0.04977262765169144
51, 24, 254, 718, 0.05419086292386055
51, 25, 451, 1039, 0.09641839563846588
51, 26, 257, 1044, 0.21953460574150085
51, 27, 456, 1330, 0.8904428482055664
51, 28, 267, 1328, 0.8504369854927063
51, 29, 458, 1378, 0.9299144744873047
51, 30, 264, 1372, 0.8938125371932983
51, 31, 434, 1417, 0.27266252040863037
51, 32, 300, 1418, 0.16698652505874634
52, 0, 369, 176, -1.425459861755371
52, 1, 382, 142, -1.3552448749542236
52, 2, 392, 143, -1.3552261590957642
52, 3, 402, 143, -1.3555147647857666
52, 4, 348, 140, -1.3779559135437012
52, 5, 333, 139, -1.3776752948760986
52, 6, 320, 139, -1.3782172203063965
52, 7, 417, 152, -0.8473788499832153
52, 8, 299, 151, -0.9421548843383789
52, 9, 384, 207, -1.2322361469268799
52, 10, 343, 208, -1.258628010749817
52, 11, 494, 299, -0.4599415361881256
52, 12, 199, 311, -0.671981930732727
52, 13, 582, 460, -0.31183773279190063
52, 14, 78, 465, -0.7050619125366211
52, 15, 692, 650, -0.671642541885376
52, 16, -24, 667, -1.2174745798110962
52, 17, 735, 699, -0.7616596817970276
52, 18, -57, 721, -1.3478564023971558
52, 19, 724, 709, -0.8837755918502808
52, 20, -28, 724, -1.4819839000701904
52, 21, 699, 694, -0.7425678372383118
52, 22, -10, 709, -1.29047691822052
52, 23, 448, 716, -0.03951478749513626
52, 24, 251, 720, 0.04387173056602478
52, 25, 450, 1039, 0.10320255905389786
52, 26, 257, 1046, 0.1998828947544098
52, 27, 455, 1331, 0.9147224426269531
52, 28, 268, 1333, 0.8344511985778809
52, 29, 458, 1379, 0.9558574557304382
52, 30, 264, 1378, 0.8761981725692749
52, 31, 437, 1418, 0.2989124655723572
52, 32, 307, 1421, 0.13272012770175934
53, 0, 369, 177, -1.363539457321167
53, 1, 382, 144, -1.29323410987854
53, 2, 392, 144, -1.29323410987854
53, 3, 402, 145, -1.2935634851455688
53, 4, 347, 141, -1.3119474649429321
53, 5, 333, 140, -1.3115804195404053
53, 6, 320, 139, -1.3121249675750732
53, 7, 414, 153, -0.7947832942008972
53, 8, 298, 151, -0.8688439130783081
53, 9, 384, 208, -1.1756237745285034
53, 10, 343, 208, -1.196101188659668
53, 11, 486, 299, -0.42562565207481384
53, 12, 192, 311, -0.6161141395568848
53, 13, 581, 459, -0.20143070816993713
53, 14, 71, 467, -0.6304243803024292
53, 15, 711, 640, -0.5365695357322693
53, 16, -63, 653, -1.1033326387405396
53, 17, 759, 685, -0.6000856161117554
53, 18, -106, 698, -1.220534086227417
53, 19, 752, 696, -0.7402811646461487
53, 20, -83, 701, -1.375052571296692
53, 21, 725, 685, -0.6157343983650208
53, 22, -61, 689, -1.1857092380523682
53, 23, 443, 716, -0.03452956676483154
53, 24, 247, 720, 0.03876856341958046
53, 25, 444, 1039, 0.13978144526481628
53, 26, 254, 1047, 0.19020874798297882
53, 27, 448, 1332, 0.9751731157302856
53, 28, 264, 1334, 0.803019642829895
53, 29, 451, 1380, 1.018341064453125
53, 30, 257, 1378, 0.8426860570907593
53, 31, 435, 1418, 0.3682207465171814
53, 32, 306, 1422, 0.09992235898971558
54, 0, 369, 178, -1.3530921936035156
54, 1, 381, 146, -1.2827082872390747
54, 2, 391, 146, -1.2827249765396118
54, 3, 401, 146, -1.2830491065979004
54, 4, 347, 142, -1.3009480237960815
54, 5, 332, 141, -1.3005355596542358
54, 6, 319, 141, -1.3010847568511963
54, 7, 412, 155, -0.7881355285644531
54, 8, 295, 153, -0.8614071011543274
54, 9, 383, 209, -1.1668702363967896
54, 10, 341, 209, -1.186903476715088
54, 11, 483, 300, -0.4246850609779358
54, 12, 185, 312, -0.607312798500061
54, 13, 580, 460, -0.2332504540681839
54, 14, 59, 466, -0.6139516234397888
54, 15, 712, 640, -0.6383277177810669
54, 16, -83, 646, -1.0752202272415161
54, 17, 759, 686, -0.7159463167190552
54, 18, -127, 691, -1.1901881694793701
54, 19, 747, 697, -0.8479321599006653
54, 20, -101, 696, -1.337541103363037
54, 21, 721, 686, -0.7162152528762817
54, 22, -81, 684, -1.1549098491668701
54, 23, 437, 717, -0.034990470856428146
54, 24, 241, 721, 0.03945159539580345
54, 25, 438, 1040, 0.06864272058010101
54, 26, 247, 1048, 0.18840686976909637
54, 27, 444, 1335, 0.8405652046203613
54, 28, 259, 1336, 0.747327446937561
54, 29, 447, 1383, 0.8789786100387573
54, 30, 252, 1381, 0.7806252241134644
54, 31, 429, 1419, 0.21976053714752197
54, 32, 305, 1425, 0.04459761828184128
55, 0, 364, 181, -1.3832733631134033
55, 1, 378, 149, -1.3149065971374512
55, 2, 387, 149, -1.3148642778396606
55, 3, 397, 150, -1.3151576519012451
55, 4, 342, 146, -1.3340715169906616
55, 5, 327, 145, -1.333680510520935
55, 6, 314, 145, -1.334206223487854
55, 7, 406, 158, -0.8267930746078491
55, 8, 290, 155, -0.9057309031486511
55, 9, 379, 213, -1.198516607284546
55, 10, 335, 214, -1.220248818397522
55, 11, 479, 303, -0.4555894732475281
55, 12, 179, 314, -0.6505823135375977
55, 13, 579, 461, -0.2792697250843048
55, 14, 51, 466, -0.6629042029380798
55, 15, 709, 642, -0.6655663251876831
55, 16, -64, 663, -1.1393378973007202
55, 17, 755, 688, -0.7463778257369995
55, 18, -101, 716, -1.2572801113128662
55, 19, 741, 701, -0.8712635040283203
55, 20, -71, 722, -1.3908495903015137
55, 21, 716, 689, -0.7391890287399292
55, 22, -53, 706, -1.212048053741455
55, 23, 432, 719, -0.03523080796003342
55, 24, 234, 723, 0.03981492668390274
55, 25, 432, 1042, 0.047838278114795685
55, 26, 238, 1052, 0.1764286905527115
55, 27, 438, 1339, 0.8164551854133606
55, 28, 253, 1340, 0.7232731580734253
55, 29, 441, 1388, 0.8546241521835327
55, 30, 246, 1385, 0.7556493282318115
55, 31, 422, 1423, 0.1939723640680313
55, 32, 299, 1429, 0.02313053421676159
56, 0, 355, 184, -1.4111214876174927
56, 1, 372, 153, -1.34920334815979
56, 2, 380, 153, -1.349130392074585
56, 3, 390, 153, -1.3494722843170166
56, 4, 333, 150, -1.364334225654602
56, 5, 319, 150, -1.3639076948165894
56, 6, 306, 150, -1.3644459247589111
56, 7, 401, 161, -0.8720381855964661
56, 8, 283, 159, -0.9302946329116821
56, 9, 372, 216, -1.2278425693511963
56, 10, 326, 219, -1.2439178228378296
56, 11, 476, 304, -0.47457876801490784
56, 12, 175, 314, -0.6744416952133179
56, 13, 579, 461, -0.277424693107605
56, 14, 49, 466, -0.6787751913070679
56, 15, 709, 642, -0.6540789008140564
56, 16, -52, 673, -1.1399503946304321
56, 17, 754, 688, -0.7347403764724731
56, 18, -89, 727, -1.256113052368164
56, 19, 740, 702, -0.8509714007377625
56, 20, -59, 733, -1.392146348953247
56, 21, 715, 691, -0.7199851870536804
56, 22, -40, 717, -1.2128219604492188
56, 23, 428, 719, -0.03425445407629013
56, 24, 229, 723, 0.038944944739341736
56, 25, 427, 1043, 0.016082527115941048
56, 26, 233, 1052, 0.15282824635505676
56, 27, 432, 1340, 0.7572520971298218
56, 28, 247, 1340, 0.6646761298179626
56, 29, 435, 1389, 0.7920649647712708
56, 30, 240, 1385, 0.6931588649749756
56, 31, 415, 1424, 0.12603721022605896
56, 32, 293, 1430, -0.03929408639669418
57, 0, 348, 191, -1.484336018562317
57, 1, 367, 157, -1.432220697402954
57, 2, 376, 157, -1.4321019649505615
57, 3, 386, 158, -1.4324754476547241
57, 4, 327, 155, -1.447459101676941
57, 5, 313, 154, -1.4470934867858887
57, 6, 300, 154, -1.4476234912872314
57, 7, 397, 164, -0.9640995860099792
57, 8, 278, 162, -1.0231281518936157
57, 9, 367, 222, -1.2987723350524902
57, 10, 320, 224, -1.3151930570602417
57, 11, 473, 305, -0.5356075763702393
57, 12, 171, 315, -0.7410613894462585
57, 13, 577, 461, -0.3210756480693817
57, 14, 46, 466, -0.6895930767059326
57, 15, 707, 642, -0.6594361662864685
57, 16, -44, 680, -1.1528546810150146
57, 17, 753, 688, -0.7350323796272278
57, 18, -78, 737, -1.264479160308838
57, 19, 740, 703, -0.8574756383895874
57, 20, -47, 742, -1.395035743713379
57, 21, 714, 691, -0.7286588549613953
57, 22, -29, 725, -1.2211244106292725
57, 23, 425, 719, -0.033691518008708954
57, 24, 225, 723, 0.038403723388910294
57, 25, 425, 1044, 0.020885657519102097
57, 26, 228, 1053, 0.15287290513515472
57, 27, 430, 1340, 0.76790452003479
57, 28, 245, 1341, 0.6760668754577637
57, 29, 433, 1389, 0.804150402545929
57, 30, 239, 1385, 0.7069164514541626
57, 31, 412, 1427, 0.1416015774011612
57, 32, 289, 1432, -0.0202404223382473
58, 0, 343, 191, -1.4528939723968506
58, 1, 363, 157, -1.4000914096832275
58, 2, 373, 157, -1.3999725580215454
58, 3, 383, 158, -1.4003314971923828
58, 4, 322, 155, -1.4141368865966797
58, 5, 309, 154, -1.4138050079345703
58, 6, 296, 154, -1.4143344163894653
58, 7, 394, 165, -0.9392408132553101
58, 8, 275, 162, -0.9931739568710327
58, 9, 363, 222, -1.271291732788086
58, 10, 315, 224, -1.2861206531524658
58, 11, 470, 305, -0.5253702402114868
58, 12, 171, 316, -0.7291952967643738
58, 13, 575, 461, -0.31964796781539917
58, 14, 46, 466, -0.6910336017608643
58, 15, 706, 643, -0.6506103873252869
58, 16, -42, 678, -1.176501750946045
58, 17, 752, 689, -0.7261961698532104
58, 18, -76, 735, -1.2863487005233765
58, 19, 738, 703, -0.8457813262939453
58, 20, -44, 742, -1.4149534702301025
58, 21, 712, 691, -0.7193458676338196
58, 22, -26, 725, -1.2439813613891602
58, 23, 424, 719, -0.03270551562309265
58, 24, 225, 723, 0.03737158328294754
58, 25, 424, 1044, 0.027298498898744583
58, 26, 228, 1052, 0.15229898691177368
58, 27, 430, 1340, 0.7759474515914917
58, 28, 245, 1340, 0.6624071598052979
58, 29, 433, 1389, 0.8129782676696777
58, 30, 240, 1385, 0.692391037940979
58, 31, 411, 1427, 0.1538553237915039
58, 32, 289, 1432, -0.021113578230142593
59, 0, 341, 190, -1.4880056381225586
59, 1, 360, 157, -1.4364533424377441
59, 2, 370, 157, -1.436286211013794
59, 3, 380, 158, -1.4366188049316406
59, 4, 320, 155, -1.4469239711761475
59, 5, 306, 155, -1.4465241432189941
59, 6, 293, 155, -1.4470126628875732
59, 7, 392, 165, -0.9689796566963196
59, 8, 273, 164, -1.00519597530365
59, 9, 361, 221, -1.3038465976715088
59, 10, 314, 224, -1.3134950399398804
59, 11, 469, 304, -0.5717352032661438
59, 12, 170, 316, -0.7254385352134705
59, 13, 574, 461, -0.3922569453716278
59, 14, 46, 466, -0.6949869394302368
59, 15, 707, 642, -0.7498289346694946
59, 16, -40, 681, -1.2066911458969116
59, 17, 754, 688, -0.8321202397346497
59, 18, -74, 737, -1.3208836317062378
59, 19, 740, 701, -0.9536875486373901
59, 20, -42, 743, -1.4565131664276123
59, 21, 715, 690, -0.8194859623908997
59, 22, -25, 727, -1.2786598205566406
59, 23, 424, 719, -0.03881565481424332
59, 24, 225, 724, 0.04350920021533966
59, 25, 425, 1044, 0.10095095634460449
59, 26, 229, 1053, 0.2672935426235199
59, 27, 430, 1340, 0.9300752878189087
59, 28, 246, 1341, 0.9406741261482239
59, 29, 433, 1389, 0.9764262437820435
59, 30, 242, 1386, 0.9898017644882202
59, 31, 411, 1428, 0.3164516091346741
59, 32, 290, 1434, 0.26098063588142395
60, 0, 342, 190, -1.4498659372329712
60, 1, 360, 157, -1.3939411640167236
60, 2, 370, 157, -1.3938074111938477
60, 3, 380, 158, -1.3941380977630615
60, 4, 320, 155, -1.405666470527649
60, 5, 307, 155, -1.4052531719207764
60, 6, 294, 155, -1.4057120084762573
60, 7, 391, 165, -0.9227393865585327
60, 8, 272, 164, -0.9650932550430298
60, 9, 361, 221, -1.2664148807525635
60, 10, 315, 224, -1.2777416706085205
60, 11, 469, 304, -0.5447878837585449
60, 12, 168, 317, -0.695601224899292
60, 13, 574, 461, -0.3966594338417053
60, 14, 46, 466, -0.7033472657203674
60, 15, 709, 643, -0.7922314405441284
60, 16, -36, 688, -1.2398550510406494
60, 17, 756, 688, -0.887177586555481
60, 18, -68, 744, -1.3620766401290894
60, 19, 742, 701, -1.0056477785110474
60, 20, -36, 750, -1.4885873794555664
60, 21, 716, 690, -0.8624801635742188
60, 22, -19, 733, -1.3103406429290771
60, 23, 425, 720, -0.042953137308359146
60, 24, 226, 727, 0.04775463789701462
60, 25, 426, 1046, 0.12131892144680023
60, 26, 231, 1058, 0.2775345742702484
60, 27, 433, 1342, 0.9600557088851929
60, 28, 250, 1346, 0.9504864811897278
60, 29, 437, 1391, 1.0069750547409058
60, 30, 246, 1392, 0.9982576370239258
60, 31, 414, 1432, 0.35129842162132263
60, 32, 293, 1438, 0.26920852065086365
61, 0, 342, 190, -1.470735788345337
61, 1, 359, 157, -1.4160398244857788
61, 2, 369, 158, -1.4158895015716553
61, 3, 379, 158, -1.4162371158599854
61, 4, 320, 156, -1.4275192022323608
61, 5, 306, 156, -1.4270915985107422
61, 6, 294, 156, -1.4275468587875366
61, 7, 391, 166, -0.9442803263664246
61, 8, 272, 165, -0.9846333265304565
61, 9, 361, 221, -1.2860852479934692
61, 10, 315, 225, -1.2968518733978271
61, 11, 469, 304, -0.567824125289917
61, 12, 167, 317, -0.7035703063011169
61, 13, 573, 460, -0.4262250065803528
61, 14, 46, 466, -0.7085708975791931
61, 15, 710, 641, -0.8341678380966187
61, 16, -38, 683, -1.188842535018921
61, 17, 758, 686, -0.9292507171630859
61, 18, -71, 736, -1.304832100868225
61, 19, 743, 699, -1.0512893199920654
61, 20, -40, 743, -1.4470521211624146
61, 21, 717, 688, -0.9063262939453125
61, 22, -23, 726, -1.2644790410995483
61, 23, 425, 720, -0.04469145089387894
61, 24, 226, 727, 0.04952768608927727
61, 25, 427, 1046, 0.11780419200658798
61, 26, 233, 1058, 0.2844097316265106
61, 27, 435, 1342, 0.9419535398483276
61, 28, 254, 1346, 0.9457246661186218
61, 29, 439, 1391, 0.9874293208122253
61, 30, 250, 1392, 0.9918550252914429
61, 31, 414, 1432, 0.3261263966560364
61, 32, 296, 1438, 0.26021915674209595
62, 0, 342, 190, -1.5053929090499878
62, 1, 358, 157, -1.4530709981918335
62, 2, 367, 157, -1.4528632164001465
62, 3, 378, 158, -1.4532067775726318
62, 4, 320, 156, -1.4617860317230225
62, 5, 306, 156, -1.4613361358642578
62, 6, 293, 156, -1.4617643356323242
62, 7, 390, 166, -0.9845272898674011
62, 8, 271, 165, -1.0118305683135986
62, 9, 360, 221, -1.3211591243743896
62, 10, 315, 224, -1.3282543420791626
62, 11, 469, 304, -0.6012670397758484
62, 12, 168, 317, -0.7196906208992004
62, 13, 573, 460, -0.45490583777427673
62, 14, 46, 466, -0.7093548774719238
62, 15, 711, 641, -0.8522292971611023
62, 16, -41, 680, -1.165946125984192
62, 17, 759, 686, -0.9435022473335266
62, 18, -76, 732, -1.2787597179412842
62, 19, 743, 699, -1.0667099952697754
62, 20, -45, 739, -1.4245238304138184
62, 21, 717, 688, -0.9240643382072449
62, 22, -28, 723, -1.2425158023834229
62, 23, 425, 719, -0.047636233270168304
62, 24, 227, 726, 0.05257941037416458
62, 25, 427, 1046, 0.09751341491937637
62, 26, 235, 1058, 0.2732943892478943
62, 27, 436, 1342, 0.9277155995368958
62, 28, 256, 1346, 0.9114821553230286
62, 29, 440, 1391, 0.9778240323066711
62, 30, 252, 1391, 0.9551159739494324
62, 31, 414, 1432, 0.2948353588581085
62, 32, 296, 1438, 0.22566361725330353
63, 0, 341, 190, -1.5201478004455566
63, 1, 357, 157, -1.4669573307037354
63, 2, 366, 157, -1.4667216539382935
63, 3, 377, 158, -1.4670689105987549
63, 4, 319, 156, -1.4753384590148926
63, 5, 305, 155, -1.4749020338058472
63, 6, 292, 156, -1.4753406047821045
63, 7, 389, 166, -1.0001991987228394
63, 8, 270, 165, -1.0264356136322021
63, 9, 360, 221, -1.337441325187683
63, 10, 315, 224, -1.3441483974456787
63, 11, 469, 304, -0.6203964948654175
63, 12, 168, 317, -0.7375949025154114
63, 13, 574, 460, -0.4897193908691406
63, 14, 44, 466, -0.7212302088737488
63, 15, 710, 642, -0.8892095685005188
63, 16, -42, 680, -1.1910481452941895
63, 17, 759, 686, -0.9803583025932312
63, 18, -77, 733, -1.304977297782898
63, 19, 743, 700, -1.0992610454559326
63, 20, -45, 740, -1.445298194885254
63, 21, 717, 689, -0.9590135812759399
63, 22, -28, 724, -1.2654110193252563
63, 23, 426, 719, -0.04874493181705475
63, 24, 226, 726, 0.053733982145786285
63, 25, 427, 1046, 0.09652887284755707
63, 26, 236, 1058, 0.2674656808376312
63, 27, 436, 1342, 0.9135184288024902
63, 28, 256, 1346, 0.8966458439826965
63, 29, 441, 1391, 0.9599295854568481
63, 30, 252, 1392, 0.9392886161804199
63, 31, 414, 1432, 0.28506985306739807
63, 32, 296, 1438, 0.20944002270698547
64, 0, 341, 189, -1.4956616163253784
64, 1, 356, 156, -1.440616488456726
64, 2, 366, 157, -1.440425992012024
64, 3, 377, 157, -1.4407742023468018
64, 4, 319, 155, -1.4500259160995483
64, 5, 304, 155, -1.449596643447876
64, 6, 292, 155, -1.4500503540039062
64, 7, 389, 165, -0.974047839641571
64, 8, 269, 165, -1.004475474357605
64, 9, 359, 220, -1.3142744302749634
64, 10, 315, 224, -1.3221361637115479
64, 11, 470, 304, -0.5994614958763123
64, 12, 168, 317, -0.7271326780319214
64, 13, 574, 460, -0.45816653966903687
64, 14, 44, 466, -0.7207537889480591
64, 15, 710, 642, -0.8379461169242859
64, 16, -51, 678, -1.1701686382293701
64, 17, 758, 687, -0.9242862462997437
64, 18, -89, 730, -1.2791879177093506
64, 19, 742, 700, -1.0422494411468506
64, 20, -58, 737, -1.4233386516571045
64, 21, 716, 689, -0.9070143699645996
64, 22, -40, 722, -1.2457959651947021
64, 23, 426, 718, -0.04880513623356819
64, 24, 226, 725, 0.05378245562314987
64, 25, 427, 1046, 0.09492411464452744
64, 26, 235, 1057, 0.2678728997707367
64, 27, 435, 1342, 0.9058375358581543
64, 28, 253, 1346, 0.8934545516967773
64, 29, 440, 1392, 0.9506117701530457
64, 30, 249, 1392, 0.935936450958252
64, 31, 411, 1432, 0.27949440479278564
64, 32, 293, 1438, 0.2064773142337799
65, 0, 341, 189, -1.488813877105713
65, 1, 356, 156, -1.4313164949417114
65, 2, 365, 157, -1.4311436414718628
65, 3, 376, 157, -1.4316575527191162
65, 4, 319, 155, -1.4397904872894287
65, 5, 304, 155, -1.43924880027771
65, 6, 292, 155, -1.4397519826889038
65, 7, 389, 165, -0.967120349407196
65, 8, 269, 165, -0.9908403158187866
65, 9, 359, 220, -1.3111568689346313
65, 10, 315, 223, -1.3164215087890625
65, 11, 470, 305, -0.5881215929985046
65, 12, 168, 317, -0.7197648882865906
65, 13, 575, 460, -0.44732236862182617
65, 14, 44, 464, -0.6757315397262573
65, 15, 710, 643, -0.781705915927887
65, 16, -62, 675, -1.1164493560791016
65, 17, 758, 688, -0.8566735982894897
65, 18, -103, 726, -1.2266404628753662
65, 19, 742, 701, -0.9754332304000854
65, 20, -76, 731, -1.3786728382110596
65, 21, 716, 690, -0.8511033058166504
65, 22, -56, 717, -1.1962947845458984
65, 23, 425, 718, -0.04963180795311928
65, 24, 225, 725, 0.05452809855341911
65, 25, 425, 1046, 0.0938180461525917
65, 26, 232, 1057, 0.26549428701400757
65, 27, 430, 1342, 0.9023128747940063
65, 28, 246, 1345, 0.8895988464355469
65, 29, 435, 1391, 0.9461000561714172
65, 30, 242, 1391, 0.9318181872367859
65, 31, 405, 1432, 0.27695712447166443
65, 32, 286, 1438, 0.20106986165046692
66, 0, 341, 188, -1.4482486248016357
66, 1, 356, 156, -1.3890472650527954
66, 2, 365, 156, -1.3888493776321411
66, 3, 376, 156, -1.3893983364105225
66, 4, 319, 154, -1.3980717658996582
66, 5, 304, 154, -1.3975200653076172
66, 6, 292, 155, -1.3980177640914917
66, 7, 389, 165, -0.926430344581604
66, 8, 269, 165, -0.952580451965332
66, 9, 359, 220, -1.2723456621170044
66, 10, 315, 223, -1.2783173322677612
66, 11, 470, 305, -0.5767790079116821
66, 12, 169, 316, -0.6932228803634644
66, 13, 575, 461, -0.4345785975456238
66, 14, 44, 463, -0.6461015343666077
66, 15, 693, 649, -0.8029757738113403
66, 16, -67, 666, -1.0958373546600342
66, 17, 733, 698, -0.886764645576477
66, 18, -110, 715, -1.207693099975586
66, 19, 711, 711, -0.992567241191864
66, 20, -82, 724, -1.35629403591156
66, 21, 690, 697, -0.8678512573242188
66, 22, -62, 710, -1.1743210554122925
66, 23, 424, 718, -0.04992956295609474
66, 24, 224, 725, 0.05482872575521469
66, 25, 424, 1046, 0.10344190895557404
66, 26, 229, 1056, 0.26414141058921814
66, 27, 428, 1342, 0.926010251045227
66, 28, 243, 1345, 0.887344479560852
66, 29, 433, 1391, 0.9707886576652527
66, 30, 238, 1390, 0.9295441508293152
66, 31, 401, 1432, 0.30518990755081177
66, 32, 282, 1438, 0.1979849636554718
67, 0, 341, 187, -1.4197196960449219
67, 1, 355, 155, -1.3592705726623535
67, 2, 364, 155, -1.3590713739395142
67, 3, 376, 155, -1.3595926761627197
67, 4, 318, 153, -1.3684170246124268
67, 5, 304, 153, -1.3678719997406006
67, 6, 291, 154, -1.3683732748031616
67, 7, 389, 165, -0.8938370943069458
67, 8, 269, 165, -0.921294093132019
67, 9, 359, 218, -1.2432215213775635
67, 10, 315, 222, -1.2496922016143799
67, 11, 470, 305, -0.5535410642623901
67, 12, 169, 315, -0.6673197150230408
67, 13, 575, 462, -0.43006548285484314
67, 14, 45, 462, -0.6351690888404846
67, 15, 689, 652, -0.7967865467071533
67, 16, -69, 660, -1.0998873710632324
67, 17, 728, 703, -0.8810860514640808
67, 18, -111, 708, -1.21388578414917
67, 19, 706, 716, -0.9896432757377625
67, 20, -83, 718, -1.3608293533325195
67, 21, 685, 701, -0.862507700920105
67, 22, -64, 705, -1.1782187223434448
67, 23, 423, 718, -0.05041811615228653
67, 24, 224, 724, 0.055332206189632416
67, 25, 423, 1046, 0.11680891364812851
67, 26, 228, 1056, 0.2648829221725464
67, 27, 427, 1342, 0.9533736109733582
67, 28, 240, 1344, 0.9129191637039185
67, 29, 432, 1391, 0.9988783597946167
67, 30, 235, 1390, 0.9578348994255066
67, 31, 399, 1432, 0.3323485255241394
67, 32, 279, 1438, 0.21678152680397034
68, 0, 340, 187, -1.425580382347107
68, 1, 355, 154, -1.363958716392517
68, 2, 364, 154, -1.3637415170669556
68, 3, 376, 155, -1.3642408847808838
68, 4, 318, 153, -1.3716623783111572
68, 5, 303, 153, -1.3711211681365967
68, 6, 291, 153, -1.3716599941253662
68, 7, 389, 164, -0.8948809504508972
68, 8, 269, 164, -0.9243777990341187
68, 9, 359, 218, -1.2479932308197021
68, 10, 314, 222, -1.252897024154663
68, 11, 470, 305, -0.5524193644523621
68, 12, 169, 315, -0.666469156742096
68, 13, 575, 462, -0.42468875646591187
68, 14, 45, 462, -0.6484216451644897
68, 15, 692, 652, -0.8021988868713379
68, 16, -69, 660, -1.120551347732544
68, 17, 732, 702, -0.886102557182312
68, 18, -110, 709, -1.2352129220962524
68, 19, 712, 716, -0.9965227842330933
68, 20, -82, 718, -1.3804214000701904
68, 21, 690, 701, -0.8689426183700562
68, 22, -63, 704, -1.198287010192871
68, 23, 423, 719, -0.0512404628098011
68, 24, 223, 725, 0.05617745593190193
68, 25, 423, 1047, 0.11646735668182373
68, 26, 226, 1056, 0.28696683049201965
68, 27, 425, 1343, 0.9532755613327026
68, 28, 237, 1344, 0.9731535911560059
68, 29, 430, 1392, 0.9983345866203308
68, 30, 232, 1390, 1.0209572315216064
68, 31, 398, 1433, 0.32341447472572327
68, 32, 276, 1438, 0.2708304524421692
69, 0, 339, 187, -1.4624912738800049
69, 1, 354, 154, -1.4016283750534058
69, 2, 364, 154, -1.401435136795044
69, 3, 375, 155, -1.4018253087997437
69, 4, 317, 153, -1.4087270498275757
69, 5, 303, 153, -1.408230185508728
69, 6, 291, 153, -1.408757209777832
69, 7, 389, 164, -0.9240096807479858
69, 8, 269, 164, -0.9444867968559265
69, 9, 358, 218, -1.280444860458374
69, 10, 314, 222, -1.2844204902648926
69, 11, 471, 305, -0.567396342754364
69, 12, 169, 315, -0.6718578934669495
69, 13, 575, 461, -0.44518885016441345
69, 14, 45, 462, -0.6559303402900696
69, 15, 699, 650, -0.8540042042732239
69, 16, -68, 662, -1.132230520248413
69, 17, 742, 698, -0.9446783065795898
69, 18, -109, 711, -1.2477004528045654
69, 19, 724, 712, -1.0604017972946167
69, 20, -81, 719, -1.3897145986557007
69, 21, 701, 698, -0.9236461520195007
69, 22, -62, 705, -1.2090338468551636
69, 23, 424, 719, -0.05269119143486023
69, 24, 223, 725, 0.057633720338344574
69, 25, 423, 1047, 0.14124715328216553
69, 26, 227, 1056, 0.3481011986732483
69, 27, 426, 1343, 1.003637433052063
69, 28, 238, 1344, 1.0963292121887207
69, 29, 431, 1392, 1.0516488552093506
69, 30, 234, 1390, 1.1512240171432495
69, 31, 399, 1433, 0.3663392663002014
69, 32, 279, 1438, 0.3992595076560974
70, 0, 339, 187, -1.482304334640503
70, 1, 354, 154, -1.4238888025283813
70, 2, 364, 154, -1.423661231994629
70, 3, 375, 155, -1.4240731000900269
70, 4, 317, 153, -1.4303547143936157
70, 5, 302, 153, -1.4298430681228638
70, 6, 290, 153, -1.4303476810455322
70, 7, 389, 164, -0.9415165185928345
70, 8, 268, 164, -0.9567875862121582
70, 9, 358, 218, -1.2969975471496582
70, 10, 313, 222, -1.3000892400741577
70, 11, 471, 305, -0.5717188119888306
70, 12, 169, 315, -0.6732895374298096
70, 13, 576, 461, -0.4425879120826721
70, 14, 44, 462, -0.6606321334838867
70, 15, 700, 650, -0.8479583859443665
70, 16, -68, 662, -1.1385257244110107
70, 17, 743, 698, -0.9362015724182129
70, 18, -108, 712, -1.2543009519577026
70, 19, 724, 712, -1.0521517992019653
70, 20, -80, 720, -1.3949187994003296
70, 21, 702, 698, -0.916899561882019
70, 22, -62, 706, -1.2148053646087646
70, 23, 424, 721, -0.053635310381650925
70, 24, 223, 726, 0.058654285967350006
70, 25, 423, 1049, 0.13679257035255432
70, 26, 227, 1057, 0.3433758318424225
70, 27, 427, 1344, 0.990845799446106
70, 28, 238, 1345, 1.0708982944488525
70, 29, 432, 1394, 1.037819266319275
70, 30, 233, 1391, 1.1228382587432861
70, 31, 399, 1435, 0.35193759202957153
70, 32, 278, 1440, 0.3674555718898773
71, 0, 339, 187, -1.4797028303146362
71, 1, 354, 154, -1.4220863580703735
71, 2, 364, 154, -1.4218798875808716
71, 3, 375, 155, -1.4222886562347412
71, 4, 317, 153, -1.429504156112671
71, 5, 302, 153, -1.429002046585083
71, 6, 290, 154, -1.4294980764389038
71, 7, 389, 164, -0.943291962146759
71, 8, 268, 164, -0.9610735774040222
71, 9, 358, 218, -1.2952992916107178
71, 10, 313, 222, -1.2994403839111328
71, 11, 471, 305, -0.5712240934371948
71, 12, 169, 314, -0.675573468208313
71, 13, 576, 460, -0.4380933344364166
71, 14, 44, 462, -0.6634572744369507
71, 15, 702, 648, -0.8396413922309875
71, 16, -74, 661, -1.1394567489624023
71, 17, 748, 696, -0.930418848991394
71, 18, -117, 709, -1.2536782026290894
71, 19, 729, 710, -1.0435737371444702
71, 20, -91, 716, -1.3986150026321411
71, 21, 706, 696, -0.9077131152153015
71, 22, -72, 703, -1.2172852754592896
71, 23, 424, 720, -0.05371897295117378
71, 24, 223, 726, 0.058733947575092316
71, 25, 424, 1048, 0.13538800179958344
71, 26, 227, 1057, 0.34853315353393555
71, 27, 427, 1344, 0.9828777313232422
71, 28, 238, 1345, 1.0698035955429077
71, 29, 432, 1394, 1.0291701555252075
71, 30, 233, 1391, 1.121748685836792
71, 31, 399, 1435, 0.3453977704048157
71, 32, 279, 1440, 0.37018173933029175
