0, 0, 308, 176, -0.7652706503868103
0, 1, 325, 155, -0.6999420523643494
0, 2, 336, 156, -0.6997559070587158
0, 3, 346, 158, -0.6994650363922119
0, 4, 294, 154, -0.7035500407218933
0, 5, 281, 154, -0.7028136253356934
0, 6, 269, 155, -0.7031444907188416
0, 7, 365, 176, -0.33007144927978516
0, 8, 254, 169, -0.3445623815059662
0, 9, 328, 207, -0.6324764490127563
0, 10, 283, 206, -0.6375768780708313
0, 11, 449, 316, -0.18163393437862396
0, 12, 167, 326, -0.15631185472011566
0, 13, 548, 473, -0.6404704451560974
0, 14, 58, 479, -0.38345062732696533
0, 15, 451, 464, -1.3507678508758545
0, 16, 38, 607, -1.0765345096588135
0, 17, 406, 463, -1.505594253540039
0, 18, 26, 660, -1.1978864669799805
0, 19, 396, 430, -1.4137308597564697
0, 20, 60, 644, -1.2416280508041382
0, 21, 404, 430, -1.335133671760559
0, 22, 68, 628, -1.1197354793548584
0, 23, 395, 683, -0.06028284877538681
0, 24, 203, 688, 0.06666166335344315
0, 25, 396, 982, -0.1370295137166977
0, 26, 212, 987, 0.09018447995185852
0, 27, 403, 1250, 0.33522865176200867
0, 28, 221, 1247, 0.40140804648399353
0, 29, 410, 1293, 0.3513259291648865
0, 30, 217, 1289, 0.4167458117008209
0, 31, 373, 1335, -0.2124931514263153
0, 32, 257, 1330, -0.17150813341140747
1, 0, 308, 176, -1.000143051147461
1, 1, 326, 155, -0.9206640124320984
1, 2, 336, 156, -0.9208933711051941
1, 3, 346, 158, -0.9206094741821289
1, 4, 294, 153, -0.9280659556388855
1, 5, 280, 154, -0.9276951551437378
1, 6, 269, 154, -0.9281529188156128
1, 7, 365, 176, -0.4601350426673889
1, 8, 254, 170, -0.49364763498306274
1, 9, 329, 207, -0.8339910507202148
1, 10, 283, 207, -0.8444917798042297
1, 11, 450, 317, -0.2387012541294098
1, 12, 167, 330, -0.21124717593193054
1, 13, 549, 472, -0.7927933931350708
1, 14, 57, 478, -0.42332467436790466
1, 15, 453, 464, -1.7451066970825195
1, 16, 28, 606, -1.1802994012832642
1, 17, 406, 462, -1.9438073635101318
1, 18, 15, 657, -1.3263788223266602
1, 19, 397, 429, -1.8724820613861084
1, 20, 46, 642, -1.3904460668563843
1, 21, 406, 429, -1.7433990240097046
1, 22, 54, 627, -1.232681155204773
1, 23, 396, 684, -0.05993010848760605
1, 24, 205, 690, 0.06607133150100708
1, 25, 396, 986, -0.14701659977436066
1, 26, 215, 987, -0.1260208785533905
1, 27, 403, 1259, 0.334880530834198
1, 28, 227, 1253, 0.1672450751066208
1, 29, 410, 1301, 0.34969091415405273
1, 30, 224, 1296, 0.17587438225746155
1, 31, 374, 1343, -0.26789072155952454
1, 32, 263, 1335, -0.5020631551742554
2, 0, 309, 176, -1.0630234479904175
2, 1, 326, 155, -0.9802721738815308
2, 2, 336, 156, -0.9806002378463745
2, 3, 346, 158, -0.9803368449211121
2, 4, 294, 153, -0.9894698262214661
2, 5, 280, 153, -0.9892633557319641
2, 6, 269, 154, -0.9897857904434204
2, 7, 365, 176, -0.502782940864563
2, 8, 254, 171, -0.5461632013320923
2, 9, 330, 207, -0.8909577131271362
2, 10, 284, 208, -0.9045203924179077
2, 11, 450, 317, -0.2643304467201233
2, 12, 167, 331, -0.23671075701713562
2, 13, 550, 472, -0.8125631213188171
2, 14, 56, 477, -0.442424476146698
2, 15, 455, 462, -1.7664568424224854
2, 16, 18, 595, -1.2229738235473633
2, 17, 407, 461, -1.9646193981170654
2, 18, 5, 643, -1.374746561050415
2, 19, 398, 429, -1.8982341289520264
2, 20, 33, 627, -1.4424329996109009
2, 21, 408, 428, -1.7660284042358398
2, 22, 41, 613, -1.2778208255767822
2, 23, 397, 685, -0.05857636407017708
2, 24, 207, 690, 0.06435354053974152
2, 25, 396, 988, -0.19473330676555634
2, 26, 216, 987, -0.2076854407787323
2, 27, 403, 1263, 0.25423794984817505
2, 28, 229, 1256, 0.040711697190999985
2, 29, 410, 1305, 0.26115041971206665
2, 30, 225, 1299, 0.04378359392285347
2, 31, 375, 1346, -0.3824770152568817
2, 32, 265, 1337, -0.6422736644744873
3, 0, 310, 176, -1.063084602355957
3, 1, 327, 155, -0.9796029329299927
3, 2, 336, 156, -0.9799017906188965
3, 3, 347, 158, -0.9796015024185181
3, 4, 294, 153, -0.9917944073677063
3, 5, 281, 153, -0.9915857315063477
3, 6, 270, 153, -0.9920989274978638
3, 7, 365, 176, -0.5056669116020203
3, 8, 254, 171, -0.5618118047714233
3, 9, 331, 207, -0.8919390439987183
3, 10, 284, 208, -0.9094866514205933
3, 11, 451, 318, -0.2591860592365265
3, 12, 166, 333, -0.2653099298477173
3, 13, 552, 472, -0.7777384519577026
3, 14, 56, 477, -0.48913145065307617
3, 15, 458, 462, -1.6720682382583618
3, 16, 23, 592, -1.2852063179016113
3, 17, 409, 461, -1.8608179092407227
3, 18, 14, 639, -1.4416314363479614
3, 19, 400, 429, -1.7919317483901978
3, 20, 41, 621, -1.4983725547790527
3, 21, 411, 428, -1.6696672439575195
3, 22, 48, 607, -1.3350861072540283
3, 23, 397, 685, -0.05461858585476875
3, 24, 208, 691, 0.060084037482738495
3, 25, 396, 988, -0.2265646755695343
3, 26, 216, 987, -0.23968036472797394
3, 27, 403, 1263, 0.17785204946994781
3, 28, 229, 1257, -0.03328700363636017
3, 29, 410, 1306, 0.18106304109096527
3, 30, 226, 1299, -0.034350838512182236
3, 31, 375, 1347, -0.4537431299686432
3, 32, 266, 1337, -0.7030114531517029
4, 0, 310, 176, -0.9864452481269836
4, 1, 327, 155, -0.918228805065155
4, 2, 336, 156, -0.9180143475532532
4, 3, 347, 158, -0.9177824854850769
4, 4, 294, 153, -0.9213895797729492
4, 5, 281, 153, -0.9206701517105103
4, 6, 270, 153, -0.9209797978401184
4, 7, 365, 176, -0.47439470887184143
4, 8, 254, 171, -0.5164681673049927
4, 9, 331, 208, -0.8346803784370422
4, 10, 284, 208, -0.8407760858535767
4, 11, 452, 319, -0.21147465705871582
4, 12, 166, 335, -0.2501869797706604
4, 13, 555, 472, -0.7508442997932434
4, 14, 57, 477, -0.46691736578941345
4, 15, 462, 462, -1.5988900661468506
4, 16, 19, 592, -1.2337335348129272
4, 17, 414, 461, -1.7770143747329712
4, 18, 7, 639, -1.3794562816619873
4, 19, 404, 429, -1.7024816274642944
4, 20, 36, 621, -1.4332239627838135
4, 21, 414, 428, -1.5930172204971313
4, 22, 44, 608, -1.2823023796081543
4, 23, 400, 688, -0.046151574701070786
4, 24, 210, 695, 0.05133134871721268
4, 25, 398, 991, -0.23305447399616241
4, 26, 216, 990, -0.22289714217185974
4, 27, 407, 1267, 0.13146176934242249
4, 28, 233, 1259, -0.0647430494427681
4, 29, 414, 1309, 0.13262933492660522
4, 30, 231, 1301, -0.07063303887844086
4, 31, 380, 1350, -0.4710058569908142
4, 32, 271, 1340, -0.7045067548751831
5, 0, 310, 176, -0.9843670129776001
5, 1, 327, 155, -0.9117223620414734
5, 2, 336, 156, -0.9118198156356812
5, 3, 347, 158, -0.9114712476730347
5, 4, 294, 153, -0.9183224439620972
5, 5, 281, 153, -0.9179040789604187
5, 6, 270, 153, -0.9183616638183594
5, 7, 365, 177, -0.47786831855773926
5, 8, 254, 172, -0.5152611136436462
5, 9, 331, 208, -0.8293371200561523
5, 10, 284, 209, -0.8395034670829773
5, 11, 452, 319, -0.24210922420024872
5, 12, 168, 335, -0.25336554646492004
5, 13, 558, 472, -0.7710583209991455
5, 14, 57, 476, -0.4564792513847351
5, 15, 461, 460, -1.6453917026519775
5, 16, -1, 590, -1.155264139175415
5, 17, 415, 458, -1.8264226913452148
5, 18, -21, 635, -1.2928539514541626
5, 19, 404, 424, -1.7618392705917358
5, 20, 6, 620, -1.3622076511383057
5, 21, 413, 424, -1.6448923349380493
5, 22, 18, 607, -1.209346890449524
5, 23, 402, 688, -0.04015324264764786
5, 24, 212, 694, 0.04535818472504616
5, 25, 399, 991, -0.24716158211231232
5, 26, 217, 989, -0.23981161415576935
5, 27, 410, 1266, 0.103615902364254
5, 28, 236, 1259, -0.0947405993938446
5, 29, 417, 1309, 0.10445282608270645
5, 30, 235, 1301, -0.101588174700737
5, 31, 382, 1349, -0.5047360062599182
5, 32, 274, 1340, -0.7427158355712891
6, 0, 310, 176, -0.8875042796134949
6, 1, 327, 155, -0.8129664659500122
6, 2, 336, 156, -0.8130999803543091
6, 3, 347, 158, -0.812710165977478
6, 4, 294, 153, -0.8184019327163696
6, 5, 281, 153, -0.8178861737251282
6, 6, 270, 153, -0.8184015154838562
6, 7, 365, 177, -0.4070765972137451
6, 8, 254, 172, -0.43668121099472046
6, 9, 331, 208, -0.7440005540847778
6, 10, 284, 209, -0.752956748008728
6, 11, 451, 319, -0.211269348859787
6, 12, 168, 335, -0.21508483588695526
6, 13, 560, 480, -0.7566527128219604
6, 14, 57, 475, -0.4098096489906311
6, 15, 460, 455, -1.6216776371002197
6, 16, -10, 590, -1.0450067520141602
6, 17, 415, 446, -1.7951914072036743
6, 18, -34, 637, -1.1644723415374756
6, 19, 404, 410, -1.7211990356445312
6, 20, -7, 620, -1.2284319400787354
6, 21, 412, 413, -1.6164602041244507
6, 22, 6, 607, -1.0969833135604858
6, 23, 399, 688, -0.03460996225476265
6, 24, 210, 694, 0.03980628773570061
6, 25, 389, 991, -0.2896883487701416
6, 26, 211, 987, -0.23612062633037567
6, 27, 393, 1266, 0.008418439887464046
6, 28, 220, 1258, -0.14503028988838196
6, 29, 399, 1308, 0.005295781884342432
6, 30, 218, 1300, -0.1580210030078888
6, 31, 361, 1349, -0.591248631477356
6, 32, 248, 1338, -0.7742359638214111
7, 0, 310, 178, -0.9050160646438599
7, 1, 327, 155, -0.8293509483337402
7, 2, 336, 157, -0.8294533491134644
7, 3, 347, 160, -0.8291066884994507
7, 4, 294, 153, -0.838636040687561
7, 5, 281, 153, -0.838121235370636
7, 6, 270, 154, -0.8386054039001465
7, 7, 365, 179, -0.40795260667800903
7, 8, 255, 172, -0.4488246440887451
7, 9, 331, 210, -0.7526875734329224
7, 10, 284, 210, -0.7660185694694519
7, 11, 448, 320, -0.18283922970294952
7, 12, 171, 334, -0.2131667137145996
7, 13, 568, 479, -0.6925415992736816
7, 14, 60, 468, -0.3955649733543396
7, 15, 460, 437, -1.5395070314407349
7, 16, 19, 588, -1.0503380298614502
7, 17, 415, 422, -1.7174174785614014
7, 18, 6, 635, -1.1786959171295166
7, 19, 403, 394, -1.6227257251739502
7, 20, 37, 618, -1.2333905696868896
7, 21, 408, 399, -1.525322437286377
7, 22, 45, 605, -1.096022367477417
7, 23, 388, 687, -0.03453925624489784
7, 24, 204, 689, 0.0397648923099041
7, 25, 379, 986, -0.3609655499458313
7, 26, 199, 984, -0.19844123721122742
7, 27, 377, 1265, -0.08605270087718964
7, 28, 204, 1256, -0.1250315010547638
7, 29, 381, 1307, -0.09036248922348022
7, 30, 202, 1298, -0.1402740627527237
7, 31, 345, 1347, -0.6971145868301392
7, 32, 231, 1335, -0.7606958746910095
8, 0, 310, 180, -1.0429235696792603
8, 1, 328, 157, -0.9619218111038208
8, 2, 337, 159, -0.962193489074707
8, 3, 348, 162, -0.9618784785270691
8, 4, 294, 154, -0.970523476600647
8, 5, 282, 154, -0.9704340696334839
8, 6, 271, 154, -0.9706696271896362
8, 7, 366, 181, -0.4766256809234619
8, 8, 255, 173, -0.5204558372497559
8, 9, 331, 212, -0.8671407699584961
8, 10, 284, 212, -0.881373405456543
8, 11, 446, 327, -0.2080988883972168
8, 12, 172, 335, -0.21811552345752716
8, 13, 573, 480, -0.7827997207641602
8, 14, 60, 453, -0.7007606625556946
8, 15, 466, 427, -1.654717206954956
8, 16, 37, 468, -1.8094682693481445
8, 17, 423, 407, -1.8274320363998413
8, 18, 33, 449, -1.997703194618225
8, 19, 406, 382, -1.7342910766601562
8, 20, 56, 419, -1.9909155368804932
8, 21, 410, 390, -1.6375224590301514
8, 22, 67, 426, -1.836745262145996
8, 23, 388, 694, -0.03801602125167847
8, 24, 206, 695, 0.042453594505786896
8, 25, 381, 992, -0.3296220898628235
8, 26, 201, 985, -0.1880623996257782
8, 27, 381, 1267, -0.04771564155817032
8, 28, 207, 1257, -0.04177173227071762
8, 29, 385, 1308, -0.06980760395526886
8, 30, 205, 1299, -0.04829797521233559
8, 31, 350, 1349, -0.6385709643363953
8, 32, 236, 1336, -0.6724578738212585
9, 0, 310, 182, -1.0172964334487915
9, 1, 328, 158, -0.9423028826713562
9, 2, 338, 160, -0.9423729777336121
9, 3, 348, 162, -0.9419698715209961
9, 4, 295, 155, -0.943062424659729
9, 5, 282, 155, -0.9426047205924988
9, 6, 272, 155, -0.9427672624588013
9, 7, 367, 182, -0.4778438210487366
9, 8, 256, 174, -0.5108134150505066
9, 9, 331, 214, -0.8513285517692566
9, 10, 284, 214, -0.8536508679389954
9, 11, 446, 334, -0.2390575110912323
9, 12, 179, 335, -0.1987212896347046
9, 13, 574, 479, -0.8867009282112122
9, 14, 60, 491, -0.7832890748977661
9, 15, 465, 405, -1.6593780517578125
9, 16, 56, 444, -1.9123843908309937
9, 17, 424, 376, -1.817678451538086
9, 18, 55, 390, -2.093048334121704
9, 19, 406, 357, -1.725319504737854
9, 20, 85, 366, -2.0495498180389404
9, 21, 409, 367, -1.6259618997573853
9, 22, 101, 386, -1.9258670806884766
9, 23, 389, 700, -0.07029296457767487
9, 24, 204, 698, 0.07495267689228058
9, 25, 382, 1003, -0.24316421151161194
9, 26, 202, 996, 0.12951603531837463
9, 27, 381, 1274, 0.2520800828933716
9, 28, 206, 1261, 0.5012839436531067
9, 29, 386, 1313, 0.25989800691604614
9, 30, 202, 1301, 0.5212739109992981
9, 31, 350, 1357, -0.38208362460136414
9, 32, 231, 1344, -0.12954312562942505
10, 0, 310, 185, -0.9589316248893738
10, 1, 329, 160, -0.880545437335968
10, 2, 338, 162, -0.8806072473526001
10, 3, 349, 164, -0.8800438642501831
10, 4, 296, 157, -0.8835644721984863
10, 5, 283, 157, -0.883083701133728
10, 6, 272, 157, -0.8831285238265991
10, 7, 368, 184, -0.4153565764427185
10, 8, 257, 176, -0.4265417456626892
10, 9, 331, 217, -0.790580153465271
10, 10, 285, 218, -0.791439950466156
10, 11, 443, 334, -0.17759451270103455
10, 12, 176, 338, -0.1862870156764984
10, 13, 579, 479, -0.8820681571960449
10, 14, 71, 536, -0.7440289855003357
10, 15, 460, 372, -1.4703881740570068
10, 16, 107, 423, -1.7229429483413696
10, 17, 424, 340, -1.6071670055389404
10, 18, 135, 374, -1.899893045425415
10, 19, 406, 328, -1.4553364515304565
10, 20, 148, 345, -1.8418734073638916
10, 21, 407, 338, -1.4247639179229736
10, 22, 150, 358, -1.7242653369903564
10, 23, 387, 699, -0.0685855895280838
10, 24, 201, 698, 0.07362066209316254
10, 25, 379, 1003, -0.12038042396306992
10, 26, 201, 996, 0.03261295706033707
10, 27, 380, 1273, 0.37825146317481995
10, 28, 205, 1261, 0.31399697065353394
10, 29, 385, 1313, 0.39047184586524963
10, 30, 201, 1300, 0.3235408067703247
10, 31, 352, 1356, -0.22031733393669128
10, 32, 230, 1346, -0.31321150064468384
11, 0, 310, 189, -0.900450587272644
11, 1, 329, 162, -0.8074870109558105
11, 2, 338, 164, -0.8075041770935059
11, 3, 349, 166, -0.8067086338996887
11, 4, 297, 160, -0.8189737200737
11, 5, 284, 160, -0.8187634348869324
11, 6, 274, 160, -0.819017767906189
11, 7, 368, 184, -0.3020818829536438
11, 8, 258, 177, -0.34251466393470764
11, 9, 331, 219, -0.7193223834037781
11, 10, 286, 220, -0.7317426800727844
11, 11, 438, 333, -0.039420776069164276
11, 12, 178, 337, -0.1535603106021881
11, 13, 583, 476, -0.7182885408401489
11, 14, 70, 522, -0.7062344551086426
11, 15, 456, 354, -1.4603874683380127
11, 16, 164, 393, -1.5816857814788818
11, 17, 423, 310, -1.615419626235962
11, 18, 195, 350, -1.7542740106582642
11, 19, 407, 303, -1.4702168703079224
11, 20, 203, 327, -1.7023462057113647
11, 21, 407, 317, -1.424393653869629
11, 22, 204, 340, -1.5831010341644287
11, 23, 386, 694, -0.039419569075107574
11, 24, 198, 693, 0.043976061046123505
11, 25, 378, 996, 0.0039324043318629265
11, 26, 201, 987, 0.020581919699907303
11, 27, 380, 1254, 0.5449474453926086
11, 28, 207, 1247, 0.35908615589141846
11, 29, 384, 1290, 0.5609976053237915
11, 30, 203, 1283, 0.37529510259628296
11, 31, 353, 1339, -0.048383258283138275
11, 32, 232, 1333, -0.2834649682044983
12, 0, 310, 189, -0.904995322227478
12, 1, 329, 162, -0.8164170384407043
12, 2, 338, 164, -0.8164254426956177
12, 3, 349, 166, -0.815670371055603
12, 4, 297, 161, -0.8272081613540649
12, 5, 284, 160, -0.8269543647766113
12, 6, 274, 160, -0.827243447303772
12, 7, 368, 184, -0.3161754906177521
12, 8, 258, 177, -0.3558601140975952
12, 9, 331, 219, -0.7306245565414429
12, 10, 286, 220, -0.7424513101577759
12, 11, 435, 333, -0.06412746757268906
12, 12, 177, 334, -0.18546435236930847
12, 13, 585, 464, -0.7322747707366943
12, 14, 70, 516, -0.8158170580863953
12, 15, 449, 330, -1.467832326889038
12, 16, 202, 373, -1.5664803981781006
12, 17, 423, 279, -1.6201645135879517
12, 18, 230, 330, -1.732378363609314
12, 19, 406, 276, -1.4621222019195557
12, 20, 235, 312, -1.6598320007324219
12, 21, 403, 299, -1.430075764656067
12, 22, 235, 326, -1.5525975227355957
12, 23, 384, 692, -0.03218730539083481
12, 24, 192, 691, 0.03658374771475792
12, 25, 373, 996, 0.059389304369688034
12, 26, 198, 986, 0.07544127851724625
12, 27, 374, 1251, 0.6401873230934143
12, 28, 205, 1246, 0.47023528814315796
12, 29, 378, 1287, 0.6590452194213867
12, 30, 201, 1282, 0.4935840666294098
12, 31, 350, 1337, 0.03805429860949516
12, 32, 229, 1333, -0.17625433206558228
13, 0, 310, 189, -0.9544181823730469
13, 1, 328, 163, -0.8535206913948059
13, 2, 337, 164, -0.8534665107727051
13, 3, 347, 166, -0.8523956537246704
13, 4, 296, 161, -0.8639682531356812
13, 5, 284, 161, -0.8639190793037415
13, 6, 273, 162, -0.8642621040344238
13, 7, 367, 184, -0.33779484033584595
13, 8, 258, 179, -0.37393075227737427
13, 9, 331, 220, -0.7725805044174194
13, 10, 286, 220, -0.7829636335372925
13, 11, 436, 334, -0.09715841710567474
13, 12, 178, 336, -0.2386489361524582
13, 13, 585, 460, -0.8421998023986816
13, 14, 70, 513, -0.9322929382324219
13, 15, 445, 319, -1.5438640117645264
13, 16, 217, 371, -1.6774295568466187
13, 17, 423, 262, -1.685791254043579
13, 18, 243, 328, -1.8451616764068604
13, 19, 407, 261, -1.4762130975723267
13, 20, 255, 314, -1.7258431911468506
13, 21, 402, 288, -1.4979236125946045
13, 22, 256, 329, -1.6522133350372314
13, 23, 387, 693, -0.03276841714978218
13, 24, 195, 693, 0.037163082510232925
13, 25, 380, 996, 0.07591839134693146
13, 26, 208, 987, 0.10467326641082764
13, 27, 383, 1251, 0.6843246817588806
13, 28, 221, 1247, 0.5198688507080078
13, 29, 388, 1286, 0.705500602722168
13, 30, 217, 1283, 0.5460406541824341
13, 31, 362, 1337, 0.08099973201751709
13, 32, 243, 1334, -0.11847148090600967
14, 0, 311, 191, -1.0009905099868774
14, 1, 328, 164, -0.8969768285751343
14, 2, 337, 165, -0.8969439268112183
14, 3, 347, 167, -0.8959186673164368
14, 4, 296, 163, -0.9158989191055298
14, 5, 284, 163, -0.9159795045852661
14, 6, 273, 163, -0.9163333773612976
14, 7, 365, 184, -0.3429200053215027
14, 8, 258, 180, -0.4256495535373688
14, 9, 331, 221, -0.8126991987228394
14, 10, 287, 221, -0.8336865305900574
14, 11, 436, 334, -0.11357130110263824
14, 12, 176, 341, -0.3167761564254761
14, 13, 585, 451, -0.8558956384658813
14, 14, 70, 506, -1.0357272624969482
14, 15, 439, 307, -1.554330587387085
14, 16, 233, 369, -1.7543468475341797
14, 17, 422, 250, -1.6957899332046509
14, 18, 259, 325, -1.920577049255371
14, 19, 406, 248, -1.5120047330856323
14, 20, 269, 311, -1.797298789024353
14, 21, 397, 274, -1.5073597431182861
14, 22, 270, 327, -1.7260682582855225
14, 23, 394, 695, -0.02631409466266632
14, 24, 202, 698, 0.030349567532539368
14, 25, 389, 998, 0.06380948424339294
14, 26, 219, 993, 0.06931576132774353
14, 27, 396, 1252, 0.6603608131408691
14, 28, 237, 1252, 0.4654431939125061
14, 29, 401, 1287, 0.6796759366989136
14, 30, 234, 1288, 0.4894596040248871
14, 31, 379, 1338, 0.05486350506544113
14, 32, 263, 1340, -0.17839814722537994
15, 0, 311, 193, -1.042277455329895
15, 1, 328, 166, -0.9423991441726685
15, 2, 337, 167, -0.9424422383308411
15, 3, 347, 168, -0.9415407180786133
15, 4, 296, 165, -0.9579848051071167
15, 5, 284, 164, -0.9580264091491699
15, 6, 273, 165, -0.9583832621574402
15, 7, 364, 184, -0.4081932008266449
15, 8, 258, 181, -0.4662267565727234
15, 9, 331, 223, -0.8573430180549622
15, 10, 287, 222, -0.8740537762641907
15, 11, 436, 333, -0.1688707172870636
15, 12, 176, 342, -0.33882907032966614
15, 13, 585, 448, -0.9079993367195129
15, 14, 73, 494, -1.0536458492279053
15, 15, 433, 308, -1.5592076778411865
15, 16, 245, 362, -1.7666620016098022
15, 17, 416, 250, -1.698788046836853
15, 18, 274, 309, -1.9354002475738525
15, 19, 400, 248, -1.5278022289276123
15, 20, 280, 298, -1.8070542812347412
15, 21, 390, 275, -1.5115834474563599
15, 22, 278, 317, -1.7375656366348267
15, 23, 399, 694, -0.02728950046002865
15, 24, 208, 699, 0.031489256769418716
15, 25, 399, 998, 0.035709746181964874
15, 26, 231, 996, 0.05587758868932724
15, 27, 412, 1252, 0.6259870529174805
15, 28, 253, 1257, 0.44384321570396423
15, 29, 417, 1287, 0.6452136635780334
15, 30, 251, 1294, 0.46716833114624023
15, 31, 394, 1339, 0.014319727197289467
15, 32, 279, 1345, -0.20223698019981384
16, 0, 311, 194, -0.9063104391098022
16, 1, 328, 167, -0.7994428873062134
16, 2, 337, 168, -0.7995910048484802
16, 3, 346, 170, -0.7986489534378052
16, 4, 296, 165, -0.8167861700057983
16, 5, 284, 165, -0.8168926239013672
16, 6, 273, 165, -0.8174088597297668
16, 7, 364, 185, -0.28956833481788635
16, 8, 258, 181, -0.3458394706249237
16, 9, 331, 224, -0.7302314043045044
16, 10, 287, 223, -0.7494247555732727
16, 11, 436, 334, -0.1002006083726883
16, 12, 176, 342, -0.3074842691421509
16, 13, 586, 447, -0.9022353291511536
16, 14, 74, 494, -0.9461053013801575
16, 15, 426, 309, -1.3919631242752075
16, 16, 249, 354, -1.5782032012939453
16, 17, 407, 252, -1.51555597782135
16, 18, 279, 299, -1.719671607017517
16, 19, 393, 251, -1.3377156257629395
16, 20, 281, 289, -1.564199686050415
16, 21, 383, 278, -1.3430054187774658
16, 22, 279, 310, -1.531095266342163
16, 23, 399, 696, -0.024832729250192642
16, 24, 209, 703, 0.02883022092282772
16, 25, 402, 999, 0.043377019464969635
16, 26, 233, 999, 0.08048580586910248
16, 27, 413, 1253, 0.6276798844337463
16, 28, 252, 1260, 0.465221643447876
16, 29, 418, 1288, 0.6474701762199402
16, 30, 250, 1297, 0.4886006712913513
16, 31, 396, 1341, 0.037228312343358994
16, 32, 278, 1347, -0.15707817673683167
17, 0, 312, 198, -0.837527871131897
17, 1, 329, 172, -0.737596333026886
17, 2, 337, 173, -0.7377899885177612
17, 3, 346, 174, -0.7369409203529358
17, 4, 298, 171, -0.7570587396621704
17, 5, 286, 170, -0.7571584582328796
17, 6, 275, 169, -0.7577092051506042
17, 7, 363, 188, -0.2404336929321289
17, 8, 259, 182, -0.3076827824115753
17, 9, 331, 229, -0.6622480750083923
17, 10, 290, 229, -0.6845024824142456
17, 11, 433, 332, -0.04083077609539032
17, 12, 176, 342, -0.2557673752307892
17, 13, 586, 445, -0.7583471536636353
17, 14, 81, 490, -0.8937419652938843
17, 15, 412, 313, -1.3147597312927246
17, 16, 247, 341, -1.4753899574279785
17, 17, 393, 258, -1.4409385919570923
17, 18, 272, 281, -1.6154953241348267
17, 19, 379, 257, -1.2740217447280884
17, 20, 272, 271, -1.4902387857437134
17, 21, 372, 283, -1.2708991765975952
17, 22, 271, 294, -1.4429099559783936
17, 23, 400, 694, -0.013447389006614685
17, 24, 210, 703, 0.01729574427008629
17, 25, 404, 997, 0.025222012773156166
17, 26, 234, 999, 0.057563699781894684
17, 27, 413, 1252, 0.5914442539215088
17, 28, 252, 1260, 0.4272858202457428
17, 29, 417, 1288, 0.6106894016265869
17, 30, 250, 1297, 0.44518613815307617
17, 31, 398, 1340, 0.011819139122962952
17, 32, 277, 1347, -0.20369753241539001
18, 0, 320, 199, -0.7472299337387085
18, 1, 334, 174, -0.6563729047775269
18, 2, 342, 174, -0.6564373970031738
18, 3, 350, 175, -0.6556671261787415
18, 4, 308, 172, -0.6657403111457825
18, 5, 297, 171, -0.6655468940734863
18, 6, 286, 171, -0.6659289598464966
18, 7, 363, 188, -0.19518667459487915
18, 8, 264, 183, -0.21721987426280975
18, 9, 334, 229, -0.5873814225196838
18, 10, 298, 232, -0.5959051251411438
18, 11, 433, 325, -0.045961298048496246
18, 12, 183, 340, -0.14801207184791565
18, 13, 585, 446, -0.7590031027793884
18, 14, 86, 478, -0.8247917890548706
18, 15, 400, 321, -1.3709957599639893
18, 16, 242, 321, -1.4234977960586548
18, 17, 375, 271, -1.5072370767593384
18, 18, 265, 262, -1.5678839683532715
18, 19, 365, 266, -1.3448268175125122
18, 20, 267, 255, -1.4471601247787476
18, 21, 363, 290, -1.3289711475372314
18, 22, 267, 278, -1.395387887954712
18, 23, 405, 687, -0.02129058912396431
18, 24, 215, 696, 0.024941442534327507
18, 25, 406, 989, 0.020845700055360794
18, 26, 238, 994, 0.07382648438215256
18, 27, 415, 1247, 0.5746398568153381
18, 28, 255, 1255, 0.4225042462348938
18, 29, 420, 1282, 0.5933446884155273
18, 30, 252, 1291, 0.4425782561302185
18, 31, 399, 1334, 0.0025234464555978775
18, 32, 280, 1344, -0.20113809406757355
19, 0, 327, 200, -0.6850190162658691
19, 1, 338, 175, -0.5982877016067505
19, 2, 346, 175, -0.5982487201690674
19, 3, 353, 176, -0.5975254774093628
19, 4, 315, 175, -0.608415961265564
19, 5, 305, 175, -0.6081860661506653
19, 6, 294, 175, -0.6085932850837708
19, 7, 364, 188, -0.1529238224029541
19, 8, 270, 186, -0.17797094583511353
19, 9, 340, 229, -0.52955561876297
19, 10, 307, 232, -0.538559079170227
19, 11, 433, 324, -0.007693002466112375
19, 12, 195, 339, -0.10960786044597626
19, 13, 581, 447, -0.6851413249969482
19, 14, 91, 465, -0.7586008906364441
19, 15, 392, 324, -1.280855417251587
19, 16, 237, 303, -1.3552274703979492
19, 17, 364, 272, -1.4172248840332031
19, 18, 253, 244, -1.5009896755218506
19, 19, 357, 267, -1.26474130153656
19, 20, 258, 240, -1.3907033205032349
19, 21, 357, 293, -1.2426261901855469
19, 22, 260, 264, -1.3312855958938599
19, 23, 408, 678, -0.019794277846813202
19, 24, 219, 685, 0.023589007556438446
19, 25, 408, 977, 0.0118547473102808
19, 26, 241, 980, 0.031242121011018753
19, 27, 417, 1237, 0.519811749458313
19, 28, 257, 1242, 0.30407261848449707
19, 29, 422, 1272, 0.532870888710022
19, 30, 255, 1277, 0.31637999415397644
19, 31, 400, 1323, -0.03148826211690903
19, 32, 283, 1330, -0.31893420219421387
20, 0, 326, 200, -0.7061805725097656
20, 1, 338, 175, -0.6341112852096558
20, 2, 346, 175, -0.6339536309242249
20, 3, 353, 175, -0.6332122087478638
20, 4, 314, 176, -0.6238477230072021
20, 5, 304, 176, -0.6236398816108704
20, 6, 294, 176, -0.6240615844726562
20, 7, 365, 186, -0.2113730013370514
20, 8, 274, 186, -0.16850405931472778
20, 9, 340, 228, -0.5645430684089661
20, 10, 308, 232, -0.5483285784721375
20, 11, 441, 320, -0.06233389303088188
20, 12, 209, 334, -0.051482368260622025
20, 13, 574, 452, -0.7110329866409302
20, 14, 92, 455, -0.6456499099731445
20, 15, 394, 332, -1.3301113843917847
20, 16, 233, 285, -1.2824326753616333
20, 17, 365, 291, -1.4615823030471802
20, 18, 245, 225, -1.4347151517868042
20, 19, 359, 279, -1.324318766593933
20, 20, 251, 220, -1.3110194206237793
20, 21, 358, 294, -1.295431137084961
20, 22, 254, 243, -1.2572091817855835
20, 23, 410, 663, -0.033835269510746
20, 24, 220, 661, 0.0378786101937294
20, 25, 407, 959, -0.04040416330099106
20, 26, 239, 954, 0.011208686977624893
20, 27, 415, 1219, 0.4267690181732178
20, 28, 256, 1217, 0.2542523741722107
20, 29, 421, 1254, 0.43923479318618774
20, 30, 253, 1251, 0.2638649642467499
20, 31, 399, 1301, -0.14966997504234314
20, 32, 280, 1305, -0.3752531111240387
21, 0, 326, 200, -0.7540193200111389
21, 1, 338, 174, -0.6767807006835938
21, 2, 346, 175, -0.6766949892044067
21, 3, 353, 175, -0.6759383678436279
21, 4, 313, 175, -0.6719287037849426
21, 5, 303, 176, -0.6717532873153687
21, 6, 293, 176, -0.6721276044845581
21, 7, 365, 184, -0.23403844237327576
21, 8, 274, 185, -0.20884160697460175
21, 9, 340, 227, -0.6040180921554565
21, 10, 308, 232, -0.5942805409431458
21, 11, 442, 317, -0.1183953732252121
21, 12, 210, 327, -0.07779057323932648
21, 13, 572, 455, -0.7610906958580017
21, 14, 91, 450, -0.6917506456375122
21, 15, 394, 332, -1.379290223121643
21, 16, 230, 273, -1.364802360534668
21, 17, 366, 294, -1.5119789838790894
21, 18, 240, 212, -1.5183658599853516
21, 19, 359, 279, -1.3871424198150635
21, 20, 247, 208, -1.4066187143325806
21, 21, 358, 297, -1.3461719751358032
21, 22, 251, 230, -1.343914270401001
21, 23, 411, 658, -0.043071746826171875
21, 24, 222, 656, 0.047168344259262085
21, 25, 407, 951, -0.03918924182653427
21, 26, 239, 947, 0.0260017029941082
21, 27, 415, 1209, 0.4412953853607178
21, 28, 254, 1208, 0.25952833890914917
21, 29, 420, 1244, 0.4530133605003357
21, 30, 251, 1242, 0.2731597125530243
21, 31, 399, 1292, -0.13643762469291687
21, 32, 279, 1297, -0.37069445848464966
22, 0, 328, 200, -0.762463390827179
22, 1, 338, 174, -0.6863893270492554
22, 2, 346, 175, -0.6863343715667725
22, 3, 353, 174, -0.6855924725532532
22, 4, 315, 175, -0.6848785281181335
22, 5, 305, 175, -0.6847220659255981
22, 6, 294, 176, -0.6851158142089844
22, 7, 365, 183, -0.24645408987998962
22, 8, 275, 185, -0.22918173670768738
22, 9, 341, 227, -0.6094963550567627
22, 10, 310, 231, -0.6042863726615906
22, 11, 441, 316, -0.1002616137266159
22, 12, 208, 324, -0.10259030014276505
22, 13, 571, 456, -0.7524746656417847
22, 14, 92, 444, -0.7144907116889954
22, 15, 396, 332, -1.379967212677002
22, 16, 228, 268, -1.39314603805542
22, 17, 370, 287, -1.5184780359268188
22, 18, 238, 208, -1.5467091798782349
22, 19, 362, 273, -1.395204782485962
22, 20, 245, 204, -1.4381141662597656
22, 21, 360, 291, -1.3497693538665771
22, 22, 250, 226, -1.373224139213562
22, 23, 411, 658, -0.041700415313243866
22, 24, 223, 658, 0.04560282081365585
22, 25, 407, 950, -0.02778646908700466
22, 26, 240, 946, 0.024658044800162315
22, 27, 414, 1207, 0.46110305190086365
22, 28, 254, 1206, 0.27404865622520447
22, 29, 419, 1241, 0.4759419858455658
22, 30, 251, 1240, 0.2869146466255188
22, 31, 397, 1289, -0.09109259396791458
22, 32, 278, 1292, -0.3553195595741272
23, 0, 327, 199, -0.9039943814277649
23, 1, 338, 174, -0.8263095021247864
23, 2, 346, 174, -0.8263842463493347
23, 3, 353, 173, -0.8256469964981079
23, 4, 314, 175, -0.8301340937614441
23, 5, 304, 175, -0.8299959301948547
23, 6, 294, 175, -0.8305026888847351
23, 7, 365, 181, -0.3501620590686798
23, 8, 274, 185, -0.3453530967235565
23, 9, 341, 226, -0.7311142683029175
23, 10, 309, 231, -0.7313684821128845
23, 11, 442, 312, -0.11860430240631104
23, 12, 206, 323, -0.2089310884475708
23, 13, 571, 453, -0.8207656741142273
23, 14, 91, 444, -0.8975445628166199
23, 15, 398, 325, -1.5393680334091187
23, 16, 231, 274, -1.6261169910430908
23, 17, 373, 272, -1.6912002563476562
23, 18, 240, 216, -1.7944011688232422
23, 19, 365, 260, -1.550432801246643
23, 20, 247, 211, -1.6825876235961914
23, 21, 363, 281, -1.5071381330490112
23, 22, 252, 233, -1.605054259300232
23, 23, 412, 660, -0.03502637892961502
23, 24, 226, 661, 0.03884996101260185
23, 25, 408, 953, -0.0018772936891764402
23, 26, 242, 951, -0.04195813089609146
23, 27, 414, 1212, 0.5646606683731079
23, 28, 255, 1212, 0.28456422686576843
23, 29, 420, 1247, 0.5838925838470459
23, 30, 252, 1246, 0.28795284032821655
23, 31, 396, 1296, -0.03210043907165527
23, 32, 280, 1298, -0.3385908007621765
24, 0, 329, 201, -0.9833167791366577
24, 1, 340, 175, -0.8980048894882202
24, 2, 348, 175, -0.8980363607406616
24, 3, 356, 175, -0.8974374532699585
24, 4, 315, 176, -0.907312273979187
24, 5, 304, 176, -0.9071691632270813
24, 6, 294, 176, -0.9076607823371887
24, 7, 367, 183, -0.39381393790245056
24, 8, 274, 186, -0.4152136445045471
24, 9, 343, 229, -0.8009468913078308
24, 10, 310, 234, -0.809015154838562
24, 11, 444, 315, -0.1402350813150406
24, 12, 205, 323, -0.26972776651382446
24, 13, 573, 444, -0.8707461357116699
24, 14, 91, 437, -1.0135105848312378
24, 15, 407, 306, -1.5702996253967285
24, 16, 239, 284, -1.734492540359497
24, 17, 388, 252, -1.7213542461395264
24, 18, 254, 231, -1.897759199142456
24, 19, 377, 247, -1.5659778118133545
24, 20, 263, 224, -1.7803720235824585
24, 21, 372, 269, -1.5331082344055176
24, 22, 263, 244, -1.709829568862915
24, 23, 412, 674, -0.03508865460753441
24, 24, 226, 671, 0.038903817534446716
24, 25, 403, 975, -0.0033347182907164097
24, 26, 242, 966, -0.0406561940908432
24, 27, 400, 1232, 0.5556033849716187
24, 28, 245, 1229, 0.33507421612739563
24, 29, 404, 1266, 0.5731428861618042
24, 30, 240, 1265, 0.34847432374954224
24, 31, 376, 1314, -0.041124358773231506
24, 32, 271, 1319, -0.3260435461997986
25, 0, 328, 202, -0.9418331980705261
25, 1, 340, 176, -0.8545214533805847
25, 2, 348, 177, -0.8545488119125366
25, 3, 356, 177, -0.8539240956306458
25, 4, 315, 176, -0.863033652305603
25, 5, 304, 176, -0.8628044128417969
25, 6, 293, 176, -0.863280177116394
25, 7, 368, 187, -0.3674255311489105
25, 8, 275, 186, -0.37860041856765747
25, 9, 342, 233, -0.7639366388320923
25, 10, 308, 234, -0.7712255716323853
25, 11, 443, 324, -0.13839374482631683
25, 12, 202, 323, -0.2606162428855896
25, 13, 575, 436, -0.8810017704963684
25, 14, 91, 434, -1.041124939918518
25, 15, 412, 289, -1.5873593091964722
25, 16, 257, 292, -1.7517845630645752
25, 17, 397, 235, -1.7402187585830688
25, 18, 285, 240, -1.9154218435287476
25, 19, 387, 231, -1.5823252201080322
25, 20, 287, 232, -1.7921556234359741
25, 21, 381, 254, -1.550103783607483
25, 22, 284, 252, -1.7243016958236694
25, 23, 405, 680, -0.03610041365027428
25, 24, 223, 675, 0.0398745983839035
25, 25, 393, 977, -0.003487194422632456
25, 26, 235, 968, 0.03825362026691437
25, 27, 386, 1233, 0.5483274459838867
25, 28, 235, 1230, 0.40600886940956116
25, 29, 390, 1268, 0.5655519366264343
25, 30, 230, 1265, 0.4241054952144623
25, 31, 362, 1315, -0.04624931141734123
25, 32, 261, 1319, -0.24207541346549988
26, 0, 328, 202, -0.9265028238296509
26, 1, 341, 177, -0.8439990282058716
26, 2, 349, 178, -0.8439523577690125
26, 3, 357, 178, -0.8430137634277344
26, 4, 315, 176, -0.8458031415939331
26, 5, 304, 176, -0.8457456827163696
26, 6, 293, 176, -0.8462926149368286
26, 7, 370, 188, -0.35071247816085815
26, 8, 276, 185, -0.36660510301589966
26, 9, 343, 236, -0.7592124342918396
26, 10, 308, 234, -0.7584331631660461
26, 11, 444, 327, -0.1348768174648285
26, 12, 201, 325, -0.24478907883167267
26, 13, 579, 427, -0.8647981882095337
26, 14, 91, 432, -0.9951407313346863
26, 15, 420, 275, -1.4808578491210938
26, 16, 271, 295, -1.6598917245864868
26, 17, 408, 219, -1.6155011653900146
26, 18, 302, 244, -1.8226696252822876
26, 19, 397, 217, -1.440642237663269
26, 20, 306, 236, -1.7445682287216187
26, 21, 390, 240, -1.4353070259094238
26, 22, 303, 256, -1.6405858993530273
26, 23, 404, 681, -0.041490789502859116
26, 24, 223, 678, 0.04513099417090416
26, 25, 392, 983, -0.008013484999537468
26, 26, 235, 976, 0.07080656290054321
26, 27, 388, 1241, 0.5438432693481445
26, 28, 236, 1241, 0.42253541946411133
26, 29, 392, 1276, 0.5608040690422058
26, 30, 231, 1277, 0.4410170614719391
26, 31, 365, 1325, -0.04798769950866699
26, 32, 262, 1332, -0.22560206055641174
27, 0, 328, 203, -0.9197209477424622
27, 1, 341, 178, -0.8303136825561523
27, 2, 349, 179, -0.8304176330566406
27, 3, 357, 180, -0.8298673629760742
27, 4, 315, 176, -0.8426067233085632
27, 5, 303, 176, -0.8421375155448914
27, 6, 293, 176, -0.842511773109436
27, 7, 371, 190, -0.3221703767776489
27, 8, 276, 186, -0.3613646626472473
27, 9, 343, 237, -0.7422954440116882
27, 10, 307, 234, -0.7532681226730347
27, 11, 443, 328, -0.12308438122272491
27, 12, 201, 330, -0.23791703581809998
27, 13, 581, 421, -0.8358638882637024
27, 14, 89, 434, -0.9626098871231079
27, 15, 427, 267, -1.335662841796875
27, 16, 271, 301, -1.6366857290267944
27, 17, 415, 211, -1.463240385055542
27, 18, 303, 252, -1.7752330303192139
27, 19, 403, 210, -1.2946985960006714
27, 20, 310, 242, -1.6333372592926025
27, 21, 395, 232, -1.2907295227050781
27, 22, 309, 261, -1.5920034646987915
27, 23, 404, 683, -0.047404639422893524
27, 24, 223, 681, 0.05101786181330681
27, 25, 392, 986, -0.009266303852200508
27, 26, 235, 981, 0.11091438680887222
27, 27, 389, 1244, 0.5431727170944214
27, 28, 236, 1247, 0.4625210762023926
27, 29, 393, 1279, 0.5604585409164429
27, 30, 231, 1282, 0.48262420296669006
27, 31, 366, 1329, -0.05031449720263481
27, 32, 262, 1337, -0.18152597546577454
28, 0, 327, 203, -0.9058214426040649
28, 1, 341, 179, -0.8093885183334351
28, 2, 349, 180, -0.8094809651374817
28, 3, 357, 181, -0.8090137243270874
28, 4, 314, 176, -0.826237678527832
28, 5, 303, 176, -0.8255791664123535
28, 6, 292, 176, -0.8258556127548218
28, 7, 371, 192, -0.30717164278030396
28, 8, 277, 186, -0.36076855659484863
28, 9, 342, 237, -0.7300631999969482
28, 10, 306, 234, -0.7492560148239136
28, 11, 442, 329, -0.12238911539316177
28, 12, 200, 333, -0.23106065392494202
28, 13, 584, 419, -0.8333399891853333
28, 14, 89, 436, -0.9560121297836304
28, 15, 437, 268, -1.371971845626831
28, 16, 266, 302, -1.6158981323242188
28, 17, 423, 212, -1.5078364610671997
28, 18, 298, 253, -1.7625112533569336
28, 19, 411, 212, -1.34661066532135
28, 20, 305, 243, -1.6283998489379883
28, 21, 404, 234, -1.3306190967559814
28, 22, 304, 262, -1.579776406288147
28, 23, 404, 683, -0.04740215092897415
28, 24, 223, 681, 0.051050715148448944
28, 25, 393, 985, -0.015413272194564342
28, 26, 235, 981, 0.09269778430461884
28, 27, 390, 1244, 0.529428243637085
28, 28, 238, 1246, 0.43745213747024536
28, 29, 394, 1279, 0.5448350310325623
28, 30, 233, 1281, 0.4568382203578949
28, 31, 367, 1328, -0.06714945286512375
28, 32, 265, 1336, -0.20511150360107422
29, 0, 328, 203, -0.939675509929657
29, 1, 342, 179, -0.8514801263809204
29, 2, 350, 181, -0.8515528440475464
29, 3, 358, 182, -0.8511382937431335
29, 4, 315, 177, -0.8630309104919434
29, 5, 304, 176, -0.8625904321670532
29, 6, 293, 177, -0.8628749847412109
29, 7, 372, 192, -0.35499307513237
29, 8, 277, 186, -0.3869395852088928
29, 9, 343, 238, -0.7635565400123596
29, 10, 306, 236, -0.7754534482955933
29, 11, 442, 329, -0.14188355207443237
29, 12, 199, 333, -0.2354523241519928
29, 13, 585, 420, -0.813755214214325
29, 14, 89, 437, -0.9524732828140259
29, 15, 439, 268, -1.323503017425537
29, 16, 263, 303, -1.6327022314071655
29, 17, 424, 212, -1.4480804204940796
29, 18, 292, 254, -1.7853291034698486
29, 19, 413, 212, -1.2937195301055908
29, 20, 298, 244, -1.6519899368286133
29, 21, 406, 234, -1.2825086116790771
29, 22, 297, 263, -1.6018222570419312
29, 23, 404, 682, -0.05247178673744202
29, 24, 224, 681, 0.05605875328183174
29, 25, 393, 985, -0.06406909972429276
29, 26, 236, 981, 0.08653689920902252
29, 27, 391, 1244, 0.4594396948814392
29, 28, 241, 1246, 0.43591833114624023
29, 29, 394, 1279, 0.47203493118286133
29, 30, 236, 1281, 0.4524851441383362
29, 31, 368, 1328, -0.1532820463180542
29, 32, 268, 1336, -0.22342081367969513
30, 0, 328, 204, -0.928807258605957
30, 1, 342, 179, -0.837051272392273
30, 2, 350, 180, -0.8371400833129883
30, 3, 358, 181, -0.8366364240646362
30, 4, 315, 177, -0.850255012512207
30, 5, 303, 177, -0.8499621152877808
30, 6, 292, 177, -0.8504103422164917
30, 7, 371, 191, -0.3535066843032837
30, 8, 276, 187, -0.376451313495636
30, 9, 343, 238, -0.7501674890518188
30, 10, 307, 237, -0.7645506858825684
30, 11, 443, 329, -0.15076692402362823
30, 12, 199, 333, -0.22933760285377502
30, 13, 587, 422, -0.8069561719894409
30, 14, 88, 437, -0.9243562817573547
30, 15, 437, 274, -1.2798212766647339
30, 16, 255, 292, -1.5765496492385864
30, 17, 422, 218, -1.3998268842697144
30, 18, 275, 242, -1.7239720821380615
30, 19, 410, 217, -1.238077163696289
30, 20, 287, 237, -1.5866707563400269
30, 21, 404, 239, -1.235799789428711
30, 22, 289, 257, -1.5455615520477295
30, 23, 407, 684, -0.05840345472097397
30, 24, 226, 684, 0.06205720826983452
30, 25, 394, 988, -0.031804971396923065
30, 26, 237, 986, 0.11244402825832367
30, 27, 392, 1248, 0.5449098348617554
30, 28, 243, 1251, 0.47909265756607056
30, 29, 396, 1282, 0.5637710690498352
30, 30, 239, 1286, 0.5005480647087097
30, 31, 369, 1332, -0.04805361479520798
30, 32, 271, 1342, -0.16460011899471283
31, 0, 328, 204, -0.9714442491531372
31, 1, 342, 179, -0.8909317255020142
31, 2, 350, 179, -0.8907550573348999
31, 3, 358, 180, -0.8901230692863464
31, 4, 315, 177, -0.8898167610168457
31, 5, 303, 177, -0.8895121812820435
31, 6, 292, 177, -0.8896886706352234
31, 7, 372, 190, -0.4324502944946289
31, 8, 276, 187, -0.4014715552330017
31, 9, 343, 238, -0.8082753419876099
31, 10, 308, 237, -0.8025764226913452
31, 11, 446, 329, -0.23519209027290344
31, 12, 200, 333, -0.2382621467113495
31, 13, 589, 422, -0.8666183352470398
31, 14, 88, 437, -0.910688042640686
31, 15, 436, 278, -1.323213815689087
31, 16, 243, 277, -1.5442256927490234
31, 17, 420, 220, -1.4535402059555054
31, 18, 251, 220, -1.6982711553573608
31, 19, 409, 218, -1.2949166297912598
31, 20, 263, 218, -1.5612587928771973
31, 21, 403, 239, -1.2820533514022827
31, 22, 269, 241, -1.5166642665863037
31, 23, 410, 683, -0.061492882668972015
31, 24, 227, 683, 0.06526964902877808
31, 25, 395, 988, 0.022505201399326324
31, 26, 238, 986, 0.15460756421089172
31, 27, 392, 1246, 0.6414519548416138
31, 28, 243, 1250, 0.5487608313560486
31, 29, 396, 1280, 0.6660081744194031
31, 30, 239, 1285, 0.5740246772766113
31, 31, 370, 1331, 0.054751671850681305
31, 32, 269, 1342, -0.09257438778877258
32, 0, 328, 204, -0.9503886103630066
32, 1, 342, 179, -0.8785812258720398
32, 2, 349, 179, -0.8789146542549133
32, 3, 357, 180, -0.8783637285232544
32, 4, 315, 177, -0.8859710693359375
32, 5, 303, 177, -0.8859647512435913
32, 6, 292, 178, -0.8859040141105652
32, 7, 371, 190, -0.40994828939437866
32, 8, 276, 187, -0.38862764835357666
32, 9, 343, 237, -0.7935343980789185
32, 10, 308, 237, -0.7980796694755554
32, 11, 445, 328, -0.20938773453235626
32, 12, 201, 327, -0.23510682582855225
32, 13, 589, 427, -0.8133142590522766
32, 14, 87, 433, -0.8692301511764526
32, 15, 436, 296, -1.2919610738754272
32, 16, 231, 259, -1.4713751077651978
32, 17, 420, 239, -1.4143123626708984
32, 18, 234, 199, -1.6177772283554077
32, 19, 407, 237, -1.2670297622680664
32, 20, 244, 198, -1.4918835163116455
32, 21, 402, 257, -1.2531318664550781
32, 22, 252, 220, -1.4454776048660278
32, 23, 409, 671, -0.054429780691862106
32, 24, 227, 669, 0.0581141822040081
32, 25, 395, 972, 0.012301050126552582
32, 26, 237, 967, 0.08462350070476532
32, 27, 390, 1232, 0.5252090692520142
32, 28, 239, 1233, 0.3613114356994629
32, 29, 393, 1266, 0.5414386987686157
32, 30, 234, 1267, 0.37372636795043945
32, 31, 368, 1317, -0.03296925500035286
32, 32, 264, 1323, -0.26820096373558044
33, 0, 331, 204, -0.7345691323280334
33, 1, 343, 179, -0.6612918376922607
33, 2, 350, 179, -0.6610460877418518
33, 3, 359, 180, -0.6604386568069458
33, 4, 318, 178, -0.6592714786529541
33, 5, 307, 178, -0.659054160118103
33, 6, 296, 178, -0.6593091487884521
33, 7, 374, 192, -0.26522916555404663
33, 8, 280, 189, -0.23312313854694366
33, 9, 345, 236, -0.6012908220291138
33, 10, 312, 236, -0.5944962501525879
33, 11, 445, 328, -0.11989079415798187
33, 12, 211, 326, -0.11498232185840607
33, 13, 589, 433, -0.6618289947509766
33, 14, 83, 425, -0.7015814781188965
33, 15, 436, 299, -1.066544771194458
33, 16, 221, 237, -1.2184522151947021
33, 17, 419, 243, -1.1733026504516602
33, 18, 223, 179, -1.3539230823516846
33, 19, 406, 241, -1.0241338014602661
33, 20, 233, 177, -1.2228745222091675
33, 21, 401, 261, -1.025387167930603
33, 22, 242, 200, -1.189508080482483
33, 23, 409, 665, -0.05123339965939522
33, 24, 226, 661, 0.05478321760892868
33, 25, 393, 965, -0.040099237114191055
33, 26, 236, 958, 0.028978845104575157
33, 27, 388, 1226, 0.3988465666770935
33, 28, 236, 1225, 0.2438703328371048
33, 29, 392, 1260, 0.40898042917251587
33, 30, 231, 1258, 0.2508060336112976
33, 31, 368, 1309, -0.15347696840763092
33, 32, 260, 1314, -0.3731120526790619
34, 0, 332, 202, -0.7160944938659668
34, 1, 343, 178, -0.6464264392852783
34, 2, 351, 179, -0.6461228132247925
34, 3, 359, 180, -0.6455398797988892
34, 4, 318, 178, -0.639713704586029
34, 5, 307, 178, -0.6394612193107605
34, 6, 297, 178, -0.6397851705551147
34, 7, 375, 192, -0.2633764147758484
34, 8, 281, 190, -0.21633584797382355
34, 9, 346, 235, -0.5860608220100403
34, 10, 313, 235, -0.5734270811080933
34, 11, 445, 329, -0.1068965345621109
34, 12, 216, 324, -0.09342630207538605
34, 13, 589, 437, -0.6526141166687012
34, 14, 82, 418, -0.6774806380271912
34, 15, 439, 299, -1.0627962350845337
34, 16, 213, 233, -1.2155894041061401
34, 17, 424, 241, -1.165691614151001
34, 18, 217, 175, -1.3501070737838745
34, 19, 409, 241, -1.0170929431915283
34, 20, 227, 173, -1.217195987701416
34, 21, 403, 260, -1.0215249061584473
34, 22, 236, 196, -1.1860183477401733
34, 23, 405, 660, -0.05007266253232956
34, 24, 225, 655, 0.05357682704925537
34, 25, 387, 961, -0.05559292435646057
34, 26, 232, 952, -0.0011162462178617716
34, 27, 380, 1221, 0.38560962677001953
34, 28, 224, 1218, 0.21323998272418976
34, 29, 384, 1255, 0.3961440324783325
34, 30, 217, 1252, 0.22034406661987305
34, 31, 357, 1303, -0.1644054353237152
34, 32, 245, 1306, -0.39776524901390076
35, 0, 332, 201, -0.7661687135696411
35, 1, 343, 177, -0.6850553750991821
35, 2, 351, 177, -0.6849628686904907
35, 3, 359, 178, -0.684463381767273
35, 4, 318, 177, -0.6894707083702087
35, 5, 307, 178, -0.6891423463821411
35, 6, 297, 178, -0.6895037889480591
35, 7, 376, 190, -0.2932531535625458
35, 8, 281, 189, -0.24951592087745667
35, 9, 346, 233, -0.6145012974739075
35, 10, 313, 234, -0.6158290505409241
35, 11, 445, 328, -0.13127654790878296
35, 12, 217, 325, -0.11886145174503326
35, 13, 589, 440, -0.6929695010185242
35, 14, 79, 418, -0.720023512840271
35, 15, 444, 296, -1.153171420097351
35, 16, 207, 234, -1.3222362995147705
35, 17, 433, 236, -1.2638309001922607
35, 18, 211, 176, -1.4650747776031494
35, 19, 416, 235, -1.1203172206878662
35, 20, 223, 174, -1.3332442045211792
35, 21, 408, 256, -1.114877462387085
35, 22, 232, 197, -1.2949059009552002
35, 23, 406, 660, -0.050795525312423706
35, 24, 225, 656, 0.0543670654296875
35, 25, 391, 958, -0.0517914704978466
35, 26, 235, 952, 0.019244153052568436
35, 27, 388, 1217, 0.4260585904121399
35, 28, 231, 1215, 0.26184168457984924
35, 29, 393, 1251, 0.439289391040802
35, 30, 224, 1249, 0.2732662856578827
35, 31, 365, 1300, -0.1421673595905304
35, 32, 253, 1305, -0.38335686922073364
36, 0, 332, 200, -0.7883330583572388
36, 1, 343, 176, -0.7114397287368774
36, 2, 351, 177, -0.7112991213798523
36, 3, 360, 177, -0.7107371091842651
36, 4, 318, 177, -0.7113237977027893
36, 5, 307, 177, -0.7110656499862671
36, 6, 297, 178, -0.7113721370697021
36, 7, 377, 189, -0.3025786280632019
36, 8, 281, 189, -0.26475760340690613
36, 9, 346, 232, -0.6383450031280518
36, 10, 313, 233, -0.6351934671401978
36, 11, 445, 327, -0.14922916889190674
36, 12, 216, 325, -0.12434951961040497
36, 13, 589, 443, -0.7105258703231812
36, 14, 77, 418, -0.7457675337791443
36, 15, 448, 297, -1.1918071508407593
36, 16, 206, 234, -1.3584825992584229
36, 17, 440, 236, -1.3084601163864136
36, 18, 212, 177, -1.503010869026184
36, 19, 423, 236, -1.1583203077316284
36, 20, 224, 176, -1.3738152980804443
36, 21, 414, 257, -1.1519960165023804
36, 22, 232, 198, -1.3301838636398315
36, 23, 407, 659, -0.050787799060344696
36, 24, 226, 655, 0.054373741149902344
36, 25, 393, 954, -0.01611640304327011
36, 26, 235, 947, 0.07486157864332199
36, 27, 390, 1210, 0.4690391421318054
36, 28, 231, 1207, 0.36493414640426636
36, 29, 395, 1243, 0.4847867488861084
36, 30, 225, 1240, 0.3821602463722229
36, 31, 366, 1293, -0.07281750440597534
36, 32, 254, 1297, -0.2312520444393158
37, 0, 331, 199, -0.8408995866775513
37, 1, 343, 175, -0.762954592704773
37, 2, 351, 176, -0.7628515958786011
37, 3, 360, 176, -0.762284517288208
37, 4, 317, 176, -0.7584596872329712
37, 5, 307, 176, -0.758301854133606
37, 6, 296, 177, -0.7586860656738281
37, 7, 377, 188, -0.331393301486969
37, 8, 281, 189, -0.28203505277633667
37, 9, 346, 231, -0.6890087723731995
37, 10, 312, 231, -0.6793338060379028
37, 11, 445, 327, -0.15487460792064667
37, 12, 215, 325, -0.1296229213476181
37, 13, 589, 448, -0.7164369821548462
37, 14, 73, 419, -0.7623938322067261
37, 15, 447, 299, -1.2342970371246338
37, 16, 204, 239, -1.4010350704193115
37, 17, 440, 237, -1.3527019023895264
37, 18, 210, 181, -1.5535229444503784
37, 19, 423, 237, -1.214347243309021
37, 20, 223, 181, -1.432657241821289
37, 21, 413, 260, -1.1989117860794067
37, 22, 232, 203, -1.3771398067474365
37, 23, 407, 660, -0.052595846354961395
37, 24, 225, 656, 0.056169383227825165
37, 25, 393, 955, -0.0041966126300394535
37, 26, 234, 949, 0.11651905626058578
37, 27, 389, 1210, 0.5220099687576294
37, 28, 230, 1209, 0.4807594418525696
37, 29, 394, 1243, 0.5408132076263428
37, 30, 224, 1242, 0.5041466951370239
37, 31, 365, 1294, -0.03543917089700699
37, 32, 252, 1299, -0.12925396859645844
38, 0, 331, 199, -0.7333715558052063
38, 1, 344, 175, -0.6584595441818237
38, 2, 351, 176, -0.6582680344581604
38, 3, 360, 176, -0.6577466130256653
38, 4, 317, 176, -0.6502360105514526
38, 5, 307, 176, -0.6500694751739502
38, 6, 296, 177, -0.6504071950912476
38, 7, 377, 189, -0.2571502923965454
38, 8, 281, 189, -0.19840863347053528
38, 9, 346, 231, -0.5966278314590454
38, 10, 312, 231, -0.5818697214126587
38, 11, 444, 329, -0.09516996145248413
38, 12, 216, 327, -0.05039868876338005
38, 13, 590, 455, -0.6263893842697144
38, 14, 69, 423, -0.5851508975028992
38, 15, 447, 313, -1.046717882156372
38, 16, 198, 242, -1.1389977931976318
38, 17, 440, 255, -1.1498191356658936
38, 18, 207, 184, -1.276452660560608
38, 19, 423, 256, -1.0096343755722046
38, 20, 220, 182, -1.1503322124481201
38, 21, 413, 278, -1.0093073844909668
38, 22, 227, 206, -1.1128963232040405
38, 23, 405, 661, -0.055121563374996185
38, 24, 224, 656, 0.058884263038635254
38, 25, 389, 956, -0.07651577889919281
38, 26, 229, 949, 0.1131831556558609
38, 27, 381, 1212, 0.3636475205421448
38, 28, 219, 1210, 0.38886547088623047
38, 29, 385, 1245, 0.3732043504714966
38, 30, 213, 1244, 0.40198326110839844
38, 31, 355, 1296, -0.20309560000896454
38, 32, 238, 1301, -0.20863449573516846
39, 0, 332, 199, -0.6727966070175171
39, 1, 344, 175, -0.5970638394355774
39, 2, 352, 176, -0.596833348274231
39, 3, 361, 177, -0.5961918830871582
39, 4, 317, 176, -0.5915101766586304
39, 5, 307, 176, -0.5913951396942139
39, 6, 297, 177, -0.5918110609054565
39, 7, 378, 190, -0.21047410368919373
39, 8, 281, 190, -0.16746434569358826
39, 9, 347, 230, -0.5420398712158203
39, 10, 313, 231, -0.531520426273346
39, 11, 444, 329, -0.06455248594284058
39, 12, 216, 328, -0.04570239409804344
39, 13, 589, 464, -0.6091797351837158
39, 14, 65, 437, -0.6057384610176086
39, 15, 446, 332, -1.0632317066192627
39, 16, 189, 251, -1.18726646900177
39, 17, 438, 281, -1.1716811656951904
39, 18, 202, 187, -1.3298366069793701
39, 19, 420, 279, -1.0306609869003296
39, 20, 216, 186, -1.206102967262268
39, 21, 412, 296, -1.0253005027770996
39, 22, 223, 210, -1.1609718799591064
39, 23, 405, 661, -0.04974531754851341
39, 24, 223, 656, 0.053704578429460526
39, 25, 389, 955, -0.0583425872027874
39, 26, 228, 948, 0.07242612540721893
39, 27, 381, 1209, 0.4071281850337982
39, 28, 221, 1205, 0.3371797800064087
39, 29, 385, 1243, 0.41974323987960815
39, 30, 215, 1239, 0.3501354455947876
39, 31, 356, 1292, -0.1793593317270279
39, 32, 241, 1295, -0.2405608594417572
40, 0, 334, 199, -0.6097325086593628
40, 1, 346, 175, -0.5323157906532288
40, 2, 354, 176, -0.5321804285049438
40, 3, 363, 177, -0.5315697193145752
40, 4, 320, 176, -0.5312026739120483
40, 5, 309, 176, -0.5310247540473938
40, 6, 299, 177, -0.5315151810646057
40, 7, 379, 192, -0.14591646194458008
40, 8, 282, 191, -0.12324646860361099
40, 9, 348, 230, -0.4795979857444763
40, 10, 315, 231, -0.47528785467147827
40, 11, 444, 328, -0.009276937693357468
40, 12, 217, 329, -0.013619010336697102
40, 13, 584, 465, -0.540302038192749
40, 14, 66, 447, -0.5487791299819946
40, 15, 447, 352, -1.018733024597168
40, 16, 182, 268, -1.1322529315948486
40, 17, 427, 308, -1.1293792724609375
40, 18, 197, 203, -1.2744691371917725
40, 19, 411, 303, -0.9971083402633667
40, 20, 212, 200, -1.1609984636306763
40, 21, 408, 316, -0.9844337701797485
40, 22, 218, 223, -1.109318494796753
40, 23, 406, 660, -0.044920261949300766
40, 24, 224, 657, 0.04897546023130417
40, 25, 394, 952, -0.06729133427143097
40, 26, 231, 947, 0.012222693301737309
40, 27, 390, 1207, 0.35730189085006714
40, 28, 229, 1204, 0.24037310481071472
40, 29, 394, 1241, 0.36637744307518005
40, 30, 224, 1237, 0.2492562085390091
40, 31, 370, 1288, -0.1858273446559906
40, 32, 250, 1292, -0.3394455909729004
41, 0, 338, 199, -0.6372750401496887
41, 1, 350, 175, -0.5637452006340027
41, 2, 359, 176, -0.5635769963264465
41, 3, 367, 177, -0.5630152225494385
41, 4, 325, 176, -0.562343955039978
41, 5, 314, 176, -0.5620589852333069
41, 6, 303, 177, -0.5625485181808472
41, 7, 380, 192, -0.18087495863437653
41, 8, 284, 191, -0.1584244817495346
41, 9, 351, 230, -0.5072907209396362
41, 10, 318, 231, -0.503078043460846
41, 11, 445, 328, -0.03522258996963501
41, 12, 217, 329, -0.025431135669350624
41, 13, 579, 471, -0.523122251033783
41, 14, 64, 458, -0.5286957025527954
41, 15, 446, 372, -1.0143150091171265
41, 16, 163, 280, -1.1284958124160767
41, 17, 421, 341, -1.1268620491027832
41, 18, 178, 217, -1.271417498588562
41, 19, 401, 329, -1.0022374391555786
41, 20, 200, 212, -1.1584452390670776
41, 21, 402, 340, -0.9817591905593872
41, 22, 206, 234, -1.1048800945281982
41, 23, 404, 655, -0.04160383343696594
41, 24, 223, 651, 0.04565079137682915
41, 25, 392, 945, -0.07596243917942047
41, 26, 228, 936, -0.04817802459001541
41, 27, 389, 1201, 0.3352327048778534
41, 28, 225, 1191, 0.1583351194858551
41, 29, 392, 1236, 0.34332937002182007
41, 30, 221, 1225, 0.164240762591362
41, 31, 368, 1280, -0.2079625129699707
41, 32, 246, 1276, -0.429770290851593
42, 0, 338, 199, -0.6698125600814819
42, 1, 351, 175, -0.596274733543396
42, 2, 359, 176, -0.595915675163269
42, 3, 368, 178, -0.5951451659202576
42, 4, 324, 176, -0.5821247100830078
42, 5, 314, 176, -0.5818637609481812
42, 6, 303, 177, -0.5821030735969543
42, 7, 380, 193, -0.20633013546466827
42, 8, 284, 191, -0.19632314145565033
42, 9, 351, 230, -0.539118766784668
42, 10, 316, 232, -0.5195026397705078
42, 11, 444, 331, -0.04792097955942154
42, 12, 214, 331, -0.046533890068531036
42, 13, 574, 474, -0.5513583421707153
42, 14, 60, 479, -0.5827705264091492
42, 15, 451, 394, -1.1787270307540894
42, 16, 117, 311, -1.3948622941970825
42, 17, 422, 372, -1.3270061016082764
42, 18, 130, 245, -1.5677378177642822
42, 19, 400, 357, -1.225672721862793
42, 20, 163, 241, -1.4963783025741577
42, 21, 400, 365, -1.1605427265167236
42, 22, 169, 268, -1.391389012336731
42, 23, 404, 658, -0.04116702079772949
42, 24, 222, 655, 0.04519089311361313
42, 25, 393, 947, -0.07357849180698395
42, 26, 227, 938, -0.0282498300075531
42, 27, 392, 1202, 0.36965659260749817
42, 28, 226, 1195, 0.21824832260608673
42, 29, 396, 1237, 0.3803008198738098
42, 30, 221, 1228, 0.22851352393627167
42, 31, 370, 1282, -0.18425686657428741
42, 32, 247, 1280, -0.37194862961769104
43, 0, 338, 198, -0.672428548336029
43, 1, 351, 175, -0.6062494516372681
43, 2, 360, 176, -0.6061466336250305
43, 3, 369, 178, -0.6056804060935974
43, 4, 324, 175, -0.6049662828445435
43, 5, 314, 175, -0.6045711636543274
43, 6, 303, 176, -0.6048413515090942
43, 7, 381, 194, -0.20753856003284454
43, 8, 284, 191, -0.25498276948928833
43, 9, 351, 230, -0.5430423021316528
43, 10, 315, 231, -0.540736198425293
43, 11, 443, 339, -0.06954982131719589
43, 12, 210, 331, -0.08316655457019806
43, 13, 564, 476, -0.5481168031692505
43, 14, 74, 472, -0.5982952117919922
43, 15, 460, 416, -1.1521036624908447
43, 16, 61, 359, -1.45116126537323
43, 17, 426, 394, -1.2898948192596436
43, 18, 61, 305, -1.6054168939590454
43, 19, 401, 372, -1.1923611164093018
43, 20, 101, 290, -1.572841763496399
43, 21, 402, 381, -1.1485354900360107
43, 22, 106, 307, -1.4670162200927734
43, 23, 395, 671, -0.030204543843865395
43, 24, 218, 669, 0.03481616824865341
43, 25, 379, 960, -0.1455487310886383
43, 26, 215, 952, -0.11757786571979523
43, 27, 374, 1225, 0.18093742430210114
43, 28, 207, 1212, -0.004787568934261799
43, 29, 377, 1262, 0.18230894207954407
43, 30, 201, 1249, -0.010121511295437813
43, 31, 344, 1303, -0.3329471945762634
43, 32, 224, 1289, -0.5592964887619019
44, 0, 336, 198, -0.5414096117019653
44, 1, 351, 175, -0.47598209977149963
44, 2, 360, 176, -0.4759811460971832
44, 3, 369, 178, -0.47556763887405396
44, 4, 324, 175, -0.4757605195045471
44, 5, 313, 175, -0.4751206338405609
44, 6, 302, 176, -0.47539272904396057
44, 7, 382, 195, -0.13972178101539612
44, 8, 284, 191, -0.14901027083396912
44, 9, 351, 229, -0.42580461502075195
44, 10, 313, 230, -0.42698222398757935
44, 11, 449, 341, -0.02407599240541458
44, 12, 207, 339, -0.0012393249198794365
44, 13, 564, 478, -0.4116736352443695
44, 14, 94, 468, -0.43095868825912476
44, 15, 463, 419, -0.9217551946640015
44, 16, 41, 421, -1.430572748184204
44, 17, 427, 411, -1.0314840078353882
44, 18, 13, 386, -1.5688660144805908
44, 19, 401, 387, -0.9570382237434387
44, 20, 40, 352, -1.5007659196853638
44, 21, 402, 391, -0.9086677432060242
44, 22, 63, 373, -1.3971627950668335
44, 23, 401, 686, -0.026732180267572403
44, 24, 222, 685, 0.031950414180755615
44, 25, 383, 973, -0.18824367225170135
44, 26, 216, 970, -0.1212739497423172
44, 27, 379, 1240, 0.0846867561340332
44, 28, 207, 1230, -0.06822304427623749
44, 29, 383, 1279, 0.08020628988742828
44, 30, 203, 1268, -0.08256696164608002
44, 31, 347, 1314, -0.4299928545951843
44, 32, 227, 1305, -0.61201012134552
45, 0, 336, 197, -0.6888400316238403
45, 1, 351, 175, -0.6234506368637085
45, 2, 359, 176, -0.6236210465431213
45, 3, 368, 178, -0.6234332323074341
45, 4, 323, 174, -0.631285548210144
45, 5, 312, 175, -0.6308354139328003
45, 6, 301, 175, -0.631249189376831
45, 7, 382, 195, -0.23417115211486816
45, 8, 284, 190, -0.27660873532295227
45, 9, 351, 229, -0.5458170771598816
45, 10, 312, 230, -0.5616855621337891
45, 11, 453, 337, -0.07246152311563492
45, 12, 204, 339, -0.02501581981778145
45, 13, 565, 477, -0.5345176458358765
45, 14, 91, 467, -0.3686758577823639
45, 15, 466, 433, -1.361426591873169
45, 16, 10, 524, -1.18406081199646
45, 17, 430, 438, -1.521560549736023
45, 18, -13, 559, -1.3212326765060425
45, 19, 401, 411, -1.4457309246063232
45, 20, 15, 544, -1.3812106847763062
45, 21, 403, 409, -1.3523039817810059
45, 22, 28, 537, -1.2293033599853516
45, 23, 401, 683, -0.02766527608036995
45, 24, 223, 682, 0.03270705044269562
45, 25, 386, 973, -0.17470107972621918
45, 26, 218, 969, -0.15819092094898224
45, 27, 386, 1241, 0.1701134741306305
45, 28, 212, 1233, -0.030069097876548767
45, 29, 391, 1280, 0.17252595722675323
45, 30, 209, 1271, -0.036572717130184174
45, 31, 352, 1319, -0.3862971365451813
45, 32, 241, 1311, -0.6418849229812622
46, 0, 335, 195, -0.7316389083862305
46, 1, 351, 174, -0.6660349369049072
46, 2, 359, 175, -0.6662219166755676
46, 3, 368, 177, -0.6660565137863159
46, 4, 323, 172, -0.677912712097168
46, 5, 312, 172, -0.6775122880935669
46, 6, 301, 172, -0.6780401468276978
46, 7, 382, 194, -0.2829511761665344
46, 8, 284, 188, -0.3372129201889038
46, 9, 351, 226, -0.5914344787597656
46, 10, 312, 227, -0.609704315662384
46, 11, 454, 325, -0.12600746750831604
46, 12, 201, 338, -0.09740421921014786
46, 13, 564, 467, -0.5689867734909058
46, 14, 88, 464, -0.26424235105514526
46, 15, 474, 440, -1.3730517625808716
46, 16, -34, 572, -0.8308275938034058
46, 17, 436, 450, -1.5323731899261475
46, 18, -67, 613, -0.936048150062561
46, 19, 404, 423, -1.463912844657898
46, 20, -43, 607, -1.021394968032837
46, 21, 407, 420, -1.3673372268676758
46, 22, -26, 597, -0.886975884437561
46, 23, 401, 682, -0.027922818437218666
46, 24, 223, 680, 0.032909490168094635
46, 25, 387, 972, -0.15001392364501953
46, 26, 217, 969, -0.11624804884195328
46, 27, 387, 1239, 0.21891891956329346
46, 28, 213, 1233, 0.05891004949808121
46, 29, 392, 1279, 0.21676425635814667
46, 30, 210, 1272, 0.05883568525314331
46, 31, 358, 1317, -0.38046717643737793
46, 32, 249, 1313, -0.5384606719017029
47, 0, 334, 195, -0.8019829988479614
47, 1, 350, 174, -0.7356933355331421
47, 2, 359, 175, -0.7359235286712646
47, 3, 368, 177, -0.7358120679855347
47, 4, 322, 171, -0.7446023225784302
47, 5, 311, 172, -0.7442934513092041
47, 6, 301, 172, -0.7448813319206238
47, 7, 382, 194, -0.3471885919570923
47, 8, 284, 188, -0.38734039664268494
47, 9, 351, 225, -0.6605256199836731
47, 10, 311, 227, -0.6734622120857239
47, 11, 455, 321, -0.1728627234697342
47, 12, 199, 338, -0.13461200892925262
47, 13, 561, 466, -0.6191624999046326
47, 14, 83, 463, -0.25881385803222656
47, 15, 477, 448, -1.4326509237289429
47, 16, -52, 558, -0.8289281725883484
47, 17, 437, 458, -1.5903419256210327
47, 18, -89, 592, -0.9369875192642212
47, 19, 407, 428, -1.5309146642684937
47, 20, -67, 586, -1.0166828632354736
47, 21, 412, 425, -1.4298946857452393
47, 22, -49, 578, -0.8843401670455933
47, 23, 401, 681, -0.02809792384505272
47, 24, 223, 680, 0.03301960602402687
47, 25, 387, 972, -0.17787863314151764
47, 26, 216, 969, -0.11557581275701523
47, 27, 388, 1238, 0.18139033019542694
47, 28, 215, 1233, 0.034262143075466156
47, 29, 392, 1278, 0.1867494136095047
47, 30, 211, 1271, 0.029296066612005234
47, 31, 359, 1316, -0.37067097425460815
47, 32, 249, 1313, -0.5612474679946899
48, 0, 331, 194, -0.7804652452468872
48, 1, 349, 172, -0.713337242603302
48, 2, 358, 174, -0.7135281562805176
48, 3, 366, 176, -0.7134133577346802
48, 4, 319, 169, -0.7225468158721924
48, 5, 308, 168, -0.7222065329551697
48, 6, 298, 169, -0.722754716873169
48, 7, 381, 193, -0.3278004825115204
48, 8, 282, 186, -0.3712603747844696
48, 9, 349, 224, -0.640938401222229
48, 10, 308, 225, -0.6532662510871887
48, 11, 455, 322, -0.1568126380443573
48, 12, 196, 337, -0.1471947729587555
48, 13, 560, 466, -0.5745235681533813
48, 14, 76, 464, -0.2657790184020996
48, 15, 478, 463, -1.333672046661377
48, 16, -43, 568, -0.8427168726921082
48, 17, 438, 473, -1.474532127380371
48, 18, -79, 603, -0.9510155916213989
48, 19, 410, 442, -1.3926150798797607
48, 20, -56, 598, -1.0253392457962036
48, 21, 416, 437, -1.3172800540924072
48, 22, -37, 590, -0.8960576057434082
48, 23, 401, 680, -0.028332093730568886
48, 24, 223, 680, 0.03321891278028488
48, 25, 387, 973, -0.1418304592370987
48, 26, 215, 971, -0.10320062935352325
48, 27, 388, 1241, 0.23071131110191345
48, 28, 216, 1235, 0.06737028062343597
48, 29, 393, 1282, 0.24248628318309784
48, 30, 212, 1273, 0.06601160019636154
48, 31, 359, 1320, -0.2833142578601837
48, 32, 249, 1317, -0.5301523804664612
49, 0, 327, 190, -0.784906268119812
49, 1, 347, 168, -0.7183240056037903
49, 2, 356, 171, -0.7185522317886353
49, 3, 364, 173, -0.7185258865356445
49, 4, 315, 165, -0.7278479933738708
49, 5, 304, 165, -0.727512776851654
49, 6, 296, 166, -0.7281202673912048
49, 7, 379, 191, -0.3389069736003876
49, 8, 281, 184, -0.3791445195674896
49, 9, 347, 221, -0.6475340127944946
49, 10, 305, 221, -0.6597627401351929
49, 11, 455, 322, -0.1658642590045929
49, 12, 194, 337, -0.1713123917579651
49, 13, 556, 467, -0.574189305305481
49, 14, 74, 466, -0.29460182785987854
49, 15, 476, 472, -1.3032748699188232
49, 16, -36, 570, -0.872818112373352
49, 17, 438, 478, -1.4437167644500732
49, 18, -72, 606, -0.9847884178161621
49, 19, 413, 449, -1.3785024881362915
49, 20, -48, 602, -1.0567766427993774
49, 21, 419, 443, -1.2953311204910278
49, 22, -31, 592, -0.9258977174758911
49, 23, 401, 680, -0.0283371452242136
49, 24, 222, 680, 0.033216774463653564
49, 25, 388, 973, -0.11313270032405853
49, 26, 215, 971, -0.10832756757736206
49, 27, 395, 1241, 0.2809264063835144
49, 28, 218, 1235, 0.08187508583068848
49, 29, 400, 1283, 0.29278406500816345
49, 30, 217, 1273, 0.0815097987651825
49, 31, 366, 1320, -0.24944403767585754
49, 32, 254, 1317, -0.5120572447776794
50, 0, 326, 189, -0.7791234254837036
50, 1, 345, 166, -0.711279034614563
50, 2, 354, 169, -0.7113676071166992
50, 3, 363, 172, -0.7110544443130493
50, 4, 313, 163, -0.716572642326355
50, 5, 303, 163, -0.7162538766860962
50, 6, 294, 164, -0.7167657613754272
50, 7, 378, 189, -0.324820876121521
50, 8, 280, 183, -0.3583812117576599
50, 9, 346, 219, -0.6398762464523315
50, 10, 305, 219, -0.647999107837677
50, 11, 455, 322, -0.1575898975133896
50, 12, 192, 337, -0.1588621735572815
50, 13, 554, 463, -0.5638041496276855
50, 14, 71, 466, -0.25940006971359253
50, 15, 477, 476, -1.2881834506988525
50, 16, -38, 574, -0.8086682558059692
50, 17, 438, 481, -1.428457498550415
50, 18, -75, 611, -0.9153984785079956
50, 19, 415, 455, -1.3678150177001953
50, 20, -51, 609, -0.9926359057426453
50, 21, 419, 447, -1.2824331521987915
50, 22, -34, 599, -0.86297208070755
50, 23, 401, 680, -0.03126964345574379
50, 24, 222, 680, 0.036211974918842316
50, 25, 392, 973, -0.13541360199451447
50, 26, 216, 971, -0.07952561229467392
50, 27, 402, 1241, 0.2506609261035919
50, 28, 226, 1234, 0.0886244922876358
50, 29, 409, 1282, 0.2615828812122345
50, 30, 225, 1272, 0.08334006369113922
50, 31, 374, 1320, -0.281870573759079
50, 32, 261, 1316, -0.484122097492218
51, 0, 324, 188, -0.7612582445144653
51, 1, 344, 165, -0.697433352470398
51, 2, 353, 168, -0.6975730657577515
51, 3, 361, 171, -0.697553277015686
51, 4, 311, 162, -0.7083505988121033
51, 5, 301, 162, -0.7078818082809448
51, 6, 292, 163, -0.7084671258926392
51, 7, 377, 189, -0.3182472884654999
51, 8, 278, 182, -0.3486855924129486
51, 9, 344, 218, -0.6280065178871155
51, 10, 302, 218, -0.6413897275924683
51, 11, 454, 322, -0.153776615858078
51, 12, 189, 336, -0.15956155955791473
51, 13, 552, 461, -0.5175083875656128
51, 14, 67, 467, -0.22915546596050262
51, 15, 482, 479, -1.2238420248031616
51, 16, -37, 587, -0.716687798500061
51, 17, 440, 486, -1.3581135272979736
51, 18, -74, 625, -0.8107748031616211
51, 19, 416, 457, -1.3196568489074707
51, 20, -50, 626, -0.8878576159477234
51, 21, 421, 450, -1.2286077737808228
51, 22, -32, 615, -0.7683936357498169
51, 23, 401, 679, -0.031362950801849365
51, 24, 222, 680, 0.03625604137778282
51, 25, 392, 973, -0.13293656706809998
51, 26, 216, 972, -0.044782742857933044
51, 27, 402, 1240, 0.2547188401222229
51, 28, 225, 1234, 0.12223637104034424
51, 29, 408, 1282, 0.263446569442749
51, 30, 224, 1273, 0.11774522066116333
51, 31, 373, 1319, -0.267025351524353
51, 32, 259, 1316, -0.43636441230773926
52, 0, 321, 185, -0.7604314684867859
52, 1, 341, 162, -0.6953384280204773
52, 2, 351, 165, -0.6954723596572876
52, 3, 359, 169, -0.6954153776168823
52, 4, 308, 159, -0.7055968046188354
52, 5, 299, 159, -0.7051280736923218
52, 6, 290, 160, -0.7056950330734253
52, 7, 374, 187, -0.3165424168109894
52, 8, 277, 180, -0.35043197870254517
52, 9, 342, 216, -0.625704824924469
52, 10, 299, 215, -0.6379050016403198
52, 11, 452, 322, -0.14975887537002563
52, 12, 186, 336, -0.15927641093730927
52, 13, 550, 460, -0.5268319845199585
52, 14, 66, 468, -0.22802896797657013
52, 15, 480, 477, -1.2302289009094238
52, 16, -24, 600, -0.7318527698516846
52, 17, 440, 481, -1.3715671300888062
52, 18, -55, 642, -0.8323098421096802
52, 19, 416, 456, -1.3307422399520874
52, 20, -30, 642, -0.9056634902954102
52, 21, 420, 449, -1.237501859664917
52, 22, -14, 629, -0.7817650437355042
52, 23, 399, 679, -0.035083457827568054
52, 24, 219, 680, 0.04021856561303139
52, 25, 392, 973, -0.1341862678527832
52, 26, 216, 973, -0.04751209169626236
52, 27, 401, 1240, 0.2590309977531433
52, 28, 226, 1235, 0.13585437834262848
52, 29, 407, 1282, 0.27078181505203247
52, 30, 224, 1275, 0.13450337946414948
52, 31, 373, 1319, -0.2659212648868561
52, 32, 259, 1317, -0.4349667429924011
53, 0, 318, 184, -0.7967178821563721
53, 1, 338, 162, -0.7347893714904785
53, 2, 348, 164, -0.7348276376724243
53, 3, 356, 168, -0.7347668409347534
53, 4, 305, 159, -0.7413961291313171
53, 5, 296, 159, -0.7408696413040161
53, 6, 287, 159, -0.7413785457611084
53, 7, 371, 187, -0.3609562814235687
53, 8, 275, 180, -0.3791784644126892
53, 9, 339, 214, -0.6608272790908813
53, 10, 296, 213, -0.666920006275177
53, 11, 451, 322, -0.1939118653535843
53, 12, 183, 336, -0.16783693432807922
53, 13, 548, 459, -0.5326462984085083
53, 14, 66, 472, -0.21673059463500977
53, 15, 480, 479, -1.2143089771270752
53, 16, -19, 612, -0.7112163305282593
53, 17, 440, 484, -1.3600207567214966
53, 18, -52, 658, -0.8091179132461548
53, 19, 416, 457, -1.3209601640701294
53, 20, -25, 657, -0.8827630877494812
53, 21, 420, 451, -1.2198156118392944
53, 22, -10, 642, -0.7599559426307678
53, 23, 399, 680, -0.05675540119409561
53, 24, 219, 683, 0.06208798289299011
53, 25, 396, 974, -0.0738191157579422
53, 26, 218, 980, 0.0814896672964096
53, 27, 406, 1240, 0.4889135956764221
53, 28, 231, 1241, 0.42109090089797974
53, 29, 413, 1282, 0.5173839330673218
53, 30, 230, 1281, 0.43852561712265015
53, 31, 379, 1321, -0.02415940724313259
53, 32, 263, 1322, -0.1481064409017563
54, 0, 315, 184, -0.8218634724617004
54, 1, 334, 161, -0.7551893591880798
54, 2, 346, 164, -0.7553336024284363
54, 3, 353, 167, -0.7552376985549927
54, 4, 302, 158, -0.7643401026725769
54, 5, 293, 158, -0.7639065980911255
54, 6, 283, 159, -0.7644477486610413
54, 7, 368, 186, -0.3682328462600708
54, 8, 273, 180, -0.3993839621543884
54, 9, 337, 214, -0.681194543838501
54, 10, 293, 213, -0.6909570693969727
54, 11, 449, 322, -0.1916862279176712
54, 12, 180, 337, -0.18083669245243073
54, 13, 546, 458, -0.5354630351066589
54, 14, 65, 474, -0.25081077218055725
54, 15, 479, 478, -1.2170143127441406
54, 16, -13, 601, -0.7943809032440186
54, 17, 440, 485, -1.3681526184082031
54, 18, -45, 644, -0.9026175737380981
54, 19, 416, 458, -1.3360453844070435
54, 20, -22, 638, -0.9415326118469238
54, 21, 420, 451, -1.2251439094543457
54, 22, -5, 625, -0.8386224508285522
54, 23, 399, 680, -0.05561276152729988
54, 24, 219, 684, 0.06087590381503105
54, 25, 398, 974, -0.08062486350536346
54, 26, 220, 980, 0.03526749834418297
54, 27, 411, 1240, 0.41487938165664673
54, 28, 237, 1241, 0.29701048135757446
54, 29, 418, 1282, 0.43380823731422424
54, 30, 237, 1281, 0.3032887578010559
54, 31, 385, 1321, -0.11468900740146637
54, 32, 269, 1322, -0.2697480320930481
55, 0, 313, 183, -0.8024868965148926
55, 1, 332, 161, -0.7313340306282043
55, 2, 343, 163, -0.7315558195114136
55, 3, 351, 167, -0.7314726710319519
55, 4, 300, 158, -0.7436684370040894
55, 5, 291, 158, -0.7431644201278687
55, 6, 281, 159, -0.7436851859092712
55, 7, 366, 185, -0.34880414605140686
55, 8, 270, 180, -0.3972340524196625
55, 9, 336, 214, -0.6654099225997925
55, 10, 291, 212, -0.6796233654022217
55, 11, 446, 322, -0.18533296883106232
55, 12, 177, 338, -0.1743476539850235
55, 13, 543, 456, -0.5282468795776367
55, 14, 65, 476, -0.26544684171676636
55, 15, 482, 490, -1.214547872543335
55, 16, -10, 611, -0.8232451677322388
55, 17, 454, 483, -1.3669002056121826
55, 18, -39, 654, -0.9341684579849243
55, 19, 426, 458, -1.3338649272918701
55, 20, -16, 650, -0.9540511965751648
55, 21, 424, 451, -1.2243367433547974
55, 22, 0, 636, -0.8637748956680298
55, 23, 398, 679, -0.05485089495778084
55, 24, 219, 684, 0.06013152003288269
55, 25, 398, 973, -0.1114252433180809
55, 26, 222, 979, -0.0040380507707595825
55, 27, 412, 1239, 0.34387585520744324
55, 28, 240, 1240, 0.225572869181633
55, 29, 419, 1281, 0.35926708579063416
55, 30, 239, 1280, 0.22989881038665771
55, 31, 385, 1320, -0.18220283091068268
55, 32, 270, 1321, -0.33699536323547363
56, 0, 311, 182, -0.8066919445991516
56, 1, 330, 160, -0.7378677129745483
56, 2, 341, 163, -0.7380558848381042
56, 3, 349, 166, -0.737923264503479
56, 4, 298, 158, -0.7493215799331665
56, 5, 288, 158, -0.7488466501235962
56, 6, 278, 159, -0.7493875622749329
56, 7, 364, 185, -0.35421860218048096
56, 8, 268, 180, -0.3985672891139984
56, 9, 334, 213, -0.6686339378356934
56, 10, 289, 211, -0.6817799210548401
56, 11, 444, 322, -0.18273501098155975
56, 12, 174, 339, -0.19754859805107117
56, 13, 537, 456, -0.5236666798591614
56, 14, 65, 477, -0.2722333073616028
56, 15, 484, 494, -1.2076747417449951
56, 16, -9, 615, -0.8227483630180359
56, 17, 459, 481, -1.3606112003326416
56, 18, -38, 660, -0.9360677003860474
56, 19, 431, 458, -1.3319755792617798
56, 20, -12, 656, -0.9850330352783203
56, 21, 431, 452, -1.2211530208587646
56, 22, 3, 642, -0.8712193369865417
56, 23, 396, 679, -0.05381878465414047
56, 24, 217, 685, 0.059285350143909454
56, 25, 398, 973, -0.11518079042434692
56, 26, 222, 980, -0.06435457617044449
56, 27, 412, 1239, 0.33110660314559937
56, 28, 240, 1241, 0.1666456013917923
56, 29, 418, 1281, 0.3445717990398407
56, 30, 239, 1281, 0.17092987895011902
56, 31, 385, 1321, -0.19923368096351624
56, 32, 270, 1320, -0.4115302562713623
57, 0, 310, 182, -0.8443194627761841
57, 1, 329, 160, -0.7751957178115845
57, 2, 341, 163, -0.7754205465316772
57, 3, 348, 166, -0.7752264142036438
57, 4, 296, 157, -0.7852422595024109
57, 5, 287, 157, -0.7848173975944519
57, 6, 277, 158, -0.7853849530220032
57, 7, 362, 185, -0.3782287538051605
57, 8, 266, 179, -0.41825801134109497
57, 9, 333, 213, -0.7009469270706177
57, 10, 287, 211, -0.7129268646240234
57, 11, 442, 322, -0.19614283740520477
57, 12, 172, 339, -0.20636729896068573
57, 13, 530, 456, -0.5858800411224365
57, 14, 64, 478, -0.3253561854362488
57, 15, 485, 492, -1.3602354526519775
57, 16, -7, 618, -0.919681191444397
57, 17, 462, 478, -1.5281178951263428
57, 18, -35, 664, -1.0454399585723877
57, 19, 433, 456, -1.5049070119857788
57, 20, -6, 659, -1.121480107307434
57, 21, 434, 451, -1.3776071071624756
57, 22, 8, 645, -0.9740091562271118
57, 23, 391, 679, -0.053658194839954376
57, 24, 213, 686, 0.0591861791908741
57, 25, 396, 973, -0.12088593095541
57, 26, 221, 979, -0.09064731001853943
57, 27, 411, 1239, 0.3187609016895294
57, 28, 241, 1240, 0.14552584290504456
57, 29, 418, 1281, 0.33031734824180603
57, 30, 240, 1281, 0.14966949820518494
57, 31, 384, 1321, -0.2249273806810379
57, 32, 271, 1320, -0.4447847008705139
58, 0, 309, 181, -0.8304154276847839
58, 1, 327, 159, -0.7606680989265442
58, 2, 339, 162, -0.7608484029769897
58, 3, 347, 165, -0.7606695890426636
58, 4, 295, 157, -0.7715930342674255
58, 5, 286, 157, -0.7711418867111206
58, 6, 275, 158, -0.7716668248176575
58, 7, 361, 184, -0.36865824460983276
58, 8, 264, 179, -0.41453543305397034
58, 9, 331, 212, -0.6894298195838928
58, 10, 286, 210, -0.7031174302101135
58, 11, 441, 322, -0.1901325136423111
58, 12, 169, 340, -0.22425279021263123
58, 13, 532, 455, -0.5042175054550171
58, 14, 66, 482, -0.3290179371833801
58, 15, 484, 490, -1.1362168788909912
58, 16, 24, 616, -0.9098971486091614
58, 17, 458, 481, -1.287712812423706
58, 18, 5, 662, -1.0342124700546265
58, 19, 432, 458, -1.2617920637130737
58, 20, 37, 654, -1.1041748523712158
58, 21, 433, 452, -1.1493420600891113
58, 22, 47, 639, -0.961164653301239
58, 23, 391, 679, -0.051799219101667404
58, 24, 210, 687, 0.05755477026104927
58, 25, 396, 973, -0.12811192870140076
58, 26, 220, 980, -0.08362117409706116
58, 27, 411, 1239, 0.2917868494987488
58, 28, 240, 1240, 0.14047259092330933
58, 29, 417, 1282, 0.3025403618812561
58, 30, 240, 1281, 0.14270788431167603
58, 31, 384, 1321, -0.24966268241405487
58, 32, 270, 1320, -0.4428054392337799
59, 0, 306, 181, -0.8580573797225952
59, 1, 325, 159, -0.7886038422584534
59, 2, 337, 161, -0.788758397102356
59, 3, 345, 164, -0.7885392904281616
59, 4, 293, 157, -0.800208568572998
59, 5, 283, 157, -0.7996468544006348
59, 6, 273, 158, -0.8001516461372375
59, 7, 359, 184, -0.39884597063064575
59, 8, 263, 179, -0.44382739067077637
59, 9, 330, 211, -0.7177634239196777
59, 10, 284, 210, -0.731392502784729
59, 11, 440, 322, -0.20215928554534912
59, 12, 168, 340, -0.24957533180713654
59, 13, 531, 455, -0.5100764036178589
59, 14, 66, 484, -0.3321007490158081
59, 15, 484, 490, -1.156388521194458
59, 16, 33, 623, -0.8807680010795593
59, 17, 457, 482, -1.309584140777588
59, 18, 16, 672, -1.0071231126785278
59, 19, 431, 458, -1.2794599533081055
59, 20, 47, 664, -1.0851209163665771
59, 21, 432, 452, -1.1685190200805664
59, 22, 57, 648, -0.9320122003555298
59, 23, 390, 679, -0.04952952638268471
59, 24, 208, 686, 0.055460911244153976
59, 25, 395, 973, -0.13568830490112305
59, 26, 219, 980, -0.07996304333209991
59, 27, 410, 1239, 0.2833005487918854
59, 28, 240, 1240, 0.14120690524578094
59, 29, 417, 1282, 0.2934519946575165
59, 30, 239, 1281, 0.14326384663581848
59, 31, 384, 1321, -0.2693406939506531
59, 32, 270, 1319, -0.4459453225135803
60, 0, 305, 181, -0.9015834927558899
60, 1, 324, 159, -0.8303073644638062
60, 2, 336, 161, -0.8304808735847473
60, 3, 344, 164, -0.8302559852600098
60, 4, 291, 157, -0.8437960743904114
60, 5, 281, 157, -0.8432523608207703
60, 6, 271, 158, -0.843773365020752
60, 7, 357, 183, -0.42473936080932617
60, 8, 261, 179, -0.47778838872909546
60, 9, 328, 211, -0.7547692060470581
60, 10, 283, 210, -0.770881175994873
60, 11, 439, 323, -0.20929305255413055
60, 12, 168, 341, -0.2680055499076843
60, 13, 528, 456, -0.515276312828064
60, 14, 67, 485, -0.3904702365398407
60, 15, 484, 486, -1.1705619096755981
60, 16, 48, 616, -1.0126633644104004
60, 17, 451, 485, -1.3150684833526611
60, 18, 35, 661, -1.155242681503296
60, 19, 431, 461, -1.306382179260254
60, 20, 66, 652, -1.2217812538146973
60, 21, 431, 455, -1.1708567142486572
60, 22, 74, 637, -1.0624423027038574
60, 23, 390, 679, -0.04623636603355408
60, 24, 207, 687, 0.052327223122119904
60, 25, 396, 973, -0.13524456322193146
60, 26, 219, 980, -0.11657558381557465
60, 27, 411, 1239, 0.2857484221458435
60, 28, 240, 1240, 0.1170230507850647
60, 29, 418, 1282, 0.2971575856208801
60, 30, 239, 1281, 0.11976392567157745
60, 31, 385, 1321, -0.2651701271533966
60, 32, 270, 1319, -0.49102911353111267
61, 0, 304, 181, -0.9081703424453735
61, 1, 323, 158, -0.8385709524154663
61, 2, 334, 160, -0.8388002514839172
61, 3, 343, 163, -0.8386111259460449
61, 4, 290, 156, -0.84967440366745
61, 5, 280, 157, -0.8492075204849243
61, 6, 270, 158, -0.849786102771759
61, 7, 356, 183, -0.43262600898742676
61, 8, 260, 178, -0.4752298891544342
61, 9, 327, 211, -0.7606251239776611
61, 10, 282, 210, -0.7733927965164185
61, 11, 438, 323, -0.21717175841331482
61, 12, 168, 341, -0.2561378479003906
61, 13, 526, 456, -0.5464586615562439
61, 14, 67, 484, -0.3738158047199249
61, 15, 482, 485, -1.2776724100112915
61, 16, 42, 616, -0.9703788757324219
61, 17, 449, 485, -1.445268154144287
61, 18, 26, 663, -1.0995832681655884
61, 19, 431, 462, -1.4284443855285645
61, 20, 56, 653, -1.1672087907791138
61, 21, 427, 457, -1.2934397459030151
61, 22, 65, 638, -1.0175594091415405
61, 23, 389, 679, -0.045987021178007126
61, 24, 207, 687, 0.05207855626940727
61, 25, 395, 972, -0.1619286984205246
61, 26, 219, 978, -0.15566954016685486
61, 27, 411, 1239, 0.24231338500976562
61, 28, 240, 1239, 0.055634886026382446
61, 29, 417, 1281, 0.24937133491039276
61, 30, 239, 1281, 0.055900923907756805
61, 31, 385, 1321, -0.3311185836791992
61, 32, 270, 1317, -0.5600487589836121
62, 0, 303, 180, -0.973918616771698
62, 1, 322, 158, -0.9024041891098022
62, 2, 333, 160, -0.9026540517807007
62, 3, 341, 162, -0.9023970365524292
62, 4, 289, 156, -0.9138280749320984
62, 5, 279, 156, -0.9133240580558777
62, 6, 269, 158, -0.9138609766960144
62, 7, 355, 182, -0.4838314652442932
62, 8, 259, 178, -0.5239244699478149
62, 9, 326, 211, -0.8215826749801636
62, 10, 281, 210, -0.8341609835624695
62, 11, 438, 323, -0.25419265031814575
62, 12, 167, 342, -0.284690260887146
62, 13, 526, 457, -0.5887159705162048
62, 14, 67, 485, -0.38227349519729614
62, 15, 480, 483, -1.3171162605285645
62, 16, 47, 616, -0.9835094213485718
62, 17, 445, 486, -1.4884837865829468
62, 18, 34, 662, -1.1228481531143188
62, 19, 423, 463, -1.4606527090072632
62, 20, 63, 650, -1.1946048736572266
62, 21, 424, 457, -1.3314683437347412
62, 22, 72, 635, -1.0340840816497803
62, 23, 390, 679, -0.047833073884248734
62, 24, 207, 688, 0.05387326329946518
62, 25, 401, 972, -0.1864020675420761
62, 26, 225, 978, -0.14249944686889648
62, 27, 419, 1239, 0.24086542427539825
62, 28, 248, 1239, 0.08031906932592392
62, 29, 426, 1282, 0.24865002930164337
62, 30, 248, 1281, 0.08212339133024216
62, 31, 395, 1321, -0.35042065382003784
62, 32, 281, 1317, -0.5373196005821228
63, 0, 303, 180, -0.9899929761886597
63, 1, 321, 158, -0.9157498478889465
63, 2, 333, 160, -0.91603022813797
63, 3, 341, 162, -0.9158215522766113
63, 4, 289, 156, -0.9260354042053223
63, 5, 278, 156, -0.9256519079208374
63, 6, 268, 157, -0.9262034296989441
63, 7, 355, 182, -0.48167791962623596
63, 8, 258, 177, -0.5201125144958496
63, 9, 326, 211, -0.8317578434944153
63, 10, 279, 210, -0.8438326120376587
63, 11, 438, 323, -0.2515013813972473
63, 12, 165, 343, -0.270751416683197
63, 13, 527, 459, -0.6193159222602844
63, 14, 68, 485, -0.42550715804100037
63, 15, 476, 496, -1.398667573928833
63, 16, 45, 595, -1.1607612371444702
63, 17, 441, 489, -1.5810060501098633
63, 18, 34, 639, -1.3248437643051147
63, 19, 418, 465, -1.559099793434143
63, 20, 62, 618, -1.3932712078094482
63, 21, 420, 458, -1.4169429540634155
63, 22, 69, 604, -1.2144808769226074
63, 23, 390, 679, -0.04766342043876648
63, 24, 207, 689, 0.053659576922655106
63, 25, 401, 972, -0.21389222145080566
63, 26, 224, 977, -0.22165906429290771
63, 27, 419, 1239, 0.17358073592185974
63, 28, 246, 1239, -0.03247372433543205
63, 29, 425, 1282, 0.1755453199148178
63, 30, 245, 1281, -0.035883400589227676
63, 31, 394, 1321, -0.4414588510990143
63, 32, 281, 1315, -0.6815411448478699
64, 0, 303, 180, -0.9615066647529602
64, 1, 322, 158, -0.8906604647636414
64, 2, 333, 160, -0.8909101486206055
64, 3, 341, 162, -0.8906842470169067
64, 4, 288, 156, -0.9025603532791138
64, 5, 278, 156, -0.902115523815155
64, 6, 268, 157, -0.9026917219161987
64, 7, 355, 182, -0.47033724188804626
64, 8, 257, 177, -0.5149163007736206
64, 9, 326, 211, -0.8079801797866821
64, 10, 279, 210, -0.8214927911758423
64, 11, 437, 323, -0.24147582054138184
64, 12, 165, 343, -0.2806619107723236
64, 13, 523, 459, -0.6083947420120239
64, 14, 68, 486, -0.4213198721408844
64, 15, 478, 498, -1.3532609939575195
64, 16, 57, 614, -1.067883014678955
64, 17, 467, 502, -1.526652455329895
64, 18, 49, 663, -1.213529348373413
64, 19, 424, 465, -1.5061501264572144
64, 20, 79, 643, -1.2812758684158325
64, 21, 425, 458, -1.3722622394561768
64, 22, 85, 627, -1.1183276176452637
64, 23, 390, 680, -0.04454635828733444
64, 24, 206, 689, 0.0505424365401268
64, 25, 401, 972, -0.18008793890476227
64, 26, 224, 977, -0.1922178566455841
64, 27, 418, 1239, 0.24118861556053162
64, 28, 245, 1239, 0.022537410259246826
64, 29, 424, 1282, 0.24402347207069397
64, 30, 245, 1281, 0.021905649453401566
64, 31, 393, 1322, -0.391852468252182
64, 32, 280, 1316, -0.6032477021217346
65, 0, 303, 180, -0.9835526347160339
65, 1, 322, 158, -0.9133963584899902
65, 2, 333, 160, -0.9136732220649719
65, 3, 341, 162, -0.9134764671325684
65, 4, 288, 156, -0.9268972277641296
65, 5, 278, 156, -0.9265364408493042
65, 6, 267, 157, -0.9271296262741089
65, 7, 355, 182, -0.4862963557243347
65, 8, 256, 177, -0.5369980335235596
65, 9, 326, 211, -0.8258558511734009
65, 10, 279, 210, -0.8413408398628235
65, 11, 437, 323, -0.2376585751771927
65, 12, 164, 343, -0.29631897807121277
65, 13, 523, 459, -0.5812338590621948
65, 14, 68, 486, -0.4460625648498535
65, 15, 478, 499, -1.3432788848876953
65, 16, 84, 613, -1.1079668998718262
65, 17, 471, 508, -1.5033494234085083
65, 18, 83, 662, -1.2613531351089478
65, 19, 427, 465, -1.4755873680114746
65, 20, 114, 642, -1.3200733661651611
65, 21, 428, 458, -1.3502342700958252
65, 22, 117, 627, -1.1532261371612549
65, 23, 390, 679, -0.041807010769844055
65, 24, 206, 689, 0.047646261751651764
65, 25, 401, 971, -0.1656775176525116
65, 26, 223, 976, -0.18367643654346466
65, 27, 418, 1238, 0.2584124207496643
65, 28, 245, 1238, 0.0425962433218956
65, 29, 424, 1281, 0.2616893947124481
65, 30, 244, 1280, 0.0437096506357193
65, 31, 392, 1322, -0.3832319974899292
65, 32, 280, 1315, -0.5809667706489563
66, 0, 303, 180, -1.0772454738616943
66, 1, 322, 158, -0.9982436299324036
66, 2, 333, 160, -0.9985531568527222
66, 3, 341, 162, -0.9983135461807251
66, 4, 288, 156, -1.0142511129379272
66, 5, 277, 156, -1.0140039920806885
66, 6, 267, 157, -1.0145862102508545
66, 7, 355, 182, -0.5257211923599243
66, 8, 256, 177, -0.5898428559303284
66, 9, 325, 211, -0.901450514793396
66, 10, 279, 210, -0.9215194582939148
66, 11, 436, 323, -0.23687009513378143
66, 12, 164, 342, -0.3203977942466736
66, 13, 523, 457, -0.5729678869247437
66, 14, 68, 486, -0.4960568845272064
66, 15, 477, 498, -1.3503116369247437
66, 16, 116, 597, -1.22622549533844
66, 17, 469, 509, -1.5295536518096924
66, 18, 124, 644, -1.3995423316955566
66, 19, 428, 465, -1.5228407382965088
66, 20, 155, 615, -1.4415042400360107
66, 21, 422, 459, -1.3728687763214111
66, 22, 154, 601, -1.2656075954437256
66, 23, 389, 678, -0.03529180586338043
66, 24, 206, 688, 0.041064485907554626
66, 25, 398, 970, -0.1635398119688034
66, 26, 222, 974, -0.24275383353233337
66, 27, 413, 1238, 0.2610900104045868
66, 28, 244, 1237, -0.014385911636054516
66, 29, 418, 1280, 0.26305073499679565
66, 30, 243, 1279, -0.01383829303085804
66, 31, 388, 1321, -0.3548634648323059
66, 32, 280, 1314, -0.6689156293869019
67, 0, 303, 180, -1.0816612243652344
67, 1, 322, 158, -1.0011781454086304
67, 2, 333, 160, -1.0014793872833252
67, 3, 341, 162, -1.0012092590332031
67, 4, 288, 156, -1.0186903476715088
67, 5, 278, 156, -1.0184465646743774
67, 6, 267, 157, -1.019012212753296
67, 7, 355, 182, -0.5239480137825012
67, 8, 256, 177, -0.5948697924613953
67, 9, 325, 211, -0.9043207168579102
67, 10, 279, 210, -0.9264274835586548
67, 11, 435, 322, -0.23519957065582275
67, 12, 164, 341, -0.330058753490448
67, 13, 523, 456, -0.5698398351669312
67, 14, 68, 486, -0.5359086394309998
67, 15, 477, 497, -1.3660173416137695
67, 16, 129, 588, -1.2748335599899292
67, 17, 469, 508, -1.5489789247512817
67, 18, 141, 633, -1.4475502967834473
67, 19, 428, 465, -1.544737696647644
67, 20, 171, 603, -1.4800498485565186
67, 21, 426, 459, -1.392578125
67, 22, 169, 590, -1.3097074031829834
67, 23, 388, 676, -0.029171979054808617
67, 24, 206, 687, 0.03492911532521248
67, 25, 397, 969, -0.15618644654750824
67, 26, 221, 973, -0.25382551550865173
67, 27, 412, 1238, 0.2694595158100128
67, 28, 243, 1236, -0.024539800360798836
67, 29, 416, 1280, 0.2716059386730194
67, 30, 243, 1277, -0.023910045623779297
67, 31, 387, 1321, -0.3440537452697754
67, 32, 279, 1313, -0.6808109283447266
