0, 0, 327, 179, -1.126620888710022
0, 1, 347, 151, -1.0470030307769775
0, 2, 359, 150, -1.0475525856018066
0, 3, 369, 151, -1.0476921796798706
0, 4, 305, 155, -1.0645105838775635
0, 5, 291, 157, -1.0643912553787231
0, 6, 281, 158, -1.0651304721832275
0, 7, 391, 167, -0.5724570751190186
0, 8, 270, 176, -0.639242947101593
0, 9, 354, 212, -0.9497385025024414
0, 10, 307, 215, -0.9689909219741821
0, 11, 474, 339, -0.17216143012046814
0, 12, 213, 330, -0.44274479150772095
0, 13, 528, 489, -0.07194995880126953
0, 14, 98, 469, -0.4500151574611664
0, 15, 558, 680, -0.493321031332016
0, 16, 46, 624, -0.9638806581497192
0, 17, 579, 727, -0.5894597172737122
0, 18, 29, 671, -1.1097882986068726
0, 19, 562, 725, -0.6924282908439636
0, 20, 59, 668, -1.200141191482544
0, 21, 546, 708, -0.5567070245742798
0, 22, 70, 653, -1.0189467668533325
0, 23, 422, 702, 0.04915144667029381
0, 24, 243, 696, -0.04519333690404892
0, 25, 407, 996, 0.020429186522960663
0, 26, 251, 981, -0.2862410545349121
0, 27, 403, 1259, 0.6243137121200562
0, 28, 245, 1249, 0.15988172590732574
0, 29, 404, 1301, 0.6394054293632507
0, 30, 238, 1290, 0.18062841892242432
0, 31, 383, 1342, 0.004777137190103531
0, 32, 280, 1334, -0.5329393148422241
1, 0, 329, 179, -1.1845325231552124
1, 1, 348, 151, -1.1024501323699951
1, 2, 360, 150, -1.102885127067566
1, 3, 369, 151, -1.1030175685882568
1, 4, 306, 155, -1.125794529914856
1, 5, 293, 157, -1.125614881515503
1, 6, 282, 158, -1.126262903213501
1, 7, 391, 167, -0.6086723804473877
1, 8, 270, 176, -0.7016381025314331
1, 9, 356, 212, -1.0003607273101807
1, 10, 308, 215, -1.0268652439117432
1, 11, 473, 338, -0.1798515021800995
1, 12, 213, 329, -0.5056756734848022
1, 13, 527, 488, -0.027986401692032814
1, 14, 98, 469, -0.48971766233444214
1, 15, 555, 681, -0.3880571126937866
1, 16, 46, 626, -0.9668189287185669
1, 17, 574, 728, -0.4674188196659088
1, 18, 29, 671, -1.110543966293335
1, 19, 560, 726, -0.5762670636177063
1, 20, 58, 669, -1.2021818161010742
1, 21, 544, 709, -0.4515495300292969
1, 22, 69, 654, -1.021313190460205
1, 23, 422, 701, 0.05430563539266586
1, 24, 243, 695, -0.050593066960573196
1, 25, 407, 996, 0.0484827496111393
1, 26, 252, 981, -0.2608691155910492
1, 27, 403, 1260, 0.6833768486976624
1, 28, 246, 1250, 0.20367431640625
1, 29, 404, 1302, 0.7015961408615112
1, 30, 238, 1290, 0.22742998600006104
1, 31, 386, 1342, 0.06762782484292984
1, 32, 282, 1335, -0.4936528205871582
2, 0, 330, 179, -1.2033984661102295
2, 1, 348, 151, -1.1210300922393799
2, 2, 361, 150, -1.1214855909347534
2, 3, 370, 150, -1.1216272115707397
2, 4, 306, 155, -1.1450982093811035
2, 5, 293, 157, -1.1449439525604248
2, 6, 283, 158, -1.1455891132354736
2, 7, 391, 167, -0.6236055493354797
2, 8, 271, 176, -0.7201098203659058
2, 9, 357, 212, -1.0175988674163818
2, 10, 309, 215, -1.0450713634490967
2, 11, 472, 338, -0.18507333099842072
2, 12, 213, 329, -0.5200830698013306
2, 13, 526, 488, -0.020523561164736748
2, 14, 99, 470, -0.5033196806907654
2, 15, 554, 681, -0.3788376450538635
2, 16, 46, 626, -0.9730327725410461
2, 17, 572, 728, -0.45681363344192505
2, 18, 29, 672, -1.115232229232788
2, 19, 559, 726, -0.5659629106521606
2, 20, 58, 669, -1.2074331045150757
2, 21, 543, 709, -0.44230160117149353
2, 22, 69, 655, -1.0268070697784424
2, 23, 422, 701, 0.05584363266825676
2, 24, 244, 695, -0.05223802477121353
2, 25, 408, 996, 0.05021918937563896
2, 26, 254, 981, -0.26284271478652954
2, 27, 404, 1261, 0.681381344795227
2, 28, 249, 1251, 0.19856271147727966
2, 29, 404, 1302, 0.6989337205886841
2, 30, 240, 1291, 0.2218802273273468
2, 31, 389, 1343, 0.06338460743427277
2, 32, 286, 1336, -0.4990209639072418
3, 0, 330, 179, -1.2017219066619873
3, 1, 349, 151, -1.1199910640716553
3, 2, 361, 150, -1.1204203367233276
3, 3, 371, 150, -1.120546579360962
3, 4, 307, 155, -1.1446223258972168
3, 5, 294, 157, -1.1444966793060303
3, 6, 284, 158, -1.1451497077941895
3, 7, 391, 167, -0.6243909597396851
3, 8, 271, 176, -0.725077748298645
3, 9, 358, 212, -1.016740083694458
3, 10, 310, 215, -1.045120120048523
3, 11, 472, 337, -0.1874494105577469
3, 12, 214, 329, -0.5201182961463928
3, 13, 526, 487, -0.020563628524541855
3, 14, 100, 470, -0.5201514959335327
3, 15, 552, 680, -0.3763139843940735
3, 16, 44, 621, -1.0141103267669678
3, 17, 571, 728, -0.4538346827030182
3, 18, 27, 665, -1.1552493572235107
3, 19, 558, 725, -0.5621729493141174
3, 20, 55, 661, -1.2469580173492432
3, 21, 542, 709, -0.43905478715896606
3, 22, 67, 648, -1.0679489374160767
3, 23, 422, 700, 0.058287739753723145
3, 24, 244, 694, -0.05475902557373047
3, 25, 407, 996, 0.05081392079591751
3, 26, 254, 981, -0.26282501220703125
3, 27, 403, 1261, 0.6733796000480652
3, 28, 246, 1251, 0.19508050382137299
3, 29, 403, 1302, 0.6902645230293274
3, 30, 237, 1291, 0.21834290027618408
3, 31, 388, 1343, 0.05754242464900017
3, 32, 284, 1337, -0.5022975206375122
4, 0, 331, 179, -1.1933133602142334
4, 1, 349, 151, -1.113539457321167
4, 2, 362, 150, -1.11403226852417
4, 3, 371, 150, -1.1141557693481445
4, 4, 307, 155, -1.1347464323043823
4, 5, 295, 157, -1.134640097618103
4, 6, 285, 158, -1.1353332996368408
4, 7, 391, 167, -0.6168791651725769
4, 8, 271, 176, -0.7128793597221375
4, 9, 359, 212, -1.0121463537216187
4, 10, 311, 215, -1.0361952781677246
4, 11, 472, 336, -0.17483901977539062
4, 12, 214, 329, -0.5101738572120667
4, 13, 525, 487, -0.019137892872095108
4, 14, 100, 470, -0.5136255621910095
4, 15, 548, 682, -0.39574092626571655
4, 16, 38, 621, -1.0108404159545898
4, 17, 566, 730, -0.4783813953399658
4, 18, 18, 664, -1.1557568311691284
4, 19, 552, 728, -0.5862810015678406
4, 20, 46, 661, -1.2481796741485596
4, 21, 537, 711, -0.4592828154563904
4, 22, 58, 648, -1.0654970407485962
4, 23, 422, 700, 0.06507544219493866
4, 24, 244, 694, -0.06146512180566788
4, 25, 407, 996, 0.05836404114961624
4, 26, 254, 981, -0.2732376456260681
4, 27, 402, 1262, 0.678935170173645
4, 28, 245, 1252, 0.17802201211452484
4, 29, 402, 1304, 0.6955036520957947
4, 30, 235, 1292, 0.2001456469297409
4, 31, 388, 1345, 0.0646618902683258
4, 32, 283, 1339, -0.521390438079834
5, 0, 331, 179, -1.189347267150879
5, 1, 350, 151, -1.1113817691802979
5, 2, 362, 150, -1.1119154691696167
5, 3, 371, 150, -1.112041711807251
5, 4, 308, 155, -1.1296594142913818
5, 5, 295, 157, -1.1295522451400757
5, 6, 285, 158, -1.130253791809082
5, 7, 391, 167, -0.6095496416091919
5, 8, 271, 176, -0.7058099508285522
5, 9, 359, 212, -1.0114586353302002
5, 10, 311, 215, -1.0314878225326538
5, 11, 472, 336, -0.16477592289447784
5, 12, 214, 328, -0.5063194632530212
5, 13, 519, 532, -0.01146031729876995
5, 14, 100, 470, -0.5119092464447021
5, 15, 543, 685, -0.3933480381965637
5, 16, 39, 622, -1.0108590126037598
5, 17, 561, 733, -0.4767514765262604
5, 18, 19, 665, -1.1577894687652588
5, 19, 547, 731, -0.5863810777664185
5, 20, 46, 663, -1.2498358488082886
5, 21, 532, 714, -0.457867294549942
5, 22, 59, 650, -1.0654982328414917
5, 23, 422, 701, 0.07030962407588959
5, 24, 244, 694, -0.06664185971021652
5, 25, 406, 997, 0.05778058245778084
5, 26, 253, 982, -0.2929971516132355
5, 27, 399, 1263, 0.6745936870574951
5, 28, 242, 1253, 0.14924472570419312
5, 29, 399, 1305, 0.6909207105636597
5, 30, 232, 1294, 0.1698109656572342
5, 31, 386, 1346, 0.05996064096689224
5, 32, 280, 1340, -0.549551784992218
6, 0, 332, 179, -1.186908483505249
6, 1, 350, 150, -1.1075313091278076
6, 2, 363, 150, -1.108022928237915
6, 3, 372, 149, -1.1081454753875732
6, 4, 308, 155, -1.126837968826294
6, 5, 296, 157, -1.1267049312591553
6, 6, 286, 158, -1.1273939609527588
6, 7, 391, 166, -0.6105805039405823
6, 8, 272, 176, -0.7010471224784851
6, 9, 360, 212, -1.0066347122192383
6, 10, 312, 215, -1.02787184715271
6, 11, 472, 336, -0.17310501635074615
6, 12, 214, 328, -0.504665732383728
6, 13, 515, 544, -0.01450628973543644
6, 14, 103, 472, -0.489483505487442
6, 15, 538, 688, -0.3979516625404358
6, 16, 39, 635, -0.9584909677505493
6, 17, 555, 737, -0.47831082344055176
6, 18, 19, 680, -1.0997923612594604
6, 19, 542, 736, -0.5921065211296082
6, 20, 47, 681, -1.1994874477386475
6, 21, 527, 718, -0.46344223618507385
6, 22, 59, 666, -1.0153417587280273
6, 23, 422, 701, 0.06824564933776855
6, 24, 243, 694, -0.06463415920734406
6, 25, 404, 998, 0.07211524993181229
6, 26, 249, 984, -0.2052791565656662
6, 27, 394, 1265, 0.7373794913291931
6, 28, 239, 1255, 0.2903714179992676
6, 29, 394, 1307, 0.7591565847396851
6, 30, 229, 1295, 0.3165363669395447
6, 31, 381, 1348, 0.12562575936317444
6, 32, 276, 1343, -0.4075740873813629
7, 0, 332, 179, -1.1826961040496826
7, 1, 350, 150, -1.1034653186798096
7, 2, 363, 149, -1.1039717197418213
7, 3, 372, 149, -1.1040585041046143
7, 4, 309, 155, -1.12221097946167
7, 5, 296, 157, -1.1220481395721436
7, 6, 286, 158, -1.122757077217102
7, 7, 391, 166, -0.6044474840164185
7, 8, 272, 176, -0.6873223781585693
7, 9, 360, 211, -1.0001063346862793
7, 10, 312, 215, -1.0202231407165527
7, 11, 472, 336, -0.17013166844844818
7, 12, 214, 328, -0.4989243149757385
7, 13, 515, 519, -0.01627933792769909
7, 14, 107, 475, -0.45256295800209045
7, 15, 536, 691, -0.45166587829589844
7, 16, 64, 651, -0.9110174179077148
7, 17, 551, 741, -0.5508652925491333
7, 18, 46, 700, -1.0537937879562378
7, 19, 537, 739, -0.6595320701599121
7, 20, 73, 701, -1.1575356721878052
7, 21, 523, 721, -0.516845703125
7, 22, 86, 684, -0.9687100648880005
7, 23, 421, 701, 0.06770895421504974
7, 24, 243, 694, -0.06407742202281952
7, 25, 401, 1000, 0.07833176106214523
7, 26, 246, 986, -0.20657281577587128
7, 27, 388, 1267, 0.7393649220466614
7, 28, 234, 1257, 0.2886737287044525
7, 29, 387, 1309, 0.7603133916854858
7, 30, 223, 1297, 0.314193457365036
7, 31, 376, 1349, 0.12928622961044312
7, 32, 273, 1344, -0.40693163871765137
8, 0, 333, 179, -1.1952542066574097
8, 1, 351, 150, -1.1136032342910767
8, 2, 364, 149, -1.1141445636749268
8, 3, 372, 149, -1.114241123199463
8, 4, 309, 155, -1.1357313394546509
8, 5, 297, 157, -1.1355513334274292
8, 6, 287, 158, -1.136276364326477
8, 7, 391, 166, -0.6100443601608276
8, 8, 272, 176, -0.7005211114883423
8, 9, 360, 211, -1.0088741779327393
8, 10, 312, 215, -1.03348708152771
8, 11, 471, 335, -0.1707047075033188
8, 12, 214, 328, -0.506942629814148
8, 13, 518, 502, -0.005144678521901369
8, 14, 113, 478, -0.4582523703575134
8, 15, 551, 689, -0.40916889905929565
8, 16, 77, 656, -0.9260450601577759
8, 17, 570, 738, -0.49667733907699585
8, 18, 61, 706, -1.0700397491455078
8, 19, 559, 736, -0.6068006753921509
8, 20, 89, 705, -1.1693100929260254
8, 21, 542, 719, -0.47413650155067444
8, 22, 100, 688, -0.9826904535293579
8, 23, 421, 701, 0.05544346570968628
8, 24, 243, 695, -0.051841575652360916
8, 25, 401, 1000, 0.04200471192598343
8, 26, 247, 986, -0.17077647149562836
8, 27, 389, 1267, 0.719436764717102
8, 28, 234, 1257, 0.32175955176353455
8, 29, 388, 1309, 0.7436445355415344
8, 30, 223, 1297, 0.3479159474372864
8, 31, 376, 1349, 0.09127233177423477
8, 32, 273, 1344, -0.37305083870887756
9, 0, 333, 179, -1.166994333267212
9, 1, 351, 150, -1.0803391933441162
9, 2, 364, 150, -1.080828309059143
9, 3, 372, 150, -1.0807989835739136
9, 4, 310, 154, -1.1021605730056763
9, 5, 297, 157, -1.102313756942749
9, 6, 287, 158, -1.1031289100646973
9, 7, 391, 167, -0.5784855484962463
9, 8, 273, 175, -0.6706910729408264
9, 9, 360, 211, -0.9822733998298645
9, 10, 312, 214, -1.0085076093673706
9, 11, 471, 335, -0.16085347533226013
9, 12, 212, 329, -0.44936686754226685
9, 13, 520, 527, -0.02815980836749077
9, 14, 121, 486, -0.5371352434158325
9, 15, 550, 689, -0.484031617641449
9, 16, 139, 630, -1.2419793605804443
9, 17, 569, 737, -0.5955643653869629
9, 18, 145, 674, -1.412343978881836
9, 19, 557, 736, -0.6905450820922852
9, 20, 170, 654, -1.4871457815170288
9, 21, 540, 719, -0.5438956618309021
9, 22, 172, 640, -1.291419506072998
9, 23, 417, 701, 0.0460597462952137
9, 24, 239, 695, -0.042197201400995255
9, 25, 398, 997, -0.07766233384609222
9, 26, 241, 982, -0.2368789166212082
9, 27, 387, 1267, 0.49370965361595154
9, 28, 226, 1259, 0.14109697937965393
9, 29, 386, 1308, 0.5068323612213135
9, 30, 214, 1301, 0.15128614008426666
9, 31, 370, 1349, -0.13030068576335907
9, 32, 267, 1345, -0.5589045286178589
10, 0, 333, 179, -1.163210153579712
10, 1, 351, 150, -1.0730769634246826
10, 2, 364, 150, -1.0735007524490356
10, 3, 372, 150, -1.0732618570327759
10, 4, 310, 154, -1.0939009189605713
10, 5, 297, 157, -1.094092607498169
10, 6, 287, 158, -1.0948539972305298
10, 7, 392, 167, -0.5480515956878662
10, 8, 273, 175, -0.6358218193054199
10, 9, 360, 211, -0.9709129333496094
10, 10, 312, 214, -0.9968339204788208
10, 11, 471, 337, -0.13326844573020935
10, 12, 210, 333, -0.446312814950943
10, 13, 520, 539, -0.05436943098902702
10, 14, 119, 528, -0.9100592732429504
10, 15, 545, 690, -0.5157817006111145
10, 16, 197, 504, -1.8868707418441772
10, 17, 561, 739, -0.6141915917396545
10, 18, 223, 503, -2.0873725414276123
10, 19, 542, 736, -0.69974684715271
10, 20, 238, 472, -2.0903515815734863
10, 21, 526, 719, -0.5684529542922974
10, 22, 229, 473, -1.9126075506210327
10, 23, 414, 705, 0.04238513484597206
10, 24, 234, 698, -0.038282182067632675
10, 25, 392, 996, -0.058355607092380524
10, 26, 232, 981, -0.19152899086475372
10, 27, 383, 1267, 0.5573188066482544
10, 28, 221, 1259, 0.247910737991333
10, 29, 383, 1309, 0.5737024545669556
10, 30, 210, 1302, 0.2637849748134613
10, 31, 367, 1348, -0.06578432768583298
10, 32, 257, 1345, -0.4395330846309662
11, 0, 333, 179, -1.1660022735595703
11, 1, 351, 151, -1.0735448598861694
11, 2, 364, 150, -1.0739136934280396
11, 3, 373, 150, -1.0734734535217285
11, 4, 310, 155, -1.0943710803985596
11, 5, 297, 157, -1.0945186614990234
11, 6, 287, 158, -1.0952894687652588
11, 7, 392, 168, -0.5507834553718567
11, 8, 274, 175, -0.6311696171760559
11, 9, 360, 212, -0.9717180132865906
11, 10, 312, 214, -0.9970835447311401
11, 11, 471, 337, -0.12466777861118317
11, 12, 214, 341, -0.4611089825630188
11, 13, 521, 539, -0.03740205615758896
11, 14, 130, 559, -0.9978070259094238
11, 15, 547, 677, -0.4536612927913666
11, 16, 237, 461, -1.912001371383667
11, 17, 563, 721, -0.5216036438941956
11, 18, 276, 427, -2.0946810245513916
11, 19, 546, 712, -0.5852705240249634
11, 20, 277, 408, -2.070835590362549
11, 21, 530, 697, -0.4931155741214752
11, 22, 269, 414, -1.9212144613265991
11, 23, 418, 706, 0.04177819937467575
11, 24, 236, 706, -0.03785492852330208
11, 25, 404, 1005, 0.02105790004134178
11, 26, 238, 1004, -0.06605545431375504
11, 27, 400, 1274, 0.701003909111023
11, 28, 247, 1271, 0.4368813633918762
11, 29, 401, 1316, 0.7228508591651917
11, 30, 239, 1311, 0.4644734859466553
11, 31, 390, 1351, 0.08884508907794952
11, 32, 288, 1352, -0.23983308672904968
12, 0, 333, 179, -1.2210737466812134
12, 1, 352, 151, -1.1262691020965576
12, 2, 364, 150, -1.1264708042144775
12, 3, 373, 150, -1.1258692741394043
12, 4, 310, 155, -1.1460124254226685
12, 5, 297, 157, -1.1460856199264526
12, 6, 288, 158, -1.146679401397705
12, 7, 393, 168, -0.5764567852020264
12, 8, 274, 175, -0.6468310952186584
12, 9, 360, 211, -1.0232398509979248
12, 10, 312, 214, -1.0447887182235718
12, 11, 471, 338, -0.13883186876773834
12, 12, 219, 343, -0.5375413298606873
12, 13, 520, 547, -0.034843187779188156
12, 14, 142, 587, -1.102174162864685
12, 15, 549, 687, -0.36105966567993164
12, 16, 256, 433, -1.9443632364273071
12, 17, 568, 734, -0.41330569982528687
12, 18, 296, 386, -2.118750810623169
12, 19, 551, 727, -0.47284212708473206
12, 20, 292, 365, -2.082685947418213
12, 21, 533, 711, -0.3994767367839813
12, 22, 285, 374, -1.9448139667510986
12, 23, 427, 709, 0.03961792588233948
12, 24, 239, 715, -0.03596074879169464
12, 25, 417, 1013, 0.0883721336722374
12, 26, 247, 1018, 0.0010105951223522425
12, 27, 415, 1279, 0.8180569410324097
12, 28, 259, 1281, 0.5430055856704712
12, 29, 417, 1320, 0.8446507453918457
12, 30, 251, 1318, 0.5781150460243225
12, 31, 405, 1358, 0.21130307018756866
12, 32, 299, 1364, -0.13124458491802216
13, 0, 332, 178, -1.2285425662994385
13, 1, 352, 150, -1.1402809619903564
13, 2, 364, 150, -1.1405084133148193
13, 3, 373, 150, -1.1398717164993286
13, 4, 310, 154, -1.1584917306900024
13, 5, 297, 155, -1.158592700958252
13, 6, 288, 157, -1.1592495441436768
13, 7, 393, 167, -0.6053914427757263
13, 8, 274, 174, -0.6668615937232971
13, 9, 360, 211, -1.0344626903533936
13, 10, 311, 213, -1.0537749528884888
13, 11, 471, 339, -0.16012027859687805
13, 12, 221, 340, -0.5622405409812927
13, 13, 520, 548, -0.08909536898136139
13, 14, 164, 585, -1.1126517057418823
13, 15, 543, 696, -0.4652884602546692
13, 16, 263, 401, -1.9651069641113281
13, 17, 561, 747, -0.5262693166732788
13, 18, 289, 351, -2.1482367515563965
13, 19, 543, 741, -0.5627821683883667
13, 20, 287, 331, -2.1193089485168457
13, 21, 525, 723, -0.5022405385971069
13, 22, 283, 340, -1.970261573791504
13, 23, 430, 709, 0.041263647377491
13, 24, 240, 713, -0.037813518196344376
13, 25, 418, 1012, 0.10485520213842392
13, 26, 248, 1014, -0.023328300565481186
13, 27, 415, 1279, 0.8214763402938843
13, 28, 257, 1278, 0.5105162262916565
13, 29, 417, 1319, 0.8483617901802063
13, 30, 250, 1316, 0.5444647073745728
13, 31, 403, 1358, 0.22048166394233704
13, 32, 295, 1362, -0.15257024765014648
14, 0, 331, 177, -1.21929132938385
14, 1, 350, 149, -1.131519079208374
14, 2, 364, 149, -1.1318007707595825
14, 3, 373, 149, -1.1313130855560303
14, 4, 309, 153, -1.151702642440796
14, 5, 296, 154, -1.1517574787139893
14, 6, 287, 155, -1.1524381637573242
14, 7, 393, 166, -0.6066151857376099
14, 8, 274, 174, -0.6593090295791626
14, 9, 359, 210, -1.0270609855651855
14, 10, 309, 212, -1.0488131046295166
14, 11, 471, 339, -0.1714330017566681
14, 12, 222, 335, -0.5585238933563232
14, 13, 526, 544, -0.0839504674077034
14, 14, 177, 568, -1.1485466957092285
14, 15, 550, 696, -0.4058261811733246
14, 16, 273, 368, -2.0097126960754395
14, 17, 570, 747, -0.4590286612510681
14, 18, 288, 321, -2.1965572834014893
14, 19, 550, 741, -0.5075410604476929
14, 20, 286, 305, -2.1594250202178955
14, 21, 530, 723, -0.4420938491821289
14, 22, 286, 317, -2.0144925117492676
14, 23, 431, 707, 0.03547706454992294
14, 24, 240, 712, -0.032116763293743134
14, 25, 420, 1012, 0.09487708657979965
14, 26, 252, 1011, -0.026983201503753662
14, 27, 416, 1279, 0.7764452695846558
14, 28, 258, 1276, 0.48464131355285645
14, 29, 418, 1318, 0.8003357648849487
14, 30, 252, 1315, 0.5166842937469482
14, 31, 402, 1357, 0.16881214082241058
14, 32, 293, 1361, -0.18298344314098358
15, 0, 330, 177, -1.2021653652191162
15, 1, 350, 149, -1.1216169595718384
15, 2, 364, 149, -1.1217906475067139
15, 3, 373, 149, -1.1212042570114136
15, 4, 308, 153, -1.134258508682251
15, 5, 296, 154, -1.134263277053833
15, 6, 286, 155, -1.1348097324371338
15, 7, 393, 166, -0.6090123653411865
15, 8, 273, 173, -0.6556047201156616
15, 9, 358, 210, -1.0229889154434204
15, 10, 307, 212, -1.0346379280090332
15, 11, 473, 341, -0.21180932223796844
15, 12, 221, 334, -0.5554127097129822
15, 13, 526, 544, -0.17180927097797394
15, 14, 183, 584, -1.1335370540618896
15, 15, 547, 697, -0.5191477537155151
15, 16, 273, 365, -2.007988452911377
15, 17, 569, 748, -0.5816858410835266
15, 18, 283, 313, -2.1985628604888916
15, 19, 547, 743, -0.6184209585189819
15, 20, 278, 295, -2.1533665657043457
15, 21, 527, 724, -0.5546945929527283
15, 22, 280, 309, -2.011340618133545
15, 23, 431, 707, 0.027846861630678177
15, 24, 240, 712, -0.024378979578614235
15, 25, 419, 1014, 0.0388457216322422
15, 26, 252, 1013, -0.060483772307634354
15, 27, 415, 1281, 0.7122830152511597
15, 28, 259, 1278, 0.469072163105011
15, 29, 418, 1320, 0.7354223728179932
15, 30, 255, 1315, 0.498506635427475
15, 31, 401, 1359, 0.09206746518611908
15, 32, 292, 1362, -0.1932605504989624
16, 0, 329, 177, -1.164747953414917
16, 1, 350, 150, -1.0827676057815552
16, 2, 363, 149, -1.0829269886016846
16, 3, 373, 150, -1.0824077129364014
16, 4, 308, 153, -1.0977532863616943
16, 5, 295, 154, -1.097755789756775
16, 6, 286, 155, -1.0983211994171143
16, 7, 393, 168, -0.5887268781661987
16, 8, 272, 173, -0.6400793790817261
16, 9, 357, 211, -0.987747073173523
16, 10, 306, 212, -1.0022870302200317
16, 11, 473, 341, -0.2102338820695877
16, 12, 219, 335, -0.5553284883499146
16, 13, 526, 546, -0.16149887442588806
16, 14, 188, 584, -1.1477291584014893
16, 15, 547, 700, -0.5208371877670288
16, 16, 274, 354, -1.9782030582427979
16, 17, 569, 749, -0.5886667370796204
16, 18, 284, 301, -2.1724722385406494
16, 19, 547, 745, -0.6334043741226196
16, 20, 279, 281, -2.123995780944824
16, 21, 527, 728, -0.5614398717880249
16, 22, 280, 300, -1.9814008474349976
16, 23, 432, 707, 0.03480232506990433
16, 24, 241, 711, -0.031081756576895714
16, 25, 422, 1013, 0.023799335584044456
16, 26, 258, 1012, -0.17094384133815765
16, 27, 424, 1280, 0.672484278678894
16, 28, 267, 1279, 0.28069955110549927
16, 29, 428, 1320, 0.6939907670021057
16, 30, 264, 1317, 0.3043064475059509
16, 31, 407, 1360, 0.05637942999601364
16, 32, 298, 1364, -0.3994174301624298
17, 0, 328, 178, -1.1633347272872925
17, 1, 349, 150, -1.0808281898498535
17, 2, 363, 150, -1.081010103225708
17, 3, 372, 151, -1.080524206161499
17, 4, 307, 153, -1.0978697538375854
17, 5, 295, 154, -1.0978819131851196
17, 6, 285, 155, -1.0984647274017334
17, 7, 392, 169, -0.5860592722892761
17, 8, 272, 174, -0.6417840719223022
17, 9, 355, 211, -0.9837743639945984
17, 10, 304, 212, -1.0011770725250244
17, 11, 473, 341, -0.1903238594532013
17, 12, 218, 336, -0.5661059021949768
17, 13, 526, 545, -0.14038099348545074
17, 14, 189, 581, -1.1396958827972412
17, 15, 548, 694, -0.5057137608528137
17, 16, 280, 349, -1.9406410455703735
17, 17, 570, 742, -0.5757966041564941
17, 18, 290, 298, -2.1299967765808105
17, 19, 548, 738, -0.6316322088241577
17, 20, 284, 277, -2.087310791015625
17, 21, 528, 721, -0.5489867329597473
17, 22, 285, 297, -1.9448010921478271
17, 23, 432, 707, 0.05150522664189339
17, 24, 242, 711, -0.04772017523646355
17, 25, 424, 1013, 0.024563618004322052
17, 26, 264, 1011, -0.1965210884809494
17, 27, 427, 1280, 0.6709631681442261
17, 28, 272, 1281, 0.24779149889945984
17, 29, 430, 1320, 0.6923147439956665
17, 30, 266, 1319, 0.2706625759601593
17, 31, 412, 1360, 0.05873624235391617
17, 32, 308, 1365, -0.4330902099609375
18, 0, 327, 178, -1.1985681056976318
18, 1, 349, 150, -1.115437626838684
18, 2, 363, 150, -1.1155636310577393
18, 3, 372, 151, -1.115052580833435
18, 4, 307, 152, -1.1337387561798096
18, 5, 294, 153, -1.133758306503296
18, 6, 285, 154, -1.1343703269958496
18, 7, 393, 170, -0.6212277412414551
18, 8, 271, 173, -0.6839617490768433
18, 9, 354, 211, -1.01816987991333
18, 10, 303, 212, -1.0370845794677734
18, 11, 473, 344, -0.21860377490520477
18, 12, 215, 336, -0.607574462890625
18, 13, 526, 554, -0.20574314892292023
18, 14, 191, 587, -1.1719176769256592
18, 15, 546, 702, -0.5764058828353882
18, 16, 287, 357, -1.9390872716903687
18, 17, 568, 750, -0.6462953686714172
18, 18, 298, 305, -2.1241161823272705
18, 19, 545, 746, -0.6910094022750854
18, 20, 289, 285, -2.0758824348449707
18, 21, 525, 729, -0.6165410876274109
18, 22, 288, 304, -1.940651297569275
18, 23, 432, 707, 0.056516408920288086
18, 24, 241, 712, -0.05264177918434143
18, 25, 423, 1014, 0.02963690087199211
18, 26, 263, 1011, -0.1904861181974411
18, 27, 425, 1281, 0.6894584894180298
18, 28, 269, 1282, 0.27069181203842163
18, 29, 427, 1321, 0.7125104069709778
18, 30, 263, 1321, 0.29479846358299255
18, 31, 410, 1363, 0.07194758206605911
18, 32, 305, 1368, -0.41331058740615845
19, 0, 327, 178, -1.2874871492385864
19, 1, 349, 150, -1.2114143371582031
19, 2, 363, 150, -1.2115048170089722
19, 3, 373, 151, -1.2110075950622559
19, 4, 307, 152, -1.225419044494629
19, 5, 293, 152, -1.225359559059143
19, 6, 284, 153, -1.2259589433670044
19, 7, 394, 171, -0.7259261012077332
19, 8, 269, 173, -0.7699236273765564
19, 9, 354, 211, -1.1076018810272217
19, 10, 301, 212, -1.1210495233535767
19, 11, 475, 346, -0.3234880566596985
19, 12, 208, 337, -0.664108395576477
19, 13, 525, 560, -0.2924579679965973
19, 14, 192, 594, -1.2281768321990967
19, 15, 543, 707, -0.6414204835891724
19, 16, 290, 360, -2.0090270042419434
19, 17, 565, 755, -0.7069625854492188
19, 18, 307, 303, -2.1903111934661865
19, 19, 544, 750, -0.7499893307685852
19, 20, 292, 281, -2.1335742473602295
19, 21, 523, 732, -0.6791360378265381
19, 22, 290, 301, -2.006274700164795
19, 23, 432, 707, 0.044836126267910004
19, 24, 240, 711, -0.04095224291086197
19, 25, 422, 1014, 0.019638944417238235
19, 26, 259, 1011, -0.14283110201358795
19, 27, 424, 1281, 0.6899642944335938
19, 28, 268, 1282, 0.3358306288719177
19, 29, 427, 1321, 0.7128775119781494
19, 30, 262, 1321, 0.3622061610221863
19, 31, 404, 1363, 0.06595730036497116
19, 32, 297, 1367, -0.3548838496208191
20, 0, 325, 178, -1.3440792560577393
20, 1, 349, 150, -1.269956111907959
20, 2, 363, 150, -1.270076036453247
20, 3, 372, 151, -1.269494891166687
20, 4, 306, 151, -1.2802734375
20, 5, 293, 152, -1.2802684307098389
20, 6, 283, 152, -1.2810180187225342
20, 7, 394, 171, -0.7783612012863159
20, 8, 269, 173, -0.8031947016716003
20, 9, 353, 212, -1.1632159948349
20, 10, 301, 212, -1.1709142923355103
20, 11, 475, 346, -0.36490166187286377
20, 12, 208, 334, -0.6849120855331421
20, 13, 525, 562, -0.2926139533519745
20, 14, 189, 567, -1.2301985025405884
20, 15, 543, 713, -0.6269362568855286
20, 16, 287, 361, -1.9917945861816406
20, 17, 565, 763, -0.691249430179596
20, 18, 316, 307, -2.165729284286499
20, 19, 545, 758, -0.7422522306442261
20, 20, 301, 283, -2.114344358444214
20, 21, 524, 738, -0.6663974523544312
20, 22, 296, 301, -1.9887107610702515
20, 23, 432, 706, 0.029858142137527466
20, 24, 239, 708, -0.026380380615592003
20, 25, 422, 1013, 0.03506237268447876
20, 26, 253, 1010, 0.016667934134602547
20, 27, 419, 1279, 0.7711207866668701
20, 28, 258, 1277, 0.5576027631759644
20, 29, 422, 1317, 0.8001397848129272
20, 30, 253, 1313, 0.5927004218101501
20, 31, 398, 1362, 0.1460595726966858
20, 32, 282, 1365, -0.11566350609064102
21, 0, 325, 179, -1.3520232439041138
21, 1, 349, 150, -1.282764196395874
21, 2, 363, 150, -1.2829740047454834
21, 3, 372, 151, -1.2823927402496338
21, 4, 306, 152, -1.293406367301941
21, 5, 293, 152, -1.2934553623199463
21, 6, 283, 153, -1.2941741943359375
21, 7, 394, 171, -0.7939109802246094
21, 8, 269, 173, -0.8217612504959106
21, 9, 353, 213, -1.1689348220825195
21, 10, 301, 213, -1.1777174472808838
21, 11, 474, 345, -0.36446526646614075
21, 12, 208, 330, -0.6707482933998108
21, 13, 528, 560, -0.2710549831390381
21, 14, 190, 581, -1.1816681623458862
21, 15, 549, 712, -0.606531023979187
21, 16, 284, 363, -1.9645254611968994
21, 17, 571, 761, -0.6692208051681519
21, 18, 310, 309, -2.138148546218872
21, 19, 553, 757, -0.7259474396705627
21, 20, 296, 286, -2.0931406021118164
21, 21, 531, 737, -0.6471814513206482
21, 22, 293, 302, -1.9636719226837158
21, 23, 433, 702, 0.02202724665403366
21, 24, 239, 704, -0.018679438158869743
21, 25, 422, 1011, 0.03164828568696976
21, 26, 250, 1010, 0.007603014353662729
21, 27, 418, 1276, 0.7541226148605347
21, 28, 257, 1274, 0.5240364074707031
21, 29, 422, 1314, 0.7807154059410095
21, 30, 253, 1309, 0.5565580725669861
21, 31, 398, 1359, 0.13266225159168243
21, 32, 280, 1363, -0.14828206598758698
22, 0, 325, 181, -1.3619861602783203
22, 1, 349, 151, -1.294671893119812
22, 2, 363, 151, -1.2948453426361084
22, 3, 372, 152, -1.2942359447479248
22, 4, 306, 153, -1.3040220737457275
22, 5, 293, 154, -1.3040783405303955
22, 6, 283, 154, -1.3047912120819092
22, 7, 394, 172, -0.8095628619194031
22, 8, 269, 173, -0.8330132365226746
22, 9, 353, 214, -1.179739236831665
22, 10, 301, 214, -1.1870440244674683
22, 11, 474, 345, -0.3748006522655487
22, 12, 209, 330, -0.6765998005867004
22, 13, 528, 559, -0.2764316499233246
22, 14, 190, 588, -1.1756591796875
22, 15, 549, 711, -0.606833279132843
22, 16, 284, 366, -1.9514691829681396
22, 17, 571, 760, -0.665659487247467
22, 18, 307, 312, -2.122034788131714
22, 19, 553, 755, -0.723115086555481
22, 20, 293, 291, -2.0781140327453613
22, 21, 532, 736, -0.6468278169631958
22, 22, 292, 306, -1.950237512588501
22, 23, 434, 702, 0.019192660227417946
22, 24, 239, 704, -0.01591503992676735
22, 25, 422, 1011, 0.03319547325372696
22, 26, 248, 1009, 0.009000915102660656
22, 27, 416, 1276, 0.7532275915145874
22, 28, 253, 1273, 0.5250271558761597
22, 29, 419, 1314, 0.7803040146827698
22, 30, 251, 1308, 0.5575488805770874
22, 31, 396, 1359, 0.1360815316438675
22, 32, 275, 1362, -0.1471945345401764
23, 0, 325, 181, -1.343592882156372
23, 1, 349, 152, -1.2759253978729248
23, 2, 363, 152, -1.2761359214782715
23, 3, 373, 152, -1.2755826711654663
23, 4, 306, 154, -1.2840547561645508
23, 5, 293, 154, -1.2840850353240967
23, 6, 283, 155, -1.2847667932510376
23, 7, 394, 172, -0.7967444658279419
23, 8, 270, 173, -0.8140371441841125
23, 9, 353, 215, -1.163985252380371
23, 10, 301, 215, -1.1697375774383545
23, 11, 475, 345, -0.3811512291431427
23, 12, 210, 330, -0.6597287058830261
23, 13, 529, 559, -0.2917100787162781
23, 14, 190, 590, -1.162894368171692
23, 15, 551, 710, -0.6151593923568726
23, 16, 284, 366, -1.9495033025741577
23, 17, 573, 760, -0.6755095720291138
23, 18, 307, 310, -2.104959011077881
23, 19, 555, 755, -0.7314611673355103
23, 20, 295, 290, -2.0440545082092285
23, 21, 534, 736, -0.654046893119812
23, 22, 294, 305, -1.935652732849121
23, 23, 434, 702, 0.010235091671347618
23, 24, 239, 703, -0.007021402008831501
23, 25, 421, 1011, 0.02525516413152218
23, 26, 246, 1010, 0.014752449467778206
23, 27, 411, 1276, 0.7522957921028137
23, 28, 250, 1273, 0.5181852579116821
23, 29, 413, 1315, 0.7780131697654724
23, 30, 248, 1308, 0.5497989058494568
23, 31, 392, 1360, 0.1319059133529663
23, 32, 270, 1363, -0.15131089091300964
24, 0, 325, 182, -1.3333141803741455
24, 1, 350, 152, -1.2642838954925537
24, 2, 363, 152, -1.2644875049591064
24, 3, 373, 152, -1.2639110088348389
24, 4, 306, 154, -1.272887945175171
24, 5, 293, 154, -1.272965669631958
24, 6, 283, 155, -1.2736279964447021
24, 7, 395, 171, -0.7853401899337769
24, 8, 270, 173, -0.8065378069877625
24, 9, 354, 215, -1.154292345046997
24, 10, 301, 215, -1.1610133647918701
24, 11, 475, 345, -0.3762798309326172
24, 12, 211, 330, -0.653838038444519
24, 13, 530, 558, -0.29971522092819214
24, 14, 190, 559, -1.1166889667510986
24, 15, 551, 709, -0.6553446054458618
24, 16, 284, 367, -1.8627262115478516
24, 17, 572, 758, -0.7227743268013
24, 18, 309, 313, -2.0245003700256348
24, 19, 554, 752, -0.7833384871482849
24, 20, 295, 290, -1.967991590499878
24, 21, 534, 733, -0.696222722530365
24, 22, 294, 306, -1.8539164066314697
24, 23, 434, 702, 0.01082665752619505
24, 24, 239, 703, -0.007536546792834997
24, 25, 420, 1011, 0.02443353459239006
24, 26, 244, 1009, 0.0029511640314012766
24, 27, 410, 1276, 0.7398704290390015
24, 28, 248, 1272, 0.4947982430458069
24, 29, 412, 1314, 0.766897439956665
24, 30, 247, 1307, 0.5247036218643188
24, 31, 391, 1359, 0.129903644323349
24, 32, 269, 1360, -0.17141255736351013
25, 0, 326, 182, -1.3465807437896729
25, 1, 350, 152, -1.2758731842041016
25, 2, 363, 152, -1.2760751247406006
25, 3, 373, 152, -1.275486707687378
25, 4, 306, 154, -1.287726640701294
25, 5, 293, 155, -1.287872076034546
25, 6, 283, 155, -1.28853440284729
25, 7, 395, 171, -0.7858648300170898
25, 8, 271, 173, -0.8241990804672241
25, 9, 355, 215, -1.163219928741455
25, 10, 302, 215, -1.1746474504470825
25, 11, 475, 344, -0.36159807443618774
25, 12, 211, 329, -0.6551732420921326
25, 13, 533, 551, -0.28133606910705566
25, 14, 189, 545, -1.126117467880249
25, 15, 554, 700, -0.6335554122924805
25, 16, 284, 368, -1.881582260131836
25, 17, 574, 749, -0.7000465393066406
25, 18, 311, 315, -2.0448496341705322
25, 19, 557, 742, -0.7609652876853943
25, 20, 296, 292, -1.9925886392593384
25, 21, 537, 724, -0.675037682056427
25, 22, 295, 307, -1.8749974966049194
25, 23, 434, 701, 0.012229006737470627
25, 24, 239, 702, -0.008851733058691025
25, 25, 418, 1010, 0.024682048708200455
25, 26, 241, 1008, -0.002335076918825507
25, 27, 408, 1275, 0.73326575756073
25, 28, 246, 1269, 0.4883057177066803
25, 29, 410, 1313, 0.7605931162834167
25, 30, 244, 1304, 0.51771080493927
25, 31, 390, 1357, 0.12913599610328674
25, 32, 267, 1356, -0.1774129420518875
26, 0, 326, 182, -1.3391720056533813
26, 1, 350, 152, -1.2663025856018066
26, 2, 363, 152, -1.2665318250656128
26, 3, 373, 153, -1.2659908533096313
26, 4, 307, 154, -1.2768480777740479
26, 5, 294, 155, -1.2769720554351807
26, 6, 283, 155, -1.277622103691101
26, 7, 395, 171, -0.773594319820404
26, 8, 272, 172, -0.8158984184265137
26, 9, 355, 215, -1.1548994779586792
26, 10, 302, 215, -1.1648752689361572
26, 11, 474, 344, -0.3534526228904724
26, 12, 211, 330, -0.6196142435073853
26, 13, 533, 549, -0.27139097452163696
26, 14, 183, 566, -1.1091231107711792
26, 15, 555, 700, -0.6241628527641296
26, 16, 283, 368, -1.892572045326233
26, 17, 575, 749, -0.6877082586288452
26, 18, 312, 318, -2.0634207725524902
26, 19, 557, 742, -0.7558554410934448
26, 20, 298, 296, -2.0091099739074707
26, 21, 538, 724, -0.664939284324646
26, 22, 297, 310, -1.8871082067489624
26, 23, 433, 702, 0.0008754867012612522
26, 24, 239, 704, 0.0024199499748647213
26, 25, 418, 1011, -0.011748475953936577
26, 26, 241, 1010, -0.0009685973636806011
26, 27, 408, 1277, 0.6663131713867188
26, 28, 247, 1272, 0.48035353422164917
26, 29, 410, 1316, 0.6909545660018921
26, 30, 247, 1307, 0.5102725028991699
26, 31, 391, 1358, 0.05366579443216324
26, 32, 268, 1358, -0.18825139105319977
27, 0, 326, 182, -1.3621236085891724
27, 1, 350, 152, -1.2875621318817139
27, 2, 363, 152, -1.2877570390701294
27, 3, 373, 153, -1.2871980667114258
27, 4, 307, 154, -1.2959372997283936
27, 5, 294, 155, -1.2960283756256104
27, 6, 284, 155, -1.2967021465301514
27, 7, 395, 171, -0.7819868326187134
27, 8, 273, 172, -0.810731053352356
27, 9, 355, 215, -1.1737282276153564
27, 10, 302, 215, -1.1805078983306885
27, 11, 473, 344, -0.3576754033565521
27, 12, 211, 329, -0.6200344562530518
27, 13, 533, 549, -0.26897457242012024
27, 14, 176, 546, -1.1169238090515137
27, 15, 552, 705, -0.619674026966095
27, 16, 283, 377, -1.9120941162109375
27, 17, 571, 756, -0.6863478422164917
27, 18, 322, 326, -2.085930824279785
27, 19, 553, 749, -0.7508686780929565
27, 20, 307, 301, -2.031686544418335
27, 21, 534, 730, -0.6604863405227661
27, 22, 303, 311, -1.905954360961914
27, 23, 432, 704, -0.0009188213152810931
27, 24, 237, 706, 0.004157380200922489
27, 25, 415, 1013, -0.006446609739214182
27, 26, 239, 1011, 0.027971405535936356
27, 27, 405, 1278, 0.6961515545845032
27, 28, 244, 1273, 0.5281648635864258
27, 29, 406, 1317, 0.7230423092842102
27, 30, 243, 1309, 0.5600621104240417
27, 31, 386, 1360, 0.07831696420907974
27, 32, 263, 1359, -0.13963715732097626
28, 0, 326, 181, -1.3609565496444702
28, 1, 350, 152, -1.276041865348816
28, 2, 363, 152, -1.2762484550476074
28, 3, 373, 153, -1.2756441831588745
28, 4, 308, 154, -1.2945116758346558
28, 5, 295, 155, -1.294378399848938
28, 6, 285, 155, -1.294914722442627
28, 7, 395, 171, -0.739851713180542
28, 8, 274, 172, -0.8086284399032593
28, 9, 355, 215, -1.1568670272827148
28, 10, 303, 214, -1.1790482997894287
28, 11, 469, 342, -0.29463180899620056
28, 12, 211, 328, -0.6197437644004822
28, 13, 524, 549, -0.2230253964662552
28, 14, 170, 533, -1.1071512699127197
28, 15, 543, 696, -0.6185892820358276
28, 16, 287, 381, -1.810807228088379
28, 17, 561, 744, -0.681816816329956
28, 18, 332, 333, -1.9740660190582275
28, 19, 545, 736, -0.7452188730239868
28, 20, 320, 308, -1.9227110147476196
28, 21, 526, 718, -0.6583518385887146
28, 22, 313, 317, -1.8022725582122803
28, 23, 429, 704, 0.013105045072734356
28, 24, 237, 706, -0.010083844885230064
28, 25, 414, 1011, 0.03561245650053024
28, 26, 240, 1008, 0.01470000296831131
28, 27, 405, 1275, 0.719875693321228
28, 28, 245, 1270, 0.5108024477958679
28, 29, 407, 1313, 0.7467860579490662
28, 30, 243, 1306, 0.5416088104248047
28, 31, 387, 1358, 0.11800632625818253
28, 32, 268, 1355, -0.15103821456432343
29, 0, 327, 181, -1.210900068283081
29, 1, 350, 152, -1.1220648288726807
29, 2, 363, 152, -1.1222996711730957
29, 3, 373, 153, -1.1217708587646484
29, 4, 308, 154, -1.1382933855056763
29, 5, 295, 155, -1.1383005380630493
29, 6, 285, 155, -1.1389944553375244
29, 7, 395, 171, -0.5893005728721619
29, 8, 276, 172, -0.6526487469673157
29, 9, 355, 214, -1.0139139890670776
29, 10, 304, 213, -1.0326790809631348
29, 11, 467, 340, -0.15447726845741272
29, 12, 214, 327, -0.5132302641868591
29, 13, 517, 516, -0.07533714175224304
29, 14, 157, 524, -1.0384634733200073
29, 15, 541, 696, -0.43041640520095825
29, 16, 285, 405, -1.794104814529419
29, 17, 558, 745, -0.493947833776474
29, 18, 335, 372, -1.9596621990203857
29, 19, 542, 737, -0.558029294013977
29, 20, 328, 349, -1.9081799983978271
29, 21, 524, 719, -0.47184616327285767
29, 22, 317, 353, -1.786592721939087
29, 23, 428, 707, 0.033223919570446014
29, 24, 238, 707, -0.029930224642157555
29, 25, 414, 1013, 0.06433786451816559
29, 26, 244, 1009, -0.022394977509975433
29, 27, 405, 1278, 0.7414685487747192
29, 28, 246, 1274, 0.4624395966529846
29, 29, 406, 1316, 0.766074538230896
29, 30, 242, 1312, 0.489952951669693
29, 31, 388, 1360, 0.14361970126628876
29, 32, 271, 1358, -0.19640441238880157
30, 0, 330, 180, -1.118438482284546
30, 1, 352, 152, -1.0179716348648071
30, 2, 364, 152, -1.0183244943618774
30, 3, 374, 153, -1.01784348487854
30, 4, 310, 153, -1.0458805561065674
30, 5, 297, 154, -1.0460284948349
30, 6, 287, 155, -1.0468286275863647
30, 7, 395, 171, -0.4603548049926758
30, 8, 277, 172, -0.5752414464950562
30, 9, 356, 213, -0.9132366180419922
30, 10, 308, 213, -0.9467936754226685
30, 11, 462, 339, -0.004040891770273447
30, 12, 218, 327, -0.5072628259658813
30, 13, 513, 517, 0.0617709755897522
30, 14, 135, 527, -1.0544157028198242
30, 15, 536, 688, -0.29217174649238586
30, 16, 291, 437, -1.8164682388305664
30, 17, 554, 738, -0.35158202052116394
30, 18, 348, 404, -1.9921302795410156
30, 19, 537, 730, -0.42368537187576294
30, 20, 349, 382, -1.9136364459991455
30, 21, 522, 713, -0.3377496004104614
30, 22, 335, 392, -1.7957767248153687
30, 23, 426, 717, 0.09812705963850021
30, 24, 240, 720, -0.09441050887107849
30, 25, 420, 1025, 0.10708532482385635
30, 26, 258, 1026, -0.16524019837379456
30, 27, 411, 1294, 0.7603814601898193
30, 28, 257, 1300, 0.2836533486843109
30, 29, 409, 1337, 0.7803525328636169
30, 30, 245, 1343, 0.30458492040634155
30, 31, 409, 1374, 0.16910089552402496
30, 32, 304, 1378, -0.3854600191116333
31, 0, 333, 178, -1.1270627975463867
31, 1, 353, 151, -1.027841329574585
31, 2, 365, 152, -1.0283191204071045
31, 3, 374, 153, -1.0279948711395264
31, 4, 314, 153, -1.0555781126022339
31, 5, 300, 154, -1.055864691734314
31, 6, 289, 155, -1.056768774986267
31, 7, 395, 171, -0.4715708792209625
31, 8, 278, 171, -0.5884073972702026
31, 9, 357, 212, -0.9221606254577637
31, 10, 311, 211, -0.9560192823410034
31, 11, 463, 341, -0.034124571830034256
31, 12, 216, 330, -0.41838183999061584
31, 13, 514, 522, -0.016858305782079697
31, 14, 125, 529, -0.6804627180099487
31, 15, 511, 641, -0.5409902930259705
31, 16, 233, 556, -1.4212071895599365
31, 17, 514, 684, -0.6838600635528564
31, 18, 263, 588, -1.6036409139633179
31, 19, 500, 667, -0.7613397836685181
31, 20, 284, 558, -1.6388108730316162
31, 21, 492, 652, -0.5987704396247864
31, 22, 275, 549, -1.452182650566101
31, 23, 420, 720, 0.08076276630163193
31, 24, 238, 719, -0.07716788351535797
31, 25, 405, 1013, 0.04518483579158783
31, 26, 249, 1002, -0.19266070425510406
31, 27, 401, 1293, 0.6583178639411926
31, 28, 237, 1295, 0.2554033398628235
31, 29, 400, 1336, 0.6756196022033691
31, 30, 223, 1339, 0.27282029390335083
31, 31, 392, 1373, 0.052615415304899216
31, 32, 286, 1376, -0.4265514016151428
32, 0, 334, 176, -1.1348718404769897
32, 1, 354, 151, -1.0416831970214844
32, 2, 366, 151, -1.042159080505371
32, 3, 375, 152, -1.042039155960083
32, 4, 316, 152, -1.0667262077331543
32, 5, 303, 154, -1.0667649507522583
32, 6, 291, 154, -1.0675208568572998
32, 7, 395, 170, -0.514491617679596
32, 8, 279, 171, -0.617035984992981
32, 9, 358, 210, -0.9422889947891235
32, 10, 313, 210, -0.9717475175857544
32, 11, 465, 341, -0.08846941590309143
32, 12, 216, 332, -0.4400610029697418
32, 13, 515, 530, 0.03446749597787857
32, 14, 133, 510, -0.4259578287601471
32, 15, 517, 663, -0.4416128993034363
32, 16, 146, 678, -0.9414899945259094
32, 17, 518, 707, -0.5631967782974243
32, 18, 136, 732, -1.0924580097198486
32, 19, 515, 702, -0.6828833818435669
32, 20, 165, 729, -1.193759560585022
32, 21, 506, 687, -0.5105999708175659
32, 22, 175, 711, -0.997054398059845
32, 23, 420, 719, 0.07885389775037766
32, 24, 241, 719, -0.07580960541963577
32, 25, 406, 1014, -0.033565644174814224
32, 26, 249, 1005, -0.20035631954669952
32, 27, 402, 1293, 0.5580719709396362
32, 28, 239, 1295, 0.21905596554279327
32, 29, 401, 1335, 0.5734369158744812
32, 30, 224, 1338, 0.23364901542663574
32, 31, 392, 1372, -0.06310364603996277
32, 32, 288, 1374, -0.4827953279018402
33, 0, 337, 175, -1.15239679813385
33, 1, 356, 150, -1.0610265731811523
33, 2, 367, 150, -1.061495304107666
33, 3, 376, 152, -1.0614022016525269
33, 4, 318, 151, -1.0844799280166626
33, 5, 305, 153, -1.0843884944915771
33, 6, 293, 154, -1.0850791931152344
33, 7, 395, 170, -0.5430871248245239
33, 8, 281, 171, -0.6370804309844971
33, 9, 359, 209, -0.9639394879341125
33, 10, 315, 209, -0.9910479784011841
33, 11, 468, 342, -0.12373999506235123
33, 12, 215, 338, -0.47012442350387573
33, 13, 515, 537, 0.01248973049223423
33, 14, 137, 510, -0.47100043296813965
33, 15, 536, 682, -0.4179404675960541
33, 16, 129, 698, -0.9744094610214233
33, 17, 548, 728, -0.5200092792510986
33, 18, 112, 751, -1.1238559484481812
33, 19, 546, 730, -0.6379246711730957
33, 20, 139, 752, -1.226123332977295
33, 21, 532, 713, -0.48590582609176636
33, 22, 152, 733, -1.0321475267410278
33, 23, 429, 720, 0.06467358022928238
33, 24, 249, 721, -0.061095040291547775
33, 25, 415, 1021, -0.01640697568655014
33, 26, 259, 1018, -0.16281169652938843
33, 27, 416, 1298, 0.610173761844635
33, 28, 258, 1301, 0.2800895571708679
33, 29, 417, 1340, 0.6294205784797668
33, 30, 247, 1344, 0.3011907935142517
33, 31, 404, 1377, -0.005579927936196327
33, 32, 303, 1381, -0.4006194472312927
34, 0, 338, 175, -1.1946171522140503
34, 1, 358, 150, -1.1031768321990967
34, 2, 368, 150, -1.103768229484558
34, 3, 378, 151, -1.1040022373199463
34, 4, 320, 151, -1.133787989616394
34, 5, 307, 153, -1.1336538791656494
34, 6, 294, 154, -1.134364366531372
34, 7, 396, 170, -0.5858551263809204
34, 8, 282, 171, -0.7096741795539856
34, 9, 361, 209, -1.0061005353927612
34, 10, 316, 209, -1.0418736934661865
34, 11, 469, 343, -0.14907585084438324
34, 12, 214, 340, -0.49144238233566284
34, 13, 515, 538, -0.003591212909668684
34, 14, 139, 510, -0.4924844205379486
34, 15, 545, 686, -0.42576080560684204
34, 16, 130, 698, -0.9849241375923157
34, 17, 562, 731, -0.5223151445388794
34, 18, 116, 752, -1.129625678062439
34, 19, 558, 735, -0.6377524137496948
34, 20, 141, 751, -1.2345629930496216
34, 21, 541, 718, -0.4930724501609802
34, 22, 153, 732, -1.0423476696014404
34, 23, 430, 720, 0.05478289723396301
34, 24, 249, 721, -0.0510660819709301
34, 25, 416, 1022, -0.016507914289832115
34, 26, 258, 1020, -0.14630207419395447
34, 27, 417, 1298, 0.6194772124290466
34, 28, 259, 1300, 0.30831384658813477
34, 29, 418, 1341, 0.639184832572937
34, 30, 249, 1343, 0.3306601643562317
34, 31, 404, 1379, -0.0018765641143545508
34, 32, 301, 1381, -0.3749925494194031
35, 0, 340, 175, -1.1963484287261963
35, 1, 359, 150, -1.106917142868042
35, 2, 369, 150, -1.1074274778366089
35, 3, 379, 151, -1.107496738433838
35, 4, 321, 151, -1.134088397026062
35, 5, 308, 153, -1.1340210437774658
35, 6, 295, 154, -1.134734869003296
35, 7, 397, 170, -0.5892891883850098
35, 8, 283, 171, -0.7117300629615784
35, 9, 362, 209, -1.007022738456726
35, 10, 317, 209, -1.044680118560791
35, 11, 470, 343, -0.1547601819038391
35, 12, 214, 341, -0.4985060691833496
35, 13, 516, 539, 0.002903072629123926
35, 14, 141, 511, -0.48920315504074097
35, 15, 551, 689, -0.4170258045196533
35, 16, 129, 698, -0.9916070103645325
35, 17, 570, 734, -0.5112227201461792
35, 18, 114, 751, -1.1383962631225586
35, 19, 565, 737, -0.6282787919044495
35, 20, 139, 751, -1.2433407306671143
35, 21, 548, 721, -0.4855670928955078
35, 22, 152, 731, -1.0498325824737549
35, 23, 432, 720, 0.05021130293607712
35, 24, 251, 722, -0.04642156884074211
35, 25, 416, 1023, -0.01393025554716587
35, 26, 259, 1021, -0.143483504652977
35, 27, 418, 1298, 0.6220782995223999
35, 28, 260, 1300, 0.316439688205719
35, 29, 419, 1340, 0.6413231492042542
35, 30, 251, 1342, 0.33749839663505554
35, 31, 404, 1378, -0.0007800835883244872
35, 32, 301, 1380, -0.3745301365852356
36, 0, 340, 174, -1.195940375328064
36, 1, 360, 150, -1.1057660579681396
36, 2, 370, 150, -1.1062840223312378
36, 3, 380, 151, -1.1062722206115723
36, 4, 322, 151, -1.132156491279602
36, 5, 309, 152, -1.132094144821167
36, 6, 296, 153, -1.1328257322311401
36, 7, 398, 170, -0.5890374779701233
36, 8, 283, 171, -0.7110046148300171
36, 9, 363, 209, -1.007398009300232
36, 10, 318, 209, -1.0426467657089233
36, 11, 471, 345, -0.15846975147724152
36, 12, 213, 342, -0.49448877573013306
36, 13, 516, 541, -0.003763378830626607
36, 14, 139, 521, -0.4586801528930664
36, 15, 551, 690, -0.42681950330734253
36, 16, 132, 696, -0.970725417137146
36, 17, 570, 735, -0.5215470790863037
36, 18, 117, 750, -1.1189422607421875
36, 19, 564, 738, -0.6317254304885864
36, 20, 142, 747, -1.2260806560516357
36, 21, 546, 722, -0.4934961199760437
36, 22, 154, 728, -1.03059983253479
36, 23, 433, 721, 0.03935021907091141
36, 24, 251, 723, -0.035399410873651505
36, 25, 417, 1024, -0.03152767941355705
36, 26, 259, 1021, -0.15518143773078918
36, 27, 418, 1299, 0.5941235423088074
36, 28, 260, 1300, 0.30109554529190063
36, 29, 419, 1341, 0.6117449998855591
36, 30, 251, 1343, 0.320122092962265
36, 31, 404, 1380, -0.036609962582588196
36, 32, 299, 1381, -0.39960700273513794
37, 0, 341, 173, -1.196171522140503
37, 1, 361, 149, -1.105988621711731
37, 2, 371, 150, -1.1065254211425781
37, 3, 381, 151, -1.106510877609253
37, 4, 323, 150, -1.1315442323684692
37, 5, 309, 151, -1.1314927339553833
37, 6, 296, 153, -1.1322482824325562
37, 7, 399, 170, -0.5905820727348328
37, 8, 284, 171, -0.7104271650314331
37, 9, 364, 209, -1.0082719326019287
37, 10, 318, 208, -1.0417633056640625
37, 11, 474, 346, -0.16867496073246002
37, 12, 213, 343, -0.4897298216819763
37, 13, 517, 544, -0.014853693544864655
37, 14, 139, 530, -0.44527116417884827
37, 15, 554, 693, -0.4345417022705078
37, 16, 132, 700, -0.9486414790153503
37, 17, 574, 739, -0.5420560836791992
37, 18, 119, 753, -1.0945135354995728
37, 19, 567, 741, -0.6612153053283691
37, 20, 141, 752, -1.2062386274337769
37, 21, 549, 725, -0.5096805095672607
37, 22, 154, 732, -1.0108908414840698
37, 23, 434, 724, 0.0280681811273098
37, 24, 251, 725, -0.023967143148183823
37, 25, 417, 1026, -0.0512847900390625
37, 26, 258, 1023, -0.1556997150182724
37, 27, 417, 1301, 0.5690620541572571
37, 28, 258, 1302, 0.29719412326812744
37, 29, 419, 1344, 0.5862391591072083
37, 30, 249, 1345, 0.31508368253707886
37, 31, 402, 1382, -0.0655575841665268
37, 32, 297, 1382, -0.4033001959323883
38, 0, 342, 173, -1.1986907720565796
38, 1, 362, 149, -1.1066642999649048
38, 2, 372, 149, -1.1072543859481812
38, 3, 382, 151, -1.107343077659607
38, 4, 323, 150, -1.1342495679855347
38, 5, 310, 151, -1.1341885328292847
38, 6, 297, 152, -1.1349577903747559
38, 7, 399, 170, -0.5917335152626038
38, 8, 284, 170, -0.7106397151947021
38, 9, 364, 208, -1.009618878364563
38, 10, 319, 208, -1.0447998046875
38, 11, 475, 347, -0.16889715194702148
38, 12, 213, 343, -0.4935692846775055
38, 13, 516, 546, -0.004675647243857384
38, 14, 139, 532, -0.4613840579986572
38, 15, 554, 695, -0.4319826662540436
38, 16, 130, 698, -0.9723654985427856
38, 17, 573, 741, -0.5338155031204224
38, 18, 114, 752, -1.1222152709960938
38, 19, 565, 743, -0.6554415225982666
38, 20, 137, 751, -1.2312978506088257
38, 21, 548, 726, -0.504592776298523
38, 22, 150, 732, -1.0335277318954468
38, 23, 434, 723, 0.028213024139404297
38, 24, 251, 725, -0.02413492649793625
38, 25, 416, 1026, -0.0494999960064888
38, 26, 257, 1022, -0.18077068030834198
38, 27, 416, 1301, 0.5676050782203674
38, 28, 255, 1301, 0.267592191696167
38, 29, 418, 1343, 0.5842537879943848
38, 30, 247, 1345, 0.28448694944381714
38, 31, 400, 1382, -0.06715167313814163
38, 32, 295, 1380, -0.4373355507850647
