0, 0, 357, 120, -1.4514082670211792
0, 1, 384, 90, -1.3838053941726685
0, 2, 398, 90, -1.383967638015747
0, 3, 411, 91, -1.3834831714630127
0, 4, 338, 86, -1.3652466535568237
0, 5, 323, 84, -1.3648933172225952
0, 6, 310, 82, -1.365458607673645
0, 7, 431, 104, -0.8838292360305786
0, 8, 299, 96, -0.7892738580703735
0, 9, 380, 160, -1.2641922235488892
0, 10, 329, 155, -1.2381430864334106
0, 11, 506, 292, -0.48317211866378784
0, 12, 215, 282, -0.38518354296684265
0, 13, 582, 575, -1.017824649810791
0, 14, 143, 516, -0.3645961880683899
0, 15, 522, 440, -2.1035759449005127
0, 16, 154, 675, -1.099748969078064
0, 17, 520, 383, -2.318500518798828
0, 18, 148, 732, -1.2339622974395752
0, 19, 520, 358, -2.256645679473877
0, 20, 174, 704, -1.3096370697021484
0, 21, 508, 368, -2.1108949184417725
0, 22, 184, 687, -1.1472804546356201
0, 23, 458, 711, -0.09047847986221313
0, 24, 243, 707, 0.09620413184165955
0, 25, 447, 1050, -0.13273470103740692
0, 26, 250, 1043, -0.07459375262260437
0, 27, 444, 1345, 0.6074133515357971
0, 28, 253, 1334, 0.47975262999534607
0, 29, 449, 1393, 0.6349600553512573
0, 30, 247, 1381, 0.5138460397720337
0, 31, 410, 1441, -0.10796380043029785
0, 32, 294, 1432, -0.2862935960292816
1, 0, 357, 120, -1.4911155700683594
1, 1, 384, 89, -1.414986252784729
1, 2, 398, 90, -1.4152939319610596
1, 3, 411, 91, -1.414880394935608
1, 4, 338, 86, -1.4121745824813843
1, 5, 323, 84, -1.412254810333252
1, 6, 310, 82, -1.4130220413208008
1, 7, 431, 104, -0.8839869499206543
1, 8, 299, 96, -0.862893283367157
1, 9, 380, 159, -1.286525011062622
1, 10, 329, 155, -1.284242868423462
1, 11, 506, 292, -0.45811596512794495
1, 12, 215, 282, -0.44750699400901794
1, 13, 562, 578, -1.0266681909561157
1, 14, 144, 516, -0.5583736896514893
1, 15, 516, 436, -2.1787614822387695
1, 16, 156, 666, -1.3684918880462646
1, 17, 507, 377, -2.385902166366577
1, 18, 151, 722, -1.51429283618927
1, 19, 514, 352, -2.3358519077301025
1, 20, 176, 695, -1.5776984691619873
1, 21, 503, 367, -2.189081907272339
1, 22, 185, 678, -1.411069631576538
1, 23, 450, 711, -0.05544659495353699
1, 24, 241, 705, 0.06001725792884827
1, 25, 431, 1040, -0.2219836264848709
1, 26, 243, 1022, -0.30954408645629883
1, 27, 426, 1337, 0.33362627029418945
1, 28, 238, 1324, 0.07645082473754883
1, 29, 430, 1383, 0.3450103998184204
1, 30, 232, 1373, 0.08669145405292511
1, 31, 385, 1437, -0.35938000679016113
1, 32, 269, 1423, -0.6554421782493591
2, 0, 356, 119, -1.5630881786346436
2, 1, 384, 89, -1.484089732170105
2, 2, 397, 90, -1.4844257831573486
2, 3, 409, 90, -1.4841374158859253
2, 4, 338, 86, -1.484291672706604
2, 5, 323, 84, -1.4844781160354614
2, 6, 310, 82, -1.4852681159973145
2, 7, 430, 104, -0.9283310770988464
2, 8, 299, 96, -0.9307340383529663
2, 9, 380, 159, -1.3509787321090698
2, 10, 328, 155, -1.353837013244629
2, 11, 506, 292, -0.46616166830062866
2, 12, 215, 282, -0.49916958808898926
2, 13, 553, 583, -1.0377957820892334
2, 14, 144, 516, -0.6059954762458801
2, 15, 512, 435, -2.1943278312683105
2, 16, 166, 655, -1.4149149656295776
2, 17, 502, 377, -2.3999221324920654
2, 18, 166, 709, -1.5657001733779907
2, 19, 511, 352, -2.3555545806884766
2, 20, 188, 680, -1.6224536895751953
2, 21, 500, 367, -2.205540895462036
2, 22, 196, 662, -1.4537049531936646
2, 23, 442, 711, -0.04380512610077858
2, 24, 237, 703, 0.048072703182697296
2, 25, 417, 1018, -0.30274635553359985
2, 26, 236, 994, -0.37425097823143005
2, 27, 417, 1318, 0.2397536337375641
2, 28, 229, 1302, 0.0023472323082387447
2, 29, 422, 1363, 0.25089043378829956
2, 30, 223, 1351, 0.010017206892371178
2, 31, 374, 1419, -0.44809627532958984
2, 32, 256, 1402, -0.7212575674057007
3, 0, 355, 120, -1.5673242807388306
3, 1, 383, 89, -1.4894661903381348
3, 2, 397, 90, -1.4897724390029907
3, 3, 409, 90, -1.4894810914993286
3, 4, 338, 86, -1.4888248443603516
3, 5, 323, 86, -1.4890601634979248
3, 6, 310, 84, -1.4898746013641357
3, 7, 428, 104, -0.9365922212600708
3, 8, 299, 98, -0.9359877705574036
3, 9, 380, 159, -1.3570749759674072
3, 10, 328, 156, -1.358402967453003
3, 11, 506, 293, -0.4667898714542389
3, 12, 215, 283, -0.5078023672103882
3, 13, 556, 586, -1.0619666576385498
3, 14, 143, 517, -0.6155996322631836
3, 15, 512, 429, -2.2072205543518066
3, 16, 166, 655, -1.4207717180252075
3, 17, 502, 375, -2.4091975688934326
3, 18, 164, 711, -1.5674669742584229
3, 19, 509, 347, -2.3543193340301514
3, 20, 188, 681, -1.6267929077148438
3, 21, 499, 364, -2.2141759395599365
3, 22, 195, 663, -1.4607436656951904
3, 23, 442, 713, -0.03367132693529129
3, 24, 237, 704, 0.03787567839026451
3, 25, 420, 1022, -0.26841360330581665
3, 26, 236, 1001, -0.4256493151187897
3, 27, 419, 1319, 0.2817304730415344
3, 28, 231, 1306, -0.03571709245443344
3, 29, 424, 1365, 0.2922798693180084
3, 30, 225, 1353, -0.025617236271500587
3, 31, 379, 1424, -0.4131324887275696
3, 32, 261, 1405, -0.771324872970581
4, 0, 355, 120, -1.5353912115097046
4, 1, 383, 89, -1.4496368169784546
4, 2, 397, 90, -1.4499940872192383
4, 3, 408, 90, -1.4497209787368774
4, 4, 338, 87, -1.4517143964767456
4, 5, 323, 86, -1.452212929725647
4, 6, 310, 85, -1.453105092048645
4, 7, 428, 105, -0.9007209539413452
4, 8, 298, 99, -0.9255212545394897
4, 9, 380, 159, -1.3275929689407349
4, 10, 328, 156, -1.3375632762908936
4, 11, 506, 294, -0.4616789221763611
4, 12, 214, 284, -0.48940953612327576
4, 13, 567, 585, -1.1004455089569092
4, 14, 143, 518, -0.5795477032661438
4, 15, 512, 419, -2.2202000617980957
4, 16, 160, 669, -1.3954441547393799
4, 17, 503, 364, -2.4220008850097656
4, 18, 153, 726, -1.5427236557006836
4, 19, 508, 336, -2.3530526161193848
4, 20, 178, 703, -1.6051772832870483
4, 21, 499, 352, -2.2221827507019043
4, 22, 189, 685, -1.4391510486602783
4, 23, 442, 718, -0.03923491761088371
4, 24, 237, 708, 0.04371737688779831
4, 25, 422, 1041, -0.25275158882141113
4, 26, 237, 1013, -0.40297532081604004
4, 27, 421, 1343, 0.30374348163604736
4, 28, 232, 1325, -0.007127650082111359
4, 29, 426, 1391, 0.3149116039276123
4, 30, 226, 1376, 0.005305979400873184
4, 31, 381, 1447, -0.3983249068260193
4, 32, 264, 1424, -0.7584594488143921
5, 0, 355, 120, -1.402851939201355
5, 1, 382, 89, -1.3214209079742432
5, 2, 396, 90, -1.3218097686767578
5, 3, 408, 91, -1.3214937448501587
5, 4, 337, 87, -1.3163490295410156
5, 5, 323, 86, -1.3164710998535156
5, 6, 310, 86, -1.3172688484191895
5, 7, 427, 105, -0.799532949924469
5, 8, 298, 100, -0.7825312614440918
5, 9, 380, 159, -1.2091585397720337
5, 10, 328, 156, -1.2061611413955688
5, 11, 506, 297, -0.400717556476593
5, 12, 214, 284, -0.4043031632900238
5, 13, 580, 584, -1.0536974668502808
5, 14, 143, 517, -0.5703350305557251
5, 15, 520, 420, -2.170915365219116
5, 16, 152, 672, -1.3404371738433838
5, 17, 505, 365, -2.3743693828582764
5, 18, 143, 730, -1.4859325885772705
5, 19, 509, 337, -2.302595615386963
5, 20, 169, 709, -1.551788330078125
5, 21, 502, 353, -2.17402982711792
5, 22, 181, 691, -1.3849189281463623
5, 23, 443, 720, -0.04283865913748741
5, 24, 237, 710, 0.04746514931321144
5, 25, 423, 1052, -0.2909073233604431
5, 26, 237, 1026, -0.4074067175388336
5, 27, 421, 1356, 0.22891418635845184
5, 28, 233, 1339, -0.061847470700740814
5, 29, 427, 1404, 0.2365208864212036
5, 30, 228, 1390, -0.05435984209179878
5, 31, 382, 1456, -0.4874657690525055
5, 32, 265, 1435, -0.8289162516593933
6, 0, 354, 120, -1.3914973735809326
6, 1, 382, 90, -1.3177155256271362
6, 2, 396, 90, -1.3179543018341064
6, 3, 407, 91, -1.3175088167190552
6, 4, 337, 88, -1.3098275661468506
6, 5, 322, 87, -1.3098442554473877
6, 6, 309, 87, -1.3106199502944946
6, 7, 427, 106, -0.8082489967346191
6, 8, 298, 101, -0.7736683487892151
6, 9, 380, 160, -1.2024658918380737
6, 10, 327, 157, -1.193440318107605
6, 11, 506, 297, -0.40498918294906616
6, 12, 215, 284, -0.3990885019302368
6, 13, 593, 582, -1.0241353511810303
6, 14, 144, 515, -0.48948463797569275
6, 15, 528, 421, -2.1511425971984863
6, 16, 146, 674, -1.2114520072937012
6, 17, 515, 367, -2.3577499389648438
6, 18, 135, 733, -1.346396803855896
6, 19, 515, 339, -2.2864766120910645
6, 20, 160, 713, -1.4291170835494995
6, 21, 506, 354, -2.155198812484741
6, 22, 173, 694, -1.2612292766571045
6, 23, 445, 721, -0.044170938432216644
6, 24, 238, 711, 0.048849646002054214
6, 25, 426, 1057, -0.2727530598640442
6, 26, 238, 1036, -0.3353516757488251
6, 27, 422, 1361, 0.30591943860054016
6, 28, 234, 1343, 0.03575702756643295
6, 29, 427, 1409, 0.3194160759449005
6, 30, 229, 1393, 0.055934734642505646
6, 31, 383, 1459, -0.4057936668395996
6, 32, 266, 1440, -0.7241479158401489
7, 0, 354, 121, -1.3796606063842773
7, 1, 382, 90, -1.29612135887146
7, 2, 396, 91, -1.296568751335144
7, 3, 407, 92, -1.2962701320648193
7, 4, 337, 89, -1.3042218685150146
7, 5, 322, 88, -1.3043359518051147
7, 6, 309, 88, -1.3050943613052368
7, 7, 427, 107, -0.7341011762619019
7, 8, 297, 102, -0.7704358100891113
7, 9, 380, 161, -1.167693853378296
7, 10, 327, 158, -1.1793628931045532
7, 11, 506, 297, -0.2836660146713257
7, 12, 215, 285, -0.39775341749191284
7, 13, 593, 568, -0.7944275140762329
7, 14, 146, 513, -0.6173597574234009
7, 15, 529, 425, -1.888848066329956
7, 16, 193, 582, -1.5564825534820557
7, 17, 514, 377, -2.0919432640075684
7, 18, 207, 608, -1.747917890548706
7, 19, 513, 350, -2.053710460662842
7, 20, 198, 523, -1.7805869579315186
7, 21, 506, 363, -1.9035255908966064
7, 22, 210, 494, -1.5914437770843506
7, 23, 446, 717, -0.01574278436601162
7, 24, 242, 707, 0.020345989614725113
7, 25, 426, 1013, -0.24293211102485657
7, 26, 243, 989, -0.3641085624694824
7, 27, 423, 1320, 0.334798127412796
7, 28, 235, 1305, 0.014385739341378212
7, 29, 427, 1367, 0.34937307238578796
7, 30, 229, 1354, 0.02371321991086006
7, 31, 388, 1417, -0.4029824733734131
7, 32, 266, 1404, -0.7168787121772766
8, 0, 354, 122, -1.4674229621887207
8, 1, 381, 91, -1.376262903213501
8, 2, 396, 91, -1.3767451047897339
8, 3, 407, 92, -1.376300573348999
8, 4, 337, 89, -1.4078744649887085
8, 5, 322, 89, -1.4082010984420776
8, 6, 309, 88, -1.4089266061782837
8, 7, 427, 107, -0.7738889455795288
8, 8, 297, 102, -0.8697004318237305
8, 9, 380, 161, -1.2140769958496094
8, 10, 328, 159, -1.2592711448669434
8, 11, 508, 292, -0.27327466011047363
8, 12, 215, 286, -0.5212301015853882
8, 13, 593, 517, -0.8270297050476074
8, 14, 146, 566, -0.959149181842804
8, 15, 520, 425, -1.9888569116592407
8, 16, 238, 473, -1.9629796743392944
8, 17, 491, 390, -2.192265272140503
8, 18, 273, 441, -2.160963535308838
8, 19, 495, 355, -2.1340088844299316
8, 20, 265, 411, -2.1253912448883057
8, 21, 491, 373, -1.9964630603790283
8, 22, 261, 418, -1.9646203517913818
8, 23, 456, 710, 0.027808960527181625
8, 24, 253, 705, -0.023306911811232567
8, 25, 446, 1005, -0.10800229012966156
8, 26, 270, 987, -0.33905065059661865
8, 27, 458, 1310, 0.5252033472061157
8, 28, 273, 1301, 0.05440302938222885
8, 29, 461, 1357, 0.5434563159942627
8, 30, 264, 1350, 0.07079017162322998
8, 31, 444, 1402, -0.15881198644638062
8, 32, 318, 1398, -0.7102164030075073
9, 0, 354, 123, -1.4662925004959106
9, 1, 381, 91, -1.3761794567108154
9, 2, 395, 92, -1.376665711402893
9, 3, 407, 92, -1.3761661052703857
9, 4, 337, 89, -1.4019906520843506
9, 5, 322, 89, -1.4022157192230225
9, 6, 309, 88, -1.4029475450515747
9, 7, 427, 107, -0.7651134729385376
9, 8, 297, 102, -0.8569504022598267
9, 9, 380, 162, -1.220029592514038
9, 10, 328, 160, -1.2580640316009521
9, 11, 509, 287, -0.2753949463367462
9, 12, 214, 286, -0.49329280853271484
9, 13, 601, 515, -0.8813470005989075
9, 14, 145, 568, -0.9349579811096191
9, 15, 494, 421, -2.140193462371826
9, 16, 236, 454, -1.9875991344451904
9, 17, 449, 389, -2.3493645191192627
9, 18, 284, 413, -2.183795928955078
9, 19, 461, 344, -2.2495412826538086
9, 20, 278, 382, -2.1404123306274414
9, 21, 458, 372, -2.1282362937927246
9, 22, 268, 392, -1.986975073814392
9, 23, 466, 705, 0.018469341099262238
9, 24, 252, 704, -0.013917148113250732
9, 25, 462, 1009, 0.061408281326293945
9, 26, 267, 995, -0.12394650280475616
9, 27, 470, 1310, 0.8146732449531555
9, 28, 275, 1301, 0.46447715163230896
9, 29, 473, 1355, 0.8421967625617981
9, 30, 268, 1346, 0.49882644414901733
9, 31, 454, 1405, 0.11188040673732758
9, 32, 318, 1398, -0.28637808561325073
10, 0, 354, 125, -1.47205650806427
10, 1, 381, 92, -1.3810936212539673
10, 2, 395, 92, -1.3815809488296509
10, 3, 406, 93, -1.380996823310852
10, 4, 336, 91, -1.4049626588821411
10, 5, 322, 90, -1.4051358699798584
10, 6, 309, 90, -1.405840516090393
10, 7, 426, 108, -0.769067108631134
10, 8, 297, 103, -0.8508637547492981
10, 9, 380, 163, -1.2227848768234253
10, 10, 327, 161, -1.2592318058013916
10, 11, 509, 285, -0.2723318338394165
10, 12, 214, 286, -0.4819524884223938
10, 13, 608, 514, -0.8807938694953918
10, 14, 139, 553, -0.9641990661621094
10, 15, 486, 419, -2.1071624755859375
10, 16, 237, 428, -2.0752968788146973
10, 17, 427, 389, -2.3223202228546143
10, 18, 284, 389, -2.2852516174316406
10, 19, 421, 345, -2.2207682132720947
10, 20, 281, 360, -2.244363307952881
10, 21, 434, 368, -2.0907273292541504
10, 22, 271, 372, -2.075930118560791
10, 23, 465, 697, 0.02070576883852482
10, 24, 247, 697, -0.016270684078335762
10, 25, 459, 1014, 0.038567863404750824
10, 26, 260, 999, -0.16193218529224396
10, 27, 466, 1310, 0.7159601449966431
10, 28, 274, 1299, 0.3488157391548157
10, 29, 470, 1353, 0.7366932034492493
10, 30, 268, 1342, 0.37408530712127686
10, 31, 443, 1404, 0.01747787930071354
10, 32, 312, 1394, -0.4024047255516052
11, 0, 354, 127, -1.4769717454910278
11, 1, 381, 93, -1.3877770900726318
11, 2, 395, 93, -1.3882414102554321
11, 3, 406, 93, -1.3876335620880127
11, 4, 336, 93, -1.4079426527023315
11, 5, 322, 92, -1.4080603122711182
11, 6, 309, 91, -1.408767819404602
11, 7, 426, 108, -0.7772185206413269
11, 8, 297, 104, -0.8473895192146301
11, 9, 380, 164, -1.2252004146575928
11, 10, 327, 163, -1.260289192199707
11, 11, 507, 284, -0.28593552112579346
11, 12, 213, 285, -0.4733814299106598
11, 13, 610, 515, -0.8851513862609863
11, 14, 128, 552, -0.9138314127922058
11, 15, 490, 419, -2.1069839000701904
11, 16, 227, 424, -2.029521942138672
11, 17, 437, 388, -2.3212718963623047
11, 18, 273, 385, -2.235159397125244
11, 19, 434, 347, -2.2216224670410156
11, 20, 269, 354, -2.196417808532715
11, 21, 443, 366, -2.091836452484131
11, 22, 262, 367, -2.03188157081604
11, 23, 465, 693, 0.01347837783396244
11, 24, 242, 693, -0.009014511480927467
11, 25, 457, 1017, -0.01185689028352499
11, 26, 251, 1002, -0.14601711928844452
11, 27, 464, 1310, 0.6398776769638062
11, 28, 269, 1298, 0.322525292634964
11, 29, 469, 1352, 0.6591074466705322
11, 30, 264, 1340, 0.3440033793449402
11, 31, 437, 1403, -0.06132074445486069
11, 32, 306, 1394, -0.42440176010131836
12, 0, 356, 127, -1.2505794763565063
12, 1, 382, 93, -1.164518117904663
12, 2, 395, 93, -1.1647917032241821
12, 3, 407, 93, -1.1639623641967773
12, 4, 337, 93, -1.1755129098892212
12, 5, 322, 93, -1.175368070602417
12, 6, 309, 92, -1.1758930683135986
12, 7, 426, 109, -0.587174654006958
12, 8, 296, 106, -0.6220023036003113
12, 9, 381, 165, -1.0311111211776733
12, 10, 328, 164, -1.0440669059753418
12, 11, 508, 286, -0.17121556401252747
12, 12, 211, 287, -0.31438174843788147
12, 13, 623, 550, -0.848736584186554
12, 14, 125, 569, -0.8534916639328003
12, 15, 501, 417, -2.06069016456604
12, 16, 225, 418, -1.9829761981964111
12, 17, 446, 380, -2.263047933578491
12, 18, 257, 369, -2.1894354820251465
12, 19, 443, 342, -2.1617672443389893
12, 20, 259, 335, -2.1347498893737793
12, 21, 444, 358, -2.0469980239868164
12, 22, 256, 353, -1.9846811294555664
12, 23, 466, 694, 0.015144933946430683
12, 24, 242, 697, -0.010287364944815636
12, 25, 460, 1029, 0.02416927181184292
12, 26, 251, 1020, -0.17035624384880066
12, 27, 471, 1316, 0.6724056005477905
12, 28, 276, 1308, 0.2949013411998749
12, 29, 477, 1357, 0.6913712024688721
12, 30, 273, 1347, 0.315750390291214
12, 31, 451, 1405, -0.03585304692387581
12, 32, 313, 1401, -0.4448196291923523
13, 0, 358, 128, -1.2986204624176025
13, 1, 384, 93, -1.2132582664489746
13, 2, 396, 93, -1.2134582996368408
13, 3, 408, 93, -1.2125625610351562
13, 4, 338, 93, -1.2204647064208984
13, 5, 323, 93, -1.22029709815979
13, 6, 309, 92, -1.2207915782928467
13, 7, 428, 109, -0.6398416757583618
13, 8, 296, 107, -0.6588699817657471
13, 9, 382, 166, -1.0829603672027588
13, 10, 330, 164, -1.09004807472229
13, 11, 510, 287, -0.22401854395866394
13, 12, 209, 294, -0.3357253968715668
13, 13, 633, 572, -0.8844636678695679
13, 14, 118, 579, -0.907031238079071
13, 15, 517, 415, -2.1126627922058105
13, 16, 219, 404, -2.06554913520813
13, 17, 460, 371, -2.30289363861084
13, 18, 250, 351, -2.26676607131958
13, 19, 459, 334, -2.182516574859619
13, 20, 254, 309, -2.1976420879364014
13, 21, 466, 350, -2.094407320022583
13, 22, 253, 332, -2.0627799034118652
13, 23, 466, 697, 0.011359913274645805
13, 24, 240, 700, -0.006484066601842642
13, 25, 459, 1038, 0.01638595014810562
13, 26, 249, 1028, -0.13590911030769348
13, 27, 468, 1323, 0.6669796109199524
13, 28, 273, 1313, 0.3242296874523163
13, 29, 474, 1365, 0.6865783929824829
13, 30, 269, 1352, 0.34426841139793396
13, 31, 446, 1411, -0.04312349110841751
13, 32, 311, 1407, -0.4281466603279114
14, 0, 359, 128, -1.2966359853744507
14, 1, 385, 93, -1.2116429805755615
14, 2, 397, 93, -1.2118985652923584
14, 3, 410, 93, -1.211130976676941
14, 4, 339, 94, -1.2213736772537231
14, 5, 323, 93, -1.2213979959487915
14, 6, 310, 93, -1.2219936847686768
14, 7, 429, 109, -0.6330059170722961
14, 8, 295, 108, -0.6642493009567261
14, 9, 383, 166, -1.0767667293548584
14, 10, 331, 165, -1.0873186588287354
14, 11, 511, 287, -0.19669929146766663
14, 12, 208, 294, -0.3385903537273407
14, 13, 639, 573, -0.8824790716171265
14, 14, 115, 577, -0.894974410533905
14, 15, 523, 407, -2.107292652130127
14, 16, 216, 407, -2.0139153003692627
14, 17, 465, 361, -2.297070026397705
14, 18, 248, 360, -2.2152373790740967
14, 19, 465, 325, -2.187102794647217
14, 20, 250, 325, -2.149259328842163
14, 21, 475, 339, -2.089022159576416
14, 22, 249, 344, -2.0111052989959717
14, 23, 466, 698, 0.012606604024767876
14, 24, 239, 701, -0.007620048709213734
14, 25, 458, 1042, 0.010362429544329643
14, 26, 247, 1030, -0.154722660779953
14, 27, 466, 1329, 0.6542150974273682
14, 28, 272, 1317, 0.3054652810096741
14, 29, 471, 1371, 0.6740001440048218
14, 30, 267, 1355, 0.3256382644176483
14, 31, 444, 1417, -0.05394287779927254
14, 32, 310, 1410, -0.44634056091308594
15, 0, 360, 131, -1.2056623697280884
15, 1, 385, 95, -1.127936840057373
15, 2, 397, 95, -1.1282976865768433
15, 3, 410, 94, -1.1276637315750122
15, 4, 339, 96, -1.1377274990081787
15, 5, 324, 95, -1.1378799676895142
15, 6, 310, 95, -1.1385844945907593
15, 7, 429, 110, -0.5671467185020447
15, 8, 295, 109, -0.5996474027633667
15, 9, 384, 168, -0.9887730479240417
15, 10, 331, 166, -1.0003172159194946
15, 11, 511, 286, -0.14439240097999573
15, 12, 207, 287, -0.26291781663894653
15, 13, 632, 531, -0.8035472631454468
15, 14, 110, 567, -0.8178161382675171
15, 15, 523, 407, -1.9589189291000366
15, 16, 213, 391, -1.9596322774887085
15, 17, 464, 361, -2.1362924575805664
15, 18, 246, 344, -2.1555395126342773
15, 19, 463, 327, -2.0373988151550293
15, 20, 247, 311, -2.0036349296569824
15, 21, 469, 341, -1.9448964595794678
15, 22, 246, 327, -1.908884048461914
15, 23, 466, 698, 0.007604293525218964
15, 24, 239, 701, -0.0027823385316878557
15, 25, 457, 1043, -0.044540371745824814
15, 26, 246, 1033, -0.15840518474578857
15, 27, 465, 1332, 0.5620884895324707
15, 28, 271, 1323, 0.27210554480552673
15, 29, 470, 1375, 0.5802388191223145
15, 30, 267, 1364, 0.28593119978904724
15, 31, 443, 1421, -0.13872024416923523
15, 32, 306, 1417, -0.4800628125667572
16, 0, 360, 133, -1.159117579460144
16, 1, 386, 98, -1.077540397644043
16, 2, 399, 98, -1.0778735876083374
16, 3, 412, 98, -1.0771734714508057
16, 4, 339, 100, -1.0770736932754517
16, 5, 324, 99, -1.0770394802093506
16, 6, 310, 98, -1.077653408050537
16, 7, 432, 114, -0.5211208462715149
16, 8, 295, 114, -0.5118370056152344
16, 9, 385, 171, -0.9486156702041626
16, 10, 332, 169, -0.9480574727058411
16, 11, 519, 298, -0.1322808414697647
16, 12, 206, 290, -0.19202958047389984
16, 13, 629, 595, -0.8337885737419128
16, 14, 110, 566, -0.7781111598014832
16, 15, 540, 408, -1.9998486042022705
16, 16, 198, 390, -1.914851427078247
16, 17, 496, 359, -2.1871821880340576
16, 18, 208, 326, -2.113744020462036
16, 19, 499, 324, -2.093078136444092
16, 20, 210, 298, -2.0182766914367676
16, 21, 501, 341, -1.990133285522461
16, 22, 217, 319, -1.9010928869247437
16, 23, 465, 723, 0.001370272017084062
16, 24, 239, 718, 0.003943032585084438
16, 25, 452, 1068, -0.04105460271239281
16, 26, 235, 1050, -0.17407551407814026
16, 27, 449, 1359, 0.5723134875297546
16, 28, 249, 1344, 0.24221651256084442
16, 29, 453, 1402, 0.592402458190918
16, 30, 245, 1386, 0.2583971619606018
16, 31, 423, 1450, -0.1244254931807518
16, 32, 282, 1439, -0.5140653848648071
17, 0, 362, 137, -1.2110378742218018
17, 1, 388, 102, -1.1252954006195068
17, 2, 401, 101, -1.125723123550415
17, 3, 414, 101, -1.1250288486480713
17, 4, 340, 102, -1.132721185684204
17, 5, 324, 102, -1.132660984992981
17, 6, 310, 101, -1.1331695318222046
17, 7, 433, 117, -0.5395464301109314
17, 8, 295, 116, -0.5712788105010986
17, 9, 386, 175, -0.9900789260864258
17, 10, 332, 173, -1.0008608102798462
17, 11, 520, 306, -0.11327439546585083
17, 12, 205, 299, -0.21476197242736816
17, 13, 627, 600, -0.7815883755683899
17, 14, 111, 573, -0.6885009407997131
17, 15, 562, 420, -2.066260814666748
17, 16, 172, 413, -1.8908056020736694
17, 17, 527, 366, -2.279783010482788
17, 18, 183, 365, -2.0873522758483887
17, 19, 530, 331, -2.2289206981658936
17, 20, 185, 334, -2.028041124343872
17, 21, 531, 348, -2.078504800796509
17, 22, 191, 350, -1.8876012563705444
17, 23, 465, 728, 0.0012137216981500387
17, 24, 241, 724, 0.004084886517375708
17, 25, 443, 1066, 0.026833996176719666
17, 26, 231, 1054, -0.02293657325208187
17, 27, 437, 1360, 0.6680778861045837
17, 28, 239, 1347, 0.4499022960662842
17, 29, 441, 1403, 0.6910595297813416
17, 30, 236, 1387, 0.4702555239200592
17, 31, 409, 1451, 0.0025448559317737818
17, 32, 270, 1447, -0.27836862206459045
18, 0, 363, 138, -1.2337790727615356
18, 1, 389, 103, -1.1564253568649292
18, 2, 401, 103, -1.1570020914077759
18, 3, 414, 102, -1.1568348407745361
18, 4, 341, 104, -1.1679450273513794
18, 5, 325, 103, -1.1678645610809326
18, 6, 311, 102, -1.1681673526763916
18, 7, 433, 119, -0.559795081615448
18, 8, 295, 117, -0.5966222286224365
18, 9, 387, 176, -1.0010457038879395
18, 10, 333, 174, -1.0055701732635498
18, 11, 521, 305, -0.1472572684288025
18, 12, 204, 298, -0.25106605887413025
18, 13, 627, 596, -0.8005514144897461
18, 14, 112, 555, -0.6999636888504028
18, 15, 569, 420, -2.0723657608032227
18, 16, 176, 412, -1.9043781757354736
18, 17, 541, 366, -2.2812631130218506
18, 18, 191, 357, -2.1021296977996826
18, 19, 543, 331, -2.2273030281066895
18, 20, 191, 325, -2.0495753288269043
18, 21, 541, 348, -2.083982229232788
18, 22, 197, 344, -1.907687783241272
18, 23, 458, 726, 0.0020027633290737867
18, 24, 241, 722, 0.003179276827722788
18, 25, 428, 1064, 0.014871107414364815
18, 26, 220, 1051, -0.05034646391868591
18, 27, 417, 1357, 0.6457169651985168
18, 28, 219, 1346, 0.38491684198379517
18, 29, 421, 1400, 0.6720776557922363
18, 30, 214, 1387, 0.40208926796913147
18, 31, 392, 1449, -0.030978387221693993
18, 32, 252, 1445, -0.3454895615577698
19, 0, 365, 138, -1.359607458114624
19, 1, 390, 103, -1.283383846282959
19, 2, 402, 103, -1.28398597240448
19, 3, 416, 102, -1.28378427028656
19, 4, 342, 104, -1.2907792329788208
19, 5, 325, 104, -1.2908819913864136
19, 6, 311, 103, -1.2913683652877808
19, 7, 435, 119, -0.6881159543991089
19, 8, 295, 118, -0.7089951634407043
19, 9, 389, 176, -1.1228867769241333
19, 10, 334, 175, -1.1288297176361084
19, 11, 535, 304, -0.20911100506782532
19, 12, 201, 298, -0.28711339831352234
19, 13, 629, 596, -0.8064652681350708
19, 14, 113, 579, -0.8180056810379028
19, 15, 578, 433, -2.096940517425537
19, 16, 177, 419, -2.056525230407715
19, 17, 555, 379, -2.3011341094970703
19, 18, 193, 367, -2.274386167526245
19, 19, 561, 343, -2.264193296432495
19, 20, 193, 332, -2.2217884063720703
19, 21, 556, 360, -2.1135735511779785
19, 22, 200, 353, -2.064009666442871
19, 23, 460, 730, -0.008793622255325317
19, 24, 243, 725, 0.014033207669854164
19, 25, 430, 1057, -0.2561071217060089
19, 26, 226, 1041, -0.29915329813957214
19, 27, 420, 1359, 0.2890407145023346
19, 28, 224, 1351, 0.01183970645070076
19, 29, 423, 1406, 0.3018585443496704
19, 30, 218, 1399, 0.013618539087474346
19, 31, 397, 1455, -0.42745357751846313
19, 32, 257, 1453, -0.7589927911758423
20, 0, 365, 140, -1.4216103553771973
20, 1, 390, 104, -1.3527687788009644
20, 2, 403, 103, -1.3532698154449463
20, 3, 416, 103, -1.3528261184692383
20, 4, 342, 105, -1.359969973564148
20, 5, 325, 104, -1.3601210117340088
20, 6, 311, 104, -1.3607568740844727
20, 7, 436, 119, -0.770966649055481
20, 8, 295, 118, -0.7910776138305664
20, 9, 390, 177, -1.188746690750122
20, 10, 335, 177, -1.1958880424499512
20, 11, 540, 302, -0.2549564242362976
20, 12, 201, 293, -0.35286185145378113
20, 13, 638, 595, -0.7835667133331299
20, 14, 104, 578, -0.8786289095878601
20, 15, 590, 449, -2.0265660285949707
20, 16, 182, 423, -2.1003804206848145
20, 17, 555, 402, -2.2321908473968506
20, 18, 211, 375, -2.313265323638916
20, 19, 561, 368, -2.2216200828552246
20, 20, 208, 339, -2.2609410285949707
20, 21, 560, 380, -2.0481252670288086
20, 22, 209, 358, -2.104593276977539
20, 23, 468, 727, -0.009713162668049335
20, 24, 243, 721, 0.015144020318984985
20, 25, 445, 1056, -0.4187282621860504
20, 26, 235, 1040, -0.3283405900001526
20, 27, 434, 1365, 0.14372166991233826
20, 28, 226, 1354, -0.04817996919155121
20, 29, 436, 1410, 0.15912118554115295
20, 30, 219, 1401, -0.047936033457517624
20, 31, 398, 1468, -0.5845304131507874
20, 32, 262, 1459, -0.8189629316329956
21, 0, 365, 140, -1.395754098892212
21, 1, 390, 104, -1.3215769529342651
21, 2, 403, 103, -1.3220142126083374
21, 3, 417, 103, -1.321492314338684
21, 4, 342, 106, -1.329613447189331
21, 5, 325, 105, -1.32967209815979
21, 6, 311, 105, -1.3302838802337646
21, 7, 437, 118, -0.7510615587234497
21, 8, 295, 120, -0.7556682825088501
21, 9, 391, 178, -1.1712017059326172
21, 10, 336, 178, -1.186848759651184
21, 11, 544, 300, -0.21265646815299988
21, 12, 206, 293, -0.31347712874412537
21, 13, 656, 578, -0.7746371030807495
21, 14, 109, 586, -0.8855856657028198
21, 15, 598, 446, -1.994619607925415
21, 16, 202, 421, -2.1052932739257812
21, 17, 568, 399, -2.192188024520874
21, 18, 234, 372, -2.3183281421661377
21, 19, 572, 365, -2.1587257385253906
21, 20, 230, 332, -2.253812789916992
21, 21, 567, 378, -2.0075221061706543
21, 22, 230, 351, -2.104487895965576
21, 23, 476, 730, -0.02173708938062191
21, 24, 252, 723, 0.02725357748568058
21, 25, 448, 1050, -0.6468719840049744
21, 26, 250, 1038, -0.3908105790615082
21, 27, 438, 1367, -0.11899763345718384
21, 28, 234, 1361, -0.18856272101402283
21, 29, 441, 1413, -0.10671164095401764
21, 30, 227, 1409, -0.19703058898448944
21, 31, 401, 1474, -0.8566095232963562
21, 32, 264, 1472, -0.9592534899711609
22, 0, 365, 141, -1.3478928804397583
22, 1, 390, 104, -1.2853420972824097
22, 2, 403, 103, -1.2858761548995972
22, 3, 417, 103, -1.285418152809143
22, 4, 342, 106, -1.2945959568023682
22, 5, 326, 105, -1.2947237491607666
22, 6, 311, 105, -1.2955437898635864
22, 7, 438, 118, -0.733011782169342
22, 8, 296, 121, -0.7386144995689392
22, 9, 391, 178, -1.1213576793670654
22, 10, 337, 179, -1.1315183639526367
22, 11, 549, 298, -0.18312345445156097
22, 12, 212, 293, -0.3143649101257324
22, 13, 658, 568, -0.7264286875724792
22, 14, 116, 553, -0.8853099942207336
22, 15, 603, 444, -1.886744737625122
22, 16, 222, 425, -2.0486395359039307
22, 17, 579, 397, -2.072239398956299
22, 18, 268, 377, -2.254652261734009
22, 19, 584, 362, -2.0275256633758545
22, 20, 264, 333, -2.2003533840179443
22, 21, 576, 376, -1.8965208530426025
22, 22, 254, 354, -2.049638271331787
22, 23, 482, 730, -0.02359234355390072
22, 24, 258, 723, 0.02911083772778511
22, 25, 457, 1052, -0.42115697264671326
22, 26, 254, 1040, -0.3169066309928894
22, 27, 448, 1374, 0.15027806162834167
22, 28, 243, 1366, -0.02761329710483551
22, 29, 451, 1420, 0.16144505143165588
22, 30, 238, 1414, -0.026217063888907433
22, 31, 410, 1479, -0.5724189877510071
22, 32, 273, 1476, -0.7874306440353394
23, 0, 366, 140, -1.3788988590240479
23, 1, 391, 104, -1.3014914989471436
23, 2, 404, 103, -1.3019908666610718
23, 3, 417, 103, -1.301614761352539
23, 4, 343, 105, -1.3161970376968384
23, 5, 327, 105, -1.316269040107727
23, 6, 313, 105, -1.3169362545013428
23, 7, 438, 118, -0.7205079793930054
23, 8, 297, 120, -0.7515212893486023
23, 9, 392, 178, -1.1420146226882935
23, 10, 338, 179, -1.1598559617996216
23, 11, 547, 298, -0.1763826459646225
23, 12, 217, 291, -0.3651517629623413
23, 13, 666, 556, -0.7163351774215698
23, 14, 123, 535, -0.94501793384552
23, 15, 604, 444, -1.9213470220565796
23, 16, 239, 428, -2.1363308429718018
23, 17, 569, 395, -2.1194162368774414
23, 18, 288, 382, -2.3462414741516113
23, 19, 572, 362, -2.0683095455169678
23, 20, 286, 347, -2.288708209991455
23, 21, 568, 375, -1.9292545318603516
23, 22, 275, 362, -2.1335248947143555
23, 23, 480, 729, -0.023286262527108192
23, 24, 260, 723, 0.028823062777519226
23, 25, 456, 1052, -0.3546179533004761
23, 26, 253, 1041, -0.15558244287967682
23, 27, 447, 1372, 0.2292366325855255
23, 28, 244, 1364, 0.11200983822345734
23, 29, 450, 1418, 0.2427256852388382
23, 30, 239, 1411, 0.10747586190700531
23, 31, 410, 1475, -0.4854106903076172
23, 32, 274, 1471, -0.6393111348152161
24, 0, 367, 139, -1.3318053483963013
24, 1, 392, 103, -1.2391040325164795
24, 2, 404, 102, -1.239513635635376
24, 3, 418, 102, -1.239267110824585
24, 4, 344, 104, -1.263245940208435
24, 5, 328, 104, -1.263159155845642
24, 6, 314, 104, -1.2636228799819946
24, 7, 438, 118, -0.630677342414856
24, 8, 298, 120, -0.7269142866134644
24, 9, 393, 177, -1.093822717666626
24, 10, 339, 178, -1.1238300800323486
24, 11, 539, 300, -0.13476815819740295
24, 12, 219, 291, -0.3605242669582367
24, 13, 613, 475, -0.6400009393692017
24, 14, 135, 521, -0.8698118925094604
24, 15, 603, 443, -1.8615953922271729
24, 16, 239, 434, -1.9404304027557373
24, 17, 578, 396, -2.0780797004699707
24, 18, 278, 403, -2.140932083129883
24, 19, 569, 367, -2.042663097381592
24, 20, 277, 366, -2.117685317993164
24, 21, 564, 379, -1.8797897100448608
24, 22, 269, 374, -1.9494330883026123
24, 23, 476, 727, 0.005835764110088348
24, 24, 266, 723, -0.0006479239673353732
24, 25, 447, 1014, -0.13508950173854828
24, 26, 251, 1002, -0.09292109310626984
24, 27, 441, 1321, 0.4951055645942688
24, 28, 241, 1306, 0.29333606362342834
24, 29, 443, 1372, 0.5170202255249023
24, 30, 233, 1355, 0.301788866519928
24, 31, 412, 1403, -0.10555852949619293
24, 32, 274, 1391, -0.3719833493232727
25, 0, 368, 138, -1.2155095338821411
25, 1, 392, 102, -1.1110273599624634
25, 2, 405, 102, -1.1113886833190918
25, 3, 418, 102, -1.1111266613006592
25, 4, 345, 104, -1.1311532258987427
25, 5, 329, 104, -1.1311442852020264
25, 6, 315, 104, -1.1315535306930542
25, 7, 438, 118, -0.47335872054100037
25, 8, 299, 120, -0.5576080083847046
25, 9, 393, 177, -0.9710925221443176
25, 10, 339, 177, -0.9967862367630005
25, 11, 534, 314, 0.006110281217843294
25, 12, 220, 288, -0.27994874119758606
25, 13, 597, 475, -0.6222473978996277
25, 14, 137, 505, -0.8171936869621277
25, 15, 600, 444, -1.8759679794311523
25, 16, 246, 449, -1.8369640111923218
25, 17, 577, 399, -2.1012396812438965
25, 18, 287, 426, -2.030993700027466
25, 19, 566, 376, -2.0538077354431152
25, 20, 289, 396, -2.005324125289917
25, 21, 561, 388, -1.8907365798950195
25, 22, 283, 400, -1.8462917804718018
25, 23, 450, 745, 0.04078551381826401
25, 24, 264, 736, -0.03571496158838272
25, 25, 422, 966, -0.1536135971546173
25, 26, 225, 951, -0.23995621502399445
25, 27, 402, 1279, 0.49071604013442993
25, 28, 197, 1267, 0.19879674911499023
25, 29, 398, 1333, 0.5070778727531433
25, 30, 187, 1319, 0.2077304869890213
25, 31, 393, 1354, -0.21433091163635254
25, 32, 223, 1353, -0.47120752930641174
26, 0, 368, 138, -1.221821904182434
26, 1, 392, 102, -1.1238683462142944
26, 2, 405, 102, -1.124188780784607
26, 3, 418, 102, -1.1238677501678467
26, 4, 345, 104, -1.1466137170791626
26, 5, 329, 104, -1.1466021537780762
26, 6, 315, 104, -1.1470736265182495
26, 7, 438, 118, -0.5028581619262695
26, 8, 300, 119, -0.5950454473495483
26, 9, 393, 177, -0.9822589159011841
26, 10, 339, 177, -1.0109541416168213
26, 11, 522, 313, -0.011836688034236431
26, 12, 221, 286, -0.2856508493423462
26, 13, 591, 467, -0.5950095653533936
26, 14, 139, 502, -0.8070310354232788
26, 15, 597, 446, -1.8155829906463623
26, 16, 259, 469, -1.746640920639038
26, 17, 572, 403, -2.0387654304504395
26, 18, 312, 447, -1.922429084777832
26, 19, 564, 380, -1.9837191104888916
26, 20, 314, 415, -1.9030067920684814
26, 21, 560, 391, -1.8289724588394165
26, 22, 305, 420, -1.7534782886505127
26, 23, 441, 742, 0.050109077244997025
26, 24, 262, 735, -0.04531390219926834
26, 25, 421, 969, -0.22580203413963318
26, 26, 226, 959, -0.2529500722885132
26, 27, 404, 1287, 0.31886130571365356
26, 28, 204, 1282, 0.11087489128112793
26, 29, 399, 1339, 0.3331269323825836
26, 30, 192, 1334, 0.11282940208911896
26, 31, 394, 1370, -0.2543368935585022
26, 32, 234, 1371, -0.5085299611091614
27, 0, 368, 138, -1.2724896669387817
27, 1, 392, 102, -1.179368257522583
27, 2, 405, 102, -1.1795300245285034
27, 3, 418, 102, -1.179442286491394
27, 4, 345, 104, -1.2168619632720947
27, 5, 330, 103, -1.216925859451294
27, 6, 316, 103, -1.2174639701843262
27, 7, 438, 118, -0.5396015644073486
27, 8, 301, 118, -0.6977707147598267
27, 9, 393, 176, -1.0204273462295532
27, 10, 339, 176, -1.0685570240020752
27, 11, 515, 297, -0.05402011424303055
27, 12, 221, 284, -0.37672799825668335
27, 13, 590, 464, -0.631989598274231
27, 14, 138, 508, -0.8144410848617554
27, 15, 556, 446, -1.8490521907806396
27, 16, 280, 475, -1.7313960790634155
27, 17, 530, 406, -2.067979574203491
27, 18, 333, 454, -1.9074411392211914
27, 19, 517, 383, -2.0077881813049316
27, 20, 338, 421, -1.8858140707015991
27, 21, 516, 392, -1.8582143783569336
27, 22, 323, 423, -1.7330138683319092
27, 23, 443, 731, 0.05417056009173393
27, 24, 262, 726, -0.04985394701361656
27, 25, 423, 983, -0.22235313057899475
27, 26, 230, 971, -0.25509655475616455
27, 27, 405, 1298, 0.30904799699783325
27, 28, 212, 1292, 0.0415089949965477
27, 29, 405, 1349, 0.3218139410018921
27, 30, 194, 1341, 0.038894183933734894
27, 31, 404, 1385, -0.26879096031188965
27, 32, 254, 1384, -0.6206257939338684
28, 0, 368, 137, -1.3702490329742432
28, 1, 392, 102, -1.2812221050262451
28, 2, 405, 102, -1.2814316749572754
28, 3, 418, 102, -1.281185269355774
28, 4, 345, 103, -1.3188239336013794
28, 5, 330, 102, -1.3189544677734375
28, 6, 316, 102, -1.3195734024047852
28, 7, 438, 118, -0.6310605406761169
28, 8, 301, 117, -0.789835512638092
28, 9, 393, 175, -1.1119638681411743
28, 10, 339, 174, -1.159055471420288
28, 11, 512, 291, -0.07126736640930176
28, 12, 221, 283, -0.46287864446640015
28, 13, 589, 470, -0.6295183897018433
28, 14, 139, 511, -0.8970401883125305
28, 15, 552, 445, -1.8680474758148193
28, 16, 300, 471, -1.7947263717651367
28, 17, 524, 414, -2.0766828060150146
28, 18, 353, 448, -1.9776344299316406
28, 19, 511, 390, -2.0204105377197266
28, 20, 358, 413, -1.9473040103912354
28, 21, 502, 394, -1.875657320022583
28, 22, 342, 418, -1.7942368984222412
28, 23, 445, 728, 0.06193936988711357
28, 24, 261, 724, -0.057858776301145554
28, 25, 424, 983, -0.15983253717422485
28, 26, 239, 976, -0.25765055418014526
28, 27, 409, 1302, 0.40332382917404175
28, 28, 219, 1301, 0.06082863733172417
28, 29, 407, 1353, 0.41764411330223083
28, 30, 197, 1356, 0.06151730567216873
28, 31, 411, 1389, -0.21718180179595947
28, 32, 265, 1391, -0.6234541535377502
29, 0, 368, 136, -1.3820998668670654
29, 1, 392, 101, -1.2903211116790771
29, 2, 405, 101, -1.2905851602554321
29, 3, 418, 101, -1.2902710437774658
29, 4, 345, 101, -1.3235125541687012
29, 5, 330, 101, -1.3236361742019653
29, 6, 316, 100, -1.3242332935333252
29, 7, 438, 117, -0.6455546617507935
29, 8, 301, 114, -0.7849041223526001
29, 9, 393, 174, -1.1291029453277588
29, 10, 339, 172, -1.1705139875411987
29, 11, 513, 290, -0.07997725903987885
29, 12, 221, 282, -0.47218042612075806
29, 13, 592, 479, -0.6838471293449402
29, 14, 139, 513, -0.9514728784561157
29, 15, 530, 445, -1.9465751647949219
29, 16, 311, 468, -1.8024089336395264
29, 17, 494, 412, -2.160843849182129
29, 18, 364, 444, -2.0006113052368164
29, 19, 486, 387, -2.0760116577148438
29, 20, 363, 410, -1.974135160446167
29, 21, 485, 393, -1.9459654092788696
29, 22, 348, 416, -1.8177543878555298
29, 23, 446, 727, 0.06850644946098328
29, 24, 261, 724, -0.06429446488618851
29, 25, 428, 1010, -0.11926700174808502
29, 26, 245, 992, -0.27974194288253784
29, 27, 433, 1326, 0.44631409645080566
29, 28, 242, 1325, 0.05354300141334534
29, 29, 433, 1376, 0.4603169560432434
29, 30, 223, 1380, 0.05652720481157303
29, 31, 433, 1416, -0.20440669357776642
29, 32, 295, 1420, -0.6632739305496216
30, 0, 367, 135, -1.426188588142395
30, 1, 392, 101, -1.3277649879455566
30, 2, 405, 101, -1.3280901908874512
30, 3, 418, 101, -1.327506184577942
30, 4, 345, 100, -1.3654171228408813
30, 5, 330, 99, -1.365504503250122
30, 6, 316, 97, -1.3661082983016968
30, 7, 438, 116, -0.654278039932251
30, 8, 301, 111, -0.8097127676010132
30, 9, 393, 173, -1.1628634929656982
30, 10, 339, 171, -1.2097702026367188
30, 11, 513, 290, -0.04738617315888405
30, 12, 221, 282, -0.5240756869316101
30, 13, 601, 541, -0.5969971418380737
30, 14, 139, 518, -1.063076376914978
30, 15, 539, 450, -1.8989185094833374
30, 16, 307, 465, -2.0081682205200195
30, 17, 505, 413, -2.101823091506958
30, 18, 363, 431, -2.192373752593994
30, 19, 498, 387, -2.0362298488616943
30, 20, 360, 399, -2.140334367752075
30, 21, 495, 393, -1.9069349765777588
30, 22, 346, 408, -1.9992170333862305
30, 23, 446, 727, 0.11395374685525894
30, 24, 261, 724, -0.10935451835393906
30, 25, 432, 1035, 0.060281895101070404
30, 26, 245, 1022, -0.15505892038345337
30, 27, 436, 1343, 0.6937010288238525
30, 28, 245, 1343, 0.2910583019256592
30, 29, 436, 1392, 0.7115232348442078
30, 30, 227, 1392, 0.30469125509262085
30, 31, 437, 1431, 0.03159783408045769
30, 32, 300, 1438, -0.4403092861175537
31, 0, 367, 135, -1.4019824266433716
31, 1, 392, 100, -1.3076235055923462
31, 2, 405, 100, -1.3079562187194824
31, 3, 418, 100, -1.3074495792388916
31, 4, 345, 100, -1.3394010066986084
31, 5, 330, 98, -1.3394746780395508
31, 6, 316, 97, -1.340072751045227
31, 7, 438, 115, -0.6515681147575378
31, 8, 301, 109, -0.7884091138839722
31, 9, 393, 173, -1.1473921537399292
31, 10, 338, 171, -1.186359167098999
31, 11, 517, 293, -0.04281623288989067
31, 12, 221, 280, -0.49614959955215454
31, 13, 607, 552, -0.5471099615097046
31, 14, 139, 519, -0.9981433749198914
31, 15, 540, 457, -1.8292016983032227
31, 16, 305, 452, -1.993889570236206
31, 17, 517, 438, -2.0358762741088867
31, 18, 365, 429, -2.152313709259033
31, 19, 502, 398, -1.9818086624145508
31, 20, 368, 395, -2.0996434688568115
31, 21, 497, 401, -1.8421119451522827
31, 22, 352, 401, -1.967201590538025
31, 23, 447, 726, 0.10678966343402863
31, 24, 260, 723, -0.10236988216638565
31, 25, 432, 1034, 0.004093357361853123
31, 26, 245, 1020, -0.12482719123363495
31, 27, 437, 1343, 0.6261204481124878
31, 28, 250, 1341, 0.29641079902648926
31, 29, 437, 1392, 0.644577145576477
31, 30, 234, 1391, 0.30747735500335693
31, 31, 437, 1430, -0.021151110529899597
31, 32, 303, 1437, -0.4110754132270813
32, 0, 366, 134, -1.4848616123199463
32, 1, 392, 99, -1.3904762268066406
32, 2, 405, 99, -1.3908674716949463
32, 3, 418, 99, -1.3899729251861572
32, 4, 344, 98, -1.4150233268737793
32, 5, 329, 97, -1.4150930643081665
32, 6, 315, 95, -1.4158002138137817
32, 7, 439, 113, -0.7271080613136292
32, 8, 301, 108, -0.8236082792282104
32, 9, 393, 173, -1.2305606603622437
32, 10, 338, 170, -1.2592809200286865
32, 11, 525, 296, -0.12160029262304306
32, 12, 221, 281, -0.525153398513794
32, 13, 629, 574, -0.6942080855369568
32, 14, 139, 520, -1.0565996170043945
32, 15, 543, 456, -2.0238187313079834
32, 16, 298, 451, -2.0592055320739746
32, 17, 519, 433, -2.230531930923462
32, 18, 358, 422, -2.237717628479004
32, 19, 505, 395, -2.1617238521575928
32, 20, 360, 390, -2.1830320358276367
32, 21, 503, 399, -2.029500961303711
32, 22, 344, 398, -2.0461504459381104
32, 23, 457, 726, 0.10031908750534058
32, 24, 256, 723, -0.09603382647037506
32, 25, 446, 1059, 0.08486878871917725
32, 26, 246, 1049, -0.013388263061642647
32, 27, 444, 1364, 0.8163491487503052
32, 28, 253, 1359, 0.5373386144638062
32, 29, 445, 1410, 0.8410707712173462
32, 30, 240, 1405, 0.5639622807502747
32, 31, 439, 1455, 0.1127023845911026
32, 32, 301, 1457, -0.22870104014873505
33, 0, 366, 133, -1.4557210206985474
33, 1, 392, 98, -1.3643087148666382
33, 2, 405, 98, -1.3648329973220825
33, 3, 418, 97, -1.3645867109298706
33, 4, 344, 97, -1.3954318761825562
33, 5, 329, 95, -1.3957767486572266
33, 6, 315, 94, -1.3964775800704956
33, 7, 440, 111, -0.7208067774772644
33, 8, 301, 107, -0.7874808311462402
33, 9, 393, 172, -1.2036182880401611
33, 10, 338, 170, -1.2413040399551392
33, 11, 527, 299, -0.07884079962968826
33, 12, 222, 278, -0.49790340662002563
33, 13, 629, 577, -0.6435160040855408
33, 14, 139, 518, -1.0460726022720337
33, 15, 559, 453, -1.984336256980896
33, 16, 294, 440, -2.0617573261260986
33, 17, 539, 427, -2.179014205932617
33, 18, 359, 411, -2.2444796562194824
33, 19, 530, 391, -2.104732036590576
33, 20, 359, 378, -2.190084934234619
33, 21, 526, 398, -1.9911916255950928
33, 22, 343, 386, -2.0519051551818848
33, 23, 457, 726, 0.09358109533786774
33, 24, 250, 722, -0.08892939984798431
33, 25, 445, 1064, 0.08646045625209808
33, 26, 241, 1051, -0.02501433715224266
33, 27, 437, 1368, 0.7729438543319702
33, 28, 248, 1360, 0.4901626706123352
33, 29, 438, 1414, 0.7933707237243652
33, 30, 235, 1404, 0.5136737823486328
33, 31, 431, 1456, 0.08352302759885788
33, 32, 296, 1456, -0.2690952718257904
34, 0, 365, 132, -1.5761005878448486
34, 1, 392, 97, -1.4836214780807495
34, 2, 405, 97, -1.4840123653411865
34, 3, 418, 96, -1.4836437702178955
34, 4, 344, 96, -1.504211187362671
34, 5, 329, 94, -1.5043526887893677
34, 6, 315, 93, -1.5051584243774414
34, 7, 440, 110, -0.8212289810180664
34, 8, 302, 106, -0.889476478099823
34, 9, 393, 172, -1.3209255933761597
34, 10, 338, 169, -1.3436883687973022
34, 11, 528, 300, -0.2024950236082077
34, 12, 223, 278, -0.5673680901527405
34, 13, 636, 567, -0.6455104947090149
34, 14, 139, 519, -1.1548621654510498
34, 15, 562, 455, -1.8897136449813843
34, 16, 290, 441, -2.296130895614624
34, 17, 543, 431, -2.0795958042144775
34, 18, 354, 408, -2.5013797283172607
34, 19, 538, 399, -2.038917064666748
34, 20, 356, 374, -2.4639387130737305
34, 21, 532, 402, -1.9058334827423096
34, 22, 343, 384, -2.295353412628174
34, 23, 458, 726, 0.050936032086610794
34, 24, 248, 723, -0.04674330726265907
34, 25, 447, 1065, 0.045886095613241196
34, 26, 241, 1053, -0.012134888209402561
34, 27, 442, 1369, 0.7632272243499756
34, 28, 249, 1359, 0.5185263156890869
34, 29, 444, 1414, 0.7870679497718811
34, 30, 239, 1404, 0.5459622740745544
34, 31, 431, 1460, 0.06933564692735672
34, 32, 295, 1455, -0.23739421367645264
35, 0, 364, 131, -1.6610323190689087
35, 1, 391, 96, -1.5624077320098877
35, 2, 405, 96, -1.5627243518829346
35, 3, 418, 96, -1.5621545314788818
35, 4, 343, 95, -1.583820104598999
35, 5, 329, 93, -1.5841219425201416
35, 6, 315, 92, -1.584948182106018
35, 7, 440, 109, -0.8852927088737488
35, 8, 302, 105, -0.9667835235595703
35, 9, 392, 171, -1.4019122123718262
35, 10, 337, 169, -1.426439881324768
35, 11, 527, 303, -0.2546024024486542
35, 12, 223, 278, -0.6623948812484741
35, 13, 581, 520, -0.4959165155887604
35, 14, 139, 519, -1.1642924547195435
35, 15, 556, 553, -1.4623652696609497
35, 16, 266, 451, -2.2000718116760254
35, 17, 542, 568, -1.6249339580535889
35, 18, 336, 410, -2.405447244644165
35, 19, 537, 533, -1.6454893350601196
35, 20, 334, 378, -2.3824849128723145
35, 21, 529, 529, -1.4984124898910522
35, 22, 317, 389, -2.204756259918213
35, 23, 455, 729, 0.058608394116163254
35, 24, 243, 724, -0.054751474410295486
35, 25, 435, 1065, 0.100815549492836
35, 26, 232, 1052, -0.040564827620983124
35, 27, 424, 1373, 0.833023190498352
35, 28, 233, 1364, 0.49956971406936646
35, 29, 425, 1419, 0.8575724363327026
35, 30, 222, 1409, 0.5256191492080688
35, 31, 409, 1464, 0.13515779376029968
35, 32, 275, 1462, -0.2671896815299988
36, 0, 363, 130, -1.3777379989624023
36, 1, 390, 95, -1.2730668783187866
36, 2, 404, 95, -1.2734270095825195
36, 3, 417, 95, -1.2726829051971436
36, 4, 343, 94, -1.3044660091400146
36, 5, 328, 92, -1.3044863939285278
36, 6, 315, 92, -1.3052241802215576
36, 7, 440, 108, -0.6093155741691589
36, 8, 303, 104, -0.7394698858261108
36, 9, 391, 170, -1.1253010034561157
36, 10, 337, 168, -1.1649852991104126
36, 11, 521, 303, -0.02326362021267414
36, 12, 223, 278, -0.5306462049484253
36, 13, 569, 499, -0.5326087474822998
36, 14, 139, 517, -1.118896245956421
36, 15, 532, 488, -1.6647615432739258
36, 16, 270, 452, -2.014594554901123
36, 17, 527, 463, -1.857669472694397
36, 18, 335, 417, -2.1905455589294434
36, 19, 526, 436, -1.8347339630126953
36, 20, 334, 380, -2.14589786529541
36, 21, 518, 456, -1.689414381980896
36, 22, 318, 392, -2.0113019943237305
36, 23, 446, 731, 0.10413044691085815
36, 24, 242, 725, -0.09958796948194504
36, 25, 427, 1063, 0.13960953056812286
36, 26, 225, 1049, -0.05541178584098816
36, 27, 417, 1371, 0.8009247779846191
36, 28, 224, 1361, 0.43999019265174866
36, 29, 417, 1418, 0.8204590678215027
36, 30, 211, 1407, 0.46002936363220215
36, 31, 407, 1461, 0.13484002649784088
36, 32, 271, 1459, -0.2992686629295349
37, 0, 362, 130, -1.4523276090621948
37, 1, 390, 95, -1.3664599657058716
37, 2, 404, 95, -1.366919994354248
37, 3, 416, 95, -1.3668675422668457
37, 4, 343, 94, -1.3732537031173706
37, 5, 328, 92, -1.3734276294708252
37, 6, 315, 91, -1.3741495609283447
37, 7, 440, 108, -0.7841912508010864
37, 8, 303, 103, -0.811240553855896
37, 9, 391, 170, -1.2289190292358398
37, 10, 336, 167, -1.2384483814239502
37, 11, 520, 304, -0.3375706970691681
37, 12, 223, 280, -0.5012911558151245
37, 13, 565, 483, -0.7318401336669922
37, 14, 138, 517, -0.8065112829208374
37, 15, 530, 503, -1.7290279865264893
37, 16, 229, 523, -1.7624073028564453
37, 17, 516, 503, -1.9260610342025757
37, 18, 257, 542, -1.9680753946304321
37, 19, 508, 467, -1.8735933303833008
37, 20, 280, 464, -1.9818365573883057
37, 21, 505, 471, -1.7493149042129517
37, 22, 278, 455, -1.790792465209961
37, 23, 441, 731, 0.00798038113862276
37, 24, 239, 724, -0.0034737035166472197
37, 25, 410, 1060, -0.16074076294898987
37, 26, 214, 1037, -0.18090865015983582
37, 27, 405, 1369, 0.42082399129867554
37, 28, 210, 1360, 0.1834256798028946
37, 29, 405, 1416, 0.4372769296169281
37, 30, 203, 1406, 0.18940170109272003
37, 31, 381, 1460, -0.26251518726348877
37, 32, 241, 1458, -0.565324068069458
38, 0, 361, 130, -1.4679670333862305
38, 1, 389, 95, -1.3898627758026123
38, 2, 404, 95, -1.3902759552001953
38, 3, 416, 94, -1.3900213241577148
38, 4, 342, 94, -1.383785367012024
38, 5, 327, 92, -1.383816123008728
38, 6, 315, 91, -1.3846315145492554
38, 7, 440, 108, -0.8512386083602905
38, 8, 303, 103, -0.8232362866401672
38, 9, 390, 170, -1.2655117511749268
38, 10, 335, 167, -1.258540153503418
38, 11, 521, 305, -0.41488465666770935
38, 12, 223, 281, -0.4512088894844055
38, 13, 585, 561, -0.9451780319213867
38, 14, 137, 516, -0.4895964562892914
38, 15, 535, 474, -2.0626604557037354
38, 16, 143, 669, -1.2604124546051025
38, 17, 530, 436, -2.2761881351470947
38, 18, 135, 729, -1.4135701656341553
38, 19, 527, 407, -2.225618839263916
38, 20, 161, 704, -1.4954242706298828
38, 21, 516, 417, -2.0771372318267822
38, 22, 173, 685, -1.3125298023223877
38, 23, 444, 732, -0.04925372824072838
38, 24, 238, 724, 0.05433891341090202
38, 25, 411, 1088, -0.24691574275493622
38, 26, 217, 1064, -0.3166597783565521
38, 27, 408, 1407, 0.3443666100502014
38, 28, 212, 1389, 0.08018629252910614
38, 29, 408, 1455, 0.3556511402130127
38, 30, 205, 1439, 0.09230106323957443
38, 31, 377, 1507, -0.4017781615257263
38, 32, 245, 1489, -0.7320077419281006
39, 0, 360, 129, -1.4128360748291016
39, 1, 389, 95, -1.3457701206207275
39, 2, 403, 95, -1.345790982246399
39, 3, 416, 94, -1.3453408479690552
39, 4, 342, 94, -1.3218296766281128
39, 5, 327, 92, -1.3213680982589722
39, 6, 314, 91, -1.3220683336257935
39, 7, 439, 108, -0.8138366937637329
39, 8, 303, 103, -0.7311732769012451
39, 9, 389, 169, -1.2393182516098022
39, 10, 334, 166, -1.1975700855255127
39, 11, 522, 306, -0.39801424741744995
39, 12, 222, 281, -0.3605007827281952
39, 13, 622, 578, -1.0219900608062744
39, 14, 137, 516, -0.31658047437667847
39, 15, 555, 466, -2.2730307579040527
39, 16, 114, 722, -0.9913579821586609
39, 17, 549, 415, -2.5230889320373535
39, 18, 95, 791, -1.1339635848999023
39, 19, 546, 389, -2.4706101417541504
39, 20, 125, 776, -1.2534472942352295
39, 21, 530, 406, -2.2952072620391846
39, 22, 141, 756, -1.0571250915527344
39, 23, 451, 749, -0.09610926359891891
39, 24, 238, 738, 0.10246805101633072
39, 25, 420, 1120, -0.16652214527130127
39, 26, 217, 1104, -0.005623525008559227
39, 27, 409, 1439, 0.5897707939147949
39, 28, 215, 1424, 0.6154948472976685
39, 29, 409, 1489, 0.6243245005607605
39, 30, 207, 1473, 0.6532856822013855
39, 31, 381, 1541, -0.2313545197248459
39, 32, 248, 1528, -0.21166622638702393
40, 0, 359, 129, -1.4834024906158447
40, 1, 388, 95, -1.4138740301132202
40, 2, 403, 95, -1.4138553142547607
40, 3, 415, 94, -1.4133355617523193
40, 4, 341, 93, -1.3899521827697754
40, 5, 326, 92, -1.389519214630127
40, 6, 314, 91, -1.390216588973999
40, 7, 439, 108, -0.8835188746452332
40, 8, 303, 103, -0.7888779044151306
40, 9, 388, 169, -1.296179175376892
40, 10, 333, 165, -1.2655045986175537
40, 11, 522, 310, -0.4655463695526123
40, 12, 221, 282, -0.3928929269313812
40, 13, 625, 589, -1.0742439031600952
40, 14, 137, 516, -0.3824912905693054
40, 15, 557, 457, -2.2798092365264893
40, 16, 117, 715, -1.0767418146133423
40, 17, 548, 397, -2.5157270431518555
40, 18, 100, 781, -1.22104012966156
40, 19, 546, 363, -2.4625000953674316
40, 20, 126, 765, -1.332401990890503
40, 21, 534, 385, -2.2978734970092773
40, 22, 142, 744, -1.1399415731430054
40, 23, 451, 752, -0.08708415180444717
40, 24, 236, 739, 0.09323076903820038
40, 25, 421, 1119, -0.1690203994512558
40, 26, 215, 1099, -0.06204109266400337
40, 27, 407, 1436, 0.5875734090805054
40, 28, 208, 1417, 0.4778074622154236
40, 29, 408, 1487, 0.6222894191741943
40, 30, 201, 1467, 0.5017977952957153
40, 31, 370, 1537, -0.19246554374694824
40, 32, 240, 1520, -0.2596372067928314
41, 0, 358, 129, -1.4874746799468994
41, 1, 388, 95, -1.4124929904937744
41, 2, 403, 95, -1.4126012325286865
41, 3, 415, 94, -1.412100076675415
41, 4, 340, 93, -1.39739990234375
41, 5, 326, 91, -1.3971490859985352
41, 6, 314, 90, -1.3979275226593018
41, 7, 439, 108, -0.8661431074142456
41, 8, 303, 102, -0.8085677027702332
41, 9, 387, 169, -1.2895524501800537
41, 10, 332, 165, -1.2726843357086182
41, 11, 522, 311, -0.43123307824134827
41, 12, 220, 283, -0.40775322914123535
41, 13, 623, 604, -1.031677007675171
41, 14, 137, 516, -0.4215768277645111
41, 15, 557, 450, -2.223011016845703
41, 16, 123, 714, -1.1620831489562988
41, 17, 542, 388, -2.450721502304077
41, 18, 109, 779, -1.3095076084136963
41, 19, 544, 358, -2.388563632965088
41, 20, 134, 759, -1.4081217050552368
41, 21, 534, 376, -2.2344613075256348
41, 22, 149, 739, -1.2195390462875366
41, 23, 451, 752, -0.0680113211274147
41, 24, 234, 739, 0.07361550629138947
41, 25, 425, 1116, -0.1449776589870453
41, 26, 216, 1094, -0.18683674931526184
41, 27, 411, 1432, 0.588297426700592
41, 28, 209, 1412, 0.3734011650085449
41, 29, 414, 1481, 0.6211500763893127
41, 30, 202, 1463, 0.4035431742668152
41, 31, 375, 1534, -0.17413102090358734
41, 32, 242, 1514, -0.4285293221473694
42, 0, 358, 129, -1.483141303062439
42, 1, 388, 95, -1.4051926136016846
42, 2, 402, 95, -1.4053560495376587
42, 3, 414, 94, -1.4048734903335571
42, 4, 340, 93, -1.3971960544586182
42, 5, 325, 91, -1.3969027996063232
42, 6, 314, 90, -1.3977216482162476
42, 7, 438, 109, -0.8442994356155396
42, 8, 303, 102, -0.8078834414482117
42, 9, 387, 169, -1.2763254642486572
42, 10, 331, 165, -1.2670561075210571
42, 11, 522, 311, -0.4029766023159027
42, 12, 218, 284, -0.40978866815567017
42, 13, 619, 618, -1.0596846342086792
42, 14, 137, 520, -0.5365150570869446
42, 15, 556, 447, -2.2887027263641357
42, 16, 137, 706, -1.349324345588684
42, 17, 535, 385, -2.5244107246398926
42, 18, 129, 771, -1.5089548826217651
42, 19, 539, 353, -2.4461283683776855
42, 20, 157, 745, -1.5019843578338623
42, 21, 532, 373, -2.2939107418060303
42, 22, 169, 725, -1.3664902448654175
42, 23, 452, 754, -0.05767426639795303
42, 24, 232, 741, 0.06322354823350906
42, 25, 430, 1118, -0.13535423576831818
42, 26, 216, 1096, -0.22469520568847656
42, 27, 421, 1433, 0.5819756984710693
42, 28, 213, 1414, 0.2953966557979584
42, 29, 427, 1481, 0.6101844310760498
42, 30, 206, 1465, 0.3218567371368408
42, 31, 377, 1537, -0.1625215709209442
42, 32, 247, 1515, -0.506697952747345
43, 0, 358, 129, -1.4976344108581543
43, 1, 387, 95, -1.4163283109664917
43, 2, 402, 95, -1.4165737628936768
43, 3, 414, 94, -1.4160969257354736
43, 4, 340, 93, -1.4134347438812256
43, 5, 325, 91, -1.4133456945419312
43, 6, 314, 90, -1.4142100811004639
43, 7, 437, 109, -0.8440514802932739
43, 8, 303, 102, -0.8316599726676941
43, 9, 387, 169, -1.2848762273788452
43, 10, 331, 165, -1.2827346324920654
43, 11, 521, 311, -0.3870057463645935
43, 12, 217, 285, -0.4156850278377533
43, 13, 618, 612, -1.022225260734558
43, 14, 136, 524, -0.5759128332138062
43, 15, 554, 448, -2.268620729446411
43, 16, 148, 702, -1.3745348453521729
43, 17, 528, 388, -2.5043327808380127
43, 18, 146, 766, -1.5319597721099854
43, 19, 532, 357, -2.4315743446350098
43, 20, 172, 737, -1.6081444025039673
43, 21, 525, 376, -2.274561643600464
43, 22, 181, 717, -1.3996050357818604
43, 23, 452, 754, -0.05022566393017769
43, 24, 230, 741, 0.05572893097996712
43, 25, 433, 1115, -0.13099104166030884
43, 26, 217, 1095, -0.24691060185432434
43, 27, 426, 1429, 0.5492042303085327
43, 28, 215, 1412, 0.246122807264328
43, 29, 432, 1477, 0.5706403851509094
43, 30, 209, 1463, 0.26777082681655884
43, 31, 379, 1534, -0.18220371007919312
43, 32, 249, 1513, -0.5504442453384399
44, 0, 358, 128, -1.4184634685516357
44, 1, 387, 94, -1.3376320600509644
44, 2, 402, 95, -1.3379501104354858
44, 3, 414, 94, -1.337467908859253
44, 4, 340, 93, -1.334498643875122
44, 5, 325, 91, -1.3343287706375122
44, 6, 314, 90, -1.335182547569275
44, 7, 436, 109, -0.7953876256942749
44, 8, 303, 102, -0.7803336977958679
44, 9, 386, 169, -1.217545747756958
44, 10, 331, 165, -1.2150704860687256
44, 11, 521, 312, -0.38152173161506653
44, 12, 216, 285, -0.3902014493942261
44, 13, 618, 613, -0.9827156066894531
44, 14, 135, 524, -0.4614843726158142
44, 15, 554, 448, -2.2031564712524414
44, 16, 136, 717, -1.2495346069335938
44, 17, 526, 390, -2.4332566261291504
44, 18, 126, 785, -1.406550645828247
44, 19, 529, 359, -2.3662502765655518
44, 20, 155, 762, -1.4956042766571045
44, 21, 525, 378, -2.2120161056518555
44, 22, 168, 741, -1.301659107208252
44, 23, 452, 754, -0.04951055720448494
44, 24, 230, 741, 0.05504949763417244
44, 25, 433, 1116, -0.22692053020000458
44, 26, 218, 1094, -0.3523002564907074
44, 27, 427, 1433, 0.37039563059806824
44, 28, 217, 1413, 0.05606585741043091
44, 29, 432, 1482, 0.3825518488883972
44, 30, 212, 1464, 0.06970633566379547
44, 31, 381, 1538, -0.379611074924469
44, 32, 252, 1513, -0.7595661282539368
45, 0, 358, 127, -1.2971652746200562
45, 1, 387, 94, -1.2155112028121948
45, 2, 402, 94, -1.2157478332519531
45, 3, 414, 94, -1.2152186632156372
45, 4, 340, 92, -1.2116878032684326
45, 5, 325, 90, -1.211350679397583
45, 6, 314, 89, -1.2121102809906006
45, 7, 436, 109, -0.6833001375198364
45, 8, 302, 100, -0.664007842540741
45, 9, 386, 168, -1.1012765169143677
45, 10, 331, 164, -1.0971803665161133
45, 11, 521, 312, -0.3063478171825409
45, 12, 214, 285, -0.31808874011039734
45, 13, 617, 618, -0.9660665392875671
45, 14, 134, 524, -0.4283430576324463
45, 15, 554, 451, -2.2022292613983154
45, 16, 128, 724, -1.27231764793396
45, 17, 526, 392, -2.442155122756958
45, 18, 115, 792, -1.439647912979126
45, 19, 529, 362, -2.3682432174682617
45, 20, 147, 768, -1.524898648262024
45, 21, 525, 379, -2.211026906967163
45, 22, 161, 747, -1.32802414894104
45, 23, 452, 757, -0.05186769366264343
45, 24, 228, 745, 0.05786467716097832
45, 25, 434, 1123, -0.22777459025382996
45, 26, 219, 1101, -0.32782456278800964
45, 27, 428, 1444, 0.38258928060531616
45, 28, 219, 1423, 0.07654059678316116
45, 29, 433, 1494, 0.39611151814460754
45, 30, 213, 1474, 0.09065698087215424
45, 31, 381, 1548, -0.3622003495693207
45, 32, 257, 1523, -0.7426420450210571
