0, 0, 331, 147, -1.0525641441345215
0, 1, 346, 120, -0.9892987012863159
0, 2, 357, 120, -0.9894450902938843
0, 3, 366, 120, -0.9898713231086731
0, 4, 307, 122, -0.9998770952224731
0, 5, 291, 123, -0.9995213747024536
0, 6, 278, 125, -1.0001559257507324
0, 7, 380, 135, -0.5821245312690735
0, 8, 262, 143, -0.6112988591194153
0, 9, 352, 184, -0.8948582410812378
0, 10, 304, 191, -0.9033998250961304
0, 11, 477, 315, -0.29842206835746765
0, 12, 185, 329, -0.436102956533432
0, 13, 531, 487, -0.22232231497764587
0, 14, 127, 509, -0.32005029916763306
0, 15, 568, 687, -0.5251449942588806
0, 16, 137, 707, -0.6495140790939331
0, 17, 592, 741, -0.6212668418884277
0, 18, 131, 759, -0.759162425994873
0, 19, 560, 749, -0.6943545937538147
0, 20, 159, 761, -0.8588619232177734
0, 21, 547, 725, -0.574222207069397
0, 22, 164, 738, -0.7044383883476257
0, 23, 444, 707, -0.009232101030647755
0, 24, 246, 722, 0.014583945274353027
0, 25, 448, 1009, -0.029843900352716446
0, 26, 265, 1014, -0.141902357339859
0, 27, 453, 1282, 0.6076052784919739
0, 28, 275, 1292, 0.32106828689575195
0, 29, 459, 1332, 0.6363967657089233
0, 30, 274, 1347, 0.3440941870212555
0, 31, 428, 1374, 0.02936883643269539
0, 32, 303, 1370, -0.3272739350795746
1, 0, 329, 147, -1.1127821207046509
1, 1, 346, 120, -1.0496318340301514
1, 2, 357, 120, -1.0498645305633545
1, 3, 366, 120, -1.050194263458252
1, 4, 305, 122, -1.0507100820541382
1, 5, 290, 124, -1.050326943397522
1, 6, 277, 125, -1.0509202480316162
1, 7, 380, 136, -0.6340305805206299
1, 8, 262, 144, -0.623216986656189
1, 9, 350, 184, -0.9545720815658569
1, 10, 302, 190, -0.9504431486129761
1, 11, 477, 315, -0.3587544858455658
1, 12, 185, 329, -0.4370605945587158
1, 13, 531, 488, -0.32122603058815
1, 14, 127, 506, -0.32659608125686646
1, 15, 566, 688, -0.722867488861084
1, 16, 126, 707, -0.7376748919487
1, 17, 589, 742, -0.841881275177002
1, 18, 114, 759, -0.8661990165710449
1, 19, 558, 749, -0.9189907312393188
1, 20, 143, 761, -0.9712848663330078
1, 21, 544, 726, -0.7765889763832092
1, 22, 151, 739, -0.798708438873291
1, 23, 444, 710, -0.0384383425116539
1, 24, 246, 728, 0.04353144392371178
1, 25, 444, 1021, 0.04179538041353226
1, 26, 259, 1024, 0.033010728657245636
1, 27, 448, 1302, 0.7848728895187378
1, 28, 267, 1309, 0.6063475608825684
1, 29, 454, 1354, 0.8251569867134094
1, 30, 267, 1365, 0.6437365412712097
1, 31, 420, 1395, 0.21373268961906433
1, 32, 296, 1391, -0.03755101561546326
2, 0, 328, 147, -1.1443082094192505
2, 1, 346, 120, -1.0796163082122803
2, 2, 356, 120, -1.0799095630645752
2, 3, 366, 120, -1.0801541805267334
2, 4, 305, 122, -1.0795296430587769
2, 5, 289, 124, -1.0791114568710327
2, 6, 277, 126, -1.0797264575958252
2, 7, 380, 136, -0.6580287218093872
2, 8, 262, 144, -0.6399680972099304
2, 9, 350, 184, -0.9846948385238647
2, 10, 301, 189, -0.9795953035354614
2, 11, 477, 316, -0.37999144196510315
2, 12, 185, 329, -0.43749696016311646
2, 13, 531, 490, -0.34861642122268677
2, 14, 127, 504, -0.3310484290122986
2, 15, 565, 691, -0.7727330327033997
2, 16, 124, 707, -0.7718597650527954
2, 17, 589, 745, -0.9007052183151245
2, 18, 112, 759, -0.9080629348754883
2, 19, 558, 751, -0.9802690744400024
2, 20, 140, 761, -1.0157873630523682
2, 21, 543, 727, -0.8287084698677063
2, 22, 149, 739, -0.835045337677002
2, 23, 444, 710, -0.051150090992450714
2, 24, 246, 726, 0.056281447410583496
2, 25, 443, 1023, 0.02663009986281395
2, 26, 258, 1025, 0.012381194159388542
2, 27, 447, 1306, 0.7522352337837219
2, 28, 266, 1312, 0.5704926252365112
2, 29, 453, 1357, 0.789384126663208
2, 30, 266, 1367, 0.6060084104537964
2, 31, 418, 1399, 0.16617296636104584
2, 32, 294, 1394, -0.08675416558980942
3, 0, 328, 148, -1.3278799057006836
3, 1, 346, 120, -1.2583681344985962
3, 2, 356, 120, -1.2586143016815186
3, 3, 366, 120, -1.2583799362182617
3, 4, 305, 122, -1.2544608116149902
3, 5, 289, 124, -1.2541429996490479
3, 6, 277, 126, -1.254706621170044
3, 7, 380, 136, -0.7657198309898376
3, 8, 262, 144, -0.7336401343345642
3, 9, 349, 184, -1.1395695209503174
3, 10, 301, 189, -1.132493257522583
3, 11, 477, 315, -0.44485458731651306
3, 12, 186, 327, -0.4389948844909668
3, 13, 543, 499, -0.8835030794143677
3, 14, 127, 499, -0.8345017433166504
3, 15, 394, 540, -1.6380192041397095
3, 16, 199, 520, -1.804464340209961
3, 17, 396, 569, -1.8046789169311523
3, 18, 226, 527, -2.0044541358947754
3, 19, 327, 503, -1.7432113885879517
3, 20, 234, 494, -1.9839916229248047
3, 21, 337, 493, -1.6338001489639282
3, 22, 224, 488, -1.8209104537963867
3, 23, 439, 704, -0.06269426643848419
3, 24, 239, 711, 0.06742430478334427
3, 25, 436, 1019, -0.015148594975471497
3, 26, 251, 1011, -0.12342020124197006
3, 27, 443, 1300, 0.6055064797401428
3, 28, 265, 1292, 0.3500189483165741
3, 29, 449, 1342, 0.6217295527458191
3, 30, 264, 1336, 0.3764365017414093
3, 31, 413, 1395, -0.1038040891289711
3, 32, 293, 1380, -0.39606088399887085
4, 0, 328, 149, -1.3631017208099365
4, 1, 346, 121, -1.294274091720581
4, 2, 356, 121, -1.2944203615188599
4, 3, 366, 121, -1.2941240072250366
4, 4, 305, 123, -1.292783498764038
4, 5, 289, 124, -1.2927684783935547
4, 6, 277, 126, -1.293363094329834
4, 7, 380, 138, -0.813061535358429
4, 8, 262, 145, -0.7943743467330933
4, 9, 349, 185, -1.1801023483276367
4, 10, 302, 189, -1.1770691871643066
4, 11, 475, 315, -0.5594127774238586
4, 12, 187, 327, -0.5015663504600525
4, 13, 550, 504, -1.1193010807037354
4, 14, 122, 527, -1.1194109916687012
4, 15, 342, 486, -1.831748604774475
4, 16, 187, 466, -2.145794630050659
4, 17, 279, 488, -1.9865248203277588
4, 18, 235, 430, -2.3430705070495605
4, 19, 277, 435, -1.8803592920303345
4, 20, 235, 407, -2.2806131839752197
4, 21, 286, 450, -1.80325186252594
4, 22, 229, 414, -2.145540475845337
4, 23, 434, 702, -0.060017041862010956
4, 24, 233, 706, 0.06437107920646667
4, 25, 433, 1012, 0.02951689437031746
4, 26, 248, 999, -0.0803002417087555
4, 27, 443, 1287, 0.6914554238319397
4, 28, 265, 1270, 0.4547138214111328
4, 29, 449, 1328, 0.716201901435852
4, 30, 265, 1313, 0.48817867040634155
4, 31, 413, 1381, 0.03145156428217888
4, 32, 294, 1359, -0.21835696697235107
5, 0, 328, 150, -1.2720739841461182
5, 1, 346, 121, -1.2029463052749634
5, 2, 356, 121, -1.203120231628418
5, 3, 366, 122, -1.2029911279678345
5, 4, 305, 123, -1.2038586139678955
5, 5, 290, 124, -1.2036727666854858
5, 6, 277, 126, -1.2042744159698486
5, 7, 380, 139, -0.7774953842163086
5, 8, 263, 145, -0.7203558683395386
5, 9, 349, 185, -1.0960444211959839
5, 10, 302, 189, -1.0953302383422852
5, 11, 474, 316, -0.48170584440231323
5, 12, 190, 328, -0.43691229820251465
5, 13, 552, 506, -1.0623342990875244
5, 14, 123, 536, -1.0705431699752808
5, 15, 361, 468, -1.7869676351547241
5, 16, 219, 450, -2.1223959922790527
5, 17, 294, 474, -1.9445804357528687
5, 18, 251, 433, -2.329657554626465
5, 19, 280, 445, -1.8452011346817017
5, 20, 252, 400, -2.268092393875122
5, 21, 301, 446, -1.764804482460022
5, 22, 239, 428, -2.126765251159668
5, 23, 434, 703, -0.05704616755247116
5, 24, 233, 706, 0.06156161427497864
5, 25, 433, 1015, 0.062954381108284
5, 26, 249, 1000, -0.12049976736307144
5, 27, 448, 1290, 0.7155399322509766
5, 28, 267, 1271, 0.41158372163772583
5, 29, 455, 1331, 0.7381259202957153
5, 30, 267, 1318, 0.4433903098106384
5, 31, 420, 1385, 0.036503810435533524
5, 32, 297, 1363, -0.31047335267066956
6, 0, 329, 152, -1.2402262687683105
6, 1, 346, 123, -1.1713902950286865
6, 2, 356, 123, -1.1715768575668335
6, 3, 367, 123, -1.1715205907821655
6, 4, 307, 124, -1.1752781867980957
6, 5, 292, 126, -1.175076961517334
6, 6, 279, 127, -1.1756069660186768
6, 7, 380, 140, -0.7209287881851196
6, 8, 264, 146, -0.708565354347229
6, 9, 349, 186, -1.0680296421051025
6, 10, 304, 190, -1.0670355558395386
6, 11, 469, 315, -0.36008960008621216
6, 12, 189, 327, -0.4379342198371887
6, 13, 551, 496, -0.7780410647392273
6, 14, 142, 555, -0.9826695322990417
6, 15, 415, 514, -1.566313624382019
6, 16, 211, 467, -2.0554795265197754
6, 17, 387, 498, -1.7332513332366943
6, 18, 250, 432, -2.2658848762512207
6, 19, 360, 471, -1.7038606405258179
6, 20, 232, 395, -2.238889455795288
6, 21, 369, 467, -1.576676607131958
6, 22, 236, 414, -2.068599224090576
6, 23, 423, 693, -0.04216144606471062
6, 24, 229, 695, 0.04629179835319519
6, 25, 424, 996, -0.05767408758401871
6, 26, 248, 990, -0.1427842378616333
6, 27, 436, 1270, 0.48410946130752563
6, 28, 266, 1264, 0.2290838062763214
6, 29, 441, 1309, 0.49946364760398865
6, 30, 265, 1307, 0.24300017952919006
6, 31, 415, 1358, -0.13050036132335663
6, 32, 295, 1349, -0.4495498538017273
7, 0, 330, 154, -1.4074132442474365
7, 1, 347, 124, -1.334725260734558
7, 2, 357, 124, -1.3351569175720215
7, 3, 367, 124, -1.3348736763000488
7, 4, 309, 126, -1.345599889755249
7, 5, 293, 127, -1.3458678722381592
7, 6, 281, 128, -1.3464126586914062
7, 7, 380, 140, -0.8302900195121765
7, 8, 264, 147, -0.8713981509208679
7, 9, 349, 188, -1.2151437997817993
7, 10, 305, 191, -1.229243516921997
7, 11, 469, 321, -0.48995405435562134
7, 12, 188, 329, -0.5091760754585266
7, 13, 537, 548, -0.9843655824661255
7, 14, 159, 589, -1.011549949645996
7, 15, 431, 496, -1.937809944152832
7, 16, 206, 457, -2.0987308025360107
7, 17, 415, 451, -2.102526903152466
7, 18, 230, 403, -2.298107624053955
7, 19, 381, 433, -2.0674490928649902
7, 20, 223, 369, -2.255040168762207
7, 21, 393, 440, -1.9457263946533203
7, 22, 228, 379, -2.1050403118133545
7, 23, 424, 691, -0.044717345386743546
7, 24, 230, 694, 0.04845401272177696
7, 25, 423, 995, -0.12462745606899261
7, 26, 247, 992, -0.17388835549354553
7, 27, 435, 1268, 0.45709162950515747
7, 28, 269, 1266, 0.2164568454027176
7, 29, 439, 1308, 0.4740216135978699
7, 30, 269, 1306, 0.2284892499446869
7, 31, 415, 1353, -0.16700026392936707
7, 32, 300, 1352, -0.4625449776649475
8, 0, 330, 156, -1.0708224773406982
8, 1, 347, 125, -1.0139209032058716
8, 2, 357, 125, -1.013906717300415
8, 3, 367, 125, -1.0132914781570435
8, 4, 310, 127, -0.9979492425918579
8, 5, 295, 128, -0.9974261522293091
8, 6, 282, 129, -0.9976722002029419
8, 7, 380, 141, -0.6072428822517395
8, 8, 265, 148, -0.5301212072372437
8, 9, 349, 189, -0.9195572137832642
8, 10, 305, 192, -0.8980722427368164
8, 11, 469, 323, -0.432600736618042
8, 12, 193, 325, -0.2968371510505676
8, 13, 533, 565, -1.0414918661117554
8, 14, 183, 517, -0.914638340473175
8, 15, 433, 468, -1.952390432357788
8, 16, 203, 439, -1.975775957107544
8, 17, 425, 410, -2.1163086891174316
8, 18, 221, 382, -2.1625149250030518
8, 19, 389, 391, -2.0475518703460693
8, 20, 220, 351, -2.119513988494873
8, 21, 402, 410, -1.9507224559783936
8, 22, 223, 370, -1.992205023765564
8, 23, 425, 685, -0.054321397095918655
8, 24, 231, 684, 0.0592629611492157
8, 25, 423, 989, -0.11716178804636002
8, 26, 246, 978, -0.16160953044891357
8, 27, 436, 1264, 0.42221713066101074
8, 28, 267, 1254, 0.18408067524433136
8, 29, 440, 1305, 0.4379565715789795
8, 30, 266, 1295, 0.19446805119514465
8, 31, 416, 1346, -0.1852487027645111
8, 32, 298, 1338, -0.4731552004814148
9, 0, 330, 157, -1.1124218702316284
9, 1, 347, 127, -1.0529253482818604
9, 2, 357, 126, -1.0529593229293823
9, 3, 367, 127, -1.0524475574493408
9, 4, 310, 129, -1.03871488571167
9, 5, 295, 130, -1.038317084312439
9, 6, 283, 131, -1.0386029481887817
9, 7, 380, 141, -0.6297668814659119
9, 8, 266, 149, -0.5623579025268555
9, 9, 349, 190, -0.9560806155204773
9, 10, 305, 193, -0.9375812411308289
9, 11, 468, 323, -0.4465293884277344
9, 12, 197, 322, -0.3025485575199127
9, 13, 527, 554, -1.1226892471313477
9, 14, 181, 534, -0.909398078918457
9, 15, 439, 437, -2.0678675174713135
9, 16, 200, 410, -1.9794057607650757
9, 17, 446, 372, -2.2343273162841797
9, 18, 201, 342, -2.160702705383301
9, 19, 429, 343, -2.1687567234039307
9, 20, 208, 318, -2.115095615386963
9, 21, 412, 372, -2.069035053253174
9, 22, 220, 342, -1.995080590248108
9, 23, 428, 676, -0.07156524062156677
9, 24, 240, 673, 0.07650990784168243
9, 25, 424, 978, -0.10163070261478424
9, 26, 248, 969, -0.03167833387851715
9, 27, 437, 1250, 0.482043981552124
9, 28, 268, 1240, 0.32784685492515564
9, 29, 443, 1291, 0.5022855997085571
9, 30, 266, 1279, 0.3430066704750061
9, 31, 417, 1329, -0.1280159205198288
9, 32, 298, 1324, -0.30834412574768066
10, 0, 330, 157, -1.0867047309875488
10, 1, 347, 127, -1.0299516916275024
10, 2, 357, 127, -1.0302292108535767
10, 3, 367, 128, -1.0298949480056763
10, 4, 311, 129, -1.019971251487732
10, 5, 297, 130, -1.019932746887207
10, 6, 285, 131, -1.020395040512085
10, 7, 379, 142, -0.5998520851135254
10, 8, 267, 149, -0.5522722005844116
10, 9, 349, 191, -0.9240797162055969
10, 10, 306, 193, -0.9117021560668945
10, 11, 459, 308, -0.44243231415748596
10, 12, 204, 305, -0.30771294236183167
10, 13, 486, 525, -1.2032041549682617
10, 14, 199, 448, -1.0171306133270264
10, 15, 433, 402, -2.178638458251953
10, 16, 203, 379, -2.1279892921447754
10, 17, 445, 329, -2.3549365997314453
10, 18, 193, 312, -2.3261160850524902
10, 19, 431, 300, -2.313119888305664
10, 20, 200, 288, -2.286473274230957
10, 21, 412, 328, -2.1923489570617676
10, 22, 217, 312, -2.148773670196533
10, 23, 428, 669, -0.07641087472438812
10, 24, 246, 665, 0.0805804505944252
10, 25, 424, 964, -0.15295100212097168
10, 26, 249, 954, -0.08716826885938644
10, 27, 437, 1233, 0.3584494888782501
10, 28, 268, 1225, 0.19489316642284393
10, 29, 442, 1274, 0.37325194478034973
10, 30, 266, 1263, 0.20544274151325226
10, 31, 417, 1312, -0.22639545798301697
10, 32, 299, 1307, -0.43465298414230347
11, 0, 330, 158, -1.0639550685882568
11, 1, 347, 128, -1.0119599103927612
11, 2, 357, 128, -1.012223243713379
11, 3, 367, 128, -1.011720895767212
11, 4, 312, 130, -0.9994422793388367
11, 5, 299, 130, -0.9993511438369751
11, 6, 286, 131, -0.9998247027397156
11, 7, 379, 142, -0.596424400806427
11, 8, 267, 149, -0.5368885397911072
11, 9, 349, 191, -0.903819739818573
11, 10, 307, 193, -0.88804692029953
11, 11, 455, 287, -0.4331358075141907
11, 12, 208, 298, -0.2644946575164795
11, 13, 496, 481, -1.1245934963226318
11, 14, 200, 486, -0.9649704098701477
11, 15, 426, 379, -2.0412282943725586
11, 16, 219, 377, -1.9224456548690796
11, 17, 428, 311, -2.198452949523926
11, 18, 199, 306, -2.105492115020752
11, 19, 422, 283, -2.1370043754577637
11, 20, 203, 281, -2.085468292236328
11, 21, 423, 307, -2.042299270629883
11, 22, 220, 307, -1.9418121576309204
11, 23, 437, 654, -0.07869177311658859
11, 24, 260, 657, 0.08262845128774643
11, 25, 440, 948, -0.14157013595104218
11, 26, 274, 944, -0.1259908825159073
11, 27, 464, 1214, 0.39038363099098206
11, 28, 306, 1212, 0.18249788880348206
11, 29, 470, 1254, 0.40752357244491577
11, 30, 306, 1250, 0.19538041949272156
11, 31, 451, 1293, -0.20687970519065857
11, 32, 338, 1293, -0.45677024126052856
12, 0, 331, 159, -1.0935522317886353
12, 1, 347, 129, -1.0361926555633545
12, 2, 357, 129, -1.0364998579025269
12, 3, 367, 129, -1.03617262840271
12, 4, 313, 131, -1.028171420097351
12, 5, 299, 131, -1.0280362367630005
12, 6, 287, 132, -1.0285029411315918
12, 7, 379, 142, -0.6587414741516113
12, 8, 267, 149, -0.5696462988853455
12, 9, 349, 191, -0.9055384397506714
12, 10, 307, 194, -0.9089897274971008
12, 11, 456, 291, -0.5067504644393921
12, 12, 209, 300, -0.34277379512786865
12, 13, 499, 488, -1.1149051189422607
12, 14, 193, 554, -0.9503938555717468
12, 15, 405, 375, -1.8861744403839111
12, 16, 237, 378, -1.9169849157333374
12, 17, 403, 305, -2.130871295928955
12, 18, 223, 304, -2.0205740928649902
12, 19, 393, 285, -1.854846715927124
12, 20, 225, 282, -1.9115444421768188
12, 21, 384, 308, -2.007059335708618
12, 22, 238, 309, -1.8660533428192139
12, 23, 449, 658, -0.07648476213216782
12, 24, 265, 663, 0.0807403177022934
12, 25, 453, 955, -0.187569260597229
12, 26, 283, 953, -0.16279682517051697
12, 27, 476, 1225, 0.34513431787490845
12, 28, 310, 1223, 0.14491036534309387
12, 29, 484, 1267, 0.3624764084815979
12, 30, 309, 1263, 0.1581295281648636
12, 31, 463, 1305, -0.24799712002277374
12, 32, 343, 1305, -0.4862593114376068
13, 0, 331, 161, -1.0040568113327026
13, 1, 347, 131, -0.9453555345535278
13, 2, 357, 130, -0.9454323649406433
13, 3, 367, 130, -0.9447107315063477
13, 4, 313, 133, -0.9346858859062195
13, 5, 299, 133, -0.9343870878219604
13, 6, 287, 134, -0.9347040057182312
13, 7, 379, 144, -0.5732024908065796
13, 8, 266, 150, -0.5049513578414917
13, 9, 349, 194, -0.858527660369873
13, 10, 307, 197, -0.8455283045768738
13, 11, 458, 292, -0.4154335558414459
13, 12, 208, 311, -0.2884329557418823
13, 13, 502, 538, -0.9237015843391418
13, 14, 189, 583, -0.8319238424301147
13, 15, 390, 381, -1.456111192703247
13, 16, 253, 388, -1.6496238708496094
13, 17, 375, 322, -1.5653986930847168
13, 18, 247, 319, -1.7848732471466064
13, 19, 376, 297, -1.4305224418640137
13, 20, 246, 300, -1.6988608837127686
13, 21, 376, 313, -1.4324942827224731
13, 22, 253, 320, -1.6381721496582031
13, 23, 458, 660, -0.07526470720767975
13, 24, 265, 671, 0.08025310933589935
13, 25, 456, 956, -0.17319238185882568
13, 26, 280, 964, -0.15577936172485352
13, 27, 477, 1228, 0.39125755429267883
13, 28, 305, 1230, 0.15813413262367249
13, 29, 484, 1269, 0.41847723722457886
13, 30, 303, 1272, 0.18899047374725342
13, 31, 463, 1310, -0.15889546275138855
13, 32, 338, 1312, -0.43031197786331177
14, 0, 330, 162, -1.0297672748565674
14, 1, 347, 132, -0.968681812286377
14, 2, 357, 131, -0.9686895608901978
14, 3, 367, 131, -0.9679275751113892
14, 4, 313, 133, -0.9597637057304382
14, 5, 299, 134, -0.959521472454071
14, 6, 286, 135, -0.9598389863967896
14, 7, 379, 145, -0.5840352773666382
14, 8, 265, 151, -0.5293540358543396
14, 9, 349, 195, -0.8852645754814148
14, 10, 306, 197, -0.8725141286849976
14, 11, 459, 302, -0.40797561407089233
14, 12, 205, 318, -0.307273268699646
14, 13, 507, 556, -0.8926252126693726
14, 14, 185, 590, -0.8445261716842651
14, 15, 386, 399, -1.410027265548706
14, 16, 252, 392, -1.664229393005371
14, 17, 370, 337, -1.5124273300170898
14, 18, 252, 327, -1.8085485696792603
14, 19, 371, 314, -1.3883519172668457
14, 20, 255, 308, -1.7257030010223389
14, 21, 372, 332, -1.3787890672683716
14, 22, 258, 327, -1.6572420597076416
14, 23, 458, 666, -0.06957539916038513
14, 24, 263, 681, 0.07524637877941132
14, 25, 455, 966, -0.07444699853658676
14, 26, 277, 974, -0.13378529250621796
14, 27, 474, 1235, 0.5621872544288635
14, 28, 301, 1239, 0.2940433919429779
14, 29, 481, 1278, 0.5914493799209595
14, 30, 300, 1283, 0.3256664276123047
14, 31, 459, 1317, 0.004777717404067516
14, 32, 333, 1322, -0.3160093426704407
15, 0, 330, 162, -1.0405439138412476
15, 1, 347, 132, -0.9781509637832642
15, 2, 357, 131, -0.9781319499015808
15, 3, 367, 131, -0.9773290753364563
15, 4, 313, 134, -0.9701027870178223
15, 5, 299, 135, -0.9699254035949707
15, 6, 286, 136, -0.9702705144882202
15, 7, 379, 146, -0.5851436853408813
15, 8, 265, 151, -0.5377569198608398
15, 9, 349, 195, -0.8944035768508911
15, 10, 306, 197, -0.882535457611084
15, 11, 461, 305, -0.3820633292198181
15, 12, 204, 320, -0.3174746632575989
15, 13, 516, 561, -0.8496314287185669
15, 14, 173, 586, -0.8445335626602173
15, 15, 383, 403, -1.4009575843811035
15, 16, 257, 397, -1.6481813192367554
15, 17, 366, 340, -1.5098057985305786
15, 18, 263, 331, -1.793947458267212
15, 19, 367, 316, -1.3922345638275146
15, 20, 265, 312, -1.7079107761383057
15, 21, 369, 334, -1.3715951442718506
15, 22, 267, 332, -1.638994574546814
15, 23, 456, 668, -0.05804743617773056
15, 24, 263, 684, 0.06392219662666321
15, 25, 454, 972, 0.018017897382378578
15, 26, 277, 979, -0.06572408974170685
15, 27, 471, 1235, 0.6990031003952026
15, 28, 299, 1241, 0.43736305832862854
15, 29, 479, 1279, 0.7323132753372192
15, 30, 298, 1285, 0.47153791785240173
15, 31, 456, 1317, 0.14406715333461761
15, 32, 331, 1325, -0.1776612401008606
16, 0, 330, 164, -0.9708666801452637
16, 1, 347, 133, -0.9085283279418945
16, 2, 357, 132, -0.9085063934326172
16, 3, 367, 132, -0.9077138900756836
16, 4, 313, 136, -0.8994487524032593
16, 5, 299, 136, -0.8992147445678711
16, 6, 286, 137, -0.8995404243469238
16, 7, 379, 146, -0.5267373323440552
16, 8, 265, 151, -0.47415465116500854
16, 9, 349, 196, -0.8306538462638855
16, 10, 306, 198, -0.8165494203567505
16, 11, 463, 308, -0.3297121524810791
16, 12, 204, 320, -0.2901068329811096
16, 13, 519, 558, -0.798076331615448
16, 14, 173, 584, -0.8134787678718567
16, 15, 378, 401, -1.3248696327209473
16, 16, 262, 393, -1.5994077920913696
16, 17, 361, 334, -1.4294700622558594
16, 18, 269, 327, -1.7468000650405884
16, 19, 362, 315, -1.3077661991119385
16, 20, 270, 309, -1.659193754196167
16, 21, 365, 334, -1.2941683530807495
16, 22, 272, 329, -1.5899879932403564
16, 23, 455, 669, -0.05328207090497017
16, 24, 262, 684, 0.05924348905682564
16, 25, 453, 972, 0.03394392877817154
16, 26, 276, 980, -0.048282455652952194
16, 27, 470, 1238, 0.7085077166557312
16, 28, 297, 1242, 0.44202107191085815
16, 29, 477, 1281, 0.7416629791259766
16, 30, 296, 1286, 0.4746471345424652
16, 31, 454, 1320, 0.16179068386554718
16, 32, 329, 1326, -0.16902729868888855
17, 0, 330, 165, -0.9430745244026184
17, 1, 347, 134, -0.8784219026565552
17, 2, 357, 133, -0.8784119486808777
17, 3, 367, 133, -0.8776226043701172
17, 4, 313, 136, -0.871313214302063
17, 5, 299, 137, -0.8710301518440247
17, 6, 286, 138, -0.8713290095329285
17, 7, 379, 147, -0.4962472915649414
17, 8, 265, 152, -0.4524838924407959
17, 9, 349, 197, -0.8036853075027466
17, 10, 306, 199, -0.7921808362007141
17, 11, 464, 312, -0.31429314613342285
17, 12, 203, 322, -0.2774497866630554
17, 13, 530, 545, -0.7789291143417358
17, 14, 173, 586, -0.800994873046875
17, 15, 375, 400, -1.2681663036346436
17, 16, 262, 389, -1.5677287578582764
17, 17, 357, 329, -1.3675196170806885
17, 18, 267, 322, -1.712618112564087
17, 19, 358, 311, -1.2411844730377197
17, 20, 268, 305, -1.6269762516021729
17, 21, 361, 333, -1.2350651025772095
17, 22, 270, 325, -1.5600169897079468
17, 23, 454, 670, -0.05069338530302048
17, 24, 262, 685, 0.05671392008662224
17, 25, 452, 973, 0.01635613664984703
17, 26, 276, 981, -0.05711319297552109
17, 27, 469, 1238, 0.6743701696395874
17, 28, 297, 1243, 0.40977707505226135
17, 29, 476, 1282, 0.7059306502342224
17, 30, 296, 1286, 0.43963661789894104
17, 31, 453, 1321, 0.123501256108284
17, 32, 329, 1327, -0.20543834567070007
18, 0, 330, 166, -0.8956308364868164
18, 1, 347, 135, -0.8323535919189453
18, 2, 357, 134, -0.832273006439209
18, 3, 367, 134, -0.8314809799194336
18, 4, 312, 137, -0.8237134218215942
18, 5, 299, 138, -0.8232612609863281
18, 6, 286, 138, -0.8234478831291199
18, 7, 379, 148, -0.46419620513916016
18, 8, 265, 152, -0.41185036301612854
18, 9, 349, 198, -0.7626449465751648
18, 10, 305, 200, -0.748520016670227
18, 11, 464, 315, -0.29315295815467834
18, 12, 202, 324, -0.24170581996440887
18, 13, 532, 538, -0.7181364893913269
18, 14, 173, 590, -0.7437260150909424
18, 15, 368, 395, -1.1314932107925415
18, 16, 264, 391, -1.480837345123291
18, 17, 353, 327, -1.217393159866333
18, 18, 266, 322, -1.615007758140564
18, 19, 354, 310, -1.0802371501922607
18, 20, 265, 305, -1.5262584686279297
18, 21, 357, 330, -1.0921194553375244
18, 22, 269, 326, -1.4715502262115479
18, 23, 454, 674, -0.050728000700473785
18, 24, 262, 688, 0.05682866647839546
18, 25, 451, 978, 0.0018901024013757706
18, 26, 275, 988, 0.025319665670394897
18, 27, 468, 1243, 0.6699231266975403
18, 28, 297, 1248, 0.4852428436279297
18, 29, 475, 1287, 0.7037220001220703
18, 30, 295, 1290, 0.5148226022720337
18, 31, 452, 1324, 0.1286068558692932
18, 32, 329, 1336, -0.11301843076944351
19, 0, 331, 166, -0.8696216344833374
19, 1, 348, 135, -0.8071534037590027
19, 2, 357, 134, -0.8071524500846863
19, 3, 367, 134, -0.8064538836479187
19, 4, 313, 138, -0.7964985370635986
19, 5, 299, 138, -0.7959809899330139
19, 6, 286, 138, -0.7961968183517456
19, 7, 379, 149, -0.44009971618652344
19, 8, 265, 153, -0.3787662088871002
19, 9, 349, 198, -0.736902117729187
19, 10, 306, 200, -0.7205595374107361
19, 11, 464, 315, -0.2830659747123718
19, 12, 202, 325, -0.20401540398597717
19, 13, 533, 533, -0.7201952934265137
19, 14, 173, 589, -0.7201746702194214
19, 15, 367, 391, -1.151497721672058
19, 16, 264, 392, -1.4923796653747559
19, 17, 355, 326, -1.2420474290847778
19, 18, 263, 324, -1.630499243736267
19, 19, 355, 309, -1.1102101802825928
19, 20, 263, 307, -1.5452654361724854
19, 21, 357, 328, -1.113674283027649
19, 22, 267, 328, -1.4847007989883423
19, 23, 453, 674, -0.05272300913929939
19, 24, 261, 688, 0.0588347390294075
19, 25, 451, 978, 0.0006158453179523349
19, 26, 272, 988, 0.04223544895648956
19, 27, 467, 1244, 0.6664175987243652
19, 28, 292, 1249, 0.4772697985172272
19, 29, 474, 1288, 0.6943142414093018
19, 30, 290, 1290, 0.5047262907028198
19, 31, 450, 1325, 0.09175856411457062
19, 32, 323, 1336, -0.12107586860656738
20, 0, 331, 167, -0.884355902671814
20, 1, 347, 136, -0.8246927261352539
20, 2, 357, 135, -0.8246488571166992
20, 3, 367, 135, -0.8239713907241821
20, 4, 313, 138, -0.815780758857727
20, 5, 299, 139, -0.8152607679367065
20, 6, 286, 139, -0.8154586553573608
20, 7, 379, 150, -0.4606254994869232
20, 8, 265, 153, -0.40650200843811035
20, 9, 349, 199, -0.7513100504875183
20, 10, 305, 200, -0.7367712259292603
20, 11, 464, 316, -0.2902870178222656
20, 12, 199, 326, -0.23186573386192322
20, 13, 528, 551, -0.7077459692955017
20, 14, 173, 588, -0.7464608550071716
20, 15, 367, 391, -1.1282027959823608
20, 16, 263, 390, -1.5128302574157715
20, 17, 355, 326, -1.2190258502960205
20, 18, 263, 323, -1.6490554809570312
20, 19, 355, 309, -1.0916962623596191
20, 20, 262, 305, -1.5663681030273438
20, 21, 357, 330, -1.093527913093567
20, 22, 267, 326, -1.5064642429351807
20, 23, 453, 675, -0.05148547887802124
20, 24, 261, 689, 0.05765701085329056
20, 25, 451, 978, -0.003175698220729828
20, 26, 271, 988, 0.03220526874065399
20, 27, 466, 1244, 0.6520710587501526
20, 28, 292, 1249, 0.4700562059879303
20, 29, 474, 1288, 0.6826432347297668
20, 30, 289, 1290, 0.4983404576778412
20, 31, 448, 1326, 0.11142446100711823
20, 32, 321, 1337, -0.11628668010234833
21, 0, 330, 168, -0.9091887474060059
21, 1, 347, 137, -0.8474788665771484
21, 2, 357, 136, -0.8474537134170532
21, 3, 367, 135, -0.8467243909835815
21, 4, 313, 139, -0.8389717936515808
21, 5, 299, 139, -0.838548481464386
21, 6, 286, 139, -0.8388054966926575
21, 7, 379, 150, -0.4744262099266052
21, 8, 265, 153, -0.42256227135658264
21, 9, 349, 199, -0.7726600170135498
21, 10, 305, 201, -0.7588340044021606
21, 11, 464, 317, -0.29849210381507874
21, 12, 198, 326, -0.24411682784557343
21, 13, 528, 558, -0.7413426637649536
21, 14, 171, 588, -0.762163519859314
21, 15, 369, 394, -1.2143127918243408
21, 16, 262, 384, -1.5422203540802002
21, 17, 355, 329, -1.3117245435714722
21, 18, 268, 320, -1.682636022567749
21, 19, 356, 311, -1.1856696605682373
21, 20, 269, 303, -1.5974022150039673
21, 21, 358, 332, -1.181605339050293
21, 22, 269, 324, -1.5350675582885742
21, 23, 453, 677, -0.05113465338945389
21, 24, 261, 691, 0.057281214743852615
21, 25, 451, 980, 0.02341659739613533
21, 26, 271, 989, 0.04456869140267372
21, 27, 467, 1245, 0.7115877866744995
21, 28, 293, 1250, 0.5285555124282837
21, 29, 475, 1289, 0.7471739053726196
21, 30, 291, 1291, 0.5626571774482727
21, 31, 450, 1327, 0.18088878691196442
21, 32, 323, 1337, -0.055653221905231476
22, 0, 330, 168, -0.9240250587463379
22, 1, 347, 137, -0.8622102737426758
22, 2, 356, 136, -0.8622164726257324
22, 3, 366, 136, -0.861584484577179
22, 4, 313, 139, -0.8541088104248047
22, 5, 299, 139, -0.8536903262138367
22, 6, 286, 139, -0.8539341688156128
22, 7, 379, 150, -0.48416560888290405
22, 8, 265, 153, -0.4349146783351898
22, 9, 349, 199, -0.7851166129112244
22, 10, 305, 201, -0.7722488641738892
22, 11, 465, 317, -0.3042934536933899
22, 12, 198, 326, -0.26597243547439575
22, 13, 529, 559, -0.7471572756767273
22, 14, 168, 587, -0.7901724576950073
22, 15, 368, 396, -1.2580935955047607
22, 16, 263, 383, -1.5550999641418457
22, 17, 348, 332, -1.3569228649139404
22, 18, 271, 321, -1.6992202997207642
22, 19, 351, 312, -1.199910283088684
22, 20, 272, 304, -1.6170021295547485
22, 21, 356, 333, -1.2098414897918701
22, 22, 272, 323, -1.550681471824646
22, 23, 453, 677, -0.04643167182803154
22, 24, 266, 698, 0.05231123045086861
22, 25, 451, 980, 0.040035273879766464
22, 26, 271, 989, 0.026060711592435837
22, 27, 467, 1245, 0.7290251851081848
22, 28, 295, 1250, 0.5170562863349915
22, 29, 475, 1289, 0.764167308807373
22, 30, 293, 1291, 0.5510901212692261
22, 31, 450, 1328, 0.1912478506565094
22, 32, 324, 1337, -0.07987557351589203
23, 0, 329, 168, -0.9238964915275574
23, 1, 347, 137, -0.8630515933036804
23, 2, 356, 136, -0.8630180358886719
23, 3, 366, 136, -0.8622509241104126
23, 4, 312, 139, -0.8549267649650574
23, 5, 299, 140, -0.8545635938644409
23, 6, 286, 140, -0.854867160320282
23, 7, 379, 150, -0.48732537031173706
23, 8, 266, 153, -0.437410444021225
23, 9, 348, 199, -0.7856943011283875
23, 10, 305, 201, -0.7723428010940552
23, 11, 465, 317, -0.2974553108215332
23, 12, 198, 326, -0.27055472135543823
23, 13, 530, 560, -0.7563382387161255
23, 14, 167, 586, -0.8006111979484558
23, 15, 369, 397, -1.2705330848693848
23, 16, 262, 384, -1.5623595714569092
23, 17, 347, 334, -1.3725429773330688
23, 18, 271, 322, -1.7057106494903564
23, 19, 350, 312, -1.237748384475708
23, 20, 271, 305, -1.6211655139923096
23, 21, 355, 334, -1.233133316040039
23, 22, 273, 324, -1.555738091468811
23, 23, 453, 678, -0.039566364139318466
23, 24, 263, 698, 0.045378945767879486
23, 25, 451, 980, 0.04926392436027527
23, 26, 271, 989, 0.016232261434197426
23, 27, 467, 1246, 0.7314599752426147
23, 28, 294, 1250, 0.500340461730957
23, 29, 475, 1290, 0.7662586569786072
23, 30, 293, 1291, 0.5333043932914734
23, 31, 450, 1328, 0.19966807961463928
23, 32, 324, 1337, -0.09342323243618011
24, 0, 329, 168, -0.9362339973449707
24, 1, 347, 137, -0.8761081695556641
24, 2, 356, 136, -0.8760579228401184
24, 3, 366, 136, -0.8750942349433899
24, 4, 312, 140, -0.8676322102546692
24, 5, 299, 140, -0.8673651814460754
24, 6, 286, 140, -0.8677350282669067
24, 7, 379, 150, -0.49831366539001465
24, 8, 266, 153, -0.447943776845932
24, 9, 348, 199, -0.7973898649215698
24, 10, 305, 201, -0.7837923765182495
24, 11, 465, 317, -0.29925453662872314
24, 12, 198, 326, -0.2843396067619324
24, 13, 530, 561, -0.7809620499610901
24, 14, 166, 585, -0.8100088238716125
24, 15, 370, 398, -1.3502047061920166
24, 16, 262, 385, -1.570984125137329
24, 17, 349, 335, -1.4593451023101807
24, 18, 270, 324, -1.7117259502410889
24, 19, 351, 314, -1.330857276916504
24, 20, 270, 307, -1.6238034963607788
24, 21, 356, 334, -1.3160712718963623
24, 22, 272, 325, -1.5593578815460205
24, 23, 453, 678, -0.03822384029626846
24, 24, 262, 697, 0.04387833923101425
24, 25, 451, 981, 0.06701070815324783
24, 26, 271, 989, 0.02317974530160427
24, 27, 467, 1245, 0.7585923671722412
24, 28, 296, 1249, 0.5298871397972107
24, 29, 475, 1288, 0.7942928671836853
24, 30, 294, 1290, 0.5650492310523987
24, 31, 451, 1328, 0.22413082420825958
24, 32, 325, 1335, -0.06217316538095474
25, 0, 329, 168, -0.9148093461990356
25, 1, 347, 137, -0.8510873913764954
25, 2, 356, 136, -0.8510748147964478
25, 3, 366, 136, -0.8501355051994324
25, 4, 312, 140, -0.8430286645889282
25, 5, 299, 140, -0.8427448272705078
25, 6, 286, 140, -0.8431519269943237
25, 7, 379, 150, -0.4673757553100586
25, 8, 266, 153, -0.41721901297569275
25, 9, 348, 199, -0.7748885154724121
25, 10, 305, 201, -0.7615925073623657
25, 11, 465, 317, -0.27789995074272156
25, 12, 198, 325, -0.26576605439186096
25, 13, 531, 561, -0.77353835105896
25, 14, 163, 585, -0.7972201704978943
25, 15, 371, 399, -1.3269981145858765
25, 16, 261, 386, -1.549656629562378
25, 17, 350, 335, -1.4333992004394531
25, 18, 270, 325, -1.6891628503799438
25, 19, 352, 313, -1.2990094423294067
25, 20, 270, 308, -1.5981848239898682
25, 21, 357, 334, -1.2905679941177368
25, 22, 271, 326, -1.5369915962219238
25, 23, 452, 678, -0.037479467689991
25, 24, 257, 697, 0.04306526482105255
25, 25, 450, 981, 0.05659406632184982
25, 26, 270, 989, 0.021470563486218452
25, 27, 466, 1245, 0.7389935255050659
25, 28, 295, 1250, 0.5105057954788208
25, 29, 473, 1288, 0.7729998826980591
25, 30, 293, 1291, 0.544030487537384
25, 31, 450, 1329, 0.19411852955818176
25, 32, 324, 1335, -0.08804044872522354
26, 0, 329, 168, -0.9421032071113586
26, 1, 347, 137, -0.8822169303894043
26, 2, 356, 136, -0.8822588920593262
26, 3, 366, 136, -0.8813937902450562
26, 4, 312, 140, -0.8750411868095398
26, 5, 299, 140, -0.8747819662094116
26, 6, 286, 140, -0.8752269744873047
26, 7, 379, 150, -0.4867480397224426
26, 8, 266, 153, -0.44313564896583557
26, 9, 348, 199, -0.7946965098381042
26, 10, 305, 201, -0.7833948731422424
26, 11, 465, 315, -0.2845550775527954
26, 12, 199, 324, -0.2662225067615509
26, 13, 535, 541, -0.7745794653892517
26, 14, 160, 585, -0.7972710728645325
26, 15, 373, 404, -1.4095988273620605
26, 16, 261, 396, -1.5880650281906128
26, 17, 351, 340, -1.5310252904891968
26, 18, 269, 334, -1.732168197631836
26, 19, 352, 316, -1.4098953008651733
26, 20, 269, 313, -1.6516908407211304
26, 21, 357, 338, -1.378575325012207
26, 22, 271, 332, -1.5773919820785522
26, 23, 451, 677, -0.03603539615869522
26, 24, 254, 691, 0.041441090404987335
26, 25, 450, 978, 0.053412117063999176
26, 26, 270, 981, -0.020426031202077866
26, 27, 466, 1240, 0.6876777410507202
26, 28, 295, 1243, 0.45349740982055664
26, 29, 473, 1281, 0.7151447534561157
26, 30, 293, 1285, 0.4848068356513977
26, 31, 450, 1325, 0.12451279163360596
26, 32, 324, 1326, -0.15583652257919312
27, 0, 329, 168, -0.9956464767456055
27, 1, 347, 137, -0.9385770559310913
27, 2, 356, 136, -0.9385454058647156
27, 3, 366, 136, -0.9377704858779907
27, 4, 312, 140, -0.9311909675598145
27, 5, 299, 140, -0.9308233261108398
27, 6, 286, 140, -0.931063175201416
27, 7, 379, 150, -0.563805341720581
27, 8, 266, 153, -0.5222829580307007
27, 9, 348, 199, -0.8541213870048523
27, 10, 305, 201, -0.8433628082275391
27, 11, 465, 316, -0.3342745900154114
27, 12, 199, 324, -0.31516021490097046
27, 13, 535, 559, -0.7748085856437683
27, 14, 154, 586, -0.8184653520584106
27, 15, 385, 411, -1.3241846561431885
27, 16, 253, 431, -1.6075674295425415
27, 17, 358, 349, -1.4292651414871216
27, 18, 268, 363, -1.7470413446426392
27, 19, 355, 319, -1.3176065683364868
27, 20, 269, 336, -1.6659791469573975
27, 21, 361, 340, -1.294964075088501
27, 22, 270, 355, -1.598358392715454
27, 23, 448, 677, -0.03628143295645714
27, 24, 252, 691, 0.041649576276540756
27, 25, 448, 978, -0.04624859616160393
27, 26, 270, 980, -0.10268185287714005
27, 27, 465, 1241, 0.5270714163780212
27, 28, 295, 1244, 0.2902684807777405
27, 29, 473, 1282, 0.5499128103256226
27, 30, 293, 1285, 0.312791109085083
27, 31, 449, 1325, -0.02314848266541958
27, 32, 324, 1326, -0.310746967792511
28, 0, 329, 168, -1.142118215560913
28, 1, 347, 137, -1.077520728111267
28, 2, 356, 136, -1.0775452852249146
28, 3, 366, 136, -1.0769381523132324
28, 4, 312, 140, -1.0680809020996094
28, 5, 299, 140, -1.0678050518035889
28, 6, 286, 140, -1.0681625604629517
28, 7, 380, 150, -0.6559439897537231
28, 8, 267, 154, -0.6040698885917664
28, 9, 348, 199, -0.9844752550125122
28, 10, 305, 201, -0.9703545570373535
28, 11, 466, 317, -0.4000944495201111
28, 12, 199, 329, -0.37048178911209106
28, 13, 544, 563, -0.9569948315620422
28, 14, 163, 586, -0.9133874177932739
28, 15, 403, 442, -1.692671775817871
28, 16, 245, 438, -1.8024556636810303
28, 17, 372, 389, -1.8298451900482178
28, 18, 268, 373, -1.9648847579956055
28, 19, 365, 361, -1.72225022315979
28, 20, 269, 346, -1.8936407566070557
28, 21, 371, 372, -1.672254204750061
28, 22, 270, 364, -1.8008716106414795
28, 23, 446, 680, -0.0421011708676815
28, 24, 252, 691, 0.047593001276254654
28, 25, 447, 980, -0.048590607941150665
28, 26, 270, 980, -0.14445124566555023
28, 27, 464, 1244, 0.5580875277519226
28, 28, 294, 1244, 0.30461376905441284
28, 29, 471, 1288, 0.5824552774429321
28, 30, 292, 1286, 0.33059751987457275
28, 31, 449, 1327, -0.032155998051166534
28, 32, 324, 1325, -0.3418770134449005
29, 0, 329, 168, -1.0941927433013916
29, 1, 347, 137, -1.026179552078247
29, 2, 356, 137, -1.026290774345398
29, 3, 366, 137, -1.0259406566619873
29, 4, 312, 140, -1.0235682725906372
29, 5, 298, 140, -1.0231802463531494
29, 6, 286, 141, -1.0236059427261353
29, 7, 380, 151, -0.6171326637268066
29, 8, 267, 154, -0.5618897676467896
29, 9, 348, 199, -0.9295225143432617
29, 10, 305, 201, -0.9204505085945129
29, 11, 466, 316, -0.25434958934783936
29, 12, 201, 327, -0.3756633400917053
29, 13, 545, 502, -0.48681896924972534
29, 14, 163, 508, -0.9836069941520691
29, 15, 518, 589, -1.0495611429214478
29, 16, 222, 451, -2.005772113800049
29, 17, 518, 623, -1.1769373416900635
29, 18, 262, 412, -2.215013027191162
29, 19, 495, 605, -1.1956629753112793
29, 20, 264, 387, -2.1837573051452637
29, 21, 485, 595, -1.0787523984909058
29, 22, 264, 398, -2.020224094390869
29, 23, 442, 680, -0.03678125515580177
29, 24, 250, 689, 0.04162979871034622
29, 25, 440, 980, 0.06191454082727432
29, 26, 266, 976, -0.11018358170986176
29, 27, 448, 1244, 0.741912841796875
29, 28, 277, 1244, 0.3873807489871979
29, 29, 452, 1287, 0.7675747275352478
29, 30, 275, 1286, 0.420701265335083
29, 31, 426, 1329, 0.10686780512332916
29, 32, 302, 1325, -0.2836134135723114
30, 0, 329, 168, -1.1399728059768677
30, 1, 347, 137, -1.0751521587371826
30, 2, 356, 137, -1.0754950046539307
30, 3, 366, 137, -1.0753440856933594
30, 4, 311, 140, -1.0750828981399536
30, 5, 297, 140, -1.0750106573104858
30, 6, 285, 141, -1.0757665634155273
30, 7, 380, 151, -0.6278163194656372
30, 8, 267, 154, -0.6100572943687439
30, 9, 348, 199, -0.9659129977226257
30, 10, 305, 201, -0.96368807554245
30, 11, 467, 315, -0.3183005452156067
30, 12, 201, 319, -0.36617690324783325
30, 13, 544, 488, -0.7225255966186523
30, 14, 164, 480, -0.8254335522651672
30, 15, 510, 521, -1.511849045753479
30, 16, 221, 493, -1.9481000900268555
30, 17, 500, 535, -1.6754999160766602
30, 18, 247, 502, -2.042576789855957
30, 19, 467, 505, -1.6385018825531006
30, 20, 241, 466, -1.946640968322754
30, 21, 395, 490, -1.5188140869140625
30, 22, 240, 458, -1.874657392501831
30, 23, 436, 679, -0.03677412495017052
30, 24, 245, 684, 0.0415024496614933
30, 25, 436, 975, 0.04905269667506218
30, 26, 259, 962, -0.20721176266670227
30, 27, 443, 1242, 0.6379717588424683
30, 28, 264, 1237, 0.241083025932312
30, 29, 446, 1283, 0.6552746891975403
30, 30, 262, 1282, 0.2631066143512726
30, 31, 418, 1329, 0.014374615624547005
30, 32, 291, 1315, -0.429225355386734
31, 0, 329, 167, -1.1211374998092651
31, 1, 346, 137, -1.0628782510757446
31, 2, 355, 137, -1.063079833984375
31, 3, 366, 137, -1.0631144046783447
31, 4, 310, 140, -1.0591561794281006
31, 5, 297, 140, -1.0588804483413696
31, 6, 285, 141, -1.0594829320907593
31, 7, 380, 151, -0.6429411768913269
31, 8, 267, 154, -0.6091979146003723
31, 9, 348, 198, -0.9590579867362976
31, 10, 305, 201, -0.9512287974357605
31, 11, 469, 315, -0.3604801893234253
31, 12, 202, 319, -0.3705674111843109
31, 13, 545, 492, -0.5632027387619019
31, 14, 166, 480, -0.6004530191421509
31, 15, 484, 607, -1.0603212118148804
31, 16, 207, 582, -1.4319058656692505
31, 17, 467, 646, -1.2018483877182007
31, 18, 216, 621, -1.598610758781433
31, 19, 442, 628, -1.199561595916748
31, 20, 231, 597, -1.6405906677246094
31, 21, 423, 613, -1.0777186155319214
31, 22, 228, 520, -1.4682568311691284
31, 23, 436, 680, -0.057727329432964325
31, 24, 249, 687, 0.06224273517727852
31, 25, 440, 979, -0.022254962474107742
31, 26, 263, 972, -0.053498513996601105
31, 27, 448, 1246, 0.594477117061615
31, 28, 269, 1247, 0.4031720757484436
31, 29, 453, 1288, 0.619489848613739
31, 30, 269, 1293, 0.4294087290763855
31, 31, 422, 1339, -0.01267470233142376
31, 32, 297, 1327, -0.2643522322177887
32, 0, 328, 166, -1.1129084825515747
32, 1, 346, 136, -1.052251935005188
32, 2, 355, 136, -1.0520635843276978
32, 3, 365, 136, -1.0503466129302979
32, 4, 309, 139, -1.0388147830963135
32, 5, 296, 140, -1.0386631488800049
32, 6, 285, 140, -1.0390962362289429
32, 7, 379, 150, -0.6202658414840698
32, 8, 267, 154, -0.5904659032821655
32, 9, 348, 197, -0.9554446339607239
32, 10, 305, 200, -0.9395052194595337
32, 11, 470, 314, -0.36013537645339966
32, 12, 202, 319, -0.39270979166030884
32, 13, 543, 482, -0.29994043707847595
32, 14, 160, 491, -0.3216453790664673
32, 15, 559, 661, -0.6686431169509888
32, 16, 154, 679, -0.7141642570495605
32, 17, 582, 715, -0.7793094515800476
32, 18, 144, 730, -0.8317610621452332
32, 19, 552, 721, -0.8530187606811523
32, 20, 170, 731, -0.935558021068573
32, 21, 537, 699, -0.7193247675895691
32, 22, 177, 708, -0.771974503993988
32, 23, 439, 685, -0.05929965525865555
32, 24, 255, 695, 0.06369978189468384
32, 25, 447, 986, 0.05625373125076294
32, 26, 271, 994, 0.14691966772079468
32, 27, 456, 1257, 0.7989281415939331
32, 28, 281, 1270, 0.7137893438339233
32, 29, 462, 1304, 0.8420106768608093
32, 30, 282, 1321, 0.753783106803894
32, 31, 428, 1350, 0.26879778504371643
32, 32, 309, 1350, 0.11534462869167328
33, 0, 328, 165, -1.1115524768829346
33, 1, 346, 135, -1.0385864973068237
33, 2, 355, 135, -1.0383332967758179
33, 3, 365, 135, -1.0362367630004883
33, 4, 309, 138, -1.0237160921096802
33, 5, 296, 139, -1.0235341787338257
33, 6, 284, 140, -1.0239360332489014
33, 7, 379, 150, -0.6119769811630249
33, 8, 267, 154, -0.5891554951667786
33, 9, 348, 196, -0.94678795337677
33, 10, 305, 200, -0.9276446104049683
33, 11, 471, 314, -0.3557751774787903
33, 12, 202, 319, -0.4018286168575287
33, 13, 542, 481, -0.29780274629592896
33, 14, 153, 492, -0.3073943555355072
33, 15, 563, 664, -0.6754106879234314
33, 16, 139, 687, -0.694153904914856
33, 17, 586, 717, -0.7844923138618469
33, 18, 126, 737, -0.8103062510490417
33, 19, 557, 724, -0.8559802770614624
33, 20, 154, 741, -0.9103723764419556
33, 21, 543, 702, -0.7256894111633301
33, 22, 162, 720, -0.750974178314209
33, 23, 440, 688, -0.0604599192738533
33, 24, 256, 698, 0.06483950465917587
33, 25, 448, 991, 0.051338739693164825
33, 26, 272, 1001, 0.13756807148456573
33, 27, 456, 1264, 0.7752843499183655
33, 28, 283, 1277, 0.6806737184524536
33, 29, 462, 1312, 0.8158262372016907
33, 30, 284, 1328, 0.7174773216247559
33, 31, 429, 1356, 0.2397296130657196
33, 32, 310, 1356, 0.07869364321231842
34, 0, 328, 162, -1.1019550561904907
34, 1, 346, 133, -1.0364018678665161
34, 2, 355, 133, -1.0363810062408447
34, 3, 365, 134, -1.0354926586151123
34, 4, 309, 136, -1.0194820165634155
34, 5, 296, 137, -1.0193454027175903
34, 6, 284, 139, -1.0196572542190552
34, 7, 379, 150, -0.6059920191764832
34, 8, 267, 154, -0.5817369818687439
34, 9, 348, 195, -0.9435299634933472
34, 10, 305, 199, -0.9255286455154419
34, 11, 472, 314, -0.354254812002182
34, 12, 202, 319, -0.3975348174571991
34, 13, 542, 482, -0.29259181022644043
34, 14, 149, 495, -0.3034961223602295
34, 15, 564, 668, -0.6610378623008728
34, 16, 138, 691, -0.7010197043418884
34, 17, 587, 721, -0.7694790363311768
34, 18, 126, 742, -0.8202407956123352
34, 19, 558, 728, -0.8417085409164429
34, 20, 154, 745, -0.9183213114738464
34, 21, 544, 706, -0.7110949754714966
34, 22, 162, 724, -0.7570175528526306
34, 23, 440, 692, -0.06137694790959358
34, 24, 258, 709, 0.06576523184776306
34, 25, 449, 996, 0.06255556643009186
34, 26, 274, 1007, 0.13735772669315338
34, 27, 459, 1270, 0.8021917343139648
34, 28, 285, 1285, 0.6954900026321411
34, 29, 465, 1318, 0.8444570302963257
34, 30, 287, 1336, 0.7340204119682312
34, 31, 431, 1363, 0.26838716864585876
34, 32, 313, 1365, 0.09080948680639267
35, 0, 328, 160, -1.0892176628112793
35, 1, 346, 131, -1.0277748107910156
35, 2, 355, 132, -1.0279124975204468
35, 3, 365, 132, -1.027734398841858
35, 4, 309, 134, -1.0201561450958252
35, 5, 295, 136, -1.0198662281036377
35, 6, 284, 137, -1.0203347206115723
35, 7, 378, 149, -0.6150054335594177
35, 8, 267, 154, -0.5902251601219177
35, 9, 348, 194, -0.93354731798172
35, 10, 304, 197, -0.9216690063476562
35, 11, 473, 314, -0.35372745990753174
35, 12, 201, 319, -0.39897316694259644
35, 13, 541, 483, -0.2989490032196045
35, 14, 144, 495, -0.2875182032585144
35, 15, 565, 673, -0.6560531854629517
35, 16, 131, 692, -0.6826795339584351
35, 17, 589, 726, -0.7622388005256653
35, 18, 118, 743, -0.801174521446228
35, 19, 560, 734, -0.8368340730667114
35, 20, 146, 747, -0.9051985740661621
35, 21, 545, 711, -0.7067000269889832
35, 22, 154, 725, -0.7417322397232056
35, 23, 440, 695, -0.06276969611644745
35, 24, 258, 712, 0.06722436845302582
35, 25, 449, 1001, 0.05724053457379341
35, 26, 272, 1010, 0.10439735651016235
35, 27, 457, 1277, 0.7757681608200073
35, 28, 283, 1289, 0.6539238691329956
35, 29, 463, 1327, 0.8150844573974609
35, 30, 283, 1342, 0.6907177567481995
35, 31, 428, 1369, 0.2245028018951416
35, 32, 311, 1370, 0.02990119159221649
36, 0, 328, 158, -1.0809214115142822
36, 1, 346, 130, -1.0204713344573975
36, 2, 355, 130, -1.0206358432769775
36, 3, 365, 131, -1.02058744430542
36, 4, 308, 133, -1.015367865562439
36, 5, 295, 135, -1.0150370597839355
36, 6, 283, 136, -1.0155400037765503
36, 7, 378, 148, -0.6137510538101196
36, 8, 267, 153, -0.5893658399581909
36, 9, 348, 192, -0.9261988401412964
36, 10, 304, 196, -0.9161550402641296
36, 11, 474, 314, -0.35163038969039917
36, 12, 200, 319, -0.39939507842063904
36, 13, 540, 483, -0.29296353459358215
36, 14, 142, 491, -0.28818202018737793
36, 15, 563, 673, -0.636841893196106
36, 16, 131, 688, -0.678855299949646
36, 17, 588, 726, -0.7409659028053284
36, 18, 119, 739, -0.7972508668899536
36, 19, 558, 734, -0.8159542083740234
36, 20, 146, 742, -0.8993608355522156
36, 21, 544, 711, -0.6873977780342102
36, 22, 154, 721, -0.7373119592666626
36, 23, 440, 696, -0.06243910640478134
36, 24, 256, 711, 0.06695424020290375
36, 25, 448, 1002, 0.05357014015316963
36, 26, 269, 1009, 0.08599494397640228
36, 27, 454, 1278, 0.761203408241272
36, 28, 277, 1289, 0.6248884201049805
36, 29, 460, 1328, 0.799186646938324
36, 30, 277, 1342, 0.6603412628173828
36, 31, 424, 1371, 0.20624808967113495
36, 32, 306, 1370, -0.0005852810572832823
37, 0, 328, 156, -1.076688528060913
37, 1, 346, 128, -1.016737461090088
37, 2, 355, 128, -1.016925573348999
37, 3, 365, 129, -1.017000436782837
37, 4, 308, 131, -1.0134170055389404
37, 5, 295, 132, -1.0130798816680908
37, 6, 283, 134, -1.0136234760284424
37, 7, 378, 147, -0.6131186485290527
37, 8, 267, 153, -0.5911080837249756
37, 9, 348, 190, -0.9227535128593445
37, 10, 304, 194, -0.9143397212028503
37, 11, 475, 314, -0.3501432538032532
37, 12, 199, 319, -0.403778076171875
37, 13, 539, 484, -0.3021969795227051
37, 14, 139, 490, -0.3012908399105072
37, 15, 563, 674, -0.6705434322357178
37, 16, 128, 689, -0.6976909041404724
37, 17, 587, 727, -0.7780870795249939
37, 18, 116, 739, -0.8170889019966125
37, 19, 557, 734, -0.8509421348571777
37, 20, 145, 743, -0.9167836308479309
37, 21, 543, 711, -0.7208051085472107
37, 22, 153, 722, -0.7549058794975281
37, 23, 440, 698, -0.062087398022413254
37, 24, 256, 712, 0.06662656366825104
37, 25, 446, 1005, 0.05268482118844986
37, 26, 266, 1009, 0.0747561827301979
37, 27, 452, 1281, 0.7527860403060913
37, 28, 274, 1290, 0.605584979057312
37, 29, 458, 1332, 0.789860188961029
37, 30, 273, 1344, 0.6402625441551208
37, 31, 422, 1374, 0.1968875676393509
37, 32, 302, 1371, -0.018413346260786057
38, 0, 328, 154, -1.0984495878219604
38, 1, 346, 126, -1.037822961807251
38, 2, 355, 127, -1.0380446910858154
38, 3, 365, 127, -1.0383758544921875
38, 4, 308, 129, -1.0391550064086914
38, 5, 295, 130, -1.0387911796569824
38, 6, 283, 132, -1.0393719673156738
38, 7, 378, 146, -0.63094162940979
38, 8, 267, 152, -0.6213061809539795
38, 9, 348, 187, -0.9430100321769714
38, 10, 304, 191, -0.9396169781684875
38, 11, 475, 314, -0.3599502444267273
38, 12, 198, 319, -0.42966145277023315
38, 13, 538, 483, -0.3072344660758972
38, 14, 138, 491, -0.3205427825450897
38, 15, 564, 676, -0.6716535091400146
38, 16, 127, 688, -0.7123448252677917
38, 17, 588, 729, -0.7782310843467712
38, 18, 115, 739, -0.8302167654037476
38, 19, 558, 737, -0.8530960083007812
38, 20, 144, 743, -0.9311758279800415
38, 21, 544, 714, -0.7226473093032837
38, 22, 151, 722, -0.7696983814239502
38, 23, 441, 698, -0.06176651641726494
38, 24, 256, 711, 0.06632564961910248
38, 25, 445, 1006, 0.050900619477033615
38, 26, 263, 1011, 0.0810236781835556
38, 27, 449, 1283, 0.7678585052490234
38, 28, 271, 1292, 0.6328920125961304
38, 29, 455, 1334, 0.807015061378479
38, 30, 270, 1345, 0.6693668365478516
38, 31, 419, 1376, 0.21042394638061523
38, 32, 299, 1373, 0.005427733063697815
39, 0, 328, 152, -1.1247122287750244
39, 1, 346, 124, -1.0618789196014404
39, 2, 355, 125, -1.0621325969696045
39, 3, 365, 125, -1.0625488758087158
39, 4, 308, 127, -1.0642192363739014
39, 5, 294, 128, -1.0638515949249268
39, 6, 282, 130, -1.064443826675415
39, 7, 378, 144, -0.6459274888038635
39, 8, 267, 151, -0.6380264759063721
39, 9, 349, 185, -0.9658838510513306
39, 10, 304, 189, -0.9635775685310364
39, 11, 476, 314, -0.3672805428504944
39, 12, 196, 319, -0.4377652704715729
39, 13, 537, 483, -0.31441712379455566
39, 14, 138, 492, -0.32414597272872925
39, 15, 563, 678, -0.6889687180519104
39, 16, 128, 691, -0.7283570766448975
39, 17, 587, 732, -0.8006620407104492
39, 18, 117, 742, -0.85179203748703
39, 19, 556, 740, -0.8757683038711548
39, 20, 145, 746, -0.9547961354255676
39, 21, 542, 716, -0.7406132817268372
39, 22, 153, 724, -0.7872840166091919
39, 23, 441, 700, -0.06170047074556351
39, 24, 255, 712, 0.06627216190099716
39, 25, 443, 1008, 0.04910474270582199
39, 26, 261, 1013, 0.0757003128528595
39, 27, 448, 1286, 0.7707175016403198
39, 28, 268, 1296, 0.624367892742157
39, 29, 454, 1338, 0.809939980506897
39, 30, 268, 1351, 0.6604715585708618
39, 31, 419, 1379, 0.206765815615654
39, 32, 297, 1377, -0.008183496072888374
40, 0, 328, 150, -1.112833857536316
40, 1, 346, 122, -1.0509238243103027
40, 2, 355, 122, -1.0511631965637207
40, 3, 365, 123, -1.0515077114105225
40, 4, 307, 124, -1.0525283813476562
40, 5, 293, 126, -1.0521676540374756
40, 6, 282, 128, -1.052756428718567
40, 7, 378, 141, -0.6404402852058411
40, 8, 267, 149, -0.627587616443634
40, 9, 349, 184, -0.9554794430732727
40, 10, 304, 188, -0.9522140622138977
40, 11, 476, 314, -0.35417211055755615
40, 12, 195, 319, -0.43926507234573364
40, 13, 536, 484, -0.3051360547542572
40, 14, 136, 493, -0.3377750515937805
40, 15, 560, 690, -0.6932064890861511
40, 16, 125, 695, -0.7393583655357361
40, 17, 582, 747, -0.8064355850219727
40, 18, 112, 746, -0.8666378259658813
40, 19, 551, 754, -0.8838499784469604
40, 20, 141, 751, -0.9672346115112305
40, 21, 537, 728, -0.7464219331741333
40, 22, 149, 728, -0.7977051138877869
40, 23, 440, 706, -0.043113745748996735
40, 24, 251, 713, 0.04799766466021538
40, 25, 438, 1015, 0.054509736597537994
40, 26, 252, 1017, 0.009330669417977333
40, 27, 439, 1292, 0.7699919939041138
40, 28, 257, 1300, 0.5547585487365723
40, 29, 445, 1344, 0.8079681396484375
40, 30, 257, 1355, 0.587612509727478
40, 31, 410, 1385, 0.2041337490081787
40, 32, 283, 1382, -0.08829651772975922
41, 0, 328, 149, -1.1136677265167236
41, 1, 346, 121, -1.0501068830490112
41, 2, 355, 121, -1.0503345727920532
41, 3, 365, 121, -1.0506994724273682
41, 4, 307, 123, -1.0530226230621338
41, 5, 293, 125, -1.05269193649292
41, 6, 282, 127, -1.0533051490783691
41, 7, 378, 139, -0.6360517144203186
41, 8, 267, 148, -0.6277208924293518
41, 9, 349, 182, -0.9545229077339172
41, 10, 304, 187, -0.9527868032455444
41, 11, 477, 314, -0.3540266454219818
41, 12, 194, 320, -0.44236987829208374
41, 13, 536, 485, -0.3119083642959595
41, 14, 135, 494, -0.34489303827285767
41, 15, 560, 692, -0.7135547399520874
41, 16, 123, 697, -0.7543975114822388
41, 17, 584, 748, -0.8284772634506226
41, 18, 110, 748, -0.8837459683418274
41, 19, 552, 755, -0.9037717580795288
41, 20, 139, 753, -0.9850748181343079
41, 21, 538, 730, -0.7669907212257385
41, 22, 147, 731, -0.8134902119636536
41, 23, 440, 709, -0.03976619243621826
41, 24, 250, 715, 0.044690899550914764
41, 25, 437, 1018, 0.06070343777537346
41, 26, 252, 1020, -0.00010680999548640102
41, 27, 439, 1297, 0.784255862236023
41, 28, 257, 1304, 0.5509448051452637
41, 29, 444, 1348, 0.8227466344833374
41, 30, 257, 1359, 0.5843473672866821
41, 31, 410, 1390, 0.21634337306022644
41, 32, 282, 1387, -0.09260047972202301
42, 0, 329, 149, -1.1403954029083252
42, 1, 346, 120, -1.0745046138763428
42, 2, 355, 121, -1.074715256690979
42, 3, 365, 121, -1.0750929117202759
42, 4, 307, 122, -1.07887864112854
42, 5, 293, 124, -1.0785763263702393
42, 6, 282, 126, -1.0792003870010376
42, 7, 378, 138, -0.6507970094680786
42, 8, 267, 147, -0.6520689725875854
42, 9, 349, 182, -0.978671669960022
42, 10, 304, 186, -0.97905433177948
42, 11, 477, 314, -0.3663484454154968
42, 12, 193, 321, -0.4622707962989807
42, 13, 536, 485, -0.32780808210372925
42, 14, 135, 494, -0.3583561182022095
42, 15, 561, 697, -0.7337170243263245
42, 16, 123, 701, -0.7850539088249207
42, 17, 585, 753, -0.8460572361946106
42, 18, 111, 753, -0.9162899255752563
42, 19, 553, 760, -0.9275890588760376
42, 20, 139, 758, -1.0142556428909302
42, 21, 539, 736, -0.7778611779212952
42, 22, 148, 736, -0.8437081575393677
42, 23, 440, 710, -0.03955916315317154
42, 24, 249, 716, 0.04448047652840614
42, 25, 437, 1020, 0.06809721887111664
42, 26, 252, 1022, -0.0006918501458130777
42, 27, 438, 1299, 0.8024519085884094
42, 28, 258, 1305, 0.5533337593078613
42, 29, 443, 1350, 0.8417051434516907
42, 30, 258, 1360, 0.5865875482559204
42, 31, 410, 1392, 0.23429541289806366
42, 32, 282, 1388, -0.08696936070919037
43, 0, 329, 148, -1.173187017440796
43, 1, 346, 120, -1.1068869829177856
43, 2, 355, 120, -1.1070797443389893
43, 3, 365, 120, -1.1074692010879517
43, 4, 307, 121, -1.1126667261123657
43, 5, 293, 123, -1.1123420000076294
43, 6, 282, 125, -1.1129323244094849
43, 7, 378, 137, -0.6766495108604431
43, 8, 267, 146, -0.6862819790840149
43, 9, 349, 181, -1.0095396041870117
43, 10, 304, 185, -1.0119547843933105
43, 11, 477, 314, -0.3885008990764618
43, 12, 192, 322, -0.4875812530517578
43, 13, 535, 485, -0.33609917759895325
43, 14, 134, 495, -0.3639897108078003
43, 15, 563, 695, -0.7430118918418884
43, 16, 124, 702, -0.79976886510849
43, 17, 588, 749, -0.8519042134284973
43, 18, 112, 753, -0.9300482869148254
43, 19, 557, 757, -0.948212742805481
43, 20, 140, 758, -1.027881145477295
43, 21, 542, 733, -0.7800620198249817
43, 22, 148, 736, -0.8586722612380981
43, 23, 440, 709, -0.04007523134350777
43, 24, 249, 716, 0.04498457536101341
43, 25, 437, 1020, 0.08127529919147491
43, 26, 253, 1022, 0.01656430959701538
43, 27, 439, 1298, 0.8356102108955383
43, 28, 259, 1306, 0.6048611402511597
43, 29, 443, 1350, 0.8768904805183411
43, 30, 259, 1361, 0.6423119306564331
43, 31, 411, 1392, 0.27158695459365845
43, 32, 283, 1388, -0.036584340035915375
44, 0, 329, 147, -1.1795417070388794
44, 1, 346, 119, -1.1124770641326904
44, 2, 355, 119, -1.1126827001571655
44, 3, 365, 119, -1.1130716800689697
44, 4, 307, 121, -1.1186367273330688
44, 5, 293, 123, -1.1183052062988281
44, 6, 282, 125, -1.1188795566558838
44, 7, 378, 136, -0.6800902485847473
44, 8, 267, 146, -0.6909224987030029
44, 9, 349, 180, -1.0153224468231201
44, 10, 304, 185, -1.018153429031372
44, 11, 478, 314, -0.3937390446662903
44, 12, 191, 323, -0.4928523600101471
44, 13, 535, 486, -0.34076961874961853
44, 14, 134, 495, -0.36983123421669006
44, 15, 564, 697, -0.748371422290802
44, 16, 124, 705, -0.8071111440658569
44, 17, 590, 752, -0.8548890352249146
44, 18, 112, 756, -0.9375389218330383
44, 19, 559, 760, -0.9588426351547241
44, 20, 139, 761, -1.0345864295959473
44, 21, 544, 736, -0.7839948534965515
44, 22, 148, 739, -0.8664372563362122
44, 23, 440, 709, -0.04041921719908714
44, 24, 249, 717, 0.04532182216644287
44, 25, 437, 1021, 0.08594130724668503
44, 26, 253, 1024, 0.02575008198618889
44, 27, 439, 1300, 0.8469476699829102
44, 28, 259, 1308, 0.6234676837921143
44, 29, 444, 1351, 0.8886253237724304
44, 30, 259, 1363, 0.661902904510498
44, 31, 411, 1393, 0.28080347180366516
44, 32, 284, 1390, -0.020523853600025177
45, 0, 330, 147, -1.175195336341858
45, 1, 346, 119, -1.1093404293060303
45, 2, 355, 119, -1.1095454692840576
45, 3, 365, 119, -1.109928011894226
45, 4, 307, 121, -1.1141343116760254
45, 5, 293, 123, -1.1137735843658447
45, 6, 282, 125, -1.1143392324447632
45, 7, 378, 136, -0.6790454983711243
45, 8, 267, 146, -0.6841824054718018
45, 9, 350, 180, -1.0116103887557983
45, 10, 304, 184, -1.0127252340316772
45, 11, 478, 314, -0.39323508739471436
45, 12, 191, 323, -0.48268699645996094
45, 13, 535, 486, -0.3412474989891052
45, 14, 134, 496, -0.3680267930030823
45, 15, 564, 693, -0.749939501285553
45, 16, 124, 701, -0.7908672094345093
45, 17, 589, 747, -0.861752986907959
45, 18, 112, 752, -0.921611487865448
45, 19, 558, 755, -0.9587650299072266
45, 20, 140, 756, -1.0267893075942993
45, 21, 543, 731, -0.7922159433364868
45, 22, 148, 735, -0.8523317575454712
45, 23, 440, 709, -0.04149264097213745
45, 24, 249, 717, 0.0464421808719635
45, 25, 436, 1021, 0.08537883311510086
45, 26, 252, 1024, 0.026650497689843178
45, 27, 438, 1300, 0.8317755460739136
45, 28, 257, 1308, 0.6158723831176758
45, 29, 442, 1351, 0.8721407055854797
45, 30, 257, 1363, 0.6533089876174927
45, 31, 410, 1393, 0.2722710371017456
45, 32, 283, 1390, -0.021923333406448364
46, 0, 330, 147, -1.1658071279525757
46, 1, 346, 119, -1.1006683111190796
46, 2, 355, 119, -1.1008694171905518
46, 3, 366, 119, -1.1012303829193115
46, 4, 307, 121, -1.1050801277160645
46, 5, 293, 123, -1.10472571849823
46, 6, 281, 125, -1.105297327041626
46, 7, 378, 135, -0.6744217872619629
46, 8, 267, 145, -0.6785914897918701
46, 9, 350, 180, -1.0037357807159424
46, 10, 304, 184, -1.0044238567352295
46, 11, 478, 314, -0.3919447064399719
46, 12, 190, 323, -0.4788079857826233
46, 13, 534, 486, -0.3414452075958252
46, 14, 133, 496, -0.3711772561073303
46, 15, 563, 692, -0.756524920463562
46, 16, 122, 701, -0.794545590877533
46, 17, 588, 746, -0.8747900128364563
46, 18, 110, 752, -0.9258925318717957
46, 19, 558, 753, -0.9714274406433105
46, 20, 138, 756, -1.0302248001098633
46, 21, 543, 729, -0.8073697090148926
46, 22, 147, 734, -0.8555420637130737
46, 23, 440, 710, -0.04173562675714493
46, 24, 248, 717, 0.04668324068188667
46, 25, 436, 1021, 0.06762641668319702
46, 26, 252, 1023, -0.0011078162351623178
46, 27, 438, 1300, 0.7809258699417114
46, 28, 257, 1308, 0.5420145988464355
46, 29, 443, 1351, 0.8175190091133118
46, 30, 257, 1362, 0.5742070078849792
46, 31, 410, 1393, 0.21237137913703918
46, 32, 283, 1389, -0.10207448899745941
47, 0, 330, 147, -1.1604959964752197
47, 1, 346, 119, -1.0956391096115112
47, 2, 355, 119, -1.0958425998687744
47, 3, 366, 119, -1.0961960554122925
47, 4, 307, 121, -1.0996744632720947
47, 5, 293, 123, -1.0993232727050781
47, 6, 281, 125, -1.0998971462249756
47, 7, 378, 135, -0.6709740161895752
47, 8, 267, 145, -0.6738039255142212
47, 9, 350, 180, -0.9989722967147827
47, 10, 304, 184, -0.9991262555122375
47, 11, 478, 314, -0.3897774815559387
47, 12, 190, 323, -0.47481757402420044
47, 13, 534, 486, -0.3434235155582428
47, 14, 133, 496, -0.3696196675300598
47, 15, 563, 693, -0.7577638626098633
47, 16, 122, 701, -0.7866185307502747
47, 17, 587, 747, -0.8762195706367493
47, 18, 110, 751, -0.9178041219711304
47, 19, 557, 754, -0.970528781414032
47, 20, 138, 755, -1.0228338241577148
47, 21, 542, 730, -0.8087519407272339
47, 22, 147, 734, -0.8477306365966797
47, 23, 440, 709, -0.04188013821840286
47, 24, 248, 717, 0.04681404307484627
47, 25, 436, 1021, 0.042846523225307465
47, 26, 252, 1023, -0.016568053513765335
47, 27, 438, 1300, 0.7366200685501099
47, 28, 258, 1307, 0.5040819644927979
47, 29, 443, 1351, 0.7713328003883362
47, 30, 258, 1361, 0.5342222452163696
47, 31, 410, 1392, 0.16329532861709595
47, 32, 283, 1388, -0.14029106497764587
