0, 0, 292, 145, -0.9097992777824402
0, 1, 315, 117, -0.854687511920929
0, 2, 326, 118, -0.8546965718269348
0, 3, 338, 119, -0.8551424741744995
0, 4, 272, 117, -0.8495641946792603
0, 5, 258, 118, -0.8485449552536011
0, 6, 245, 119, -0.8489320874214172
0, 7, 360, 139, -0.47540703415870667
0, 8, 234, 139, -0.43554431200027466
0, 9, 317, 178, -0.7664175629615784
0, 10, 262, 181, -0.7553111910820007
0, 11, 457, 313, -0.26388171315193176
0, 12, 152, 333, -0.29547324776649475
0, 13, 524, 507, -0.19311808049678802
0, 14, 108, 507, -0.2491075098514557
0, 15, 575, 725, -0.45205822587013245
0, 16, 92, 714, -0.7402754426002502
0, 17, 604, 786, -0.5448518991470337
0, 18, 68, 772, -0.8699136972427368
0, 19, 571, 789, -0.6267801523208618
0, 20, 96, 772, -0.9818552136421204
0, 21, 553, 764, -0.5020692348480225
0, 22, 111, 750, -0.8087244033813477
0, 23, 406, 742, -0.05957231670618057
0, 24, 198, 742, 0.06523946672677994
0, 25, 396, 1074, -0.1221735030412674
0, 26, 198, 1070, 0.03307679668068886
0, 27, 389, 1371, 0.4514598846435547
0, 28, 195, 1364, 0.387461394071579
0, 29, 395, 1419, 0.47202977538108826
0, 30, 192, 1414, 0.401773601770401
0, 31, 350, 1466, -0.14847032725811005
0, 32, 219, 1454, -0.2542014718055725
1, 0, 292, 145, -1.3460904359817505
1, 1, 315, 117, -1.2805039882659912
1, 2, 326, 118, -1.280813455581665
1, 3, 338, 119, -1.2808626890182495
1, 4, 272, 117, -1.2793853282928467
1, 5, 259, 118, -1.2789732217788696
1, 6, 246, 119, -1.2794030904769897
1, 7, 360, 139, -0.8012032508850098
1, 8, 235, 138, -0.7791521549224854
1, 9, 318, 178, -1.1647415161132812
1, 10, 263, 181, -1.1584761142730713
1, 11, 458, 312, -0.4685800075531006
1, 12, 154, 335, -0.48029398918151855
1, 13, 525, 507, -0.39852240681648254
1, 14, 108, 524, -0.4870101809501648
1, 15, 570, 726, -0.8923131823539734
1, 16, 98, 699, -1.2373144626617432
1, 17, 593, 785, -1.0585298538208008
1, 18, 91, 749, -1.419363260269165
1, 19, 564, 783, -1.156217336654663
1, 20, 113, 728, -1.5388338565826416
1, 21, 545, 761, -0.9568496942520142
1, 22, 123, 710, -1.3111494779586792
1, 23, 420, 742, -0.07917198538780212
1, 24, 213, 744, 0.0844564288854599
1, 25, 407, 1078, -0.11726154386997223
1, 26, 203, 1082, 0.11231454461812973
1, 27, 404, 1381, 0.6392609477043152
1, 28, 213, 1380, 0.661734402179718
1, 29, 409, 1428, 0.6728394627571106
1, 30, 215, 1427, 0.6960209012031555
1, 31, 371, 1476, -0.03756625950336456
1, 32, 237, 1472, -0.06314871460199356
2, 0, 292, 145, -1.4026501178741455
2, 1, 315, 117, -1.3360763788223267
2, 2, 327, 118, -1.3364163637161255
2, 3, 338, 119, -1.3364355564117432
2, 4, 273, 117, -1.3325002193450928
2, 5, 259, 118, -1.3322875499725342
2, 6, 246, 119, -1.3326828479766846
2, 7, 359, 139, -0.8404505848884583
2, 8, 235, 138, -0.812414824962616
2, 9, 319, 178, -1.2153960466384888
2, 10, 264, 181, -1.2074546813964844
2, 11, 459, 312, -0.47615543007850647
2, 12, 154, 336, -0.48483791947364807
2, 13, 527, 510, -0.4434608817100525
2, 14, 106, 539, -0.7827775478363037
2, 15, 560, 718, -1.0449812412261963
2, 16, 149, 561, -1.888999342918396
2, 17, 577, 774, -1.2103149890899658
2, 18, 171, 528, -2.117598295211792
2, 19, 549, 763, -1.3088011741638184
2, 20, 172, 496, -2.1546101570129395
2, 21, 532, 743, -1.1071507930755615
2, 22, 176, 492, -1.932297706604004
2, 23, 425, 742, -0.0782010406255722
2, 24, 221, 746, 0.08339421451091766
2, 25, 409, 1078, -0.09217678010463715
2, 26, 206, 1082, 0.09886838495731354
2, 27, 406, 1381, 0.6927778124809265
2, 28, 220, 1379, 0.6423288583755493
2, 29, 411, 1427, 0.7244757413864136
2, 30, 222, 1426, 0.6748310327529907
2, 31, 379, 1475, 0.0019316049292683601
2, 32, 244, 1470, -0.08730784803628922
3, 0, 292, 145, -1.5148365497589111
3, 1, 315, 117, -1.447774887084961
3, 2, 327, 118, -1.4481472969055176
3, 3, 338, 119, -1.448056936264038
3, 4, 273, 117, -1.4490091800689697
3, 5, 259, 118, -1.448807716369629
3, 6, 247, 119, -1.4492350816726685
3, 7, 359, 139, -0.9343236088752747
3, 8, 235, 139, -0.9256213903427124
3, 9, 319, 179, -1.3200689554214478
3, 10, 264, 181, -1.3175582885742188
3, 11, 459, 312, -0.5389152765274048
3, 12, 153, 339, -0.5853498578071594
3, 13, 527, 510, -0.49886590242385864
3, 14, 103, 607, -0.898474395275116
3, 15, 561, 718, -1.1288068294525146
3, 16, 158, 539, -1.986305832862854
3, 17, 580, 774, -1.2942601442337036
3, 18, 187, 501, -2.212883710861206
3, 19, 551, 764, -1.397482991218567
3, 20, 181, 465, -2.2476272583007812
3, 21, 534, 743, -1.1939773559570312
3, 22, 181, 463, -2.025944709777832
3, 23, 425, 742, -0.07740677893161774
3, 24, 219, 747, 0.08254273980855942
3, 25, 409, 1079, -0.03912883624434471
3, 26, 205, 1084, 0.11925985664129257
3, 27, 405, 1382, 0.8099881410598755
3, 28, 218, 1379, 0.7452901601791382
3, 29, 410, 1427, 0.8455640077590942
3, 30, 219, 1425, 0.7864335775375366
3, 31, 379, 1475, 0.11291006952524185
3, 32, 243, 1472, -0.004822651389986277
4, 0, 292, 145, -1.5106563568115234
4, 1, 315, 117, -1.4417400360107422
4, 2, 326, 118, -1.4421474933624268
4, 3, 337, 119, -1.442086935043335
4, 4, 272, 117, -1.437476634979248
4, 5, 259, 118, -1.4372276067733765
4, 6, 246, 119, -1.4375852346420288
4, 7, 358, 139, -0.9317476153373718
4, 8, 235, 139, -0.8978022336959839
4, 9, 319, 180, -1.318704605102539
4, 10, 264, 182, -1.3090649843215942
4, 11, 459, 312, -0.5648766160011292
4, 12, 153, 341, -0.5549999475479126
4, 13, 527, 512, -0.5703803896903992
4, 14, 98, 616, -0.9120529294013977
4, 15, 564, 724, -1.1918649673461914
4, 16, 164, 523, -2.040940761566162
4, 17, 585, 779, -1.3600869178771973
4, 18, 196, 486, -2.26967191696167
4, 19, 557, 767, -1.4579870700836182
4, 20, 191, 448, -2.2903881072998047
4, 21, 537, 748, -1.2548823356628418
4, 22, 189, 449, -2.077467679977417
4, 23, 425, 741, -0.09153440594673157
4, 24, 219, 748, 0.09625352174043655
4, 25, 409, 1081, -0.06769301742315292
4, 26, 205, 1087, 0.1335177719593048
4, 27, 406, 1387, 0.7272753119468689
4, 28, 220, 1384, 0.7361610531806946
4, 29, 410, 1432, 0.7589895725250244
4, 30, 222, 1428, 0.7731319069862366
4, 31, 381, 1477, 0.03238533064723015
4, 32, 244, 1478, -0.025503050535917282
5, 0, 292, 146, -1.419297456741333
5, 1, 314, 117, -1.3549226522445679
5, 2, 326, 118, -1.3552392721176147
5, 3, 336, 119, -1.3552331924438477
5, 4, 271, 118, -1.3487921953201294
5, 5, 258, 119, -1.3484234809875488
5, 6, 246, 120, -1.3486511707305908
5, 7, 358, 139, -0.864606499671936
5, 8, 235, 139, -0.8192496299743652
5, 9, 319, 181, -1.2351645231246948
5, 10, 264, 184, -1.221835732460022
5, 11, 460, 312, -0.5119654536247253
5, 12, 154, 341, -0.5124046206474304
5, 13, 528, 516, -0.4874959886074066
5, 14, 98, 622, -0.9382197260856628
5, 15, 573, 739, -1.0163400173187256
5, 16, 170, 479, -2.078770637512207
5, 17, 600, 795, -1.1608126163482666
5, 18, 204, 434, -2.3007991313934326
5, 19, 572, 788, -1.251309871673584
5, 20, 201, 404, -2.2988667488098145
5, 21, 548, 770, -1.0744779109954834
5, 22, 198, 414, -2.1039795875549316
5, 23, 424, 741, -0.09424645453691483
5, 24, 219, 748, 0.09880964457988739
5, 25, 409, 1082, -0.09396316111087799
5, 26, 207, 1088, 0.13539913296699524
5, 27, 405, 1388, 0.6914212703704834
5, 28, 222, 1385, 0.7047597765922546
5, 29, 411, 1433, 0.7222338914871216
5, 30, 224, 1428, 0.7409037351608276
5, 31, 379, 1479, 0.003313640132546425
5, 32, 245, 1480, -0.04182902351021767
6, 0, 290, 149, -1.1921378374099731
6, 1, 312, 118, -1.1343793869018555
6, 2, 325, 119, -1.134828805923462
6, 3, 335, 120, -1.1349270343780518
6, 4, 270, 120, -1.122032642364502
6, 5, 256, 122, -1.1217254400253296
6, 6, 245, 123, -1.1219556331634521
6, 7, 356, 139, -0.6898265480995178
6, 8, 235, 140, -0.6139323115348816
6, 9, 318, 183, -1.02647864818573
6, 10, 263, 187, -1.004184603691101
6, 11, 460, 312, -0.38905712962150574
6, 12, 159, 339, -0.36756953597068787
6, 13, 528, 518, -0.43240809440612793
6, 14, 99, 615, -0.8223171234130859
6, 15, 573, 742, -0.9682508707046509
6, 16, 179, 451, -1.8909553289413452
6, 17, 600, 800, -1.0842044353485107
6, 18, 210, 407, -2.0997705459594727
6, 19, 572, 794, -1.1359832286834717
6, 20, 207, 373, -2.083786725997925
6, 21, 547, 775, -1.0018179416656494
6, 22, 205, 386, -1.9095277786254883
6, 23, 424, 739, -0.09282279014587402
6, 24, 219, 745, 0.09756762534379959
6, 25, 409, 1082, -0.17776982486248016
6, 26, 207, 1087, 0.06458742916584015
6, 27, 405, 1388, 0.5016129016876221
6, 28, 222, 1385, 0.4961318373680115
6, 29, 410, 1433, 0.5229136347770691
6, 30, 223, 1425, 0.5206026434898376
6, 31, 378, 1478, -0.17062541842460632
6, 32, 245, 1479, -0.21879641711711884
7, 0, 288, 152, -1.1535074710845947
7, 1, 310, 120, -1.091581106185913
7, 2, 324, 120, -1.0919867753982544
7, 3, 334, 121, -1.0921088457107544
7, 4, 268, 123, -1.0828213691711426
7, 5, 255, 124, -1.0826478004455566
7, 6, 244, 125, -1.0830333232879639
7, 7, 353, 139, -0.6488929986953735
7, 8, 234, 141, -0.5899532437324524
7, 9, 317, 185, -0.9886549115180969
7, 10, 262, 188, -0.971511721611023
7, 11, 460, 311, -0.3343698978424072
7, 12, 162, 331, -0.3787766098976135
7, 13, 529, 519, -0.34412071108818054
7, 14, 103, 609, -0.9089366793632507
7, 15, 573, 742, -0.7416406869888306
7, 16, 195, 413, -1.9255609512329102
7, 17, 601, 799, -0.8378340601921082
7, 18, 222, 361, -2.131871461868286
7, 19, 571, 794, -0.9040679931640625
7, 20, 220, 332, -2.091750383377075
7, 21, 547, 775, -0.7838109731674194
7, 22, 219, 345, -1.933516263961792
7, 23, 422, 735, -0.07509298622608185
7, 24, 218, 741, 0.07928828150033951
7, 25, 408, 1081, -0.22656676173210144
7, 26, 207, 1084, -0.04473723843693733
7, 27, 405, 1388, 0.3854805529117584
7, 28, 223, 1383, 0.3041839301586151
7, 29, 410, 1432, 0.40216559171676636
7, 30, 223, 1423, 0.3198021650314331
7, 31, 378, 1478, -0.28003478050231934
7, 32, 245, 1479, -0.40261682868003845
8, 0, 288, 153, -1.136886715888977
8, 1, 310, 120, -1.0719127655029297
8, 2, 323, 120, -1.0722836256027222
8, 3, 333, 121, -1.0723826885223389
8, 4, 267, 124, -1.067170262336731
8, 5, 254, 125, -1.0669786930084229
8, 6, 244, 126, -1.0673394203186035
8, 7, 352, 138, -0.6251732707023621
8, 8, 234, 142, -0.5823152661323547
8, 9, 317, 185, -0.9716153144836426
8, 10, 262, 189, -0.9591431617736816
8, 11, 460, 311, -0.3209938704967499
8, 12, 163, 326, -0.37993162870407104
8, 13, 530, 519, -0.3201053738594055
8, 14, 104, 608, -0.9605353474617004
8, 15, 576, 742, -0.677457332611084
8, 16, 204, 387, -1.9427226781845093
8, 17, 606, 799, -0.7719163298606873
8, 18, 223, 330, -2.1440370082855225
8, 19, 576, 797, -0.8349435925483704
8, 20, 222, 306, -2.098795175552368
8, 21, 550, 778, -0.7206965088844299
8, 22, 222, 320, -1.9480316638946533
8, 23, 420, 733, -0.07159708440303802
8, 24, 216, 739, 0.07566065341234207
8, 25, 407, 1081, -0.2115289270877838
8, 26, 208, 1084, -0.0352715328335762
8, 27, 405, 1388, 0.4337860643863678
8, 28, 225, 1383, 0.3579716384410858
8, 29, 410, 1433, 0.4540674090385437
8, 30, 225, 1423, 0.37960854172706604
8, 31, 377, 1478, -0.22663533687591553
8, 32, 247, 1479, -0.3529079854488373
9, 0, 286, 154, -1.098827838897705
9, 1, 309, 120, -1.0316766500473022
9, 2, 322, 120, -1.032031536102295
9, 3, 332, 121, -1.0321013927459717
9, 4, 266, 125, -1.02931809425354
9, 5, 253, 126, -1.0290958881378174
9, 6, 243, 127, -1.0294471979141235
9, 7, 349, 138, -0.5863814949989319
9, 8, 233, 142, -0.5513969659805298
9, 9, 316, 185, -0.9356131553649902
9, 10, 261, 189, -0.9257088899612427
9, 11, 459, 310, -0.2995421290397644
9, 12, 162, 323, -0.3846789300441742
9, 13, 531, 519, -0.29979291558265686
9, 14, 105, 573, -0.9783095121383667
9, 15, 577, 741, -0.6238471269607544
9, 16, 210, 366, -1.9221090078353882
9, 17, 611, 798, -0.7138842344284058
9, 18, 225, 307, -2.1201722621917725
9, 19, 579, 797, -0.7718320488929749
9, 20, 224, 284, -2.070824146270752
9, 21, 552, 778, -0.6667092442512512
9, 22, 224, 300, -1.9263086318969727
9, 23, 420, 729, -0.06975924968719482
9, 24, 216, 738, 0.07381291687488556
9, 25, 408, 1080, -0.20141999423503876
9, 26, 212, 1084, -0.029042933136224747
9, 27, 408, 1388, 0.4574849009513855
9, 28, 234, 1383, 0.37911561131477356
9, 29, 414, 1433, 0.47924739122390747
9, 30, 235, 1423, 0.4031146168708801
9, 31, 383, 1478, -0.19885435700416565
9, 32, 258, 1479, -0.332333505153656
10, 0, 284, 157, -1.0542566776275635
10, 1, 306, 122, -0.9908612370491028
10, 2, 320, 121, -0.9911718368530273
10, 3, 330, 122, -0.9913444519042969
10, 4, 264, 127, -0.9882510304450989
10, 5, 251, 128, -0.9879633188247681
10, 6, 241, 129, -0.9883474111557007
10, 7, 347, 138, -0.5590455532073975
10, 8, 230, 144, -0.5223515033721924
10, 9, 314, 187, -0.8939201235771179
10, 10, 260, 192, -0.8834487199783325
10, 11, 458, 310, -0.2704431116580963
10, 12, 162, 321, -0.3852246403694153
10, 13, 530, 517, -0.2559128403663635
10, 14, 107, 559, -1.0228180885314941
10, 15, 580, 741, -0.5369504690170288
10, 16, 216, 346, -1.9430221319198608
10, 17, 617, 798, -0.6144389510154724
10, 18, 229, 288, -2.1369123458862305
10, 19, 588, 797, -0.6728554964065552
10, 20, 227, 264, -2.0867486000061035
10, 21, 558, 779, -0.5794998407363892
10, 22, 228, 282, -1.9466092586517334
10, 23, 419, 729, -0.06249672919511795
10, 24, 215, 738, 0.0665682926774025
10, 25, 408, 1079, -0.2016024887561798
10, 26, 213, 1083, -0.050853319466114044
10, 27, 408, 1388, 0.4311419129371643
10, 28, 234, 1383, 0.3241017460823059
10, 29, 414, 1433, 0.4515184462070465
10, 30, 234, 1423, 0.3454689085483551
10, 31, 383, 1478, -0.2041100263595581
10, 32, 259, 1479, -0.3700812757015228
11, 0, 280, 159, -1.0813381671905518
11, 1, 303, 124, -1.0174553394317627
11, 2, 317, 122, -1.0177723169326782
11, 3, 328, 122, -1.0179550647735596
11, 4, 261, 129, -1.014555811882019
11, 5, 248, 130, -1.0142720937728882
11, 6, 239, 130, -1.0146868228912354
11, 7, 346, 138, -0.577593207359314
11, 8, 227, 145, -0.5410337448120117
11, 9, 312, 188, -0.9172730445861816
11, 10, 257, 194, -0.9069315791130066
11, 11, 458, 309, -0.27784213423728943
11, 12, 161, 321, -0.40867552161216736
11, 13, 530, 515, -0.25326594710350037
11, 14, 111, 550, -1.0653808116912842
11, 15, 580, 741, -0.5383330583572388
11, 16, 220, 339, -2.022487163543701
11, 17, 618, 798, -0.6146582365036011
11, 18, 229, 282, -2.223982095718384
11, 19, 588, 797, -0.677366316318512
11, 20, 228, 260, -2.175530195236206
11, 21, 559, 778, -0.5819966197013855
11, 22, 229, 279, -2.028635263442993
11, 23, 419, 729, -0.057996463030576706
11, 24, 215, 738, 0.06205303594470024
11, 25, 408, 1078, -0.2034676969051361
11, 26, 215, 1083, -0.06114897131919861
11, 27, 409, 1388, 0.42423883080482483
11, 28, 235, 1382, 0.30919843912124634
11, 29, 416, 1432, 0.4446127414703369
11, 30, 235, 1423, 0.3287753462791443
11, 31, 386, 1478, -0.21591100096702576
11, 32, 260, 1479, -0.3908531367778778
12, 0, 277, 161, -1.1123311519622803
12, 1, 300, 126, -1.0461633205413818
12, 2, 315, 124, -1.0464951992034912
12, 3, 327, 123, -1.0467236042022705
12, 4, 258, 131, -1.0465420484542847
12, 5, 246, 131, -1.0464136600494385
12, 6, 237, 132, -1.0469298362731934
12, 7, 344, 138, -0.5918596386909485
12, 8, 226, 146, -0.5686448812484741
12, 9, 309, 190, -0.941547691822052
12, 10, 255, 195, -0.9354265928268433
12, 11, 457, 309, -0.2903705835342407
12, 12, 160, 321, -0.45919594168663025
12, 13, 530, 513, -0.26973026990890503
12, 14, 112, 546, -1.1051719188690186
12, 15, 580, 741, -0.5655654668807983
12, 16, 223, 340, -2.0617380142211914
12, 17, 617, 797, -0.6416609287261963
12, 18, 233, 283, -2.2641732692718506
12, 19, 587, 797, -0.7052978277206421
12, 20, 231, 261, -2.213066577911377
12, 21, 559, 778, -0.6090372800827026
12, 22, 232, 281, -2.0666375160217285
12, 23, 419, 729, -0.0557672455906868
12, 24, 214, 738, 0.05980757996439934
12, 25, 408, 1078, -0.20834171772003174
12, 26, 215, 1083, -0.06289111077785492
12, 27, 411, 1388, 0.4237801134586334
12, 28, 236, 1383, 0.3103683292865753
12, 29, 417, 1432, 0.4444761276245117
12, 30, 237, 1424, 0.3293556571006775
12, 31, 389, 1478, -0.22630782425403595
12, 32, 262, 1480, -0.39565587043762207
13, 0, 276, 163, -1.1274912357330322
13, 1, 300, 127, -1.064399003982544
13, 2, 314, 125, -1.0646841526031494
13, 3, 326, 124, -1.0648901462554932
13, 4, 258, 132, -1.065427303314209
13, 5, 246, 133, -1.0653786659240723
13, 6, 236, 133, -1.0658841133117676
13, 7, 343, 139, -0.6187614798545837
13, 8, 226, 148, -0.59734708070755
13, 9, 309, 191, -0.9580324292182922
13, 10, 254, 197, -0.9530400037765503
13, 11, 457, 308, -0.30239006876945496
13, 12, 159, 321, -0.4835497736930847
13, 13, 530, 510, -0.2721847891807556
13, 14, 113, 546, -1.111208200454712
13, 15, 582, 740, -0.5838438868522644
13, 16, 224, 342, -2.054603099822998
13, 17, 618, 796, -0.6604381799697876
13, 18, 233, 283, -2.255627155303955
13, 19, 589, 797, -0.7246458530426025
13, 20, 231, 261, -2.204125165939331
13, 21, 561, 778, -0.6278294920921326
13, 22, 233, 280, -2.05903959274292
13, 23, 419, 729, -0.053078699856996536
13, 24, 213, 738, 0.05708803981542587
13, 25, 410, 1078, -0.21176083385944366
13, 26, 217, 1083, -0.07917341589927673
13, 27, 415, 1387, 0.4167852997779846
13, 28, 241, 1383, 0.28641313314437866
13, 29, 422, 1432, 0.43731316924095154
13, 30, 242, 1424, 0.30460062623023987
13, 31, 395, 1478, -0.23185765743255615
13, 32, 268, 1480, -0.4186108708381653
14, 0, 275, 163, -1.0431334972381592
14, 1, 299, 128, -0.9822514653205872
14, 2, 314, 125, -0.9825575947761536
14, 3, 325, 124, -0.982870876789093
14, 4, 257, 133, -0.9822039604187012
14, 5, 245, 134, -0.9819761514663696
14, 6, 236, 134, -0.9823715090751648
14, 7, 343, 139, -0.5562960505485535
14, 8, 226, 148, -0.5295026898384094
14, 9, 308, 192, -0.8821843266487122
14, 10, 253, 197, -0.8750050663948059
14, 11, 457, 307, -0.2757939398288727
14, 12, 157, 322, -0.45253515243530273
14, 13, 530, 506, -0.25868481397628784
14, 14, 118, 547, -1.0580999851226807
14, 15, 584, 736, -0.511216402053833
14, 16, 229, 336, -1.9847780466079712
14, 17, 621, 793, -0.5806546211242676
14, 18, 238, 275, -2.181617259979248
14, 19, 592, 795, -0.639100193977356
14, 20, 235, 255, -2.1406304836273193
14, 21, 564, 777, -0.5526056885719299
14, 22, 236, 275, -1.9927217960357666
14, 23, 419, 729, -0.05341938138008118
14, 24, 213, 738, 0.05746971815824509
14, 25, 413, 1077, -0.21095383167266846
14, 26, 220, 1083, -0.07276658713817596
14, 27, 419, 1387, 0.40890854597091675
14, 28, 245, 1383, 0.28926771879196167
14, 29, 426, 1432, 0.42906323075294495
14, 30, 245, 1424, 0.3080514967441559
14, 31, 400, 1478, -0.2281871736049652
14, 32, 274, 1481, -0.40399885177612305
15, 0, 275, 164, -1.014786720275879
15, 1, 299, 128, -0.9539521932601929
15, 2, 313, 126, -0.9542625546455383
15, 3, 325, 125, -0.9545799493789673
15, 4, 257, 133, -0.9530569911003113
15, 5, 245, 134, -0.9527718424797058
15, 6, 235, 134, -0.9531545639038086
15, 7, 342, 139, -0.5343844294548035
15, 8, 225, 149, -0.5047847032546997
15, 9, 308, 192, -0.8565033078193665
15, 10, 252, 197, -0.8483818173408508
15, 11, 457, 307, -0.2627752423286438
15, 12, 157, 321, -0.43403229117393494
15, 13, 530, 506, -0.2580915093421936
15, 14, 121, 546, -1.0487537384033203
15, 15, 587, 736, -0.5116258263587952
15, 16, 231, 333, -1.9590625762939453
15, 17, 625, 792, -0.5833951234817505
15, 18, 241, 274, -2.1540424823760986
15, 19, 595, 795, -0.6410890817642212
15, 20, 237, 253, -2.115945339202881
15, 21, 567, 776, -0.5531370639801025
15, 22, 238, 273, -1.9668607711791992
15, 23, 419, 729, -0.05241365358233452
15, 24, 213, 740, 0.056529562920331955
15, 25, 414, 1077, -0.21807238459587097
15, 26, 221, 1084, -0.07870347052812576
15, 27, 421, 1387, 0.3811679184436798
15, 28, 245, 1384, 0.25809600949287415
15, 29, 428, 1432, 0.4001358449459076
15, 30, 245, 1425, 0.2746661901473999
15, 31, 401, 1478, -0.24477267265319824
15, 32, 274, 1481, -0.42393431067466736
16, 0, 274, 164, -1.0075414180755615
16, 1, 298, 128, -0.9468181729316711
16, 2, 313, 126, -0.9471490979194641
16, 3, 325, 125, -0.947457492351532
16, 4, 256, 134, -0.9434364438056946
16, 5, 244, 134, -0.943096935749054
16, 6, 235, 135, -0.9434798359870911
16, 7, 342, 139, -0.5302940011024475
16, 8, 225, 149, -0.48917192220687866
16, 9, 307, 192, -0.8511322140693665
16, 10, 251, 198, -0.8397008180618286
16, 11, 457, 307, -0.260786235332489
16, 12, 157, 321, -0.41650718450546265
16, 13, 529, 506, -0.26092636585235596
16, 14, 121, 547, -1.0453180074691772
16, 15, 588, 736, -0.517760157585144
16, 16, 230, 334, -1.9631296396255493
16, 17, 627, 792, -0.5916948318481445
16, 18, 239, 275, -2.1586692333221436
16, 19, 597, 796, -0.6485518217086792
16, 20, 236, 255, -2.111746311187744
16, 21, 568, 777, -0.5591919422149658
16, 22, 238, 274, -1.9686626195907593
16, 23, 419, 730, -0.05260615423321724
16, 24, 213, 740, 0.05675297975540161
16, 25, 415, 1077, -0.2312450110912323
16, 26, 222, 1084, -0.07477492839097977
16, 27, 423, 1387, 0.3614516854286194
16, 28, 245, 1384, 0.25881507992744446
16, 29, 430, 1432, 0.3797595798969269
16, 30, 245, 1426, 0.27561894059181213
16, 31, 402, 1479, -0.266213595867157
16, 32, 274, 1482, -0.4217374324798584
17, 0, 273, 164, -0.9519603848457336
17, 1, 297, 128, -0.8935757875442505
17, 2, 312, 126, -0.8938506245613098
17, 3, 324, 125, -0.8941901922225952
17, 4, 255, 134, -0.8907201886177063
17, 5, 244, 134, -0.8903427124023438
17, 6, 235, 135, -0.8906804323196411
17, 7, 342, 139, -0.4933069348335266
17, 8, 225, 149, -0.4512787461280823
17, 9, 307, 192, -0.8021379709243774
17, 10, 251, 198, -0.7905179262161255
17, 11, 457, 307, -0.24766448140144348
17, 12, 157, 322, -0.3971545994281769
17, 13, 529, 506, -0.25915026664733887
17, 14, 121, 547, -1.0296903848648071
17, 15, 588, 736, -0.4925963878631592
17, 16, 229, 334, -1.9164257049560547
17, 17, 627, 792, -0.5626398324966431
17, 18, 239, 275, -2.102858066558838
17, 19, 597, 796, -0.6139150261878967
17, 20, 236, 255, -2.042224407196045
17, 21, 568, 777, -0.5316398739814758
17, 22, 237, 274, -1.9154999256134033
17, 23, 419, 730, -0.052768923342227936
17, 24, 213, 741, 0.05692906305193901
17, 25, 417, 1077, -0.2284923791885376
17, 26, 224, 1085, -0.06978361308574677
17, 27, 427, 1388, 0.38051238656044006
17, 28, 249, 1385, 0.27832648158073425
17, 29, 434, 1433, 0.3998485803604126
17, 30, 249, 1427, 0.29693400859832764
17, 31, 406, 1480, -0.2627814710140228
17, 32, 281, 1484, -0.40689438581466675
18, 0, 274, 164, -0.9668976664543152
18, 1, 297, 129, -0.9085271954536438
18, 2, 312, 126, -0.9088128805160522
18, 3, 324, 125, -0.909151554107666
18, 4, 255, 134, -0.9063469171524048
18, 5, 244, 135, -0.9060331583023071
18, 6, 235, 135, -0.9064084887504578
18, 7, 342, 139, -0.5037878751754761
18, 8, 225, 150, -0.4657056927680969
18, 9, 307, 193, -0.8146301507949829
18, 10, 251, 198, -0.804186999797821
18, 11, 457, 307, -0.25088411569595337
18, 12, 157, 322, -0.3997901976108551
18, 13, 529, 506, -0.2589591145515442
18, 14, 127, 588, -1.0380293130874634
18, 15, 588, 736, -0.49193519353866577
18, 16, 228, 336, -1.9196650981903076
18, 17, 627, 792, -0.561795711517334
18, 18, 238, 277, -2.105989933013916
18, 19, 596, 796, -0.6136716604232788
18, 20, 236, 256, -2.0447487831115723
18, 21, 568, 777, -0.5306724309921265
18, 22, 237, 275, -1.9183954000473022
18, 23, 420, 730, -0.051635414361953735
18, 24, 213, 742, 0.05578616261482239
18, 25, 419, 1077, -0.22493727505207062
18, 26, 225, 1086, -0.07582395523786545
18, 27, 430, 1388, 0.38361597061157227
18, 28, 252, 1386, 0.26301148533821106
18, 29, 437, 1433, 0.40266767144203186
18, 30, 252, 1428, 0.2810373902320862
18, 31, 410, 1481, -0.25119858980178833
18, 32, 285, 1486, -0.41692572832107544
19, 0, 274, 165, -0.9819101095199585
19, 1, 297, 129, -0.9217902421951294
19, 2, 312, 126, -0.9220725297927856
19, 3, 324, 125, -0.9224060773849487
19, 4, 255, 134, -0.9203956723213196
19, 5, 244, 135, -0.9200636148452759
19, 6, 235, 135, -0.9204362630844116
19, 7, 342, 139, -0.5070613622665405
19, 8, 225, 150, -0.4736533761024475
19, 9, 307, 193, -0.8260459899902344
19, 10, 251, 199, -0.8168638944625854
19, 11, 456, 307, -0.24700281023979187
19, 12, 156, 321, -0.4016185700893402
19, 13, 529, 505, -0.24528643488883972
19, 14, 126, 572, -1.0454782247543335
19, 15, 588, 736, -0.4731382727622986
19, 16, 227, 337, -1.938645601272583
19, 17, 627, 792, -0.543279767036438
19, 18, 237, 279, -2.1281840801239014
19, 19, 596, 796, -0.5958319902420044
19, 20, 235, 257, -2.068516969680786
19, 21, 568, 777, -0.5117565393447876
19, 22, 236, 276, -1.9388477802276611
19, 23, 420, 730, -0.05154316872358322
19, 24, 213, 743, 0.0557141974568367
19, 25, 419, 1078, -0.2221546173095703
19, 26, 226, 1087, -0.07291337847709656
19, 27, 430, 1389, 0.38912543654441833
19, 28, 253, 1388, 0.2742884159088135
19, 29, 437, 1435, 0.40871477127075195
19, 30, 253, 1430, 0.2930774986743927
19, 31, 412, 1483, -0.24918556213378906
19, 32, 285, 1487, -0.4091678559780121
20, 0, 274, 165, -0.9776208996772766
20, 1, 297, 129, -0.918441653251648
20, 2, 312, 126, -0.9187038540840149
20, 3, 324, 125, -0.9190363883972168
20, 4, 255, 134, -0.9174216985702515
20, 5, 243, 135, -0.9170835614204407
20, 6, 234, 135, -0.9174628257751465
20, 7, 342, 138, -0.5066155195236206
20, 8, 225, 150, -0.4757215976715088
20, 9, 307, 193, -0.8224879503250122
20, 10, 251, 199, -0.8140935897827148
20, 11, 456, 306, -0.24404864013195038
20, 12, 156, 320, -0.40288352966308594
20, 13, 529, 505, -0.24000675976276398
20, 14, 124, 559, -1.0401755571365356
20, 15, 588, 735, -0.4744966924190521
20, 16, 226, 337, -1.9317858219146729
20, 17, 627, 792, -0.5454705953598022
20, 18, 236, 280, -2.1184206008911133
20, 19, 596, 796, -0.5997316837310791
20, 20, 234, 257, -2.057645559310913
20, 21, 568, 777, -0.5140810012817383
20, 22, 235, 276, -1.9296098947525024
20, 23, 419, 730, -0.04954179376363754
20, 24, 211, 743, 0.05374367907643318
20, 25, 418, 1078, -0.21719101071357727
20, 26, 223, 1087, -0.07566525787115097
20, 27, 428, 1390, 0.3912571966648102
20, 28, 248, 1388, 0.26469162106513977
20, 29, 435, 1435, 0.4105593264102936
20, 30, 247, 1430, 0.2830827832221985
20, 31, 409, 1483, -0.2459046095609665
20, 32, 280, 1488, -0.4143546521663666
21, 0, 274, 165, -0.9530900120735168
21, 1, 297, 129, -0.8937010765075684
21, 2, 312, 126, -0.8939584493637085
21, 3, 324, 125, -0.8941994905471802
21, 4, 255, 134, -0.8940518498420715
21, 5, 244, 135, -0.8937484622001648
21, 6, 234, 135, -0.8940972089767456
21, 7, 342, 138, -0.4895906448364258
21, 8, 225, 150, -0.4659136235713959
21, 9, 307, 193, -0.8014575242996216
21, 10, 252, 199, -0.7949450612068176
21, 11, 456, 306, -0.23128609359264374
21, 12, 156, 320, -0.3999437391757965
21, 13, 529, 507, -0.2411310374736786
21, 14, 124, 558, -1.0168635845184326
21, 15, 588, 737, -0.48385876417160034
21, 16, 225, 339, -1.8733190298080444
21, 17, 627, 794, -0.5563892722129822
21, 18, 236, 283, -2.0586891174316406
21, 19, 596, 798, -0.608121931552887
21, 20, 234, 260, -2.0009427070617676
21, 21, 568, 779, -0.5248900651931763
21, 22, 235, 278, -1.872240424156189
21, 23, 419, 730, -0.041246481239795685
21, 24, 210, 743, 0.04542063921689987
21, 25, 417, 1078, -0.19567500054836273
21, 26, 223, 1088, -0.08801553398370743
21, 27, 427, 1390, 0.39327824115753174
21, 28, 248, 1389, 0.2380901277065277
21, 29, 434, 1436, 0.41304802894592285
21, 30, 247, 1431, 0.2548045516014099
21, 31, 409, 1484, -0.2260493040084839
21, 32, 279, 1489, -0.4382499158382416
22, 0, 274, 164, -0.963697075843811
22, 1, 298, 128, -0.9031015634536743
22, 2, 312, 126, -0.9033627510070801
22, 3, 324, 124, -0.9035614132881165
22, 4, 255, 133, -0.9031116366386414
22, 5, 244, 134, -0.902807891368866
22, 6, 235, 135, -0.9031537771224976
22, 7, 342, 137, -0.49238038063049316
22, 8, 225, 149, -0.46865344047546387
22, 9, 307, 192, -0.8101031184196472
22, 10, 252, 197, -0.8033074140548706
22, 11, 456, 306, -0.22822871804237366
22, 12, 157, 320, -0.39022308588027954
22, 13, 529, 507, -0.23382656276226044
22, 14, 121, 557, -0.9773957133293152
22, 15, 589, 737, -0.49026378989219666
22, 16, 222, 340, -1.8557147979736328
22, 17, 628, 794, -0.5612887740135193
22, 18, 235, 285, -2.045057535171509
22, 19, 597, 798, -0.611140787601471
22, 20, 233, 262, -1.9883521795272827
22, 21, 569, 779, -0.5280827879905701
22, 22, 234, 280, -1.8562759160995483
22, 23, 418, 730, -0.04135669022798538
22, 24, 210, 742, 0.04555891826748848
22, 25, 414, 1078, -0.19526056945323944
22, 26, 221, 1088, -0.08824411779642105
22, 27, 421, 1391, 0.39536771178245544
22, 28, 245, 1389, 0.24499773979187012
22, 29, 428, 1436, 0.41513270139694214
22, 30, 245, 1431, 0.2623264491558075
22, 31, 401, 1484, -0.22520478069782257
22, 32, 274, 1489, -0.43649640679359436
23, 0, 274, 164, -0.9647350311279297
23, 1, 297, 128, -0.9073338508605957
23, 2, 312, 125, -0.9077141880989075
23, 3, 324, 124, -0.9078272581100464
23, 4, 255, 133, -0.9090383648872375
23, 5, 244, 134, -0.908649742603302
23, 6, 235, 135, -0.9089968800544739
23, 7, 342, 137, -0.5039366483688354
23, 8, 225, 149, -0.46848368644714355
23, 9, 307, 191, -0.8142125010490417
23, 10, 252, 197, -0.8098258972167969
23, 11, 457, 306, -0.23046104609966278
23, 12, 159, 320, -0.3565230071544647
23, 13, 529, 507, -0.23842290043830872
23, 14, 121, 593, -0.9130572080612183
23, 15, 589, 737, -0.5026670694351196
23, 16, 222, 356, -1.819305181503296
23, 17, 628, 794, -0.5870952010154724
23, 18, 239, 295, -2.0174190998077393
23, 19, 596, 797, -0.6475938558578491
23, 20, 237, 273, -1.9586689472198486
23, 21, 568, 779, -0.5450351238250732
23, 22, 236, 288, -1.821197509765625
23, 23, 418, 730, -0.04695011302828789
23, 24, 210, 742, 0.051265694200992584
23, 25, 415, 1080, -0.22517064213752747
23, 26, 221, 1089, -0.08717085421085358
23, 27, 423, 1393, 0.3647075593471527
23, 28, 247, 1390, 0.25102007389068604
23, 29, 430, 1438, 0.38202452659606934
23, 30, 248, 1432, 0.26822784543037415
23, 31, 402, 1485, -0.2788814306259155
23, 32, 275, 1489, -0.4347507953643799
24, 0, 275, 163, -0.9733708500862122
24, 1, 298, 127, -0.9150123596191406
24, 2, 313, 124, -0.9153627157211304
24, 3, 324, 123, -0.9155152440071106
24, 4, 256, 133, -0.9134867787361145
24, 5, 244, 134, -0.913122296333313
24, 6, 235, 135, -0.9134496450424194
24, 7, 342, 137, -0.5071930289268494
24, 8, 225, 149, -0.460519939661026
24, 9, 308, 191, -0.8209695816040039
24, 10, 253, 196, -0.8122100830078125
24, 11, 457, 307, -0.23349066078662872
24, 12, 159, 324, -0.34180206060409546
24, 13, 529, 507, -0.2394896000623703
24, 14, 120, 609, -0.8996671438217163
24, 15, 595, 740, -0.5127568244934082
24, 16, 222, 392, -1.819936752319336
24, 17, 634, 796, -0.6045413017272949
24, 18, 242, 333, -2.018738269805908
24, 19, 602, 799, -0.6724194288253784
24, 20, 240, 305, -1.963262915611267
24, 21, 574, 781, -0.5591704249382019
24, 22, 238, 320, -1.8229347467422485
24, 23, 419, 732, -0.0490962453186512
24, 24, 211, 744, 0.05351868271827698
24, 25, 416, 1082, -0.2285829484462738
24, 26, 221, 1090, -0.07901211082935333
24, 27, 425, 1395, 0.35997262597084045
24, 28, 248, 1391, 0.2551552951335907
24, 29, 432, 1440, 0.37603887915611267
24, 30, 249, 1433, 0.27274587750434875
24, 31, 403, 1487, -0.2887640595436096
24, 32, 275, 1490, -0.4308629631996155
25, 0, 277, 163, -1.0271053314208984
25, 1, 299, 127, -0.9668264389038086
25, 2, 314, 124, -0.9671666026115417
25, 3, 325, 123, -0.9673258066177368
25, 4, 256, 133, -0.9615470170974731
25, 5, 244, 134, -0.9609969854354858
25, 6, 235, 135, -0.9611760973930359
25, 7, 343, 137, -0.5378295183181763
25, 8, 225, 151, -0.4808463156223297
25, 9, 310, 192, -0.867277979850769
25, 10, 255, 197, -0.8527097702026367
25, 11, 458, 307, -0.25655776262283325
25, 12, 159, 329, -0.34932494163513184
25, 13, 531, 509, -0.25159287452697754
25, 14, 117, 621, -0.9113861322402954
25, 15, 599, 746, -0.5742806196212769
25, 16, 221, 424, -1.8695567846298218
25, 17, 638, 804, -0.6720989346504211
25, 18, 247, 372, -2.0704054832458496
25, 19, 606, 807, -0.7403851747512817
25, 20, 248, 334, -2.024998903274536
25, 21, 578, 789, -0.6209765076637268
25, 22, 244, 348, -1.8746070861816406
25, 23, 422, 733, -0.061750344932079315
25, 24, 214, 745, 0.06627006083726883
25, 25, 419, 1084, -0.21729430556297302
25, 26, 223, 1092, 0.002113151829689741
25, 27, 425, 1395, 0.45516237616539
25, 28, 248, 1392, 0.42511358857154846
25, 29, 432, 1440, 0.47749337553977966
25, 30, 249, 1434, 0.4518563747406006
25, 31, 402, 1488, -0.20528972148895264
25, 32, 275, 1491, -0.27698928117752075
26, 0, 278, 163, -1.078798532485962
26, 1, 301, 127, -1.0175038576126099
26, 2, 315, 125, -1.0177409648895264
26, 3, 325, 124, -1.0179393291473389
26, 4, 257, 133, -1.01389741897583
26, 5, 244, 134, -1.0131984949111938
26, 6, 235, 135, -1.0132533311843872
26, 7, 344, 138, -0.5747414231300354
26, 8, 225, 151, -0.5290321111679077
26, 9, 311, 194, -0.9139663577079773
26, 10, 256, 199, -0.9010604619979858
26, 11, 458, 308, -0.2878900170326233
26, 12, 154, 334, -0.3528480529785156
26, 13, 534, 515, -0.27462509274482727
26, 14, 109, 636, -0.9025589227676392
26, 15, 600, 750, -0.6681076288223267
26, 16, 215, 450, -1.8937304019927979
26, 17, 639, 807, -0.7809749245643616
26, 18, 249, 401, -2.094782590866089
26, 19, 606, 809, -0.8470633625984192
26, 20, 251, 362, -2.056562900543213
26, 21, 578, 791, -0.7154526114463806
26, 22, 246, 373, -1.8998050689697266
26, 23, 422, 735, -0.07394803315401077
26, 24, 215, 747, 0.07858438044786453
26, 25, 419, 1085, -0.20799879729747772
26, 26, 223, 1095, 0.0762394368648529
26, 27, 423, 1396, 0.5149074196815491
26, 28, 244, 1394, 0.5597177743911743
26, 29, 431, 1440, 0.5414701700210571
26, 30, 244, 1436, 0.5921084880828857
26, 31, 398, 1490, -0.14948759973049164
26, 32, 269, 1494, -0.15072548389434814
27, 0, 279, 163, -1.1730996370315552
27, 1, 302, 127, -1.1027581691741943
27, 2, 316, 125, -1.1030315160751343
27, 3, 326, 124, -1.1032142639160156
27, 4, 259, 132, -1.0994840860366821
27, 5, 246, 133, -1.0987721681594849
27, 6, 235, 134, -1.0989688634872437
27, 7, 346, 139, -0.6097002029418945
27, 8, 226, 151, -0.5720163583755493
27, 9, 311, 194, -0.9891654849052429
27, 10, 256, 199, -0.9785696864128113
27, 11, 457, 308, -0.2855665981769562
27, 12, 152, 335, -0.35494449734687805
27, 13, 536, 515, -0.28136125206947327
27, 14, 94, 571, -0.9058419466018677
27, 15, 581, 723, -0.8021076917648315
27, 16, 201, 476, -2.022469997406006
27, 17, 602, 778, -0.9416128396987915
27, 18, 249, 452, -2.247642755508423
27, 19, 567, 767, -0.9973281025886536
27, 20, 250, 416, -2.2272567749023438
27, 21, 547, 750, -0.8463605046272278
27, 22, 245, 416, -2.037898302078247
27, 23, 421, 735, -0.07687947154045105
27, 24, 214, 746, 0.08172699064016342
27, 25, 415, 1084, -0.2074933797121048
27, 26, 216, 1091, 0.09652765840291977
27, 27, 417, 1394, 0.49147525429725647
27, 28, 232, 1390, 0.5976336598396301
27, 29, 425, 1438, 0.5147272944450378
27, 30, 230, 1433, 0.6295444369316101
27, 31, 387, 1487, -0.17565366625785828
27, 32, 257, 1488, -0.1348668336868286
28, 0, 280, 162, -1.228413701057434
28, 1, 304, 127, -1.1629054546356201
28, 2, 317, 125, -1.1630957126617432
28, 3, 327, 124, -1.1632295846939087
28, 4, 261, 131, -1.1585190296173096
28, 5, 248, 131, -1.1578510999679565
28, 6, 237, 132, -1.1580804586410522
28, 7, 348, 139, -0.6806380748748779
28, 8, 227, 149, -0.6427655220031738
28, 9, 312, 194, -1.0471800565719604
28, 10, 256, 198, -1.036097764968872
28, 11, 456, 309, -0.3211868107318878
28, 12, 147, 338, -0.3861575126647949
28, 13, 538, 515, -0.3304307758808136
28, 14, 90, 553, -0.861418604850769
28, 15, 576, 707, -0.9088230133056641
28, 16, 201, 516, -1.9807355403900146
28, 17, 593, 757, -1.0574636459350586
28, 18, 250, 490, -2.1964802742004395
28, 19, 561, 743, -1.1168205738067627
28, 20, 251, 456, -2.1798529624938965
28, 21, 542, 728, -0.9558250308036804
28, 22, 246, 454, -1.9957714080810547
28, 23, 421, 735, -0.0800459161400795
28, 24, 214, 746, 0.0851123183965683
28, 25, 414, 1084, -0.19603422284126282
28, 26, 212, 1090, 0.07011297345161438
28, 27, 416, 1393, 0.5146127939224243
28, 28, 230, 1390, 0.5395334362983704
28, 29, 424, 1438, 0.5387065410614014
28, 30, 228, 1432, 0.5674797296524048
28, 31, 384, 1487, -0.17691683769226074
28, 32, 256, 1486, -0.19446004927158356
29, 0, 282, 159, -1.1677402257919312
29, 1, 305, 126, -1.103979468345642
29, 2, 319, 125, -1.1042171716690063
29, 3, 328, 124, -1.1043884754180908
29, 4, 262, 129, -1.1000999212265015
29, 5, 249, 129, -1.0995814800262451
29, 6, 238, 129, -1.0998520851135254
29, 7, 350, 139, -0.6443996429443359
29, 8, 228, 146, -0.6072601079940796
29, 9, 312, 192, -0.9957868456840515
29, 10, 256, 196, -0.9848145246505737
29, 11, 456, 309, -0.31768593192100525
29, 12, 146, 340, -0.35301077365875244
29, 13, 539, 515, -0.3354033827781677
29, 14, 91, 552, -0.7495726346969604
29, 15, 577, 707, -0.8609253764152527
29, 16, 202, 530, -1.828150749206543
29, 17, 597, 757, -1.0094659328460693
29, 18, 256, 507, -2.0395596027374268
29, 19, 564, 746, -1.0680123567581177
29, 20, 258, 472, -2.0505411624908447
29, 21, 544, 730, -0.9076281785964966
29, 22, 251, 467, -1.8558757305145264
29, 23, 421, 736, -0.09089045226573944
29, 24, 214, 746, 0.09639306366443634
29, 25, 414, 1084, -0.20073647797107697
29, 26, 212, 1091, 0.08977819234132767
29, 27, 417, 1394, 0.4968445301055908
29, 28, 231, 1390, 0.5505651831626892
29, 29, 426, 1438, 0.5197088122367859
29, 30, 229, 1433, 0.5778121948242188
29, 31, 385, 1488, -0.18789754807949066
29, 32, 256, 1486, -0.17703339457511902
30, 0, 283, 157, -1.159355878829956
30, 1, 307, 125, -1.0928469896316528
30, 2, 320, 124, -1.0930696725845337
30, 3, 329, 124, -1.093300223350525
30, 4, 264, 127, -1.0912724733352661
30, 5, 251, 127, -1.0905190706253052
30, 6, 239, 127, -1.0907927751541138
30, 7, 351, 139, -0.6285091638565063
30, 8, 229, 144, -0.5984967947006226
30, 9, 313, 191, -0.9831131100654602
30, 10, 257, 193, -0.9757455587387085
30, 11, 456, 308, -0.31187719106674194
30, 12, 146, 342, -0.3558969497680664
30, 13, 539, 513, -0.3403523564338684
30, 14, 93, 551, -0.6597991585731506
30, 15, 569, 696, -0.927096962928772
30, 16, 182, 609, -1.6713205575942993
30, 17, 586, 746, -1.0991322994232178
30, 18, 206, 631, -1.8865913152694702
30, 19, 552, 733, -1.1638941764831543
30, 20, 257, 519, -1.9396007061004639
30, 21, 536, 717, -0.9794894456863403
30, 22, 250, 510, -1.7199413776397705
30, 23, 422, 737, -0.08906637877225876
30, 24, 215, 747, 0.09423259645700455
30, 25, 416, 1084, -0.2022460699081421
30, 26, 212, 1092, 0.07067115604877472
30, 27, 421, 1394, 0.4591466784477234
30, 28, 231, 1392, 0.5201224088668823
30, 29, 430, 1439, 0.47993534803390503
30, 30, 229, 1437, 0.5312032103538513
30, 31, 386, 1489, -0.24480660259723663
30, 32, 257, 1487, -0.24561253190040588
31, 0, 284, 156, -0.9067088961601257
31, 1, 307, 124, -0.8510276079177856
31, 2, 320, 124, -0.8511269688606262
31, 3, 330, 124, -0.851603627204895
31, 4, 265, 125, -0.8525934219360352
31, 5, 252, 125, -0.8517047166824341
31, 6, 239, 125, -0.8520862460136414
31, 7, 353, 140, -0.4801363945007324
31, 8, 229, 142, -0.4671270251274109
31, 9, 313, 190, -0.7664077281951904
31, 10, 257, 192, -0.7630595564842224
31, 11, 456, 308, -0.2632999122142792
31, 12, 146, 343, -0.34733444452285767
31, 13, 536, 500, -0.1942785680294037
31, 14, 95, 555, -0.3239686191082001
31, 15, 590, 699, -0.4130701422691345
31, 16, 90, 739, -0.7597097158432007
31, 17, 622, 753, -0.4960557818412781
31, 18, 61, 796, -0.8852761387825012
31, 19, 592, 759, -0.5809154510498047
31, 20, 95, 796, -1.0030523538589478
31, 21, 571, 740, -0.4654994010925293
31, 22, 113, 774, -0.8299823999404907
31, 23, 422, 739, -0.07022891193628311
31, 24, 214, 748, 0.07544539868831635
31, 25, 416, 1086, -0.09274037927389145
31, 26, 214, 1092, 0.06353940069675446
31, 27, 422, 1397, 0.4986330568790436
31, 28, 231, 1394, 0.47117146849632263
31, 29, 430, 1445, 0.520794689655304
31, 30, 229, 1442, 0.480083703994751
31, 31, 386, 1492, -0.09617625921964645
31, 32, 258, 1488, -0.22308239340782166
32, 0, 284, 155, -0.9077574014663696
32, 1, 308, 124, -0.8481630086898804
32, 2, 321, 124, -0.8483464121818542
32, 3, 331, 124, -0.8487852215766907
32, 4, 265, 124, -0.851793646812439
32, 5, 252, 123, -0.8508877754211426
32, 6, 239, 123, -0.8513056635856628
32, 7, 354, 140, -0.4604140818119049
32, 8, 229, 140, -0.45775508880615234
32, 9, 313, 190, -0.7607430219650269
32, 10, 257, 191, -0.7606130838394165
32, 11, 456, 308, -0.23802638053894043
32, 12, 146, 343, -0.34491515159606934
32, 13, 534, 496, -0.15688647329807281
32, 14, 95, 558, -0.29776591062545776
32, 15, 599, 706, -0.3859215974807739
32, 16, 72, 748, -0.7289358973503113
32, 17, 636, 765, -0.46745938062667847
32, 18, 40, 806, -0.8558410406112671
32, 19, 606, 779, -0.5569301843643188
32, 20, 71, 812, -0.9771243929862976
32, 21, 583, 757, -0.4408755302429199
32, 22, 90, 789, -0.801413893699646
32, 23, 422, 743, -0.05920274183154106
32, 24, 214, 751, 0.06464707851409912
32, 25, 418, 1088, -0.10818430036306381
32, 26, 215, 1094, 0.057332348078489304
32, 27, 424, 1400, 0.4975654184818268
32, 28, 231, 1397, 0.41568523645401
32, 29, 432, 1450, 0.5200532674789429
32, 30, 230, 1447, 0.42446452379226685
32, 31, 389, 1495, -0.12785151600837708
32, 32, 258, 1489, -0.23175184428691864
33, 0, 285, 155, -0.9190179705619812
33, 1, 309, 124, -0.8582491874694824
33, 2, 322, 124, -0.8584701418876648
33, 3, 333, 124, -0.8589181900024414
33, 4, 266, 123, -0.8631997108459473
33, 5, 252, 122, -0.8623450398445129
33, 6, 240, 122, -0.8627829551696777
33, 7, 355, 140, -0.46305936574935913
33, 8, 229, 139, -0.4651312828063965
33, 9, 314, 190, -0.7691804766654968
33, 10, 256, 191, -0.7706047892570496
33, 11, 456, 309, -0.2318711280822754
33, 12, 146, 344, -0.34713810682296753
33, 13, 532, 495, -0.16555874049663544
33, 14, 97, 560, -0.31871646642684937
33, 15, 602, 713, -0.43574175238609314
33, 16, 71, 748, -0.7689642906188965
33, 17, 640, 774, -0.5255131125450134
33, 18, 41, 807, -0.8985476493835449
33, 19, 610, 788, -0.6154616475105286
33, 20, 70, 814, -1.021955132484436
33, 21, 587, 766, -0.491840660572052
33, 22, 89, 791, -0.8420761823654175
33, 23, 422, 746, -0.052225302904844284
33, 24, 214, 753, 0.057706452906131744
33, 25, 419, 1089, -0.10647821426391602
33, 26, 216, 1095, 0.055328577756881714
33, 27, 425, 1400, 0.49152952432632446
33, 28, 231, 1398, 0.41070079803466797
33, 29, 433, 1451, 0.5139027833938599
33, 30, 229, 1449, 0.4217568039894104
33, 31, 390, 1496, -0.11956006288528442
33, 32, 258, 1490, -0.23258452117443085
34, 0, 286, 154, -0.914454460144043
34, 1, 310, 124, -0.8545001149177551
34, 2, 323, 124, -0.8546462059020996
34, 3, 334, 124, -0.8550881147384644
34, 4, 266, 123, -0.8600171208381653
34, 5, 253, 122, -0.8591428995132446
34, 6, 240, 122, -0.8595508337020874
34, 7, 356, 141, -0.46062955260276794
34, 8, 229, 139, -0.46623459458351135
34, 9, 314, 190, -0.765395998954773
34, 10, 256, 191, -0.7675818204879761
34, 11, 456, 309, -0.22664037346839905
34, 12, 146, 343, -0.34821757674217224
34, 13, 532, 495, -0.14798632264137268
34, 14, 98, 561, -0.3259945511817932
34, 15, 601, 716, -0.3768172860145569
34, 16, 72, 746, -0.7618731260299683
34, 17, 638, 777, -0.45750632882118225
34, 18, 42, 803, -0.8913890719413757
34, 19, 607, 790, -0.5475232601165771
34, 20, 72, 809, -1.0090959072113037
34, 21, 584, 769, -0.4319632947444916
34, 22, 91, 786, -0.8324139714241028
34, 23, 422, 746, -0.04756167158484459
34, 24, 213, 753, 0.05301634222269058
34, 25, 417, 1090, -0.08890139311552048
34, 26, 213, 1095, 0.05210106447339058
34, 27, 421, 1401, 0.4934093952178955
34, 28, 224, 1398, 0.3907989263534546
34, 29, 428, 1453, 0.5153981447219849
34, 30, 223, 1449, 0.40317219495773315
34, 31, 387, 1497, -0.10460729897022247
34, 32, 252, 1490, -0.23602628707885742
35, 0, 287, 154, -0.9424570202827454
35, 1, 311, 124, -0.8820400238037109
35, 2, 323, 124, -0.8822126388549805
35, 3, 334, 124, -0.8825961351394653
35, 4, 267, 122, -0.8848752975463867
35, 5, 253, 122, -0.8840736150741577
35, 6, 240, 122, -0.8844279050827026
35, 7, 356, 141, -0.47670918703079224
35, 8, 229, 138, -0.4672015309333801
35, 9, 314, 189, -0.7893080711364746
35, 10, 256, 190, -0.787405252456665
35, 11, 456, 309, -0.23062720894813538
35, 12, 146, 343, -0.3491556942462921
35, 13, 531, 495, -0.16337884962558746
35, 14, 101, 542, -0.29978111386299133
35, 15, 600, 718, -0.4367004334926605
35, 16, 73, 744, -0.7510820627212524
35, 17, 636, 779, -0.5303106904029846
35, 18, 45, 800, -0.8856202363967896
35, 19, 605, 791, -0.6214247941970825
35, 20, 73, 805, -1.0121437311172485
35, 21, 582, 769, -0.4936148524284363
35, 22, 91, 783, -0.8257353901863098
35, 23, 420, 746, -0.04840654134750366
35, 24, 211, 753, 0.053849827498197556
35, 25, 414, 1090, -0.10353048890829086
35, 26, 211, 1095, 0.04738087207078934
35, 27, 417, 1401, 0.4758512079715729
35, 28, 218, 1398, 0.3793773949146271
35, 29, 423, 1453, 0.49795812368392944
35, 30, 217, 1449, 0.3917384743690491
35, 31, 383, 1497, -0.1115792840719223
35, 32, 245, 1489, -0.2549072504043579
