0, 0, 320, 144, -0.9617012739181519
0, 1, 337, 119, -0.9381348490715027
0, 2, 346, 118, -0.9380186200141907
0, 3, 355, 118, -0.9383708238601685
0, 4, 305, 119, -0.931247353553772
0, 5, 294, 119, -0.9312003254890442
0, 6, 284, 119, -0.9316344261169434
0, 7, 375, 125, -0.6472405791282654
0, 8, 273, 126, -0.6063233613967896
0, 9, 339, 169, -0.8417664766311646
0, 10, 301, 168, -0.8298641443252563
0, 11, 441, 242, -0.3975108563899994
0, 12, 224, 241, -0.3887012004852295
0, 13, 461, 414, -0.26122066378593445
0, 14, 130, 382, -0.26247891783714294
0, 15, 426, 543, -0.38572993874549866
0, 16, 16, 508, -0.47734156250953674
0, 17, 420, 582, -0.4209817945957184
0, 18, -11, 550, -0.5298835635185242
0, 19, 401, 579, -0.45330649614334106
0, 20, 5, 559, -0.624447762966156
0, 21, 398, 562, -0.40413108468055725
0, 22, 23, 548, -0.5261130332946777
0, 23, 390, 547, -0.03505405783653259
0, 24, 247, 539, 0.0378258191049099
0, 25, 375, 789, 0.10956714302301407
0, 26, 235, 784, 0.20210203528404236
0, 27, 369, 998, 0.6984660029411316
0, 28, 234, 1001, 0.6366378664970398
0, 29, 375, 1031, 0.7386295795440674
0, 30, 233, 1034, 0.6679227948188782
0, 31, 338, 1074, 0.3269222378730774
0, 32, 251, 1081, 0.17435972392559052
1, 0, 320, 144, -0.9883028864860535
1, 1, 336, 120, -0.9758507609367371
1, 2, 346, 119, -0.9756763577461243
1, 3, 355, 118, -0.975985050201416
1, 4, 304, 120, -0.9642489552497864
1, 5, 294, 120, -0.9641631841659546
1, 6, 284, 120, -0.9645664095878601
1, 7, 374, 125, -0.7107165455818176
1, 8, 273, 126, -0.6439564228057861
1, 9, 339, 170, -0.8747240304946899
1, 10, 301, 170, -0.8555984497070312
1, 11, 440, 242, -0.4628959596157074
1, 12, 224, 241, -0.40991124510765076
1, 13, 460, 413, -0.36593830585479736
1, 14, 132, 381, -0.26160290837287903
1, 15, 421, 540, -0.501379132270813
1, 16, 22, 493, -0.4622379243373871
1, 17, 415, 577, -0.5414684414863586
1, 18, -12, 537, -0.5092912316322327
1, 19, 396, 573, -0.5680564045906067
1, 20, 1, 544, -0.6017160415649414
1, 21, 393, 556, -0.5182938575744629
1, 22, 20, 535, -0.510162889957428
1, 23, 389, 547, -0.035087160766124725
1, 24, 244, 539, 0.03785427659749985
1, 25, 375, 789, 0.10823819786310196
1, 26, 232, 784, 0.17496909201145172
1, 27, 369, 999, 0.6965556740760803
1, 28, 233, 1000, 0.5869921445846558
1, 29, 375, 1031, 0.7368655204772949
1, 30, 231, 1033, 0.6179642081260681
1, 31, 338, 1075, 0.3243279755115509
1, 32, 249, 1080, 0.1283475160598755
2, 0, 320, 145, -1.0316965579986572
2, 1, 336, 121, -1.0203222036361694
2, 2, 346, 120, -1.0201632976531982
2, 3, 355, 119, -1.0204739570617676
2, 4, 304, 121, -1.0087201595306396
2, 5, 293, 121, -1.0085968971252441
2, 6, 284, 121, -1.0089870691299438
2, 7, 373, 126, -0.7480284571647644
2, 8, 273, 127, -0.6817517876625061
2, 9, 339, 171, -0.9154453277587891
2, 10, 301, 171, -0.8959234356880188
2, 11, 439, 242, -0.4970356822013855
2, 12, 224, 242, -0.4333139955997467
2, 13, 458, 411, -0.3857783079147339
2, 14, 132, 381, -0.27657443284988403
2, 15, 420, 536, -0.5157784223556519
2, 16, 22, 492, -0.47694069147109985
2, 17, 414, 574, -0.5550916790962219
2, 18, -17, 538, -0.5215693116188049
2, 19, 396, 570, -0.5869334936141968
2, 20, -5, 544, -0.6166591644287109
2, 21, 393, 554, -0.5349863171577454
2, 22, 14, 535, -0.5256308317184448
2, 23, 389, 546, -0.03775939345359802
2, 24, 244, 539, 0.04050058871507645
2, 25, 376, 789, 0.09899735450744629
2, 26, 232, 783, 0.1741812527179718
2, 27, 372, 999, 0.6892164349555969
2, 28, 234, 999, 0.5842583775520325
2, 29, 377, 1031, 0.7290343642234802
2, 30, 232, 1031, 0.6150410771369934
2, 31, 340, 1075, 0.30816107988357544
2, 32, 250, 1078, 0.11858497560024261
3, 0, 320, 146, -1.0177594423294067
3, 1, 336, 121, -1.003039836883545
3, 2, 346, 120, -1.0029295682907104
3, 3, 355, 120, -1.0032455921173096
3, 4, 304, 122, -0.9923357963562012
3, 5, 293, 121, -0.9922422170639038
3, 6, 284, 121, -0.992657482624054
3, 7, 373, 126, -0.7287720441818237
3, 8, 273, 127, -0.6665982007980347
3, 9, 339, 171, -0.9016434550285339
3, 10, 301, 171, -0.8835605382919312
3, 11, 439, 243, -0.4882614016532898
3, 12, 223, 243, -0.4327869415283203
3, 13, 456, 411, -0.39556342363357544
3, 14, 132, 381, -0.2556282877922058
3, 15, 419, 537, -0.5427592396736145
3, 16, 23, 492, -0.4655640125274658
3, 17, 414, 574, -0.5875197649002075
3, 18, -18, 537, -0.5106567144393921
3, 19, 395, 570, -0.6169172525405884
3, 20, -8, 542, -0.6074231863021851
3, 21, 392, 554, -0.5614285469055176
3, 22, 12, 533, -0.5154167413711548
3, 23, 389, 546, -0.04282785579562187
3, 24, 243, 539, 0.04561004415154457
3, 25, 376, 789, 0.05414237827062607
3, 26, 231, 782, 0.13840815424919128
3, 27, 371, 999, 0.6173245906829834
3, 28, 232, 999, 0.5203606486320496
3, 29, 377, 1032, 0.6536134481430054
3, 30, 230, 1031, 0.5482316613197327
3, 31, 340, 1076, 0.23112718760967255
3, 32, 248, 1078, 0.05506176874041557
4, 0, 320, 146, -1.0821386575698853
4, 1, 336, 122, -1.0702277421951294
4, 2, 346, 121, -1.0701419115066528
4, 3, 355, 120, -1.0704690217971802
4, 4, 304, 122, -1.0594843626022339
4, 5, 294, 122, -1.0594019889831543
4, 6, 285, 121, -1.0598019361495972
4, 7, 372, 126, -0.786554753780365
4, 8, 274, 127, -0.7236512899398804
4, 9, 339, 172, -0.9609872102737427
4, 10, 301, 171, -0.9425228834152222
4, 11, 437, 241, -0.5339211225509644
4, 12, 223, 243, -0.45690998435020447
4, 13, 456, 410, -0.42631712555885315
4, 14, 132, 381, -0.3016595244407654
4, 15, 424, 535, -0.588908314704895
4, 16, 23, 490, -0.536192774772644
4, 17, 422, 573, -0.6371821761131287
4, 18, -20, 535, -0.5870323181152344
4, 19, 406, 570, -0.6783488988876343
4, 20, -10, 541, -0.691267728805542
4, 21, 401, 554, -0.6131171584129333
4, 22, 9, 532, -0.5890594720840454
4, 23, 389, 545, -0.0501103475689888
4, 24, 244, 539, 0.05267035961151123
4, 25, 378, 788, 0.06264378130435944
4, 26, 233, 782, 0.1750401109457016
4, 27, 373, 999, 0.6626955270767212
4, 28, 234, 998, 0.602047324180603
4, 29, 379, 1031, 0.7027961611747742
4, 30, 232, 1031, 0.6354907155036926
4, 31, 342, 1076, 0.24914297461509705
4, 32, 249, 1077, 0.12276545912027359
5, 0, 320, 146, -1.0775442123413086
5, 1, 336, 122, -1.0643980503082275
5, 2, 346, 121, -1.0643079280853271
5, 3, 355, 120, -1.0647155046463013
5, 4, 304, 122, -1.049553632736206
5, 5, 294, 122, -1.049674391746521
5, 6, 285, 121, -1.05009925365448
5, 7, 372, 127, -0.7713940143585205
5, 8, 274, 127, -0.7032785415649414
5, 9, 339, 172, -0.9593855738639832
5, 10, 301, 171, -0.9389581680297852
5, 11, 436, 241, -0.5086508989334106
5, 12, 222, 244, -0.44662588834762573
5, 13, 453, 409, -0.39513304829597473
5, 14, 131, 382, -0.2947707772254944
5, 15, 417, 534, -0.557463526725769
5, 16, 23, 490, -0.5210044980049133
5, 17, 414, 572, -0.6038438677787781
5, 18, -24, 535, -0.5714927911758423
5, 19, 398, 569, -0.6372300982475281
5, 20, -14, 541, -0.671988844871521
5, 21, 394, 553, -0.5786913633346558
5, 22, 6, 532, -0.5722758769989014
5, 23, 389, 545, -0.05000179260969162
5, 24, 243, 539, 0.05255044251680374
5, 25, 378, 788, 0.06559795886278152
5, 26, 232, 782, 0.1533999741077423
5, 27, 374, 999, 0.6404387950897217
5, 28, 234, 998, 0.5425243377685547
5, 29, 379, 1031, 0.6774137616157532
5, 30, 232, 1030, 0.5713278651237488
5, 31, 342, 1076, 0.24792058765888214
5, 32, 249, 1077, 0.07238778471946716
6, 0, 320, 146, -1.0516937971115112
6, 1, 336, 122, -1.0348845720291138
6, 2, 346, 121, -1.0347858667373657
6, 3, 355, 121, -1.0351506471633911
6, 4, 304, 123, -1.0232982635498047
6, 5, 294, 123, -1.0233097076416016
6, 6, 286, 122, -1.0237298011779785
6, 7, 372, 127, -0.7536765933036804
6, 8, 274, 127, -0.7009680271148682
6, 9, 340, 172, -0.9322072267532349
6, 10, 302, 172, -0.9143959879875183
6, 11, 436, 240, -0.5072255730628967
6, 12, 222, 244, -0.45950135588645935
6, 13, 454, 408, -0.4136173725128174
6, 14, 131, 381, -0.33031561970710754
6, 15, 418, 532, -0.5598762631416321
6, 16, 24, 490, -0.5372474193572998
6, 17, 415, 570, -0.6036771535873413
6, 18, -23, 536, -0.5847061276435852
6, 19, 399, 567, -0.6349080204963684
6, 20, -13, 541, -0.6812023520469666
6, 21, 395, 552, -0.5793705582618713
6, 22, 7, 532, -0.5859763622283936
6, 23, 389, 543, -0.04799092933535576
6, 24, 243, 537, 0.050369758158922195
6, 25, 378, 786, 0.07595136761665344
6, 26, 232, 780, 0.15670546889305115
6, 27, 373, 999, 0.648152768611908
6, 28, 233, 996, 0.5450562834739685
6, 29, 379, 1031, 0.6857813000679016
6, 30, 231, 1028, 0.573759913444519
6, 31, 341, 1076, 0.254658043384552
6, 32, 249, 1075, 0.08515769988298416
7, 0, 321, 146, -0.8762806057929993
7, 1, 337, 122, -0.863778293132782
7, 2, 347, 121, -0.8636910319328308
7, 3, 355, 120, -0.8640164136886597
7, 4, 306, 123, -0.8560341596603394
7, 5, 296, 122, -0.856026828289032
7, 6, 288, 122, -0.8564122319221497
7, 7, 372, 127, -0.6201070547103882
7, 8, 276, 127, -0.5741826295852661
7, 9, 340, 172, -0.7728687524795532
7, 10, 303, 171, -0.7588847875595093
7, 11, 436, 239, -0.42573198676109314
7, 12, 222, 244, -0.3739609718322754
7, 13, 457, 408, -0.4021227955818176
7, 14, 130, 380, -0.2632138431072235
7, 15, 417, 517, -0.5475633144378662
7, 16, 24, 489, -0.46073922514915466
7, 17, 411, 565, -0.5945333242416382
7, 18, -23, 534, -0.5044587850570679
7, 19, 392, 560, -0.6032871603965759
7, 20, -12, 540, -0.5973742604255676
7, 21, 388, 545, -0.5510382056236267
7, 22, 8, 531, -0.5068843960762024
7, 23, 386, 542, -0.04725822061300278
7, 24, 243, 536, 0.04945840686559677
7, 25, 375, 785, 0.06458549201488495
7, 26, 232, 778, 0.13707605004310608
7, 27, 370, 997, 0.5777969360351562
7, 28, 233, 994, 0.47415056824684143
7, 29, 374, 1028, 0.6117504835128784
7, 30, 231, 1025, 0.49916332960128784
7, 31, 339, 1074, 0.23244614899158478
7, 32, 248, 1071, 0.050465814769268036
8, 0, 330, 146, -0.7730112671852112
8, 1, 342, 122, -0.7451276779174805
8, 2, 351, 121, -0.7454187273979187
8, 3, 359, 120, -0.7456912398338318
8, 4, 314, 123, -0.7487092614173889
8, 5, 303, 122, -0.7486854195594788
8, 6, 294, 122, -0.7492071390151978
8, 7, 373, 127, -0.45115628838539124
8, 8, 279, 127, -0.45831355452537537
8, 9, 346, 172, -0.6527537107467651
8, 10, 311, 171, -0.6548904180526733
8, 11, 436, 237, -0.25098976492881775
8, 12, 222, 243, -0.2389753758907318
8, 13, 473, 408, -0.27236196398735046
8, 14, 130, 380, -0.17095980048179626
8, 15, 414, 487, -0.5465213060379028
8, 16, 25, 485, -0.4650583863258362
8, 17, 399, 511, -0.6166428327560425
8, 18, -21, 529, -0.5064595937728882
8, 19, 375, 488, -0.6256456971168518
8, 20, -8, 532, -0.6028562188148499
8, 21, 377, 477, -0.5556724667549133
8, 22, 12, 522, -0.5127296447753906
8, 23, 391, 542, -0.04753480851650238
8, 24, 251, 538, 0.04973791167140007
8, 25, 387, 780, -0.023056117817759514
8, 26, 252, 778, 0.10334698110818863
8, 27, 383, 990, 0.39582663774490356
8, 28, 252, 991, 0.35925108194351196
8, 29, 387, 1021, 0.418745756149292
8, 30, 250, 1022, 0.37495726346969604
8, 31, 356, 1064, 0.03298517316579819
8, 32, 266, 1063, -0.05234012007713318
9, 0, 337, 145, -0.8504558801651001
9, 1, 348, 121, -0.8178563117980957
9, 2, 356, 120, -0.8181034922599792
9, 3, 364, 120, -0.818200945854187
9, 4, 320, 121, -0.8210518956184387
9, 5, 310, 120, -0.8209545016288757
9, 6, 300, 120, -0.8214837312698364
9, 7, 377, 127, -0.4853680729866028
9, 8, 283, 126, -0.49677616357803345
9, 9, 352, 171, -0.7210077047348022
9, 10, 318, 170, -0.7225285172462463
9, 11, 437, 234, -0.2819112539291382
9, 12, 223, 243, -0.23055720329284668
9, 13, 485, 408, -0.38158172369003296
9, 14, 132, 380, -0.13725216686725616
9, 15, 415, 445, -0.9541689157485962
9, 16, 25, 476, -0.48901477456092834
9, 17, 398, 457, -1.0809929370880127
9, 18, -11, 516, -0.5735833644866943
9, 19, 378, 435, -1.1001994609832764
9, 20, 0, 513, -0.6813467144966125
9, 21, 379, 429, -0.9754316210746765
9, 22, 18, 491, -0.5450417995452881
9, 23, 406, 539, -0.046221666038036346
9, 24, 260, 538, 0.04865853488445282
9, 25, 413, 769, 0.059813469648361206
9, 26, 274, 774, 0.13808228075504303
9, 27, 415, 975, 0.5649387836456299
9, 28, 281, 979, 0.5401948690414429
9, 29, 418, 1005, 0.5920575261116028
9, 30, 278, 1009, 0.5693320631980896
9, 31, 394, 1048, 0.1389029175043106
9, 32, 300, 1047, 0.10092350095510483
10, 0, 341, 144, -0.901872456073761
10, 1, 351, 120, -0.842701256275177
10, 2, 358, 120, -0.8438860774040222
10, 3, 367, 119, -0.8429304957389832
10, 4, 324, 120, -0.8648695945739746
10, 5, 313, 120, -0.8647187352180481
10, 6, 303, 119, -0.8655728101730347
10, 7, 379, 126, -0.5448698401451111
10, 8, 285, 126, -0.5295813083648682
10, 9, 354, 171, -0.7236120104789734
10, 10, 321, 170, -0.7600786685943604
10, 11, 437, 229, -0.3312916159629822
10, 12, 223, 242, -0.2593849301338196
10, 13, 501, 407, -0.5588113069534302
10, 14, 137, 381, -0.14072656631469727
10, 15, 415, 402, -1.211773157119751
10, 16, 24, 474, -0.6790343523025513
10, 17, 392, 405, -1.3568854331970215
10, 18, -11, 519, -0.7758418321609497
10, 19, 376, 384, -1.3551980257034302
10, 20, 0, 513, -0.8884866833686829
10, 21, 379, 379, -1.2247233390808105
10, 22, 18, 498, -0.739348828792572
10, 23, 409, 505, -0.04602595046162605
10, 24, 272, 513, 0.04853995144367218
10, 25, 427, 750, 0.0593167319893837
10, 26, 283, 759, 0.24887564778327942
10, 27, 430, 955, 0.5462582111358643
10, 28, 292, 958, 0.7354726791381836
10, 29, 433, 984, 0.5719870328903198
10, 30, 288, 987, 0.773809552192688
10, 31, 409, 1031, 0.1270591914653778
10, 32, 315, 1027, 0.305604487657547
11, 0, 342, 144, -0.806476891040802
11, 1, 351, 120, -0.7589060068130493
11, 2, 359, 119, -0.7594415545463562
11, 3, 368, 119, -0.7591385841369629
11, 4, 324, 120, -0.7673608660697937
11, 5, 314, 120, -0.7674161195755005
11, 6, 304, 119, -0.7681137323379517
11, 7, 379, 126, -0.3843139111995697
11, 8, 286, 126, -0.4093092083930969
11, 9, 355, 169, -0.6542908549308777
11, 10, 322, 169, -0.6665459871292114
11, 11, 437, 229, -0.17625054717063904
11, 12, 227, 241, -0.11925959587097168
11, 13, 493, 410, -0.515815794467926
11, 14, 161, 383, -0.21396014094352722
11, 15, 403, 385, -1.3266842365264893
11, 16, 66, 432, -0.9937036633491516
11, 17, 368, 384, -1.4960545301437378
11, 18, 34, 438, -1.1278722286224365
11, 19, 358, 361, -1.5039050579071045
11, 20, 30, 427, -1.2169406414031982
11, 21, 365, 357, -1.3477046489715576
11, 22, 47, 429, -1.0510059595108032
11, 23, 407, 502, -0.010395647957921028
11, 24, 268, 517, 0.013027888722717762
11, 25, 421, 744, 0.08753739297389984
11, 26, 278, 746, 0.07133577764034271
11, 27, 422, 947, 0.5421255230903625
11, 28, 284, 945, 0.446868360042572
11, 29, 425, 975, 0.5619434118270874
11, 30, 280, 973, 0.46784329414367676
11, 31, 401, 1019, 0.10823740810155869
11, 32, 308, 1011, -0.036630354821681976
12, 0, 341, 143, -1.1355489492416382
12, 1, 351, 119, -1.0818949937820435
12, 2, 359, 118, -1.0822813510894775
12, 3, 367, 118, -1.0819203853607178
12, 4, 324, 120, -1.0964516401290894
12, 5, 313, 119, -1.0967285633087158
12, 6, 304, 119, -1.097366452217102
12, 7, 379, 125, -0.6361604928970337
12, 8, 285, 126, -0.703904390335083
12, 9, 355, 169, -0.9635255932807922
12, 10, 321, 169, -0.982903778553009
12, 11, 437, 230, -0.2202780693769455
12, 12, 231, 241, -0.38953492045402527
12, 13, 492, 410, -0.5102576613426208
12, 14, 159, 401, -0.7374157309532166
12, 15, 370, 398, -1.1533777713775635
12, 16, 244, 351, -1.51869535446167
12, 17, 332, 400, -1.277809500694275
12, 18, 275, 346, -1.6646534204483032
12, 19, 326, 374, -1.2745378017425537
12, 20, 274, 311, -1.6493971347808838
12, 21, 336, 372, -1.1612063646316528
12, 22, 270, 312, -1.5230079889297485
12, 23, 404, 497, 0.0076932599768042564
12, 24, 266, 518, -0.00566153135150671
12, 25, 418, 748, 0.11741594970226288
12, 26, 275, 748, 0.02869844064116478
12, 27, 420, 950, 0.626357913017273
12, 28, 282, 949, 0.44923242926597595
12, 29, 423, 979, 0.6442281603813171
12, 30, 278, 978, 0.4748311936855316
12, 31, 401, 1021, 0.14215858280658722
12, 32, 304, 1015, -0.0498618483543396
13, 0, 334, 144, -1.1265766620635986
13, 1, 347, 120, -1.086199402809143
13, 2, 356, 119, -1.0865229368209839
13, 3, 364, 118, -1.0861375331878662
13, 4, 319, 121, -1.087233066558838
13, 5, 309, 120, -1.0874130725860596
13, 6, 300, 120, -1.0880169868469238
13, 7, 378, 125, -0.68413245677948
13, 8, 285, 128, -0.6842060685157776
13, 9, 352, 169, -0.9685201644897461
13, 10, 318, 170, -0.9689379930496216
13, 11, 438, 230, -0.31148090958595276
13, 12, 236, 240, -0.38055098056793213
13, 13, 474, 417, -0.5685723423957825
13, 14, 175, 403, -0.7350198030471802
13, 15, 360, 394, -1.1885087490081787
13, 16, 265, 330, -1.5419435501098633
13, 17, 324, 382, -1.3069264888763428
13, 18, 289, 330, -1.6878974437713623
13, 19, 323, 352, -1.2940495014190674
13, 20, 291, 288, -1.6642825603485107
13, 21, 331, 355, -1.1924159526824951
13, 22, 294, 286, -1.5453447103500366
13, 23, 405, 493, -0.00019417722069192678
13, 24, 270, 519, 0.002351559931412339
13, 25, 426, 748, 0.11637060344219208
13, 26, 284, 750, 0.15209893882274628
13, 27, 427, 948, 0.6457890272140503
13, 28, 294, 951, 0.6731754541397095
13, 29, 429, 975, 0.6674410104751587
13, 30, 291, 979, 0.7097440361976624
13, 31, 411, 1019, 0.15951795876026154
13, 32, 313, 1018, 0.17871972918510437
14, 0, 329, 144, -1.0785268545150757
14, 1, 343, 121, -1.0493714809417725
14, 2, 352, 119, -1.0494494438171387
14, 3, 360, 118, -1.0491324663162231
14, 4, 314, 122, -1.0463545322418213
14, 5, 305, 122, -1.0464733839035034
14, 6, 297, 122, -1.0468591451644897
14, 7, 376, 125, -0.6988987326622009
14, 8, 285, 130, -0.6756809949874878
14, 9, 350, 169, -0.9387237429618835
14, 10, 315, 170, -0.9331108927726746
14, 11, 438, 230, -0.43396884202957153
14, 12, 240, 239, -0.37281566858291626
14, 13, 479, 423, -0.689716100692749
14, 14, 181, 402, -0.7163219451904297
14, 15, 361, 385, -1.2718377113342285
14, 16, 254, 302, -1.5038647651672363
14, 17, 325, 369, -1.3892452716827393
14, 18, 279, 287, -1.6351368427276611
14, 19, 326, 344, -1.3540905714035034
14, 20, 284, 250, -1.6046321392059326
14, 21, 334, 347, -1.262621283531189
14, 22, 282, 258, -1.5031774044036865
14, 23, 406, 492, -0.01139049232006073
14, 24, 280, 503, 0.013089312240481377
14, 25, 425, 746, 0.11523479223251343
14, 26, 282, 749, 0.2164772003889084
14, 27, 424, 942, 0.6017078161239624
14, 28, 291, 946, 0.6927611231803894
14, 29, 427, 967, 0.6225205063819885
14, 30, 289, 972, 0.7276139259338379
14, 31, 407, 1014, 0.15192922949790955
14, 32, 309, 1014, 0.24768631160259247
15, 0, 328, 144, -1.1250790357589722
15, 1, 342, 121, -1.0941041707992554
15, 2, 352, 120, -1.0941312313079834
15, 3, 359, 119, -1.0937085151672363
15, 4, 314, 123, -1.0895670652389526
15, 5, 305, 123, -1.0897233486175537
15, 6, 297, 123, -1.0900911092758179
15, 7, 375, 125, -0.7287081480026245
15, 8, 285, 130, -0.7019030451774597
15, 9, 350, 169, -0.9803716540336609
15, 10, 314, 170, -0.9733489155769348
15, 11, 440, 230, -0.4569118916988373
15, 12, 241, 238, -0.3827185034751892
15, 13, 481, 425, -0.7373977303504944
15, 14, 182, 401, -0.7563208341598511
15, 15, 364, 376, -1.395195722579956
15, 16, 252, 303, -1.5909392833709717
15, 17, 329, 361, -1.5209181308746338
15, 18, 276, 289, -1.7290138006210327
15, 19, 329, 334, -1.4878222942352295
15, 20, 284, 255, -1.6965925693511963
15, 21, 337, 336, -1.3887451887130737
15, 22, 281, 262, -1.5900323390960693
15, 23, 407, 492, -0.018197977915406227
15, 24, 283, 499, 0.01974121667444706
15, 25, 425, 746, 0.10994849354028702
15, 26, 283, 749, 0.22745327651500702
15, 27, 424, 941, 0.607460081577301
15, 28, 291, 945, 0.7198991775512695
15, 29, 426, 966, 0.6289593577384949
15, 30, 290, 970, 0.7568424344062805
15, 31, 408, 1013, 0.15944992005825043
15, 32, 309, 1012, 0.2696695923805237
16, 0, 328, 144, -1.0869508981704712
16, 1, 342, 122, -1.05890691280365
16, 2, 352, 121, -1.0589516162872314
16, 3, 359, 119, -1.058591604232788
16, 4, 313, 123, -1.0563318729400635
16, 5, 304, 123, -1.056434154510498
16, 6, 297, 124, -1.0568236112594604
16, 7, 375, 126, -0.7041468024253845
16, 8, 284, 131, -0.6851412057876587
16, 9, 349, 169, -0.9451592564582825
16, 10, 313, 170, -0.9403917193412781
16, 11, 440, 230, -0.4328245520591736
16, 12, 240, 237, -0.3770895004272461
16, 13, 480, 427, -0.6562550067901611
16, 14, 183, 399, -0.7405145168304443
16, 15, 367, 378, -1.2760223150253296
16, 16, 253, 309, -1.57138991355896
16, 17, 333, 368, -1.3984318971633911
16, 18, 276, 298, -1.7091680765151978
16, 19, 331, 341, -1.373311161994934
16, 20, 284, 262, -1.6831146478652954
16, 21, 339, 343, -1.2725422382354736
16, 22, 280, 267, -1.5720367431640625
16, 23, 408, 491, -0.018841933459043503
16, 24, 282, 497, 0.020504264160990715
16, 25, 426, 742, 0.10463657230138779
16, 26, 285, 748, 0.23902997374534607
16, 27, 425, 938, 0.5726639628410339
16, 28, 293, 944, 0.7311076521873474
16, 29, 427, 963, 0.5926378965377808
16, 30, 291, 970, 0.7679924964904785
16, 31, 409, 1011, 0.1290886551141739
16, 32, 311, 1012, 0.2845911383628845
17, 0, 327, 145, -1.1131131649017334
17, 1, 341, 122, -1.08839750289917
17, 2, 351, 121, -1.0884206295013428
17, 3, 358, 120, -1.0880486965179443
17, 4, 313, 124, -1.0847948789596558
17, 5, 303, 124, -1.0848530530929565
17, 6, 296, 124, -1.085193157196045
17, 7, 375, 126, -0.7316699028015137
17, 8, 284, 131, -0.7085514068603516
17, 9, 348, 169, -0.9694125056266785
17, 10, 312, 170, -0.9633668065071106
17, 11, 440, 230, -0.45512232184410095
17, 12, 240, 236, -0.38259223103523254
17, 13, 481, 427, -0.6618126630783081
17, 14, 186, 398, -0.738143265247345
17, 15, 369, 380, -1.2773000001907349
17, 16, 254, 315, -1.5943224430084229
17, 17, 337, 372, -1.402586817741394
17, 18, 277, 305, -1.7377818822860718
17, 19, 333, 345, -1.3843966722488403
17, 20, 282, 267, -1.716625452041626
17, 21, 341, 346, -1.275665521621704
17, 22, 280, 274, -1.5981576442718506
17, 23, 409, 491, -0.022827982902526855
17, 24, 282, 496, 0.024586547166109085
17, 25, 427, 740, 0.09681512415409088
17, 26, 286, 747, 0.2736509442329407
17, 27, 425, 935, 0.5671359300613403
17, 28, 294, 943, 0.787767767906189
17, 29, 428, 959, 0.5880900025367737
17, 30, 292, 969, 0.8262785077095032
17, 31, 408, 1009, 0.12084542214870453
17, 32, 312, 1011, 0.3425024449825287
18, 0, 325, 145, -1.073526382446289
18, 1, 340, 122, -1.0660889148712158
18, 2, 351, 121, -1.0658034086227417
18, 3, 358, 120, -1.0650707483291626
18, 4, 311, 124, -1.0567259788513184
18, 5, 302, 124, -1.056764841079712
18, 6, 294, 125, -1.0569387674331665
18, 7, 374, 125, -0.7093709111213684
18, 8, 283, 132, -0.6916693449020386
18, 9, 348, 169, -0.9527222514152527
18, 10, 311, 170, -0.9394213557243347
18, 11, 440, 228, -0.4437692165374756
18, 12, 239, 235, -0.37724611163139343
18, 13, 481, 427, -0.6282020211219788
18, 14, 186, 398, -0.6970518827438354
18, 15, 371, 380, -1.2179875373840332
18, 16, 254, 316, -1.4677789211273193
18, 17, 338, 371, -1.3451100587844849
18, 18, 279, 307, -1.595489263534546
18, 19, 335, 344, -1.3618862628936768
18, 20, 284, 268, -1.5712394714355469
18, 21, 342, 344, -1.245104193687439
18, 22, 281, 274, -1.4681248664855957
18, 23, 410, 488, -0.022152747958898544
18, 24, 282, 494, 0.02395828813314438
18, 25, 427, 735, 0.09612614661455154
18, 26, 287, 744, 0.24950718879699707
18, 27, 427, 930, 0.5477166771888733
18, 28, 297, 939, 0.7277982234954834
18, 29, 430, 954, 0.5678877234458923
18, 30, 295, 964, 0.7630689740180969
18, 31, 411, 1004, 0.12321945279836655
18, 32, 315, 1007, 0.2865203022956848
19, 0, 325, 145, -1.0493475198745728
19, 1, 340, 122, -1.0381474494934082
19, 2, 350, 121, -1.0379283428192139
19, 3, 357, 120, -1.0372593402862549
19, 4, 310, 124, -1.028324842453003
19, 5, 301, 124, -1.0282511711120605
19, 6, 294, 125, -1.0284333229064941
19, 7, 374, 125, -0.7047509551048279
19, 8, 283, 132, -0.6688392758369446
19, 9, 347, 168, -0.9274864196777344
19, 10, 310, 170, -0.9132323265075684
19, 11, 440, 227, -0.4357144832611084
19, 12, 240, 234, -0.36377638578414917
19, 13, 480, 426, -0.6141743659973145
19, 14, 187, 397, -0.6885236501693726
19, 15, 372, 380, -1.1985313892364502
19, 16, 255, 311, -1.4824925661087036
19, 17, 339, 372, -1.318721890449524
19, 18, 278, 306, -1.6145168542861938
19, 19, 334, 345, -1.3471086025238037
19, 20, 285, 266, -1.5891716480255127
19, 21, 342, 345, -1.2395342588424683
19, 22, 283, 274, -1.483490228652954
19, 23, 413, 490, -0.02219957485795021
19, 24, 284, 493, 0.024029992520809174
19, 25, 429, 734, 0.09400026500225067
19, 26, 288, 743, 0.24679246544837952
19, 27, 429, 929, 0.5538281202316284
19, 28, 298, 938, 0.7239432334899902
19, 29, 432, 954, 0.5749613642692566
19, 30, 297, 963, 0.7594549655914307
19, 31, 412, 1003, 0.12291344255208969
19, 32, 317, 1006, 0.28185346722602844
20, 0, 324, 145, -1.0695563554763794
20, 1, 339, 122, -1.0488502979278564
20, 2, 350, 121, -1.048811912536621
20, 3, 357, 120, -1.048394799232483
20, 4, 310, 124, -1.0434503555297852
20, 5, 301, 124, -1.043460726737976
20, 6, 294, 125, -1.0437817573547363
20, 7, 374, 124, -0.7065140008926392
20, 8, 283, 132, -0.6802789568901062
20, 9, 347, 168, -0.9356257319450378
20, 10, 310, 170, -0.9272807240486145
20, 11, 441, 227, -0.43091297149658203
20, 12, 240, 234, -0.36608999967575073
20, 13, 480, 428, -0.6128822565078735
20, 14, 185, 401, -0.6893402338027954
20, 15, 372, 378, -1.1746032238006592
20, 16, 251, 320, -1.491397738456726
20, 17, 338, 370, -1.290795087814331
20, 18, 275, 316, -1.62716805934906
20, 19, 332, 345, -1.304168939590454
20, 20, 281, 278, -1.6009786128997803
20, 21, 341, 345, -1.2016881704330444
20, 22, 279, 283, -1.4917453527450562
20, 23, 415, 490, -0.020702991634607315
20, 24, 286, 495, 0.022606268525123596
20, 25, 434, 736, 0.09474946558475494
20, 26, 291, 743, 0.2459152638912201
20, 27, 435, 932, 0.562329888343811
20, 28, 302, 940, 0.7096233367919922
20, 29, 438, 957, 0.5831506252288818
20, 30, 300, 965, 0.7441478967666626
20, 31, 419, 1005, 0.1253013014793396
20, 32, 322, 1008, 0.2647659182548523
21, 0, 324, 144, -1.0047911405563354
21, 1, 339, 122, -0.9727943539619446
21, 2, 350, 120, -0.9729973673820496
21, 3, 357, 119, -0.972669780254364
21, 4, 310, 123, -0.9623886942863464
21, 5, 300, 124, -0.9621947407722473
21, 6, 293, 124, -0.9626742601394653
21, 7, 374, 124, -0.6143357753753662
21, 8, 283, 131, -0.5588593482971191
21, 9, 347, 167, -0.8649924397468567
21, 10, 310, 168, -0.8499212265014648
21, 11, 442, 227, -0.36346355080604553
21, 12, 240, 234, -0.24163052439689636
21, 13, 482, 432, -0.6120280027389526
21, 14, 176, 401, -0.5468429327011108
21, 15, 367, 377, -1.198836088180542
21, 16, 249, 322, -1.40761399269104
21, 17, 325, 374, -1.3242602348327637
21, 18, 278, 330, -1.5744470357894897
21, 19, 314, 342, -1.3032615184783936
21, 20, 285, 284, -1.5002009868621826
21, 21, 326, 341, -1.200005292892456
21, 22, 281, 288, -1.3942911624908447
21, 23, 414, 491, -0.029421424493193626
21, 24, 285, 496, 0.03158801794052124
21, 25, 433, 738, 0.09493549168109894
21, 26, 288, 746, 0.25552457571029663
21, 27, 434, 932, 0.5989719033241272
21, 28, 300, 942, 0.7691205739974976
21, 29, 437, 957, 0.6206735968589783
21, 30, 298, 968, 0.8074105381965637
21, 31, 417, 1007, 0.12754347920417786
21, 32, 321, 1012, 0.28259220719337463
22, 0, 325, 143, -1.0677974224090576
22, 1, 339, 121, -1.018489122390747
22, 2, 350, 119, -1.0187908411026
22, 3, 357, 118, -1.0183120965957642
22, 4, 310, 123, -1.0212657451629639
22, 5, 300, 123, -1.0212613344192505
22, 6, 293, 123, -1.0218865871429443
22, 7, 374, 123, -0.6238121390342712
22, 8, 283, 131, -0.5737980604171753
22, 9, 347, 166, -0.9047354459762573
22, 10, 310, 168, -0.9077872037887573
22, 11, 443, 227, -0.3205033540725708
22, 12, 240, 239, -0.2780812084674835
22, 13, 489, 432, -0.5291538834571838
22, 14, 162, 407, -0.6670963764190674
22, 15, 368, 385, -1.181929349899292
22, 16, 254, 329, -1.4939026832580566
22, 17, 326, 394, -1.3053743839263916
22, 18, 277, 344, -1.6449148654937744
22, 19, 318, 374, -1.2885491847991943
22, 20, 290, 287, -1.6193329095840454
22, 21, 329, 369, -1.182266116142273
22, 22, 285, 291, -1.495581865310669
22, 23, 408, 493, -0.01626107282936573
22, 24, 278, 497, 0.01853623054921627
22, 25, 428, 745, 0.10706827789545059
22, 26, 279, 750, 0.24751636385917664
22, 27, 426, 941, 0.6481903195381165
22, 28, 289, 949, 0.7625688314437866
22, 29, 429, 968, 0.671152651309967
22, 30, 287, 977, 0.8010691404342651
22, 31, 410, 1014, 0.1455017626285553
22, 32, 310, 1017, 0.27042433619499207
23, 0, 325, 143, -0.910169243812561
23, 1, 340, 121, -0.8544725179672241
23, 2, 350, 119, -0.8547525405883789
23, 3, 357, 118, -0.8543979525566101
23, 4, 310, 122, -0.8645628094673157
23, 5, 300, 123, -0.86467444896698
23, 6, 293, 123, -0.8653046488761902
23, 7, 374, 123, -0.4389302134513855
23, 8, 283, 130, -0.4792425036430359
23, 9, 348, 166, -0.7458508014678955
23, 10, 310, 168, -0.76103675365448
23, 11, 441, 229, -0.152786985039711
23, 12, 239, 242, -0.18375517427921295
23, 13, 488, 417, -0.3180994391441345
23, 14, 138, 426, -0.5506934523582458
23, 15, 371, 414, -0.8990538716316223
23, 16, 246, 332, -1.3937194347381592
23, 17, 342, 436, -1.0097296237945557
23, 18, 266, 345, -1.5662857294082642
23, 19, 321, 424, -1.0058043003082275
23, 20, 277, 285, -1.5193520784378052
23, 21, 329, 414, -0.9025686979293823
23, 22, 274, 295, -1.3926188945770264
23, 23, 408, 527, -0.004004800692200661
23, 24, 269, 525, 0.0064539783634245396
23, 25, 410, 746, -0.01261182688176632
23, 26, 270, 750, -0.05488179251551628
23, 27, 412, 950, 0.4206886291503906
23, 28, 275, 952, 0.2598230242729187
23, 29, 417, 980, 0.43202871084213257
23, 30, 273, 981, 0.27091869711875916
23, 31, 394, 1017, -0.0732908770442009
23, 32, 292, 1020, -0.2565498650074005
24, 0, 326, 143, -0.9529317021369934
24, 1, 340, 121, -0.9097180366516113
24, 2, 350, 119, -0.9098270535469055
24, 3, 357, 118, -0.9091203808784485
24, 4, 310, 122, -0.9132234454154968
24, 5, 300, 123, -0.9131259918212891
24, 6, 293, 123, -0.9135902523994446
24, 7, 374, 123, -0.4767984449863434
24, 8, 283, 130, -0.5229934453964233
24, 9, 348, 167, -0.795549750328064
24, 10, 310, 168, -0.7993756532669067
24, 11, 441, 231, -0.22629114985466003
24, 12, 235, 242, -0.23720625042915344
24, 13, 480, 410, -0.3799951672554016
24, 14, 143, 396, -0.289497047662735
24, 15, 398, 446, -0.8593024015426636
24, 16, 99, 453, -0.7627524137496948
24, 17, 380, 472, -0.9751866459846497
24, 18, 72, 513, -0.8616591691970825
24, 19, 355, 456, -0.9949787259101868
24, 20, 91, 478, -0.944621205329895
24, 21, 359, 445, -0.8738945722579956
24, 22, 115, 455, -0.8068903088569641
24, 23, 408, 523, -0.008856597356498241
24, 24, 272, 495, 0.01118369773030281
24, 25, 383, 658, -0.5286705493927002
24, 26, 238, 678, -0.5302920937538147
24, 27, 381, 903, -0.1838522106409073
24, 28, 264, 913, -0.2777531147003174
24, 29, 382, 938, -0.1699674129486084
24, 30, 267, 943, -0.26965418457984924
24, 31, 362, 978, -0.589661180973053
24, 32, 276, 992, -0.7259001135826111
25, 0, 326, 143, -0.9735552072525024
25, 1, 340, 121, -0.932282567024231
25, 2, 350, 119, -0.9323968887329102
25, 3, 357, 118, -0.9317129850387573
25, 4, 310, 122, -0.9342843890190125
25, 5, 300, 122, -0.9341624975204468
25, 6, 293, 123, -0.9346152544021606
25, 7, 374, 123, -0.5993189811706543
25, 8, 283, 130, -0.6147753000259399
25, 9, 348, 167, -0.8108296394348145
25, 10, 310, 169, -0.812857985496521
25, 11, 442, 231, -0.36462706327438354
25, 12, 234, 241, -0.33121079206466675
25, 13, 480, 407, -0.4272542893886566
25, 14, 141, 376, -0.2954612076282501
25, 15, 412, 461, -0.7877019643783569
25, 16, 44, 479, -0.646041750907898
25, 17, 390, 490, -0.8728575706481934
25, 18, 2, 527, -0.7315391898155212
25, 19, 366, 470, -0.8912771344184875
25, 20, 21, 527, -0.8165806531906128
25, 21, 370, 461, -0.800063967704773
25, 22, 47, 503, -0.6925026178359985
25, 23, 408, 528, -0.027409270405769348
25, 24, 272, 515, 0.029930854216217995
25, 25, 387, 670, -0.19126398861408234
25, 26, 244, 703, -0.17130543291568756
25, 27, 387, 920, 0.21341665089130402
25, 28, 262, 918, 0.07979998737573624
25, 29, 390, 961, 0.23231127858161926
25, 30, 265, 952, 0.08989452570676804
25, 31, 364, 990, -0.1835550218820572
25, 32, 272, 994, -0.327227383852005
26, 0, 326, 143, -0.9743629693984985
26, 1, 340, 121, -0.9439619183540344
26, 2, 350, 119, -0.9441083073616028
26, 3, 357, 118, -0.943758487701416
26, 4, 310, 122, -0.9447910189628601
26, 5, 300, 122, -0.9448177218437195
26, 6, 293, 122, -0.9453079104423523
26, 7, 374, 123, -0.6468361616134644
26, 8, 282, 130, -0.6429852247238159
26, 9, 347, 167, -0.8286554217338562
26, 10, 310, 169, -0.8300496935844421
26, 11, 442, 231, -0.403444766998291
26, 12, 233, 241, -0.37541502714157104
26, 13, 478, 402, -0.41766253113746643
26, 14, 136, 371, -0.30073970556259155
26, 15, 415, 471, -0.7094730138778687
26, 16, 32, 483, -0.5841299891471863
26, 17, 401, 507, -0.778782844543457
26, 18, -9, 529, -0.649176836013794
26, 19, 376, 485, -0.7977649569511414
26, 20, 8, 533, -0.7407788038253784
26, 21, 378, 472, -0.7213180065155029
26, 22, 42, 509, -0.6304811239242554
26, 23, 405, 530, -0.029489627107977867
26, 24, 268, 523, 0.03179314732551575
26, 25, 387, 726, -0.07996856421232224
26, 26, 248, 728, -0.04635648429393768
26, 27, 385, 949, 0.24838972091674805
26, 28, 257, 947, 0.26460447907447815
26, 29, 389, 985, 0.23523280024528503
26, 30, 260, 983, 0.2791236639022827
26, 31, 358, 1023, 0.019466035068035126
26, 32, 269, 1022, -0.16043567657470703
27, 0, 324, 143, -0.9318687319755554
27, 1, 339, 120, -0.913525402545929
27, 2, 349, 119, -0.9135932922363281
27, 3, 356, 118, -0.913723349571228
27, 4, 308, 122, -0.9097396731376648
27, 5, 299, 122, -0.9097658395767212
27, 6, 291, 122, -0.9102236032485962
27, 7, 373, 123, -0.6447256803512573
27, 8, 281, 129, -0.634731650352478
27, 9, 346, 168, -0.8166747093200684
27, 10, 308, 169, -0.8102712631225586
27, 11, 440, 231, -0.42390578985214233
27, 12, 232, 241, -0.3782424032688141
27, 13, 472, 401, -0.4333290159702301
27, 14, 129, 371, -0.30496400594711304
27, 15, 417, 476, -0.6950781941413879
27, 16, 22, 489, -0.5667942762374878
27, 17, 405, 517, -0.7640649080276489
27, 18, -21, 535, -0.6269358396530151
27, 19, 382, 493, -0.7769317030906677
27, 20, -3, 539, -0.7178426384925842
27, 21, 383, 480, -0.7048475742340088
27, 22, 18, 527, -0.6132047772407532
27, 23, 399, 532, -0.029981479048728943
27, 24, 260, 526, 0.032286904752254486
27, 25, 381, 758, 0.02380165085196495
27, 26, 240, 753, 0.08510269969701767
27, 27, 374, 970, 0.4440450072288513
27, 28, 245, 966, 0.30345043540000916
27, 29, 380, 1003, 0.46635574102401733
27, 30, 246, 998, 0.3332189619541168
27, 31, 344, 1044, 0.13788817822933197
27, 32, 259, 1043, -0.07585297524929047
28, 0, 319, 143, -0.9462640881538391
28, 1, 334, 120, -0.9261710047721863
28, 2, 345, 119, -0.9262900352478027
28, 3, 354, 118, -0.9263814687728882
28, 4, 303, 122, -0.9227901697158813
28, 5, 295, 122, -0.9228999018669128
28, 6, 287, 122, -0.9233996272087097
28, 7, 369, 123, -0.6580029129981995
28, 8, 279, 129, -0.6365808844566345
28, 9, 341, 168, -0.8268862962722778
28, 10, 303, 169, -0.8213948011398315
28, 11, 438, 231, -0.4170806407928467
28, 12, 230, 240, -0.3855719566345215
28, 13, 470, 399, -0.42616400122642517
28, 14, 126, 370, -0.30533725023269653
28, 15, 414, 476, -0.6777517795562744
28, 16, 18, 496, -0.553604245185852
28, 17, 399, 516, -0.7434222102165222
28, 18, -21, 540, -0.6140698194503784
28, 19, 380, 491, -0.7523345351219177
28, 20, -3, 545, -0.7035108804702759
28, 21, 380, 477, -0.6857885718345642
28, 22, 17, 534, -0.599047064781189
28, 23, 392, 532, -0.026408379897475243
28, 24, 255, 526, 0.028536241501569748
28, 25, 371, 755, 0.01672879233956337
28, 26, 236, 751, 0.028860565274953842
28, 27, 366, 967, 0.39628806710243225
28, 28, 238, 967, 0.23667459189891815
28, 29, 372, 999, 0.41760730743408203
28, 30, 239, 1000, 0.2469879388809204
28, 31, 336, 1041, 0.09479053318500519
28, 32, 249, 1043, -0.1696503460407257
29, 0, 314, 143, -0.9385296106338501
29, 1, 330, 120, -0.9209399223327637
29, 2, 341, 118, -0.921068012714386
29, 3, 351, 117, -0.9211838841438293
29, 4, 299, 122, -0.9145793914794922
29, 5, 291, 122, -0.9147840738296509
29, 6, 282, 122, -0.91526859998703
29, 7, 366, 122, -0.6591806411743164
29, 8, 276, 129, -0.6340970993041992
29, 9, 336, 168, -0.8269622921943665
29, 10, 299, 169, -0.8176051378250122
29, 11, 437, 232, -0.43314042687416077
29, 12, 226, 240, -0.3818732500076294
29, 13, 466, 400, -0.43546539545059204
29, 14, 126, 371, -0.2942686378955841
29, 15, 414, 477, -0.6972551941871643
29, 16, 18, 495, -0.5489026308059692
29, 17, 399, 517, -0.7652143836021423
29, 18, -19, 541, -0.6080297827720642
29, 19, 380, 492, -0.778856635093689
29, 20, -1, 545, -0.6972354054450989
29, 21, 381, 478, -0.7071734666824341
29, 22, 19, 534, -0.5947891473770142
29, 23, 392, 531, -0.027332255616784096
29, 24, 255, 527, 0.029451092705130577
29, 25, 374, 755, 0.014321975409984589
29, 26, 240, 750, 0.07168309390544891
29, 27, 372, 965, 0.38670578598976135
29, 28, 243, 968, 0.29476889967918396
29, 29, 377, 997, 0.4100264608860016
29, 30, 245, 1002, 0.3100818395614624
29, 31, 343, 1040, 0.07107092440128326
29, 32, 255, 1043, -0.11867491155862808
30, 0, 309, 143, -0.9468024969100952
30, 1, 325, 120, -0.9273087382316589
30, 2, 336, 118, -0.9274476766586304
30, 3, 346, 117, -0.9275261163711548
30, 4, 294, 122, -0.921524167060852
30, 5, 286, 122, -0.9217479825019836
30, 6, 278, 122, -0.9222690463066101
30, 7, 362, 122, -0.6702507138252258
30, 8, 273, 129, -0.6330090761184692
30, 9, 332, 168, -0.8296819925308228
30, 10, 295, 169, -0.8228699564933777
30, 11, 437, 233, -0.4368160367012024
30, 12, 224, 240, -0.3802580237388611
30, 13, 466, 400, -0.43615150451660156
30, 14, 125, 373, -0.2945862412452698
30, 15, 416, 477, -0.7055838108062744
30, 16, 23, 489, -0.5502200722694397
30, 17, 400, 515, -0.776268720626831
30, 18, -17, 540, -0.6078096628189087
30, 19, 383, 492, -0.7976704835891724
30, 20, -2, 542, -0.7002659440040588
30, 21, 383, 478, -0.7180802226066589
30, 22, 18, 530, -0.596948504447937
30, 23, 390, 531, -0.023755928501486778
30, 24, 255, 526, 0.025644904002547264
30, 25, 373, 754, 0.005691827740520239
30, 26, 239, 747, 0.08047812432050705
30, 27, 373, 965, 0.3907608389854431
30, 28, 244, 968, 0.3137112259864807
30, 29, 378, 996, 0.413217693567276
30, 30, 246, 1001, 0.33203431963920593
30, 31, 345, 1039, 0.07851555943489075
30, 32, 254, 1043, -0.06241826340556145
31, 0, 304, 143, -0.9505058526992798
31, 1, 320, 120, -0.9308926463127136
31, 2, 332, 118, -0.9310371279716492
31, 3, 342, 117, -0.9310990571975708
31, 4, 290, 122, -0.9233986139297485
31, 5, 282, 122, -0.9236574172973633
31, 6, 274, 122, -0.924202561378479
31, 7, 359, 121, -0.6791936159133911
31, 8, 270, 129, -0.6277798414230347
31, 9, 327, 167, -0.8305320739746094
31, 10, 291, 168, -0.8246527910232544
31, 11, 435, 233, -0.4550923705101013
31, 12, 223, 240, -0.3750690519809723
31, 13, 466, 399, -0.45660844445228577
31, 14, 127, 373, -0.2663766145706177
31, 15, 416, 476, -0.7214781045913696
31, 16, 25, 487, -0.5134662389755249
31, 17, 399, 514, -0.7895448803901672
31, 18, -21, 537, -0.572107195854187
31, 19, 381, 490, -0.8101808428764343
31, 20, -6, 540, -0.6591918468475342
31, 21, 382, 476, -0.7327075004577637
31, 22, 15, 529, -0.5593458414077759
31, 23, 390, 530, -0.025236105546355247
31, 24, 256, 526, 0.027081932872533798
31, 25, 375, 731, -0.05297296121716499
31, 26, 239, 723, -0.020405391231179237
31, 27, 375, 941, 0.3098992705345154
31, 28, 246, 946, 0.18674252927303314
31, 29, 380, 973, 0.3306482434272766
31, 30, 248, 978, 0.19474950432777405
31, 31, 349, 1012, 0.01032600924372673
31, 32, 255, 1019, -0.17664074897766113
32, 0, 300, 143, -0.9975482821464539
32, 1, 316, 120, -0.9898475408554077
32, 2, 328, 118, -0.9899877309799194
32, 3, 338, 117, -0.9901068806648254
32, 4, 287, 122, -0.9714184999465942
32, 5, 278, 122, -0.9717365503311157
32, 6, 271, 123, -0.9723197817802429
32, 7, 357, 121, -0.7546876072883606
32, 8, 267, 129, -0.6664404273033142
32, 9, 324, 168, -0.8932772874832153
32, 10, 288, 169, -0.8688898086547852
32, 11, 435, 233, -0.5158528089523315
32, 12, 223, 240, -0.399547815322876
32, 13, 465, 399, -0.5077926516532898
32, 14, 127, 373, -0.29917773604393005
32, 15, 415, 477, -0.7382158637046814
32, 16, 25, 487, -0.5495667457580566
32, 17, 398, 515, -0.8013450503349304
32, 18, -20, 538, -0.6056767106056213
32, 19, 381, 490, -0.8231131434440613
32, 20, -6, 540, -0.688908576965332
32, 21, 382, 475, -0.7493793368339539
32, 22, 15, 529, -0.5937302708625793
32, 23, 390, 529, -0.0262601375579834
32, 24, 256, 524, 0.02810296043753624
32, 25, 375, 729, -0.052688807249069214
32, 26, 239, 722, 0.018346533179283142
32, 27, 376, 938, 0.3196856677532196
32, 28, 247, 944, 0.25055497884750366
32, 29, 381, 971, 0.34140464663505554
32, 30, 249, 976, 0.26192760467529297
32, 31, 350, 1011, 0.008757354691624641
32, 32, 256, 1018, -0.1749795526266098
33, 0, 299, 143, -1.0108150243759155
33, 1, 315, 120, -1.0038495063781738
33, 2, 327, 119, -1.0039894580841064
33, 3, 337, 117, -1.0041077136993408
33, 4, 286, 123, -0.9856211543083191
33, 5, 277, 123, -0.9859610795974731
33, 6, 269, 124, -0.9865773916244507
33, 7, 356, 121, -0.7636973857879639
33, 8, 266, 129, -0.6780162453651428
33, 9, 323, 168, -0.9064880609512329
33, 10, 288, 169, -0.8813264966011047
33, 11, 435, 233, -0.5152350664138794
33, 12, 222, 239, -0.4107348918914795
33, 13, 465, 398, -0.5039672255516052
33, 14, 127, 373, -0.3123510479927063
33, 15, 414, 477, -0.7301954627037048
33, 16, 28, 485, -0.559955894947052
33, 17, 398, 517, -0.790615439414978
33, 18, -19, 537, -0.614809513092041
33, 19, 382, 492, -0.8153554201126099
33, 20, -4, 539, -0.7000589370727539
33, 21, 382, 477, -0.7421211004257202
33, 22, 16, 528, -0.6043771505355835
33, 23, 389, 529, -0.02580411173403263
33, 24, 255, 523, 0.027637377381324768
33, 25, 372, 727, -0.05022159963846207
33, 26, 236, 720, 0.034178346395492554
33, 27, 373, 936, 0.33852532505989075
33, 28, 244, 939, 0.27153366804122925
33, 29, 378, 969, 0.3605166971683502
33, 30, 247, 971, 0.2828717529773712
33, 31, 348, 1008, 0.022767292335629463
33, 32, 253, 1013, -0.15709827840328217
34, 0, 299, 144, -1.0337879657745361
34, 1, 315, 120, -1.0282299518585205
34, 2, 327, 119, -1.028360366821289
34, 3, 337, 117, -1.0285288095474243
34, 4, 285, 123, -1.0092988014221191
34, 5, 276, 124, -1.0096548795700073
34, 6, 269, 125, -1.0102654695510864
34, 7, 356, 121, -0.783045768737793
34, 8, 266, 130, -0.6914929747581482
34, 9, 323, 168, -0.926811695098877
34, 10, 287, 170, -0.8998520970344543
34, 11, 435, 233, -0.5330854654312134
34, 12, 223, 238, -0.41144299507141113
34, 13, 465, 398, -0.5181699991226196
34, 14, 127, 372, -0.307283878326416
34, 15, 413, 479, -0.7437931895256042
34, 16, 28, 485, -0.5544971227645874
34, 17, 395, 517, -0.806597113609314
34, 18, -15, 535, -0.6082440614700317
34, 19, 381, 493, -0.8293827772140503
34, 20, -1, 537, -0.6947002410888672
34, 21, 382, 478, -0.7547088265419006
34, 22, 19, 526, -0.5986631512641907
34, 23, 388, 528, -0.028556669130921364
34, 24, 255, 522, 0.03026684746146202
34, 25, 370, 728, -0.047374021261930466
34, 26, 235, 722, 0.11910004913806915
34, 27, 371, 937, 0.3516373932361603
34, 28, 242, 940, 0.39292943477630615
34, 29, 376, 969, 0.3786620497703552
34, 30, 245, 972, 0.40763527154922485
34, 31, 345, 1009, 0.046540528535842896
34, 32, 249, 1015, 0.024428661912679672
35, 0, 299, 144, -1.0735933780670166
35, 1, 314, 121, -1.0718441009521484
35, 2, 326, 119, -1.0719149112701416
35, 3, 336, 117, -1.0720622539520264
35, 4, 285, 124, -1.0508978366851807
35, 5, 276, 124, -1.051275372505188
35, 6, 268, 125, -1.0518534183502197
35, 7, 355, 121, -0.8376976847648621
35, 8, 265, 130, -0.7375127077102661
35, 9, 323, 168, -0.9693692922592163
35, 10, 287, 171, -0.9401524662971497
35, 11, 435, 233, -0.5879386067390442
35, 12, 223, 237, -0.44896841049194336
35, 13, 466, 399, -0.5701543092727661
35, 14, 127, 372, -0.3156541585922241
35, 15, 412, 480, -0.7473028898239136
35, 16, 29, 485, -0.5666474103927612
35, 17, 390, 518, -0.8178375959396362
35, 18, -15, 535, -0.6204236745834351
35, 19, 380, 492, -0.8365556001663208
35, 20, -1, 536, -0.702203631401062
35, 21, 380, 478, -0.7563912868499756
35, 22, 20, 525, -0.6089357137680054
35, 23, 388, 524, -0.028520232066512108
35, 24, 255, 518, 0.030237436294555664
35, 25, 370, 717, -0.04097303748130798
35, 26, 235, 709, 0.1149536594748497
35, 27, 371, 922, 0.3545862138271332
35, 28, 243, 925, 0.3764852285385132
35, 29, 376, 954, 0.38033345341682434
35, 30, 246, 956, 0.3924374282360077
35, 31, 346, 994, 0.05825760215520859
35, 32, 250, 1001, -0.006399443838745356
36, 0, 298, 145, -1.0999934673309326
36, 1, 314, 121, -1.095497727394104
36, 2, 326, 119, -1.0955636501312256
36, 3, 336, 117, -1.0957049131393433
36, 4, 285, 124, -1.0749794244766235
36, 5, 276, 125, -1.0753834247589111
36, 6, 268, 126, -1.0759658813476562
36, 7, 355, 121, -0.8495874404907227
36, 8, 265, 130, -0.7525632381439209
36, 9, 322, 169, -0.9917013049125671
36, 10, 287, 171, -0.963452935218811
36, 11, 435, 233, -0.5988304615020752
36, 12, 223, 237, -0.45058703422546387
36, 13, 468, 399, -0.5849286317825317
36, 14, 128, 371, -0.31756454706192017
36, 15, 407, 481, -0.7787315845489502
36, 16, 31, 484, -0.5823737382888794
36, 17, 381, 519, -0.8401644825935364
36, 18, -12, 533, -0.6392631530761719
36, 19, 374, 491, -0.8590539693832397
36, 20, 0, 534, -0.7213817238807678
36, 21, 376, 477, -0.7846065163612366
36, 22, 22, 523, -0.6246155500411987
36, 23, 388, 524, -0.029831578955054283
36, 24, 255, 517, 0.031389590352773666
36, 25, 371, 713, -0.041986048221588135
36, 26, 235, 703, 0.013492020778357983
36, 27, 371, 917, 0.3564496636390686
36, 28, 244, 921, 0.2951255142688751
36, 29, 376, 948, 0.3818691372871399
36, 30, 248, 952, 0.31082260608673096
36, 31, 347, 988, 0.05894355848431587
36, 32, 251, 995, -0.04963705316185951
37, 0, 298, 145, -1.076809048652649
37, 1, 314, 121, -1.069031000137329
37, 2, 326, 119, -1.069125771522522
37, 3, 336, 117, -1.069256067276001
37, 4, 285, 124, -1.0513746738433838
37, 5, 276, 125, -1.051758050918579
37, 6, 268, 126, -1.0523526668548584
37, 7, 355, 121, -0.8183826208114624
37, 8, 265, 130, -0.7327081561088562
37, 9, 322, 169, -0.9677873849868774
37, 10, 287, 171, -0.9429947137832642
37, 11, 435, 233, -0.5715891122817993
37, 12, 223, 237, -0.441293329000473
37, 13, 469, 400, -0.5635409951210022
37, 14, 128, 371, -0.32156527042388916
37, 15, 406, 481, -0.7766212821006775
37, 16, 32, 485, -0.581040620803833
37, 17, 381, 517, -0.83710777759552
37, 18, -10, 534, -0.6376636624336243
37, 19, 374, 490, -0.8565767407417297
37, 20, 3, 535, -0.7207168936729431
37, 21, 375, 477, -0.7830087542533875
37, 22, 24, 524, -0.6234519481658936
37, 23, 388, 524, -0.030015993863344193
37, 24, 256, 518, 0.031553082168102264
37, 25, 371, 715, -0.017026713117957115
37, 26, 239, 704, 0.0780765488743782
37, 27, 374, 919, 0.3962584435939789
37, 28, 246, 923, 0.35211148858070374
37, 29, 379, 950, 0.4232727587223053
37, 30, 251, 954, 0.36719077825546265
37, 31, 349, 989, 0.09649337828159332
37, 32, 252, 998, 0.004118917975574732
