0, 0, 314, 167, -1.432211995124817
0, 1, 331, 123, -1.3791346549987793
0, 2, 345, 120, -1.3791345357894897
0, 3, 357, 118, -1.3794502019882202
0, 4, 285, 131, -1.3826385736465454
0, 5, 269, 134, -1.3820667266845703
0, 6, 255, 135, -1.382514238357544
0, 7, 376, 123, -0.9083820581436157
0, 8, 240, 146, -0.9083088636398315
0, 9, 340, 197, -1.2431360483169556
0, 10, 289, 206, -1.2427034378051758
0, 11, 488, 308, -0.5436803698539734
0, 12, 148, 328, -0.5908982157707214
0, 13, 545, 504, -0.4333930015563965
0, 14, 68, 501, -0.448552668094635
0, 15, 573, 723, -0.8529073596000671
0, 16, 71, 756, -0.8755340576171875
0, 17, 605, 791, -0.9837170839309692
0, 18, 62, 822, -1.0072046518325806
0, 19, 571, 795, -1.0869948863983154
0, 20, 95, 823, -1.1238027811050415
0, 21, 554, 770, -0.9156363606452942
0, 22, 104, 797, -0.9393357038497925
0, 23, 446, 745, -0.05031263083219528
0, 24, 226, 757, 0.05614103004336357
0, 25, 452, 1094, -0.009389125742018223
0, 26, 241, 1104, -0.006550683174282312
0, 27, 459, 1414, 0.7553423047065735
0, 28, 256, 1426, 0.532857358455658
0, 29, 466, 1469, 0.7918347120285034
0, 30, 256, 1484, 0.5621627569198608
0, 31, 429, 1521, 0.08449628204107285
0, 32, 288, 1521, -0.22220492362976074
1, 0, 310, 167, -1.441138505935669
1, 1, 329, 123, -1.3875292539596558
1, 2, 344, 120, -1.387554407119751
1, 3, 355, 117, -1.387859582901001
1, 4, 281, 131, -1.3911683559417725
1, 5, 265, 133, -1.3906197547912598
1, 6, 253, 135, -1.3911281824111938
1, 7, 376, 123, -0.9153987765312195
1, 8, 239, 146, -0.9144973754882812
1, 9, 339, 198, -1.251542329788208
1, 10, 286, 208, -1.2511062622070312
1, 11, 492, 310, -0.5472094416618347
1, 12, 149, 328, -0.6171303987503052
1, 13, 547, 510, -0.43193379044532776
1, 14, 71, 499, -0.48060885071754456
1, 15, 578, 742, -0.810623824596405
1, 16, 70, 757, -0.9048681259155273
1, 17, 608, 807, -0.9259399175643921
1, 18, 61, 823, -1.0339382886886597
1, 19, 575, 812, -1.0262587070465088
1, 20, 95, 825, -1.1457922458648682
1, 21, 558, 786, -0.8720151782035828
1, 22, 104, 799, -0.9679662585258484
1, 23, 447, 749, -0.0521368607878685
1, 24, 226, 760, 0.05793718621134758
1, 25, 452, 1105, -0.009709445759654045
1, 26, 239, 1115, 0.024751950055360794
1, 27, 459, 1432, 0.778830349445343
1, 28, 255, 1441, 0.5873432159423828
1, 29, 466, 1488, 0.8187773823738098
1, 30, 256, 1499, 0.6204668283462524
1, 31, 429, 1542, 0.10466744750738144
1, 32, 287, 1542, -0.1710246503353119
2, 0, 308, 168, -1.4424176216125488
2, 1, 328, 123, -1.388848066329956
2, 2, 343, 120, -1.3888623714447021
2, 3, 355, 117, -1.3891613483428955
2, 4, 279, 131, -1.3937666416168213
2, 5, 263, 133, -1.3932275772094727
2, 6, 252, 135, -1.3937389850616455
2, 7, 376, 122, -0.917448878288269
2, 8, 239, 145, -0.9246082305908203
2, 9, 338, 198, -1.2530953884124756
2, 10, 284, 209, -1.2544798851013184
2, 11, 493, 311, -0.5487366318702698
2, 12, 150, 328, -0.64373379945755
2, 13, 548, 512, -0.4267566204071045
2, 14, 71, 499, -0.5098344683647156
2, 15, 580, 747, -0.7811547517776489
2, 16, 70, 757, -0.9173704981803894
2, 17, 609, 811, -0.8896821141242981
2, 18, 60, 824, -1.0417287349700928
2, 19, 576, 816, -0.9890732765197754
2, 20, 94, 827, -1.1502772569656372
2, 21, 559, 789, -0.8416577577590942
2, 22, 103, 801, -0.9783663749694824
2, 23, 448, 750, -0.052149511873722076
2, 24, 226, 761, 0.057942043989896774
2, 25, 452, 1109, -0.009833328425884247
2, 26, 238, 1119, 0.04216938465833664
2, 27, 459, 1437, 0.7782965898513794
2, 28, 254, 1445, 0.5931398868560791
2, 29, 465, 1493, 0.8180786371231079
2, 30, 256, 1503, 0.6251894235610962
2, 31, 427, 1547, 0.10929536819458008
2, 32, 287, 1547, -0.15496301651000977
3, 0, 307, 168, -1.4398338794708252
3, 1, 327, 123, -1.3854115009307861
3, 2, 342, 119, -1.3854410648345947
3, 3, 354, 117, -1.3857265710830688
3, 4, 278, 131, -1.3907808065414429
3, 5, 262, 133, -1.3902136087417603
3, 6, 251, 135, -1.3907312154769897
3, 7, 376, 122, -0.9089306592941284
3, 8, 239, 145, -0.9170557260513306
3, 9, 337, 199, -1.2490007877349854
3, 10, 283, 210, -1.2509453296661377
3, 11, 494, 312, -0.5425378084182739
3, 12, 150, 328, -0.6319159865379333
3, 13, 550, 513, -0.4177965223789215
3, 14, 72, 498, -0.46785154938697815
3, 15, 581, 745, -0.7922396063804626
3, 16, 71, 755, -0.8934034109115601
3, 17, 611, 810, -0.9079257249832153
3, 18, 61, 822, -1.0223418474197388
3, 19, 577, 815, -1.0085523128509521
3, 20, 96, 825, -1.1346837282180786
3, 21, 560, 788, -0.853645920753479
3, 22, 104, 798, -0.9572329521179199
3, 23, 448, 751, -0.05448450893163681
3, 24, 225, 761, 0.060338061302900314
3, 25, 451, 1110, -0.03474707528948784
3, 26, 236, 1119, 0.036630187183618546
3, 27, 457, 1438, 0.7464167475700378
3, 28, 252, 1446, 0.5893459916114807
3, 29, 463, 1494, 0.7843696475028992
3, 30, 254, 1503, 0.6226786375045776
3, 31, 424, 1548, 0.06144862622022629
3, 32, 284, 1546, -0.1659792959690094
4, 0, 306, 168, -1.4427329301834106
4, 1, 327, 123, -1.3885524272918701
4, 2, 342, 119, -1.3885666131973267
4, 3, 354, 117, -1.3888720273971558
4, 4, 278, 131, -1.3957083225250244
4, 5, 262, 133, -1.3951526880264282
4, 6, 251, 135, -1.3956658840179443
4, 7, 376, 122, -0.9099513292312622
4, 8, 239, 145, -0.9264442324638367
4, 9, 337, 199, -1.2504997253417969
4, 10, 283, 211, -1.2544848918914795
4, 11, 494, 312, -0.5382271409034729
4, 12, 150, 328, -0.636284589767456
4, 13, 550, 515, -0.3910129964351654
4, 14, 73, 496, -0.47172456979751587
4, 15, 581, 744, -0.7615059018135071
4, 16, 73, 750, -0.8935083150863647
4, 17, 610, 809, -0.8762946128845215
4, 18, 64, 817, -1.0224931240081787
4, 19, 576, 814, -0.9798035621643066
4, 20, 98, 820, -1.1345694065093994
4, 21, 559, 787, -0.8237990140914917
4, 22, 107, 793, -0.9568729400634766
4, 23, 447, 751, -0.05262743681669235
4, 24, 224, 761, 0.05843411013484001
4, 25, 449, 1110, -0.0327724851667881
4, 26, 233, 1119, 0.03528185561299324
4, 27, 454, 1437, 0.7426775693893433
4, 28, 248, 1445, 0.5635387897491455
4, 29, 460, 1493, 0.7799443006515503
4, 30, 250, 1502, 0.5925125479698181
4, 31, 420, 1547, 0.06235577538609505
4, 32, 280, 1545, -0.19238844513893127
5, 0, 306, 168, -1.4456441402435303
5, 1, 327, 123, -1.3909566402435303
5, 2, 342, 119, -1.390956163406372
5, 3, 354, 116, -1.3912827968597412
5, 4, 278, 131, -1.4007365703582764
5, 5, 262, 133, -1.400147795677185
5, 6, 251, 134, -1.4006354808807373
5, 7, 376, 122, -0.9106770753860474
5, 8, 239, 145, -0.9409025311470032
5, 9, 337, 200, -1.2527896165847778
5, 10, 283, 211, -1.2605347633361816
5, 11, 494, 312, -0.5382696986198425
5, 12, 150, 328, -0.6493158936500549
5, 13, 551, 516, -0.38643285632133484
5, 14, 74, 495, -0.47714677453041077
5, 15, 581, 746, -0.7561851739883423
5, 16, 76, 747, -0.8949179649353027
5, 17, 609, 812, -0.8743492960929871
5, 18, 67, 815, -1.0233476161956787
5, 19, 575, 815, -0.9768355488777161
5, 20, 101, 817, -1.1368019580841064
5, 21, 558, 788, -0.81806480884552
5, 22, 109, 789, -0.958415687084198
5, 23, 446, 751, -0.05167759209871292
5, 24, 223, 761, 0.057410307228565216
5, 25, 446, 1110, -0.024629678577184677
5, 26, 229, 1118, 0.04962514340877533
5, 27, 448, 1436, 0.759209394454956
5, 28, 243, 1444, 0.5927356481552124
5, 29, 453, 1492, 0.7976042032241821
5, 30, 245, 1502, 0.6233276128768921
5, 31, 414, 1545, 0.08846474438905716
5, 32, 274, 1544, -0.15539193153381348
6, 0, 306, 168, -1.429336428642273
6, 1, 327, 122, -1.3749725818634033
6, 2, 342, 119, -1.374939203262329
6, 3, 354, 116, -1.3753089904785156
6, 4, 278, 131, -1.3856749534606934
6, 5, 262, 133, -1.385063886642456
6, 6, 251, 134, -1.3855258226394653
6, 7, 376, 122, -0.8998335599899292
6, 8, 239, 145, -0.9346000552177429
6, 9, 337, 200, -1.238937258720398
6, 10, 283, 211, -1.2479467391967773
6, 11, 494, 312, -0.534680962562561
6, 12, 150, 327, -0.6467978954315186
6, 13, 552, 516, -0.3810872435569763
6, 14, 74, 495, -0.46785545349121094
6, 15, 581, 746, -0.739812433719635
6, 16, 76, 746, -0.8738870620727539
6, 17, 609, 812, -0.8556197881698608
6, 18, 65, 813, -0.9978923797607422
6, 19, 575, 815, -0.9566485285758972
6, 20, 99, 816, -1.1147019863128662
6, 21, 558, 788, -0.800444483757019
6, 22, 108, 788, -0.9380906224250793
6, 23, 444, 751, -0.051162440329790115
6, 24, 221, 760, 0.05685306340456009
6, 25, 442, 1110, -0.031990960240364075
6, 26, 226, 1118, 0.049050964415073395
6, 27, 443, 1436, 0.7232781052589417
6, 28, 238, 1444, 0.5554338693618774
6, 29, 449, 1492, 0.7586551904678345
6, 30, 240, 1502, 0.5815033316612244
6, 31, 409, 1545, 0.05625675246119499
6, 32, 269, 1543, -0.18827137351036072
7, 0, 306, 168, -1.4207195043563843
7, 1, 327, 122, -1.3672895431518555
7, 2, 342, 119, -1.3672667741775513
7, 3, 354, 116, -1.3676683902740479
7, 4, 278, 131, -1.378674030303955
7, 5, 262, 133, -1.3780462741851807
7, 6, 251, 134, -1.3785029649734497
7, 7, 376, 122, -0.8950694799423218
7, 8, 239, 145, -0.9330796003341675
7, 9, 337, 200, -1.2312922477722168
7, 10, 283, 211, -1.2410485744476318
7, 11, 494, 312, -0.5301905870437622
7, 12, 150, 327, -0.6429517865180969
7, 13, 552, 512, -0.3753625154495239
7, 14, 74, 493, -0.46780863404273987
7, 15, 581, 744, -0.7351489663124084
7, 16, 76, 743, -0.8745061755180359
7, 17, 608, 810, -0.8530014157295227
7, 18, 65, 810, -0.9990069270133972
7, 19, 573, 812, -0.9537447094917297
7, 20, 98, 811, -1.1153161525726318
7, 21, 557, 784, -0.7958991527557373
7, 22, 108, 784, -0.9386042356491089
7, 23, 444, 750, -0.050265002995729446
7, 24, 221, 758, 0.05585557222366333
7, 25, 442, 1109, -0.03185905143618584
7, 26, 226, 1117, 0.045187853276729584
7, 27, 443, 1436, 0.7271078824996948
7, 28, 239, 1441, 0.5555838346481323
7, 29, 449, 1490, 0.7627977132797241
7, 30, 240, 1497, 0.5817129611968994
7, 31, 410, 1544, 0.05915601924061775
7, 32, 269, 1541, -0.18859083950519562
8, 0, 308, 167, -1.451450228691101
8, 1, 328, 121, -1.3905417919158936
8, 2, 342, 118, -1.3905788660049438
8, 3, 354, 115, -1.3910155296325684
8, 4, 280, 130, -1.4060884714126587
8, 5, 264, 132, -1.40549635887146
8, 6, 252, 133, -1.4059696197509766
8, 7, 376, 121, -0.8960679769515991
8, 8, 239, 144, -0.9461609125137329
8, 9, 337, 199, -1.2530467510223389
8, 10, 284, 211, -1.2679040431976318
8, 11, 494, 311, -0.5276433229446411
8, 12, 150, 326, -0.6509623527526855
8, 13, 552, 510, -0.37805110216140747
8, 14, 74, 491, -0.4947459101676941
8, 15, 580, 740, -0.7719405293464661
8, 16, 73, 742, -0.9489299654960632
8, 17, 606, 805, -0.9018347859382629
8, 18, 62, 808, -1.090060830116272
8, 19, 572, 807, -1.0108963251113892
8, 20, 95, 809, -1.20786452293396
8, 21, 556, 779, -0.8379248380661011
8, 22, 104, 783, -1.0141870975494385
8, 23, 444, 749, -0.04860297590494156
8, 24, 221, 757, 0.05419427901506424
8, 25, 442, 1109, -0.014849996194243431
8, 26, 226, 1117, 0.04377520829439163
8, 27, 444, 1435, 0.7707547545433044
8, 28, 239, 1441, 0.5787920355796814
8, 29, 450, 1490, 0.8083971738815308
8, 30, 241, 1497, 0.6075274348258972
8, 31, 410, 1544, 0.08758895844221115
8, 32, 270, 1541, -0.1827174723148346
9, 0, 310, 166, -1.460805058479309
9, 1, 329, 120, -1.3966861963272095
9, 2, 342, 116, -1.3967280387878418
9, 3, 354, 114, -1.3971701860427856
9, 4, 281, 128, -1.414116382598877
9, 5, 266, 130, -1.4135265350341797
9, 6, 253, 132, -1.4139865636825562
9, 7, 376, 121, -0.8963083028793335
9, 8, 239, 143, -0.9523611068725586
9, 9, 338, 198, -1.2604869604110718
9, 10, 286, 210, -1.2779977321624756
9, 11, 493, 311, -0.5260607004165649
9, 12, 150, 326, -0.6580933332443237
9, 13, 552, 507, -0.38021665811538696
9, 14, 73, 490, -0.5152407288551331
9, 15, 579, 735, -0.808033287525177
9, 16, 67, 741, -0.9779474139213562
9, 17, 603, 800, -0.9453045129776001
9, 18, 55, 808, -1.1212654113769531
9, 19, 569, 801, -1.0545012950897217
9, 20, 89, 809, -1.2404839992523193
9, 21, 554, 773, -0.8752913475036621
9, 22, 98, 782, -1.0439356565475464
9, 23, 444, 748, -0.04715890809893608
9, 24, 221, 757, 0.05273207277059555
9, 25, 444, 1108, -0.0011240788735449314
9, 26, 229, 1117, 0.0667298287153244
9, 27, 448, 1435, 0.804741382598877
9, 28, 243, 1441, 0.6241443157196045
9, 29, 453, 1489, 0.8447588086128235
9, 30, 245, 1497, 0.6548037528991699
9, 31, 416, 1543, 0.12613655626773834
9, 32, 275, 1541, -0.13959558308124542
10, 0, 311, 165, -1.4747275114059448
10, 1, 329, 118, -1.4090962409973145
10, 2, 342, 115, -1.4091432094573975
10, 3, 354, 112, -1.4095513820648193
10, 4, 282, 126, -1.4254719018936157
10, 5, 267, 128, -1.424865961074829
10, 6, 253, 130, -1.425360083580017
10, 7, 376, 120, -0.8992725610733032
10, 8, 239, 142, -0.9561394453048706
10, 9, 339, 197, -1.2734534740447998
10, 10, 286, 209, -1.2895498275756836
10, 11, 493, 310, -0.5263233780860901
10, 12, 150, 325, -0.659648060798645
10, 13, 552, 507, -0.3838191628456116
10, 14, 73, 489, -0.5190037488937378
10, 15, 577, 735, -0.8406977653503418
10, 16, 67, 741, -1.0010449886322021
10, 17, 601, 801, -0.9812800288200378
10, 18, 54, 807, -1.1492120027542114
10, 19, 566, 802, -1.090610146522522
10, 20, 87, 809, -1.2729207277297974
10, 21, 551, 774, -0.9085143804550171
10, 22, 97, 782, -1.069483995437622
10, 23, 444, 748, -0.047085992991924286
10, 24, 221, 757, 0.05267830565571785
10, 25, 444, 1108, 0.00038195785600692034
10, 26, 228, 1117, 0.07262236624956131
10, 27, 448, 1434, 0.8162301778793335
10, 28, 242, 1441, 0.6475789546966553
10, 29, 454, 1489, 0.8567340970039368
10, 30, 243, 1497, 0.680042028427124
10, 31, 416, 1542, 0.13084177672863007
10, 32, 274, 1541, -0.12278397381305695
11, 0, 311, 164, -1.4553616046905518
11, 1, 329, 117, -1.3873069286346436
11, 2, 342, 113, -1.3874365091323853
11, 3, 354, 111, -1.3878052234649658
11, 4, 282, 125, -1.3996639251708984
11, 5, 267, 127, -1.3990485668182373
11, 6, 253, 129, -1.399620771408081
11, 7, 376, 118, -0.8776591420173645
11, 8, 239, 141, -0.916142463684082
11, 9, 338, 196, -1.2543872594833374
11, 10, 286, 208, -1.266054391860962
11, 11, 492, 310, -0.504494309425354
11, 12, 150, 323, -0.6110388040542603
11, 13, 551, 507, -0.37991413474082947
11, 14, 72, 487, -0.4692588746547699
11, 15, 577, 735, -0.8345325589179993
11, 16, 58, 739, -0.9885363578796387
11, 17, 601, 801, -0.971732497215271
11, 18, 45, 805, -1.132030725479126
11, 19, 566, 802, -1.081054925918579
11, 20, 78, 806, -1.248363733291626
11, 21, 551, 774, -0.9018049240112305
11, 22, 88, 780, -1.0670136213302612
11, 23, 443, 748, -0.04665154218673706
11, 24, 219, 756, 0.052327681332826614
11, 25, 443, 1108, -0.042669545859098434
11, 26, 227, 1114, -0.03939896076917648
11, 27, 447, 1434, 0.7082213163375854
11, 28, 240, 1440, 0.4696059226989746
11, 29, 453, 1488, 0.740600049495697
11, 30, 241, 1496, 0.4935344159603119
11, 31, 416, 1542, 0.001782844541594386
11, 32, 272, 1538, -0.3203732967376709
12, 0, 311, 162, -1.4461008310317993
12, 1, 329, 115, -1.382887363433838
12, 2, 342, 111, -1.3829162120819092
12, 3, 354, 109, -1.3833363056182861
12, 4, 282, 124, -1.3933899402618408
12, 5, 267, 126, -1.3927524089813232
12, 6, 253, 127, -1.3932819366455078
12, 7, 376, 117, -0.8796771168708801
12, 8, 239, 140, -0.91621333360672
12, 9, 338, 194, -1.2501277923583984
12, 10, 286, 206, -1.2592023611068726
12, 11, 492, 310, -0.5056040287017822
12, 12, 151, 318, -0.6133476495742798
12, 13, 551, 507, -0.3605080246925354
12, 14, 75, 483, -0.45968374609947205
12, 15, 577, 735, -0.7483058571815491
12, 16, 63, 736, -0.9146292805671692
12, 17, 601, 801, -0.8714368939399719
12, 18, 50, 801, -1.0447585582733154
12, 19, 566, 802, -0.9758830070495605
12, 20, 82, 801, -1.1681334972381592
12, 21, 551, 774, -0.8113061785697937
12, 22, 92, 776, -0.9849729537963867
12, 23, 443, 746, -0.047181762754917145
12, 24, 219, 752, 0.052783526480197906
12, 25, 442, 1107, -0.03649178892374039
12, 26, 227, 1114, 0.05288558080792427
12, 27, 445, 1433, 0.7443277835845947
12, 28, 237, 1440, 0.5892045497894287
12, 29, 451, 1487, 0.7825382947921753
12, 30, 238, 1496, 0.617372453212738
12, 31, 412, 1541, 0.06850642710924149
12, 32, 267, 1538, -0.17494875192642212
13, 0, 311, 160, -1.425506830215454
13, 1, 329, 113, -1.3614531755447388
13, 2, 342, 110, -1.3615329265594482
13, 3, 354, 107, -1.361944556236267
13, 4, 283, 122, -1.3699978590011597
13, 5, 267, 124, -1.3693604469299316
13, 6, 254, 126, -1.369861364364624
13, 7, 376, 116, -0.8613942265510559
13, 8, 240, 139, -0.8856396675109863
13, 9, 338, 192, -1.2310454845428467
13, 10, 286, 204, -1.2371368408203125
13, 11, 492, 310, -0.49339428544044495
13, 12, 152, 316, -0.595054566860199
13, 13, 550, 511, -0.34812822937965393
13, 14, 75, 480, -0.4591740071773529
13, 15, 575, 737, -0.7548991441726685
13, 16, 64, 728, -0.9313106536865234
13, 17, 598, 804, -0.8832308650016785
13, 18, 52, 791, -1.0748590230941772
13, 19, 563, 803, -0.9881159067153931
13, 20, 83, 789, -1.2006101608276367
13, 21, 548, 776, -0.8190029859542847
13, 22, 93, 765, -1.0016579627990723
13, 23, 440, 746, -0.04861435294151306
13, 24, 219, 751, 0.05416905879974365
13, 25, 440, 1107, -0.052026279270648956
13, 26, 227, 1114, 0.05988435074687004
13, 27, 441, 1433, 0.7190454006195068
13, 28, 237, 1440, 0.5878243446350098
13, 29, 447, 1486, 0.7546266317367554
13, 30, 237, 1495, 0.6162295937538147
13, 31, 406, 1541, 0.03180394321680069
13, 32, 265, 1538, -0.17600683867931366
14, 0, 315, 157, -1.4872833490371704
14, 1, 331, 110, -1.4114441871643066
14, 2, 344, 107, -1.4116170406341553
14, 3, 355, 105, -1.4120628833770752
14, 4, 287, 119, -1.430246114730835
14, 5, 272, 121, -1.4296923875808716
14, 6, 258, 123, -1.4301927089691162
14, 7, 376, 116, -0.8677569627761841
14, 8, 242, 138, -0.9382602572441101
14, 9, 340, 189, -1.279725432395935
14, 10, 290, 202, -1.2983983755111694
14, 11, 492, 310, -0.4900243878364563
14, 12, 153, 316, -0.6565031409263611
14, 13, 550, 509, -0.33643829822540283
14, 14, 78, 482, -0.5609299540519714
14, 15, 583, 737, -0.7902088165283203
14, 16, 83, 731, -1.0956315994262695
14, 17, 608, 804, -0.9405521154403687
14, 18, 75, 794, -1.2605218887329102
14, 19, 577, 803, -1.0610100030899048
14, 20, 106, 790, -1.3869094848632812
14, 21, 559, 776, -0.863815188407898
14, 22, 116, 765, -1.1640995740890503
14, 23, 441, 746, -0.04737577959895134
14, 24, 220, 751, 0.052803248167037964
14, 25, 441, 1107, 0.032372817397117615
14, 26, 232, 1115, 0.09712156653404236
14, 27, 444, 1433, 0.8973382115364075
14, 28, 244, 1440, 0.7160931825637817
14, 29, 449, 1485, 0.9394671320915222
14, 30, 243, 1494, 0.7536327838897705
14, 31, 413, 1541, 0.2059783637523651
14, 32, 272, 1539, -0.05957303196191788
15, 0, 319, 156, -1.48409104347229
15, 1, 333, 110, -1.4052226543426514
15, 2, 345, 107, -1.4053075313568115
15, 3, 356, 104, -1.405727744102478
15, 4, 290, 119, -1.4282642602920532
15, 5, 275, 121, -1.427682638168335
15, 6, 262, 123, -1.4282118082046509
15, 7, 376, 115, -0.8599824905395508
15, 8, 243, 138, -0.9372383952140808
15, 9, 342, 189, -1.2779476642608643
15, 10, 293, 202, -1.2923356294631958
15, 11, 488, 306, -0.4702807366847992
15, 12, 154, 315, -0.6827338337898254
15, 13, 550, 502, -0.31905004382133484
15, 14, 82, 484, -0.7241426706314087
15, 15, 597, 731, -0.7615967988967896
15, 16, 87, 732, -1.3854235410690308
15, 17, 626, 793, -0.9011867642402649
15, 18, 76, 795, -1.5621060132980347
15, 19, 599, 795, -1.014772653579712
15, 20, 109, 791, -1.6833711862564087
15, 21, 578, 772, -0.8317163586616516
15, 22, 120, 766, -1.455389380455017
15, 23, 443, 745, -0.04413479566574097
15, 24, 222, 751, 0.049438461661338806
15, 25, 444, 1107, 0.09083960205316544
15, 26, 236, 1115, 0.11556942760944366
15, 27, 451, 1433, 0.9700830578804016
15, 28, 249, 1439, 0.762859582901001
15, 29, 456, 1484, 1.0128154754638672
15, 30, 248, 1493, 0.804410457611084
15, 31, 425, 1540, 0.2898443937301636
15, 32, 283, 1539, -0.0112162409350276
16, 0, 320, 154, -1.588410496711731
16, 1, 334, 108, -1.5123422145843506
16, 2, 345, 106, -1.5123426914215088
16, 3, 357, 103, -1.5126358270645142
16, 4, 292, 117, -1.532698392868042
16, 5, 277, 120, -1.532143473625183
16, 6, 263, 122, -1.5326313972473145
16, 7, 376, 115, -0.9556605219841003
16, 8, 244, 137, -1.0325757265090942
16, 9, 343, 187, -1.377445101737976
16, 10, 294, 200, -1.396645188331604
16, 11, 485, 304, -0.5282832384109497
16, 12, 156, 314, -0.752578616142273
16, 13, 550, 501, -0.3498104214668274
16, 14, 88, 489, -0.7519711852073669
16, 15, 600, 730, -0.8089083433151245
16, 16, 101, 731, -1.3938236236572266
16, 17, 630, 791, -0.9511224627494812
16, 18, 92, 793, -1.5709694623947144
16, 19, 603, 791, -1.066767692565918
16, 20, 122, 784, -1.6977338790893555
16, 21, 582, 769, -0.8802329301834106
16, 22, 132, 761, -1.4652704000473022
16, 23, 443, 744, -0.043811723589897156
16, 24, 222, 751, 0.0490817129611969
16, 25, 444, 1107, 0.11749693006277084
16, 26, 236, 1116, 0.13214868307113647
16, 27, 451, 1433, 1.0312273502349854
16, 28, 249, 1439, 0.8189797401428223
16, 29, 456, 1484, 1.0752363204956055
16, 30, 248, 1492, 0.8637212514877319
16, 31, 424, 1540, 0.32369598746299744
16, 32, 282, 1540, 0.020638758316636086
17, 0, 320, 153, -1.5616819858551025
17, 1, 334, 108, -1.486021637916565
17, 2, 345, 105, -1.4860857725143433
17, 3, 357, 103, -1.4863858222961426
17, 4, 292, 117, -1.504341959953308
17, 5, 277, 120, -1.5037901401519775
17, 6, 264, 122, -1.5042966604232788
17, 7, 376, 115, -0.9417929649353027
17, 8, 245, 137, -1.0072925090789795
17, 9, 343, 186, -1.3517813682556152
17, 10, 294, 199, -1.3700529336929321
17, 11, 484, 303, -0.506039023399353
17, 12, 158, 312, -0.7262476086616516
17, 13, 548, 501, -0.3175644874572754
17, 14, 91, 489, -0.698908805847168
17, 15, 599, 731, -0.7793936133384705
17, 16, 98, 728, -1.3188050985336304
17, 17, 628, 791, -0.9162766337394714
17, 18, 89, 789, -1.4954304695129395
17, 19, 601, 792, -1.0464341640472412
17, 20, 119, 780, -1.6196823120117188
17, 21, 580, 771, -0.856284499168396
17, 22, 130, 758, -1.3895063400268555
17, 23, 441, 743, -0.03904233127832413
17, 24, 221, 750, 0.04431157559156418
17, 25, 441, 1108, 0.11490730941295624
17, 26, 236, 1116, 0.08363790065050125
17, 27, 447, 1433, 1.0258095264434814
17, 28, 249, 1439, 0.7032217979431152
17, 29, 451, 1484, 1.0507913827896118
17, 30, 248, 1491, 0.736781120300293
17, 31, 420, 1539, 0.22266049683094025
17, 32, 280, 1540, -0.12864315509796143
18, 0, 319, 153, -1.5457570552825928
18, 1, 334, 108, -1.4719526767730713
18, 2, 345, 106, -1.4720478057861328
18, 3, 357, 104, -1.4723173379898071
18, 4, 292, 117, -1.487849235534668
18, 5, 277, 120, -1.4872934818267822
18, 6, 264, 122, -1.487817645072937
18, 7, 376, 116, -0.9355627298355103
18, 8, 246, 137, -1.0003451108932495
18, 9, 342, 186, -1.337064504623413
18, 10, 294, 198, -1.3528752326965332
18, 11, 483, 303, -0.4856719970703125
18, 12, 161, 311, -0.7168616652488708
18, 13, 544, 499, -0.3083065152168274
18, 14, 94, 489, -0.6785125136375427
18, 15, 598, 730, -0.7721529006958008
18, 16, 101, 713, -1.339352011680603
18, 17, 628, 789, -0.9080594182014465
18, 18, 93, 771, -1.5223196744918823
18, 19, 599, 788, -1.0398542881011963
18, 20, 122, 758, -1.6410413980484009
18, 21, 578, 768, -0.8494541049003601
18, 22, 133, 737, -1.4092109203338623
18, 23, 437, 742, -0.03724101185798645
18, 24, 219, 748, 0.042516160756349564
18, 25, 439, 1107, 0.0211925245821476
18, 26, 236, 1114, -0.008317132480442524
18, 27, 445, 1431, 0.7982799410820007
18, 28, 249, 1436, 0.5305190086364746
18, 29, 450, 1481, 0.8218746185302734
18, 30, 247, 1486, 0.5572509765625
18, 31, 418, 1537, 0.0405939556658268
18, 32, 277, 1537, -0.29241082072257996
19, 0, 316, 153, -1.5352575778961182
19, 1, 334, 108, -1.464691400527954
19, 2, 345, 106, -1.4647893905639648
19, 3, 357, 105, -1.4651210308074951
19, 4, 292, 117, -1.4801833629608154
19, 5, 277, 120, -1.4796044826507568
19, 6, 264, 122, -1.4800682067871094
19, 7, 376, 117, -0.9187841415405273
19, 8, 247, 137, -0.9829521179199219
19, 9, 340, 186, -1.3301427364349365
19, 10, 292, 198, -1.3452495336532593
19, 11, 481, 303, -0.46052560210227966
19, 12, 163, 310, -0.7113180160522461
19, 13, 539, 499, -0.2816096246242523
19, 14, 95, 490, -0.6585630178451538
19, 15, 590, 729, -0.7482548356056213
19, 16, 100, 713, -1.266864538192749
19, 17, 617, 788, -0.8791343569755554
19, 18, 91, 772, -1.4358645677566528
19, 19, 594, 787, -1.0095710754394531
19, 20, 122, 760, -1.55648672580719
19, 21, 573, 767, -0.8252276182174683
19, 22, 131, 738, -1.3360154628753662
19, 23, 437, 739, -0.02461550198495388
19, 24, 219, 746, 0.029883405193686485
19, 25, 439, 1106, 0.0525825098156929
19, 26, 238, 1112, -0.006253552623093128
19, 27, 445, 1429, 0.8479129076004028
19, 28, 250, 1436, 0.5524409413337708
19, 29, 450, 1478, 0.8757414817810059
19, 30, 248, 1485, 0.5813018679618835
19, 31, 420, 1533, 0.11515454947948456
19, 32, 281, 1536, -0.25902074575424194
20, 0, 316, 150, -1.4487158060073853
20, 1, 334, 107, -1.3677849769592285
20, 2, 345, 106, -1.3679347038269043
20, 3, 357, 105, -1.3680920600891113
20, 4, 292, 115, -1.3788597583770752
20, 5, 277, 117, -1.3782389163970947
20, 6, 264, 119, -1.3787760734558105
20, 7, 377, 118, -0.8156018257141113
20, 8, 247, 136, -0.8555752635002136
20, 9, 340, 184, -1.2430028915405273
20, 10, 292, 194, -1.2530139684677124
20, 11, 481, 303, -0.40467458963394165
20, 12, 166, 309, -0.5865286588668823
20, 13, 536, 498, -0.26645874977111816
20, 14, 96, 489, -0.6453752517700195
20, 15, 583, 725, -0.7491027116775513
20, 16, 98, 700, -1.326956033706665
20, 17, 608, 785, -0.883557915687561
20, 18, 89, 757, -1.5185506343841553
20, 19, 585, 783, -1.0098323822021484
20, 20, 120, 745, -1.631152868270874
20, 21, 566, 762, -0.8244868516921997
20, 22, 130, 724, -1.3965837955474854
20, 23, 437, 737, -0.02719169482588768
20, 24, 219, 744, 0.03273838013410568
20, 25, 440, 1103, -0.06017245724797249
20, 26, 240, 1109, -0.04686017706990242
20, 27, 447, 1425, 0.6761003732681274
20, 28, 252, 1432, 0.4488510489463806
20, 29, 453, 1473, 0.6999260187149048
20, 30, 249, 1481, 0.4711957573890686
20, 31, 420, 1527, -0.07143227756023407
20, 32, 282, 1531, -0.37610942125320435
21, 0, 316, 150, -1.3934317827224731
21, 1, 334, 107, -1.3114553689956665
21, 2, 345, 106, -1.3116177320480347
21, 3, 357, 105, -1.3118098974227905
21, 4, 292, 115, -1.3258914947509766
21, 5, 277, 117, -1.3252816200256348
21, 6, 265, 119, -1.3258006572723389
21, 7, 377, 118, -0.7611860036849976
21, 8, 248, 136, -0.815987229347229
21, 9, 340, 184, -1.187461256980896
21, 10, 292, 193, -1.201749324798584
21, 11, 479, 301, -0.35316020250320435
21, 12, 168, 309, -0.5531840920448303
21, 13, 535, 495, -0.22763483226299286
21, 14, 96, 488, -0.6292092204093933
21, 15, 582, 717, -0.7362476587295532
21, 16, 98, 695, -1.3367997407913208
21, 17, 607, 777, -0.8766691088676453
21, 18, 89, 751, -1.5326591730117798
21, 19, 583, 774, -1.0023140907287598
21, 20, 119, 740, -1.6455318927764893
21, 21, 564, 753, -0.8124455213546753
21, 22, 130, 720, -1.4067004919052124
21, 23, 437, 734, -0.027148980647325516
21, 24, 220, 742, 0.032756466418504715
21, 25, 441, 1098, -0.10071291029453278
21, 26, 242, 1104, -0.1127765029668808
21, 27, 451, 1421, 0.5852222442626953
21, 28, 255, 1428, 0.32699987292289734
21, 29, 457, 1469, 0.605144739151001
21, 30, 253, 1479, 0.34307730197906494
21, 31, 424, 1522, -0.15350021421909332
21, 32, 285, 1525, -0.4965178370475769
22, 0, 317, 149, -1.2971858978271484
22, 1, 335, 107, -1.2089325189590454
22, 2, 346, 106, -1.2091162204742432
22, 3, 358, 105, -1.209329605102539
22, 4, 294, 114, -1.2312134504318237
22, 5, 279, 116, -1.230642318725586
22, 6, 266, 117, -1.2311322689056396
22, 7, 378, 118, -0.655874490737915
22, 8, 249, 135, -0.7454615235328674
22, 9, 340, 183, -1.0922980308532715
22, 10, 292, 192, -1.1164872646331787
22, 11, 478, 301, -0.2548774480819702
22, 12, 169, 309, -0.5185714960098267
22, 13, 530, 488, -0.14347092807292938
22, 14, 97, 487, -0.6253030896186829
22, 15, 582, 709, -0.6706469655036926
22, 16, 105, 693, -1.353837490081787
22, 17, 607, 768, -0.8088544607162476
22, 18, 94, 749, -1.5495922565460205
22, 19, 583, 768, -0.9338914155960083
22, 20, 125, 740, -1.6552785634994507
22, 21, 564, 747, -0.7477898001670837
22, 22, 136, 719, -1.4205061197280884
22, 23, 436, 731, -0.019571008160710335
22, 24, 220, 740, 0.025247935205698013
22, 25, 441, 1093, -0.14447247982025146
22, 26, 246, 1101, -0.16520532965660095
22, 27, 454, 1417, 0.4875810146331787
22, 28, 260, 1426, 0.21754837036132812
22, 29, 460, 1466, 0.5026730298995972
22, 30, 257, 1478, 0.22679242491722107
22, 31, 428, 1516, -0.24333426356315613
22, 32, 290, 1520, -0.6026831269264221
23, 0, 317, 148, -1.2803802490234375
23, 1, 335, 107, -1.187774896621704
23, 2, 346, 106, -1.1880062818527222
23, 3, 358, 105, -1.1881434917449951
23, 4, 294, 112, -1.2138497829437256
23, 5, 279, 113, -1.2133344411849976
23, 6, 267, 114, -1.213909387588501
23, 7, 378, 119, -0.6224188804626465
23, 8, 249, 133, -0.7300717234611511
23, 9, 340, 182, -1.0715192556381226
23, 10, 292, 189, -1.100938320159912
23, 11, 475, 300, -0.19841502606868744
23, 12, 170, 309, -0.5175464749336243
23, 13, 527, 483, -0.08816038072109222
23, 14, 99, 486, -0.624626100063324
23, 15, 581, 704, -0.6403360962867737
23, 16, 103, 687, -1.4082344770431519
23, 17, 606, 763, -0.7780923843383789
23, 18, 93, 742, -1.614866018295288
23, 19, 583, 763, -0.907947838306427
23, 20, 125, 734, -1.7237640619277954
23, 21, 564, 743, -0.7203525304794312
23, 22, 135, 714, -1.4777700901031494
23, 23, 435, 729, 0.0056398105807602406
23, 24, 220, 738, 7.3918592534028e-05
23, 25, 441, 1088, -0.146799236536026
23, 26, 248, 1095, -0.2551807463169098
23, 27, 454, 1411, 0.4609689712524414
23, 28, 261, 1422, 0.10938917100429535
23, 29, 460, 1461, 0.472857803106308
23, 30, 257, 1475, 0.11474388837814331
23, 31, 428, 1508, -0.2755054533481598
23, 32, 291, 1510, -0.7214824557304382
24, 0, 317, 146, -1.285648226737976
24, 1, 335, 107, -1.193042516708374
24, 2, 346, 106, -1.193293809890747
24, 3, 358, 105, -1.1934444904327393
24, 4, 294, 110, -1.216733694076538
24, 5, 279, 111, -1.2162060737609863
24, 6, 267, 112, -1.2167892456054688
24, 7, 378, 119, -0.6262112855911255
24, 8, 249, 131, -0.7240571975708008
24, 9, 339, 181, -1.0762287378311157
24, 10, 291, 187, -1.1030269861221313
24, 11, 473, 300, -0.2033536434173584
24, 12, 170, 308, -0.5034197568893433
24, 13, 526, 480, -0.09917642921209335
24, 14, 99, 485, -0.6231945753097534
24, 15, 581, 703, -0.6527941226959229
24, 16, 103, 683, -1.4264721870422363
24, 17, 606, 761, -0.7914943695068359
24, 18, 91, 737, -1.6359189748764038
24, 19, 584, 761, -0.9213079214096069
24, 20, 122, 729, -1.7469619512557983
24, 21, 564, 741, -0.7326781153678894
24, 22, 134, 709, -1.497976541519165
24, 23, 433, 728, 0.007696807384490967
24, 24, 220, 737, -0.0019706899765878916
24, 25, 439, 1085, -0.15229839086532593
24, 26, 248, 1092, -0.2637452483177185
24, 27, 453, 1409, 0.4535108208656311
24, 28, 261, 1419, 0.10571978241205215
24, 29, 459, 1459, 0.4647285044193268
24, 30, 257, 1473, 0.11146374046802521
24, 31, 428, 1504, -0.28843334317207336
24, 32, 291, 1506, -0.7276848554611206
25, 0, 316, 146, -1.2823611497879028
25, 1, 335, 107, -1.1922872066497803
25, 2, 346, 106, -1.192522644996643
25, 3, 358, 105, -1.1926454305648804
25, 4, 294, 110, -1.2106739282608032
25, 5, 279, 111, -1.2101244926452637
25, 6, 267, 111, -1.2106621265411377
25, 7, 378, 119, -0.632430911064148
25, 8, 249, 130, -0.7061284780502319
25, 9, 338, 181, -1.0757795572280884
25, 10, 290, 186, -1.0959889888763428
25, 11, 472, 299, -0.2247607409954071
25, 12, 170, 307, -0.4736699163913727
25, 13, 526, 479, -0.12586739659309387
25, 14, 100, 481, -0.622355043888092
25, 15, 580, 701, -0.6660947799682617
25, 16, 99, 671, -1.487882137298584
25, 17, 605, 759, -0.805496096611023
25, 18, 82, 724, -1.7061210870742798
25, 19, 583, 758, -0.9334703683853149
25, 20, 112, 714, -1.8187706470489502
25, 21, 564, 738, -0.744674801826477
25, 22, 126, 695, -1.562943935394287
25, 23, 432, 725, 0.006763755343854427
25, 24, 219, 734, -0.001226535881869495
25, 25, 439, 1082, -0.18361184000968933
25, 26, 248, 1088, -0.2352067530155182
25, 27, 453, 1406, 0.41775792837142944
25, 28, 260, 1415, 0.1307801604270935
25, 29, 459, 1456, 0.4284830093383789
25, 30, 257, 1468, 0.13713285326957703
25, 31, 428, 1502, -0.3346151113510132
25, 32, 291, 1502, -0.7049696445465088
26, 0, 315, 146, -1.3026536703109741
26, 1, 335, 106, -1.2123639583587646
26, 2, 346, 106, -1.2126234769821167
26, 3, 358, 105, -1.2127856016159058
26, 4, 294, 109, -1.2330591678619385
26, 5, 279, 110, -1.232520341873169
26, 6, 267, 111, -1.2330819368362427
26, 7, 378, 119, -0.6479831337928772
26, 8, 249, 129, -0.7331663370132446
26, 9, 337, 181, -1.0941489934921265
26, 10, 289, 186, -1.1169096231460571
26, 11, 470, 297, -0.233094722032547
26, 12, 170, 307, -0.4954717755317688
26, 13, 525, 478, -0.12274853885173798
26, 14, 100, 481, -0.5510223507881165
26, 15, 580, 700, -0.6736134886741638
26, 16, 99, 678, -1.2736718654632568
26, 17, 606, 758, -0.8136081695556641
26, 18, 83, 733, -1.4709813594818115
26, 19, 585, 757, -0.9393693804740906
26, 20, 114, 727, -1.5935962200164795
26, 21, 564, 737, -0.7521978616714478
26, 22, 127, 708, -1.3465707302093506
26, 23, 431, 723, 0.0038656536489725113
26, 24, 219, 732, 0.0016980810323730111
26, 25, 438, 1081, -0.15908753871917725
26, 26, 248, 1087, -0.22629716992378235
26, 27, 452, 1405, 0.4708837866783142
26, 28, 260, 1414, 0.16120682656764984
26, 29, 457, 1454, 0.48509782552719116
26, 30, 257, 1467, 0.17000050842761993
26, 31, 428, 1500, -0.26646357774734497
26, 32, 291, 1501, -0.6679390668869019
27, 0, 315, 145, -1.305100440979004
27, 1, 335, 106, -1.2137424945831299
27, 2, 346, 106, -1.2140065431594849
27, 3, 358, 105, -1.214176893234253
27, 4, 294, 109, -1.23728346824646
27, 5, 279, 110, -1.2367537021636963
27, 6, 267, 111, -1.2373186349868774
27, 7, 378, 119, -0.6439272165298462
27, 8, 249, 129, -0.7418164610862732
27, 9, 337, 180, -1.094301462173462
27, 10, 289, 186, -1.1206271648406982
27, 11, 469, 295, -0.21599575877189636
27, 12, 170, 307, -0.5080904364585876
27, 13, 525, 475, -0.10091972351074219
27, 14, 101, 481, -0.5501254796981812
27, 15, 580, 696, -0.6713236570358276
27, 16, 101, 680, -1.2633875608444214
27, 17, 606, 752, -0.813878059387207
27, 18, 85, 734, -1.4598157405853271
27, 19, 585, 752, -0.9430971145629883
27, 20, 117, 729, -1.5808162689208984
27, 21, 565, 733, -0.7520917057991028
27, 22, 130, 709, -1.3348863124847412
27, 23, 430, 720, 0.008110146038234234
27, 24, 219, 729, -0.00257601379416883
27, 25, 437, 1077, -0.14864835143089294
27, 26, 248, 1084, -0.2197372168302536
27, 27, 449, 1401, 0.5037059187889099
27, 28, 260, 1410, 0.17522570490837097
27, 29, 455, 1451, 0.519412100315094
27, 30, 256, 1463, 0.18437381088733673
27, 31, 427, 1494, -0.22712425887584686
27, 32, 291, 1497, -0.6520140171051025
28, 0, 314, 145, -1.313313364982605
28, 1, 335, 106, -1.2232944965362549
28, 2, 346, 106, -1.2235578298568726
28, 3, 358, 105, -1.2237470149993896
28, 4, 293, 109, -1.245623230934143
28, 5, 278, 110, -1.2450926303863525
28, 6, 266, 111, -1.2456583976745605
28, 7, 378, 119, -0.6564739346504211
28, 8, 249, 129, -0.7479959726333618
28, 9, 336, 180, -1.1028988361358643
28, 10, 288, 186, -1.1277294158935547
28, 11, 469, 294, -0.2329900711774826
28, 12, 171, 306, -0.5105608105659485
28, 13, 524, 476, -0.11926263570785522
28, 14, 101, 482, -0.541202187538147
28, 15, 579, 697, -0.6762500405311584
28, 16, 112, 681, -1.2457470893859863
28, 17, 605, 754, -0.8263261914253235
28, 18, 103, 735, -1.4424937963485718
28, 19, 584, 753, -0.9597323536872864
28, 20, 136, 730, -1.558013677597046
28, 21, 564, 734, -0.7593490481376648
28, 22, 146, 710, -1.3143633604049683
28, 23, 428, 718, 0.006090949289500713
28, 24, 219, 728, -0.0005382323288358748
28, 25, 435, 1076, -0.13860949873924255
28, 26, 247, 1082, -0.21609708666801453
28, 27, 447, 1400, 0.509441077709198
28, 28, 259, 1409, 0.18118397891521454
28, 29, 452, 1449, 0.5250804424285889
28, 30, 255, 1462, 0.19094564020633698
28, 31, 425, 1494, -0.22227418422698975
28, 32, 289, 1496, -0.6470697522163391
29, 0, 313, 145, -1.2833342552185059
29, 1, 334, 106, -1.196378469467163
29, 2, 345, 106, -1.196658968925476
29, 3, 357, 105, -1.1968706846237183
29, 4, 292, 109, -1.2144501209259033
29, 5, 277, 110, -1.2139226198196411
29, 6, 265, 111, -1.2144757509231567
29, 7, 378, 119, -0.6422576308250427
29, 8, 249, 129, -0.714789092540741
29, 9, 335, 180, -1.0773115158081055
29, 10, 287, 186, -1.0966436862945557
29, 11, 468, 293, -0.22428376972675323
29, 12, 171, 306, -0.48232603073120117
29, 13, 524, 474, -0.1246010884642601
29, 14, 101, 479, -0.5432947874069214
29, 15, 577, 694, -0.6791995167732239
29, 16, 110, 681, -1.2828948497772217
29, 17, 603, 751, -0.8275250196456909
29, 18, 97, 737, -1.491490125656128
29, 19, 581, 749, -0.960152804851532
29, 20, 131, 731, -1.6025499105453491
29, 21, 562, 729, -0.761225163936615
29, 22, 143, 711, -1.3527227640151978
29, 23, 427, 716, 0.005043123383074999
29, 24, 219, 724, 0.0005242750630713999
29, 25, 434, 1072, -0.15572188794612885
29, 26, 247, 1077, -0.21615073084831238
29, 27, 447, 1394, 0.4514414370059967
29, 28, 259, 1403, 0.15486687421798706
29, 29, 452, 1444, 0.46389293670654297
29, 30, 255, 1455, 0.16164660453796387
29, 31, 424, 1488, -0.2823638319969177
29, 32, 289, 1490, -0.6673316955566406
30, 0, 312, 146, -1.263313889503479
30, 1, 333, 107, -1.1801669597625732
30, 2, 345, 106, -1.180373191833496
30, 3, 356, 105, -1.1805329322814941
30, 4, 291, 109, -1.1889790296554565
30, 5, 277, 110, -1.1883995532989502
30, 6, 265, 111, -1.1888923645019531
30, 7, 377, 120, -0.6307097673416138
30, 8, 249, 129, -0.6649169325828552
30, 9, 335, 181, -1.0592758655548096
30, 10, 286, 186, -1.068504810333252
30, 11, 468, 291, -0.23234593868255615
30, 12, 173, 304, -0.41674232482910156
30, 13, 524, 472, -0.15177597105503082
30, 14, 101, 472, -0.6901897192001343
30, 15, 568, 685, -0.7068463563919067
30, 16, 94, 594, -1.8193429708480835
30, 17, 588, 743, -0.853089451789856
30, 18, 75, 634, -2.0720317363739014
30, 19, 566, 736, -0.9821724891662598
30, 20, 102, 615, -2.161045789718628
30, 21, 548, 716, -0.7848886847496033
30, 22, 116, 602, -1.892894983291626
30, 23, 429, 710, -0.003200110048055649
30, 24, 221, 718, 0.009010844863951206
30, 25, 435, 1062, -0.18616758286952972
30, 26, 247, 1064, -0.24291487038135529
30, 27, 449, 1382, 0.37229156494140625
30, 28, 259, 1388, 0.0749872550368309
30, 29, 456, 1430, 0.3795474171638489
30, 30, 255, 1439, 0.07682835310697556
30, 31, 424, 1477, -0.3895413279533386
30, 32, 288, 1476, -0.7640419006347656
31, 0, 312, 146, -1.2714189291000366
31, 1, 333, 107, -1.1872444152832031
31, 2, 345, 106, -1.188038945198059
31, 3, 357, 106, -1.1879045963287354
31, 4, 291, 109, -1.1897515058517456
31, 5, 277, 110, -1.1905419826507568
31, 6, 265, 111, -1.191009283065796
31, 7, 377, 120, -0.6528111696243286
31, 8, 249, 129, -0.6769694089889526
31, 9, 335, 181, -1.0647931098937988
31, 10, 286, 186, -1.0766327381134033
31, 11, 467, 289, -0.2973455786705017
31, 12, 174, 304, -0.4468890130519867
31, 13, 525, 472, -0.31538841128349304
31, 14, 150, 512, -0.928802490234375
31, 15, 523, 641, -0.8409587144851685
31, 16, 98, 479, -2.156886100769043
31, 17, 523, 689, -0.9583989381790161
31, 18, 79, 463, -2.395212411880493
31, 19, 505, 666, -1.039546012878418
31, 20, 72, 407, -2.454970359802246
31, 21, 495, 650, -0.8905529975891113
31, 22, 101, 426, -2.219628095626831
31, 23, 442, 702, -0.00469790305942297
31, 24, 238, 716, 0.00966398324817419
31, 25, 458, 1049, -0.15382638573646545
31, 26, 282, 1055, -0.23129689693450928
31, 27, 487, 1370, 0.4250667691230774
31, 28, 317, 1375, 0.12044195830821991
31, 29, 494, 1416, 0.4366375803947449
31, 30, 317, 1422, 0.12845006585121155
31, 31, 470, 1463, -0.33225345611572266
31, 32, 348, 1463, -0.7111135721206665
32, 0, 312, 149, -1.1366790533065796
32, 1, 333, 108, -1.0623843669891357
32, 2, 345, 108, -1.0628865957260132
32, 3, 356, 107, -1.0629101991653442
32, 4, 291, 111, -1.0651218891143799
32, 5, 277, 111, -1.064947485923767
32, 6, 264, 112, -1.0653873682022095
32, 7, 377, 120, -0.5353833436965942
32, 8, 249, 129, -0.5456259250640869
32, 9, 334, 183, -0.9378094673156738
32, 10, 286, 187, -0.9420949220657349
32, 11, 466, 289, -0.20319712162017822
32, 12, 174, 304, -0.3320487141609192
32, 13, 524, 471, -0.21965809166431427
32, 14, 141, 529, -0.9555765390396118
32, 15, 535, 653, -0.6707237958908081
32, 16, 112, 458, -2.345674991607666
32, 17, 545, 707, -0.7725583910942078
32, 18, 114, 429, -2.6009631156921387
32, 19, 524, 691, -0.8507491946220398
32, 20, 114, 394, -2.623025417327881
32, 21, 510, 672, -0.7148491144180298
32, 22, 134, 405, -2.390815019607544
32, 23, 442, 703, -0.018599538132548332
32, 24, 234, 717, 0.022907789796590805
32, 25, 456, 1053, -0.14502909779548645
32, 26, 281, 1059, -0.13106665015220642
32, 27, 484, 1375, 0.4446396231651306
32, 28, 308, 1379, 0.22227832674980164
32, 29, 491, 1422, 0.45627498626708984
32, 30, 309, 1426, 0.23551268875598907
32, 31, 463, 1469, -0.3026044964790344
32, 32, 337, 1469, -0.5473628640174866
33, 0, 311, 149, -1.116032361984253
33, 1, 333, 108, -1.045100450515747
33, 2, 345, 108, -1.0453994274139404
33, 3, 356, 107, -1.0455248355865479
33, 4, 291, 110, -1.0377215147018433
33, 5, 276, 111, -1.037053108215332
33, 6, 264, 111, -1.037254810333252
33, 7, 377, 120, -0.5406516194343567
33, 8, 248, 128, -0.4950639605522156
33, 9, 334, 184, -0.930026650428772
33, 10, 286, 187, -0.9177613258361816
33, 11, 466, 290, -0.21735207736492157
33, 12, 174, 300, -0.25153201818466187
33, 13, 529, 473, -0.23050403594970703
33, 14, 109, 554, -0.8841439485549927
33, 15, 556, 659, -0.6678916215896606
33, 16, 106, 461, -2.3325116634368896
33, 17, 579, 720, -0.7726937532424927
33, 18, 103, 404, -2.586677074432373
33, 19, 543, 708, -0.8506112098693848
33, 20, 114, 361, -2.5951948165893555
33, 21, 525, 687, -0.7146087884902954
33, 22, 134, 387, -2.373643398284912
33, 23, 434, 709, -0.06842745840549469
33, 24, 221, 718, 0.07330536097288132
33, 25, 448, 1059, -0.16366174817085266
33, 26, 260, 1064, 0.1299913376569748
33, 27, 463, 1378, 0.4553554058074951
33, 28, 277, 1382, 0.6312050223350525
33, 29, 472, 1424, 0.46780985593795776
33, 30, 274, 1430, 0.6595853567123413
33, 31, 431, 1472, -0.2862226665019989
33, 32, 301, 1475, -0.14247025549411774
34, 0, 311, 148, -1.1142377853393555
34, 1, 333, 108, -1.037529706954956
34, 2, 345, 107, -1.0377095937728882
34, 3, 356, 107, -1.037837266921997
34, 4, 291, 109, -1.0270131826400757
34, 5, 276, 110, -1.026268720626831
34, 6, 264, 110, -1.0264081954956055
34, 7, 377, 120, -0.5305384397506714
34, 8, 248, 127, -0.46407753229141235
34, 9, 333, 183, -0.9316010475158691
34, 10, 285, 186, -0.9140070676803589
34, 11, 466, 293, -0.22663970291614532
34, 12, 171, 300, -0.24621911346912384
34, 13, 529, 483, -0.25942492485046387
34, 14, 83, 563, -0.9180434346199036
34, 15, 557, 691, -0.6520668268203735
34, 16, 106, 430, -2.3419642448425293
34, 17, 580, 753, -0.7539975643157959
34, 18, 87, 350, -2.5928945541381836
34, 19, 546, 747, -0.818663477897644
34, 20, 113, 319, -2.58201265335083
34, 21, 528, 725, -0.6951416730880737
34, 22, 133, 347, -2.375387668609619
34, 23, 429, 717, -0.09554097801446915
34, 24, 213, 720, 0.10077136754989624
34, 25, 436, 1069, -0.1847529113292694
34, 26, 239, 1075, 0.23292212188243866
34, 27, 449, 1387, 0.4614788889884949
34, 28, 259, 1386, 0.8005903363227844
34, 29, 460, 1434, 0.4744676947593689
34, 30, 255, 1431, 0.8363348245620728
34, 31, 414, 1482, -0.28804728388786316
34, 32, 283, 1491, 0.02107704058289528
35, 0, 311, 147, -1.0254820585250854
35, 1, 333, 107, -0.956551730632782
35, 2, 345, 107, -0.9565129280090332
35, 3, 357, 107, -0.9565609693527222
35, 4, 291, 108, -0.9466764330863953
35, 5, 276, 108, -0.945916473865509
35, 6, 263, 108, -0.9460107088088989
35, 7, 378, 120, -0.49258193373680115
35, 8, 247, 127, -0.4262053370475769
35, 9, 333, 183, -0.8595010042190552
35, 10, 285, 186, -0.840700626373291
35, 11, 466, 294, -0.23175041377544403
35, 12, 171, 302, -0.2736794054508209
35, 13, 526, 486, -0.2460525780916214
35, 14, 81, 578, -0.9421242475509644
35, 15, 555, 720, -0.5501940846443176
35, 16, 116, 388, -2.218329668045044
35, 17, 579, 782, -0.6381467580795288
35, 18, 84, 306, -2.4555375576019287
35, 19, 545, 777, -0.684939980506897
35, 20, 115, 278, -2.4284908771514893
35, 21, 526, 755, -0.587221622467041
35, 22, 140, 306, -2.2418158054351807
35, 23, 429, 721, -0.08649750798940659
35, 24, 213, 726, 0.09158726036548615
35, 25, 436, 1076, -0.12990044057369232
35, 26, 239, 1089, 0.2071487456560135
35, 27, 451, 1394, 0.5852763652801514
35, 28, 264, 1399, 0.7798658609390259
35, 29, 462, 1438, 0.6092553734779358
35, 30, 261, 1438, 0.8217865228652954
35, 31, 419, 1492, -0.10626574605703354
35, 32, 291, 1509, 0.04530078172683716
36, 0, 311, 147, -1.2175031900405884
36, 1, 333, 107, -1.143332600593567
36, 2, 345, 107, -1.1433537006378174
36, 3, 357, 107, -1.1431355476379395
36, 4, 290, 108, -1.1409215927124023
36, 5, 276, 108, -1.1403889656066895
36, 6, 263, 109, -1.1404716968536377
36, 7, 378, 121, -0.6323876976966858
36, 8, 246, 127, -0.5948976278305054
36, 9, 333, 184, -1.0327130556106567
36, 10, 284, 186, -1.0230728387832642
36, 11, 466, 295, -0.29922693967819214
36, 12, 169, 301, -0.41386938095092773
36, 13, 523, 494, -0.22311897575855255
36, 14, 83, 595, -1.049989104270935
36, 15, 547, 728, -0.4799268841743469
36, 16, 141, 355, -2.2568600177764893
36, 17, 572, 787, -0.5558006167411804
36, 18, 117, 283, -2.4945523738861084
36, 19, 541, 781, -0.6188902258872986
36, 20, 133, 259, -2.461581230163574
36, 21, 520, 761, -0.5227536559104919
36, 22, 154, 284, -2.274609327316284
36, 23, 427, 720, -0.07882849872112274
36, 24, 212, 726, 0.08373075723648071
36, 25, 429, 1077, -0.13066129386425018
36, 26, 235, 1091, 0.09853651374578476
36, 27, 437, 1396, 0.5911164283752441
36, 28, 260, 1400, 0.592763364315033
36, 29, 445, 1440, 0.6141549944877625
36, 30, 259, 1439, 0.6214975118637085
36, 31, 410, 1493, -0.1281019002199173
36, 32, 286, 1509, -0.18155868351459503
37, 0, 310, 149, -1.3323770761489868
37, 1, 333, 108, -1.25809645652771
37, 2, 345, 108, -1.2581013441085815
37, 3, 357, 108, -1.2579395771026611
37, 4, 290, 109, -1.259016513824463
37, 5, 275, 109, -1.2585901021957397
37, 6, 262, 109, -1.2588489055633545
37, 7, 378, 122, -0.730402410030365
37, 8, 245, 127, -0.7120146155357361
37, 9, 332, 186, -1.1376163959503174
37, 10, 283, 188, -1.1335043907165527
37, 11, 466, 297, -0.34167614579200745
37, 12, 169, 295, -0.515773594379425
37, 13, 523, 546, -0.20875532925128937
37, 14, 84, 592, -1.1474107503890991
37, 15, 544, 739, -0.4120089113712311
37, 16, 166, 336, -2.276928663253784
37, 17, 568, 798, -0.47394829988479614
37, 18, 148, 263, -2.5094618797302246
37, 19, 538, 793, -0.5273519158363342
37, 20, 155, 243, -2.459717035293579
37, 21, 517, 772, -0.4502326548099518
37, 22, 172, 268, -2.2872941493988037
37, 23, 426, 720, -0.07404722273349762
37, 24, 209, 726, 0.07895957678556442
37, 25, 422, 1079, -0.10946039855480194
37, 26, 230, 1093, 0.07545524835586548
37, 27, 425, 1398, 0.6652233600616455
37, 28, 250, 1403, 0.5943793058395386
37, 29, 432, 1442, 0.6934982538223267
37, 30, 249, 1441, 0.6295748949050903
37, 31, 399, 1496, -0.0517212375998497
37, 32, 276, 1511, -0.1867372691631317
38, 0, 309, 149, -1.1879571676254272
38, 1, 332, 108, -1.1250269412994385
38, 2, 344, 108, -1.1250065565109253
38, 3, 356, 109, -1.1249561309814453
38, 4, 289, 109, -1.1173419952392578
38, 5, 275, 109, -1.1169593334197998
38, 6, 261, 110, -1.1172373294830322
38, 7, 377, 123, -0.6957354545593262
38, 8, 245, 128, -0.6146799325942993
38, 9, 332, 186, -1.0257542133331299
38, 10, 283, 189, -1.0077781677246094
38, 11, 467, 297, -0.3322831392288208
38, 12, 174, 296, -0.4933134615421295
38, 13, 530, 542, -0.2378397285938263
38, 14, 84, 569, -1.0633647441864014
38, 15, 545, 733, -0.45587974786758423
38, 16, 183, 324, -2.158780574798584
38, 17, 569, 792, -0.524314284324646
38, 18, 166, 249, -2.396756410598755
38, 19, 539, 788, -0.5711649656295776
38, 20, 171, 233, -2.34968638420105
38, 21, 518, 768, -0.4920194745063782
38, 22, 187, 261, -2.2032759189605713
38, 23, 430, 719, -0.07248861342668533
38, 24, 215, 726, 0.07710780203342438
38, 25, 427, 1079, -0.1049341931939125
38, 26, 234, 1092, 0.05628495290875435
38, 27, 430, 1398, 0.6481993198394775
38, 28, 260, 1402, 0.5524962544441223
38, 29, 437, 1441, 0.6761090755462646
38, 30, 260, 1440, 0.5834266543388367
38, 31, 408, 1495, -0.02250783145427704
38, 32, 286, 1510, -0.2080315351486206
39, 0, 309, 151, -1.2611083984375
39, 1, 332, 111, -1.1989978551864624
39, 2, 344, 110, -1.1990472078323364
39, 3, 356, 110, -1.1989387273788452
39, 4, 289, 112, -1.1920080184936523
39, 5, 275, 113, -1.1918103694915771
39, 6, 261, 113, -1.1921656131744385
39, 7, 377, 124, -0.7385996580123901
39, 8, 245, 129, -0.6834307312965393
39, 9, 332, 187, -1.092265248298645
39, 10, 284, 191, -1.0766055583953857
39, 11, 468, 298, -0.4114719033241272
39, 12, 180, 297, -0.5159095525741577
39, 13, 529, 525, -0.35920190811157227
39, 14, 89, 549, -1.1176912784576416
39, 15, 540, 733, -0.5803202986717224
39, 16, 194, 320, -2.1792335510253906
39, 17, 561, 789, -0.6315487027168274
39, 18, 176, 248, -2.3952014446258545
39, 19, 531, 787, -0.6147210597991943
39, 20, 180, 234, -2.345121145248413
39, 21, 512, 767, -0.6022466421127319
39, 22, 196, 261, -2.1924145221710205
39, 23, 433, 713, -0.07386220991611481
39, 24, 220, 721, 0.07801101356744766
39, 25, 430, 1074, -0.1417122185230255
39, 26, 239, 1086, 0.0484037771821022
39, 27, 431, 1393, 0.6030969619750977
39, 28, 266, 1395, 0.5085867643356323
39, 29, 437, 1437, 0.6353225708007812
39, 30, 267, 1434, 0.5403106212615967
39, 31, 411, 1488, -0.04416010528802872
39, 32, 289, 1500, -0.21121709048748016
40, 0, 309, 151, -1.2575639486312866
40, 1, 332, 112, -1.1919991970062256
40, 2, 344, 111, -1.1921069622039795
40, 3, 356, 112, -1.192033290863037
40, 4, 289, 113, -1.188269853591919
40, 5, 275, 113, -1.1879264116287231
40, 6, 261, 113, -1.1882449388504028
40, 7, 377, 125, -0.7121313214302063
40, 8, 245, 129, -0.6733645796775818
40, 9, 333, 187, -1.0827622413635254
40, 10, 284, 191, -1.07290518283844
40, 11, 468, 297, -0.384511262178421
40, 12, 180, 296, -0.5009980201721191
40, 13, 530, 519, -0.3302151560783386
40, 14, 91, 546, -1.102855920791626
40, 15, 539, 728, -0.5828778743743896
40, 16, 192, 318, -2.1609230041503906
40, 17, 558, 781, -0.6378864049911499
40, 18, 176, 247, -2.373857021331787
40, 19, 529, 777, -0.6639948487281799
40, 20, 180, 231, -2.3320717811584473
40, 21, 509, 758, -0.6049750447273254
40, 22, 195, 257, -2.17038631439209
40, 23, 433, 711, -0.07234735786914825
40, 24, 221, 721, 0.07653689384460449
40, 25, 430, 1071, -0.14204344153404236
40, 26, 239, 1084, 0.03225753456354141
40, 27, 432, 1390, 0.5980545282363892
40, 28, 266, 1393, 0.48393020033836365
40, 29, 439, 1434, 0.6252215504646301
40, 30, 267, 1432, 0.5166154503822327
40, 31, 412, 1485, -0.07745872437953949
40, 32, 289, 1496, -0.2255130112171173
41, 0, 308, 156, -1.310799479484558
41, 1, 331, 118, -1.2530388832092285
41, 2, 343, 117, -1.2530674934387207
41, 3, 355, 117, -1.2529375553131104
41, 4, 289, 118, -1.2420521974563599
41, 5, 275, 117, -1.2418739795684814
41, 6, 261, 117, -1.2422826290130615
41, 7, 376, 129, -0.7859065532684326
41, 8, 245, 130, -0.7155042290687561
41, 9, 331, 193, -1.1363551616668701
41, 10, 283, 195, -1.1168941259384155
41, 11, 470, 298, -0.43493470549583435
41, 12, 182, 296, -0.5024678707122803
41, 13, 531, 516, -0.36077210307121277
41, 14, 94, 541, -1.0756685733795166
41, 15, 539, 725, -0.613331139087677
41, 16, 182, 308, -2.1456222534179688
41, 17, 557, 780, -0.6686114072799683
41, 18, 165, 234, -2.359898090362549
41, 19, 529, 776, -0.6870550513267517
41, 20, 173, 223, -2.3302135467529297
41, 21, 510, 758, -0.6394941806793213
41, 22, 188, 252, -2.1564717292785645
41, 23, 436, 712, -0.07510896772146225
41, 24, 222, 721, 0.07902812957763672
41, 25, 431, 1072, -0.14770197868347168
41, 26, 241, 1084, 0.0303359217941761
41, 27, 434, 1391, 0.5939062237739563
41, 28, 268, 1393, 0.4818599820137024
41, 29, 441, 1434, 0.6179784536361694
41, 30, 270, 1432, 0.514255166053772
41, 31, 413, 1486, -0.09392332285642624
41, 32, 291, 1498, -0.23338818550109863
42, 0, 314, 166, -1.3614660501480103
42, 1, 333, 128, -1.310304880142212
42, 2, 345, 128, -1.310225248336792
42, 3, 357, 127, -1.3102514743804932
42, 4, 293, 129, -1.301257848739624
42, 5, 279, 129, -1.3011034727096558
42, 6, 266, 130, -1.3014127016067505
42, 7, 377, 134, -0.8430870175361633
42, 8, 247, 140, -0.7847675085067749
42, 9, 334, 202, -1.1828274726867676
42, 10, 288, 204, -1.1664140224456787
42, 11, 471, 299, -0.4690163731575012
42, 12, 188, 296, -0.5249336361885071
42, 13, 532, 510, -0.34498125314712524
42, 14, 104, 524, -1.0575525760650635
42, 15, 540, 724, -0.5822330713272095
42, 16, 173, 295, -2.133671283721924
42, 17, 559, 780, -0.6345813274383545
42, 18, 137, 228, -2.351853132247925
42, 19, 530, 775, -0.6772290468215942
42, 20, 153, 217, -2.329224109649658
42, 21, 511, 756, -0.6125249862670898
42, 22, 179, 246, -2.148282766342163
42, 23, 444, 711, -0.07553490251302719
42, 24, 236, 720, 0.07923586666584015
42, 25, 438, 1071, -0.13025158643722534
42, 26, 250, 1083, 0.030545642599463463
42, 27, 440, 1391, 0.6058589220046997
42, 28, 276, 1393, 0.48867517709732056
42, 29, 445, 1435, 0.6330755949020386
42, 30, 278, 1432, 0.5203418731689453
42, 31, 420, 1486, -0.07744486629962921
42, 32, 300, 1497, -0.24657157063484192
43, 0, 317, 169, -1.4841384887695312
43, 1, 335, 131, -1.43082594871521
43, 2, 346, 130, -1.4307243824005127
43, 3, 359, 129, -1.4307087659835815
43, 4, 295, 132, -1.4229806661605835
43, 5, 280, 132, -1.4229514598846436
43, 6, 267, 134, -1.4232748746871948
43, 7, 378, 135, -0.9437648057937622
43, 8, 248, 145, -0.8889662623405457
43, 9, 336, 204, -1.2971408367156982
43, 10, 290, 208, -1.2823879718780518
43, 11, 473, 300, -0.559043824672699
43, 12, 191, 297, -0.6000635027885437
43, 13, 533, 509, -0.3769591450691223
43, 14, 104, 521, -1.1660325527191162
43, 15, 542, 729, -0.550999104976654
43, 16, 152, 281, -2.2530643939971924
43, 17, 561, 786, -0.5973109602928162
43, 18, 111, 215, -2.470975160598755
43, 19, 533, 783, -0.6493260860443115
43, 20, 126, 204, -2.4280471801757812
43, 21, 513, 763, -0.5834096074104309
43, 22, 156, 232, -2.266035318374634
43, 23, 456, 713, -0.08634798973798752
43, 24, 246, 725, 0.08962273597717285
43, 25, 456, 1075, -0.11668642610311508
43, 26, 266, 1093, 0.08294931799173355
43, 27, 466, 1397, 0.6878291368484497
43, 28, 298, 1403, 0.6027019023895264
43, 29, 473, 1442, 0.7233937978744507
43, 30, 302, 1442, 0.6389442682266235
43, 31, 448, 1494, -0.008858628571033478
43, 32, 324, 1510, -0.1639978140592575
44, 0, 324, 172, -1.4855167865753174
44, 1, 338, 134, -1.4312539100646973
44, 2, 350, 133, -1.4311964511871338
44, 3, 362, 132, -1.4313569068908691
44, 4, 300, 135, -1.4317537546157837
44, 5, 285, 136, -1.4318684339523315
44, 6, 271, 138, -1.4322619438171387
44, 7, 379, 137, -0.9345989227294922
44, 8, 249, 148, -0.9186698198318481
44, 9, 340, 207, -1.2926781177520752
44, 10, 295, 211, -1.288991093635559
44, 11, 473, 300, -0.5363566875457764
44, 12, 190, 297, -0.6292446851730347
44, 13, 536, 508, -0.3563874065876007
44, 14, 99, 512, -1.1838371753692627
44, 15, 550, 729, -0.5113760232925415
44, 16, 144, 268, -2.2077431678771973
44, 17, 570, 787, -0.554082989692688
44, 18, 108, 197, -2.423671007156372
44, 19, 544, 784, -0.6182436943054199
44, 20, 121, 188, -2.3962302207946777
44, 21, 524, 764, -0.5485156774520874
44, 22, 151, 216, -2.221254825592041
44, 23, 456, 715, -0.08586137741804123
44, 24, 246, 728, 0.08853030949831009
44, 25, 457, 1080, -0.08656439930200577
44, 26, 267, 1096, 0.07473070174455643
44, 27, 467, 1404, 0.6891396641731262
44, 28, 300, 1409, 0.5901423096656799
44, 29, 473, 1450, 0.7222136855125427
44, 30, 303, 1447, 0.624248743057251
44, 31, 449, 1503, -0.0002129167114617303
44, 32, 327, 1518, -0.18134817481040955
45, 0, 326, 175, -1.4763493537902832
45, 1, 339, 137, -1.4234797954559326
45, 2, 351, 136, -1.4233795404434204
45, 3, 363, 135, -1.4235543012619019
45, 4, 302, 139, -1.4230060577392578
45, 5, 287, 140, -1.4230194091796875
45, 6, 273, 142, -1.4233884811401367
45, 7, 379, 140, -0.930069088935852
45, 8, 250, 151, -0.908708393573761
45, 9, 342, 210, -1.283915638923645
45, 10, 298, 215, -1.2787450551986694
45, 11, 474, 300, -0.5418809652328491
45, 12, 190, 297, -0.6288968324661255
45, 13, 541, 507, -0.38748976588249207
45, 14, 98, 508, -1.2012540102005005
45, 15, 553, 730, -0.541557788848877
45, 16, 144, 251, -2.201521396636963
45, 17, 575, 788, -0.569819450378418
45, 18, 109, 181, -2.412835121154785
45, 19, 549, 787, -0.6281170845031738
45, 20, 124, 174, -2.374640941619873
45, 21, 527, 767, -0.5760781764984131
45, 22, 151, 202, -2.2109344005584717
45, 23, 456, 718, -0.08769796788692474
45, 24, 247, 731, 0.09052953869104385
45, 25, 456, 1083, -0.1306736022233963
45, 26, 267, 1099, 0.07150419801473618
45, 27, 465, 1410, 0.6104558706283569
45, 28, 297, 1413, 0.5107796788215637
45, 29, 471, 1456, 0.6415618062019348
45, 30, 300, 1452, 0.536363422870636
45, 31, 447, 1509, -0.08602707087993622
45, 32, 324, 1524, -0.2679973542690277
46, 0, 328, 178, -1.4941885471343994
46, 1, 341, 139, -1.4404270648956299
46, 2, 351, 138, -1.4402601718902588
46, 3, 364, 137, -1.4404233694076538
46, 4, 304, 141, -1.4433505535125732
46, 5, 290, 142, -1.4433146715164185
46, 6, 276, 144, -1.443712592124939
46, 7, 379, 141, -0.9392150044441223
46, 8, 250, 152, -0.9322253465652466
46, 9, 344, 213, -1.297939419746399
46, 10, 300, 217, -1.2969212532043457
46, 11, 476, 300, -0.5375771522521973
46, 12, 189, 298, -0.6748820543289185
46, 13, 542, 507, -0.37943556904792786
46, 14, 96, 507, -1.2714136838912964
46, 15, 558, 733, -0.5428539514541626
46, 16, 149, 247, -2.2361180782318115
46, 17, 580, 790, -0.5847955942153931
46, 18, 119, 172, -2.442981481552124
46, 19, 554, 790, -0.6392329931259155
46, 20, 130, 168, -2.3880114555358887
46, 21, 532, 770, -0.5774160623550415
46, 22, 158, 196, -2.2406718730926514
46, 23, 457, 722, -0.08672236651182175
46, 24, 246, 735, 0.08969403803348541
46, 25, 456, 1085, -0.07697416841983795
46, 26, 267, 1101, 0.08458347618579865
46, 27, 464, 1411, 0.7314820289611816
46, 28, 296, 1416, 0.6153171062469482
46, 29, 470, 1457, 0.7701907753944397
46, 30, 298, 1455, 0.6532536745071411
46, 31, 445, 1511, 0.056150056421756744
46, 32, 325, 1527, -0.14679992198944092
47, 0, 328, 181, -1.5006359815597534
47, 1, 340, 142, -1.4552353620529175
47, 2, 351, 141, -1.4550349712371826
47, 3, 363, 139, -1.4552278518676758
47, 4, 304, 144, -1.453411340713501
47, 5, 290, 144, -1.453332543373108
47, 6, 276, 145, -1.4537384510040283
47, 7, 379, 143, -0.9676759839057922
47, 8, 251, 153, -0.9367551803588867
47, 9, 344, 216, -1.3060505390167236
47, 10, 300, 220, -1.2984278202056885
47, 11, 477, 300, -0.5483269095420837
47, 12, 188, 298, -0.6718770265579224
47, 13, 544, 507, -0.3830812871456146
47, 14, 94, 503, -1.2553482055664062
47, 15, 559, 734, -0.5427004098892212
47, 16, 156, 247, -2.2181291580200195
47, 17, 582, 790, -0.5875009298324585
47, 18, 133, 172, -2.4253525733947754
47, 19, 556, 790, -0.6382527947425842
47, 20, 142, 168, -2.386168956756592
47, 21, 534, 770, -0.5762795209884644
47, 22, 168, 195, -2.223806858062744
47, 23, 457, 724, -0.0859847143292427
47, 24, 245, 735, 0.08905535191297531
47, 25, 455, 1086, -0.07247383892536163
47, 26, 266, 1101, 0.0993468388915062
47, 27, 457, 1411, 0.7284848093986511
47, 28, 290, 1416, 0.6458724737167358
47, 29, 462, 1457, 0.7666610479354858
47, 30, 291, 1456, 0.685408890247345
47, 31, 434, 1513, 0.05719154328107834
47, 32, 318, 1528, -0.10860078036785126
48, 0, 329, 182, -1.4948632717132568
48, 1, 341, 143, -1.449561357498169
48, 2, 352, 141, -1.449370265007019
48, 3, 364, 140, -1.4495775699615479
48, 4, 305, 144, -1.4471014738082886
48, 5, 291, 144, -1.4469959735870361
48, 6, 277, 145, -1.447376012802124
48, 7, 380, 144, -0.9617835283279419
48, 8, 251, 153, -0.9277693629264832
48, 9, 345, 217, -1.300363540649414
48, 10, 301, 221, -1.291686773300171
48, 11, 479, 300, -0.5470267534255981
48, 12, 188, 298, -0.6609895825386047
48, 13, 545, 506, -0.3778674006462097
48, 14, 93, 501, -1.2425719499588013
48, 15, 560, 735, -0.5305606126785278
48, 16, 159, 248, -2.210881471633911
48, 17, 583, 791, -0.5755966901779175
48, 18, 137, 171, -2.417250156402588
48, 19, 557, 791, -0.6259676814079285
48, 20, 147, 167, -2.380145311355591
48, 21, 535, 771, -0.5635303854942322
48, 22, 173, 194, -2.2160770893096924
48, 23, 456, 726, -0.08587171882390976
48, 24, 244, 736, 0.08900000900030136
48, 25, 455, 1087, -0.06928883492946625
48, 26, 265, 1101, 0.10489203780889511
48, 27, 455, 1411, 0.7305787205696106
48, 28, 289, 1416, 0.6530696153640747
48, 29, 460, 1456, 0.7683959603309631
48, 30, 290, 1457, 0.6926790475845337
48, 31, 432, 1514, 0.057667262852191925
48, 32, 317, 1529, -0.10285814851522446
49, 0, 329, 183, -1.5855292081832886
49, 1, 341, 144, -1.5428555011749268
49, 2, 352, 142, -1.5426852703094482
49, 3, 364, 141, -1.542802095413208
49, 4, 305, 145, -1.5400843620300293
49, 5, 291, 146, -1.5400395393371582
49, 6, 277, 147, -1.5404554605484009
49, 7, 380, 145, -1.0517737865447998
49, 8, 251, 154, -1.0169973373413086
49, 9, 345, 218, -1.3880867958068848
49, 10, 301, 222, -1.3792544603347778
49, 11, 480, 300, -0.6258043646812439
49, 12, 188, 298, -0.7187374830245972
49, 13, 546, 506, -0.4590383470058441
49, 14, 93, 499, -1.2970020771026611
49, 15, 560, 734, -0.6126123666763306
49, 16, 160, 245, -2.26155424118042
49, 17, 582, 790, -0.6556709408760071
49, 18, 137, 169, -2.4596915245056152
49, 19, 556, 791, -0.7011538147926331
49, 20, 146, 164, -2.40316104888916
49, 21, 535, 770, -0.6421278715133667
49, 22, 172, 191, -2.2623350620269775
49, 23, 456, 726, -0.08772318810224533
49, 24, 244, 736, 0.09078683704137802
49, 25, 454, 1087, -0.11258327960968018
49, 26, 265, 1101, 0.09586670249700546
49, 27, 453, 1411, 0.6631367802619934
49, 28, 288, 1416, 0.6064022779464722
49, 29, 458, 1456, 0.6986969709396362
49, 30, 289, 1456, 0.6385998129844666
49, 31, 429, 1514, -0.02499452605843544
49, 32, 315, 1528, -0.15898658335208893
50, 0, 330, 184, -1.5948610305786133
50, 1, 342, 144, -1.5486047267913818
50, 2, 354, 143, -1.5484262704849243
50, 3, 366, 141, -1.5485610961914062
50, 4, 306, 146, -1.5453033447265625
50, 5, 292, 146, -1.5452749729156494
50, 6, 277, 147, -1.545665979385376
50, 7, 381, 145, -1.0520470142364502
50, 8, 251, 154, -1.0152263641357422
50, 9, 346, 219, -1.3976908922195435
50, 10, 302, 222, -1.38823401927948
50, 11, 480, 301, -0.6237761378288269
50, 12, 189, 298, -0.7232221961021423
50, 13, 547, 501, -0.4336930215358734
50, 14, 94, 501, -1.3023921251296997
50, 15, 559, 734, -0.5645194053649902
50, 16, 160, 243, -2.2832398414611816
50, 17, 580, 790, -0.5959963202476501
50, 18, 137, 171, -2.4847159385681152
50, 19, 554, 790, -0.6395002603530884
50, 20, 145, 166, -2.427736759185791
50, 21, 533, 769, -0.5903500318527222
50, 22, 172, 193, -2.2866322994232178
50, 23, 456, 726, -0.09047827124595642
50, 24, 244, 736, 0.09347306191921234
50, 25, 455, 1088, -0.1154623031616211
50, 26, 267, 1103, 0.08972035348415375
50, 27, 456, 1413, 0.6634588837623596
50, 28, 292, 1418, 0.5967012047767639
50, 29, 462, 1458, 0.6987010836601257
50, 30, 293, 1458, 0.6296102404594421
50, 31, 434, 1515, -0.025452902540564537
50, 32, 319, 1529, -0.1682741641998291
51, 0, 331, 185, -1.6056010723114014
51, 1, 344, 145, -1.5596028566360474
51, 2, 356, 143, -1.5594826936721802
51, 3, 368, 142, -1.5596352815628052
51, 4, 307, 147, -1.5558593273162842
51, 5, 292, 147, -1.5559008121490479
51, 6, 278, 148, -1.5562759637832642
51, 7, 383, 145, -1.058376669883728
51, 8, 252, 154, -1.0206332206726074
51, 9, 347, 219, -1.405626654624939
51, 10, 303, 223, -1.3962368965148926
51, 11, 481, 301, -0.6206105947494507
51, 12, 191, 297, -0.7232871651649475
51, 13, 546, 498, -0.42647987604141235
51, 14, 94, 501, -1.3231477737426758
51, 15, 559, 731, -0.4784817695617676
51, 16, 152, 251, -2.3555092811584473
51, 17, 580, 787, -0.5019148588180542
51, 18, 123, 179, -2.5613625049591064
51, 19, 554, 784, -0.5482866168022156
51, 20, 133, 172, -2.5095372200012207
51, 21, 533, 764, -0.504621684551239
51, 22, 160, 200, -2.3622076511383057
51, 23, 458, 726, -0.09252410382032394
51, 24, 245, 736, 0.0953952744603157
51, 25, 458, 1088, -0.11700370162725449
51, 26, 272, 1103, 0.09040455520153046
51, 27, 464, 1413, 0.662999153137207
51, 28, 299, 1418, 0.5942786931991577
51, 29, 470, 1459, 0.6979011297225952
51, 30, 301, 1458, 0.6278677582740784
51, 31, 443, 1515, -0.02831272780895233
51, 32, 325, 1529, -0.17361649870872498
52, 0, 332, 186, -1.586416482925415
52, 1, 346, 145, -1.5370897054672241
52, 2, 358, 144, -1.537052869796753
52, 3, 370, 142, -1.5371218919754028
52, 4, 308, 147, -1.5366828441619873
52, 5, 293, 147, -1.5366268157958984
52, 6, 278, 148, -1.5369632244110107
52, 7, 385, 145, -1.0251692533493042
52, 8, 253, 155, -1.0009161233901978
52, 9, 348, 220, -1.3823071718215942
52, 10, 304, 225, -1.3769972324371338
52, 11, 481, 302, -0.6012689471244812
52, 12, 186, 297, -0.7133685350418091
52, 13, 542, 497, -0.4183788299560547
52, 14, 89, 558, -1.302708625793457
52, 15, 560, 730, -0.6121763586997986
52, 16, 130, 284, -2.3490242958068848
52, 17, 581, 785, -0.6736690402030945
52, 18, 96, 208, -2.566502332687378
52, 19, 556, 780, -0.7317167520523071
52, 20, 117, 185, -2.522998809814453
52, 21, 535, 761, -0.6496231555938721
52, 22, 144, 217, -2.3611505031585693
52, 23, 458, 726, -0.09412548691034317
52, 24, 245, 736, 0.0972403809428215
52, 25, 459, 1088, -0.1290283203125
52, 26, 271, 1103, 0.11504723131656647
52, 27, 466, 1414, 0.6572235822677612
52, 28, 298, 1418, 0.6248003244400024
52, 29, 471, 1460, 0.6918126344680786
52, 30, 300, 1458, 0.6586676239967346
52, 31, 445, 1515, -0.05267643183469772
52, 32, 324, 1529, -0.15133154392242432
53, 0, 332, 185, -1.5644057989120483
53, 1, 347, 145, -1.5141847133636475
53, 2, 359, 143, -1.514093041419983
53, 3, 371, 142, -1.514207124710083
53, 4, 309, 146, -1.5145459175109863
53, 5, 293, 146, -1.5145792961120605
53, 6, 279, 147, -1.5149447917938232
53, 7, 387, 146, -0.9559428095817566
53, 8, 253, 154, -0.9108449220657349
53, 9, 348, 220, -1.3717405796051025
53, 10, 304, 225, -1.3733546733856201
53, 11, 481, 303, -0.580227255821228
53, 12, 183, 296, -0.5637203454971313
53, 13, 542, 533, -0.44317349791526794
53, 14, 89, 548, -1.277320146560669
53, 15, 563, 716, -0.7858604192733765
53, 16, 117, 343, -2.594299077987671
53, 17, 585, 772, -0.8805838823318481
53, 18, 87, 259, -2.840036630630493
53, 19, 562, 759, -0.95866858959198
53, 20, 104, 225, -2.8413302898406982
53, 21, 542, 740, -0.8331576585769653
53, 22, 120, 259, -2.6333301067352295
53, 23, 458, 725, -0.11394582688808441
53, 24, 243, 734, 0.11797936260700226
53, 25, 458, 1083, -0.15160220861434937
53, 26, 265, 1098, 0.26129621267318726
53, 27, 465, 1406, 0.6413928270339966
53, 28, 293, 1408, 0.9145320057868958
53, 29, 471, 1452, 0.672164797782898
53, 30, 294, 1447, 0.960780143737793
53, 31, 445, 1507, -0.1301523745059967
53, 32, 318, 1516, 0.10515761375427246
54, 0, 332, 185, -1.2725330591201782
54, 1, 347, 144, -1.2156498432159424
54, 2, 359, 143, -1.215952754020691
54, 3, 371, 141, -1.216048002243042
54, 4, 309, 145, -1.212397575378418
54, 5, 293, 145, -1.2120485305786133
54, 6, 279, 145, -1.2124114036560059
54, 7, 388, 145, -0.6931456327438354
54, 8, 254, 152, -0.6636326909065247
54, 9, 348, 220, -1.0716005563735962
54, 10, 304, 224, -1.0650371313095093
54, 11, 481, 303, -0.3500487804412842
54, 12, 183, 294, -0.3685620427131653
54, 13, 543, 538, -0.3057217001914978
54, 14, 90, 497, -0.9796671867370605
54, 15, 565, 710, -0.7130193710327148
54, 16, 107, 397, -2.404970407485962
54, 17, 588, 769, -0.8039649724960327
54, 18, 88, 339, -2.73223614692688
54, 19, 563, 756, -0.8890074491500854
54, 20, 100, 298, -2.6806936264038086
54, 21, 543, 736, -0.7623528242111206
54, 22, 118, 319, -2.513601541519165
54, 23, 452, 725, -0.08858925104141235
54, 24, 235, 731, 0.09349963814020157
54, 25, 451, 1080, -0.15148304402828217
54, 26, 250, 1086, 0.026657715439796448
54, 27, 450, 1403, 0.5232275724411011
54, 28, 260, 1399, 0.4240097403526306
54, 29, 456, 1449, 0.5421978235244751
54, 30, 258, 1442, 0.43978214263916016
54, 31, 418, 1503, -0.2152097225189209
54, 32, 284, 1504, -0.3765884041786194
55, 0, 332, 184, -1.3453195095062256
55, 1, 347, 143, -1.2649047374725342
55, 2, 359, 141, -1.2648645639419556
55, 3, 371, 139, -1.2644010782241821
55, 4, 309, 145, -1.263710618019104
55, 5, 293, 145, -1.2643581628799438
55, 6, 279, 145, -1.2650721073150635
55, 7, 388, 141, -0.7302898168563843
55, 8, 256, 152, -0.6846938729286194
55, 9, 348, 219, -1.1500602960586548
55, 10, 304, 224, -1.1433041095733643
55, 11, 481, 302, -0.40811553597450256
55, 12, 187, 296, -0.4660433828830719
55, 13, 550, 532, -0.3851401209831238
55, 14, 131, 486, -1.042263388633728
55, 15, 561, 692, -0.7966694235801697
55, 16, 142, 443, -2.314821481704712
55, 17, 576, 750, -0.8911955952644348
55, 18, 132, 383, -2.5759541988372803
55, 19, 554, 735, -0.971785843372345
55, 20, 141, 352, -2.660996437072754
55, 21, 537, 716, -0.8431941866874695
55, 22, 160, 367, -2.4010441303253174
55, 23, 452, 709, -0.069154292345047
55, 24, 236, 711, 0.07348737120628357
55, 25, 451, 1063, -0.08299146592617035
55, 26, 251, 1062, 0.02190937101840973
55, 27, 449, 1385, 0.5358831286430359
55, 28, 263, 1381, 0.46356406807899475
55, 29, 455, 1429, 0.5561250448226929
55, 30, 261, 1424, 0.48518863320350647
55, 31, 419, 1485, -0.21209147572517395
55, 32, 283, 1483, -0.327189564704895
56, 0, 332, 184, -1.5487185716629028
56, 1, 347, 142, -1.4995229244232178
56, 2, 359, 140, -1.4996321201324463
56, 3, 371, 137, -1.4999094009399414
56, 4, 308, 145, -1.5019381046295166
56, 5, 293, 145, -1.5018041133880615
56, 6, 279, 145, -1.502313494682312
56, 7, 388, 139, -0.9669693112373352
56, 8, 257, 152, -0.9741666913032532
56, 9, 348, 217, -1.3359328508377075
56, 10, 305, 224, -1.3383055925369263
56, 11, 482, 300, -0.538232147693634
56, 12, 188, 297, -0.573318600654602
56, 13, 549, 501, -0.47672271728515625
56, 14, 126, 461, -0.8656233549118042
56, 15, 546, 687, -0.9472697973251343
56, 16, 59, 525, -1.9148448705673218
56, 17, 551, 745, -1.0726783275604248
56, 18, 29, 542, -2.132570743560791
56, 19, 529, 729, -1.1784765720367432
56, 20, 43, 525, -2.2500407695770264
56, 21, 517, 709, -1.006075143814087
56, 22, 66, 522, -1.9968664646148682
56, 23, 449, 701, -0.041929930448532104
56, 24, 236, 703, 0.04604553431272507
56, 25, 444, 1056, -0.03418644517660141
56, 26, 244, 1051, -0.061377961188554764
56, 27, 444, 1376, 0.5475732684135437
56, 28, 256, 1371, 0.3689649701118469
56, 29, 449, 1421, 0.5831600427627563
56, 30, 256, 1414, 0.3845158815383911
56, 31, 414, 1473, -0.1771145761013031
56, 32, 276, 1469, -0.4338992238044739
57, 0, 331, 179, -1.572677731513977
57, 1, 347, 138, -1.513535737991333
57, 2, 359, 136, -1.5136058330535889
57, 3, 371, 134, -1.513866662979126
57, 4, 308, 142, -1.5243655443191528
57, 5, 293, 142, -1.5239784717559814
57, 6, 279, 143, -1.524505853652954
57, 7, 388, 137, -0.9668146371841431
57, 8, 257, 150, -1.0061261653900146
57, 9, 349, 214, -1.3542864322662354
57, 10, 305, 221, -1.3659942150115967
57, 11, 482, 299, -0.5166806578636169
57, 12, 186, 297, -0.6587280035018921
57, 13, 546, 491, -0.38031429052352905
57, 14, 122, 468, -0.7737780213356018
57, 15, 547, 689, -0.832642674446106
57, 16, 115, 638, -1.5545783042907715
57, 17, 554, 747, -0.9508986473083496
57, 18, 125, 692, -1.7542600631713867
57, 19, 535, 735, -1.0614256858825684
57, 20, 157, 671, -1.8407723903656006
57, 21, 523, 715, -0.8933318257331848
57, 22, 158, 653, -1.6122010946273804
57, 23, 444, 703, -0.03424685075879097
57, 24, 232, 706, 0.039085619151592255
57, 25, 440, 1059, -0.0021506897173821926
57, 26, 238, 1058, -0.06701277941465378
57, 27, 441, 1378, 0.6905613541603088
57, 28, 248, 1376, 0.41765856742858887
57, 29, 445, 1424, 0.7187795639038086
57, 30, 248, 1418, 0.440243661403656
57, 31, 408, 1477, -0.044616200029850006
57, 32, 273, 1477, -0.4001537263393402
58, 0, 332, 176, -1.5449326038360596
58, 1, 347, 135, -1.4713609218597412
58, 2, 359, 132, -1.471327543258667
58, 3, 371, 130, -1.4718672037124634
58, 4, 308, 139, -1.5097782611846924
58, 5, 293, 139, -1.5088999271392822
58, 6, 279, 140, -1.509547472000122
58, 7, 389, 134, -0.9399862289428711
58, 8, 257, 149, -0.989506721496582
58, 9, 349, 211, -1.3373491764068604
58, 10, 305, 219, -1.3462120294570923
58, 11, 481, 298, -0.4888993203639984
58, 12, 181, 300, -0.7017885446548462
58, 13, 546, 486, -0.30294090509414673
58, 14, 114, 473, -0.6525684595108032
58, 15, 572, 691, -0.7413362264633179
58, 16, 103, 713, -1.1648494005203247
58, 17, 594, 750, -0.8973997831344604
58, 18, 99, 775, -1.3198955059051514
58, 19, 573, 741, -0.9961113929748535
58, 20, 140, 771, -1.440888524055481
58, 21, 556, 721, -0.8323648571968079
58, 22, 143, 749, -1.2297427654266357
58, 23, 440, 704, -0.02495897188782692
58, 24, 229, 707, 0.029895881190896034
58, 25, 439, 1061, 0.035189539194107056
58, 26, 238, 1062, -0.04984905943274498
58, 27, 441, 1379, 0.7910223603248596
58, 28, 251, 1379, 0.4917401373386383
58, 29, 446, 1425, 0.8234596252441406
58, 30, 250, 1426, 0.5178051590919495
58, 31, 409, 1478, 0.11102865636348724
58, 32, 276, 1478, -0.2883566617965698
59, 0, 332, 174, -1.5410122871398926
59, 1, 347, 132, -1.4621520042419434
59, 2, 359, 130, -1.462096095085144
59, 3, 371, 128, -1.462719440460205
59, 4, 307, 136, -1.5015448331832886
59, 5, 292, 137, -1.5010673999786377
59, 6, 279, 138, -1.5016300678253174
59, 7, 389, 131, -0.936187744140625
59, 8, 257, 146, -0.9883095622062683
59, 9, 349, 209, -1.3359986543655396
59, 10, 305, 217, -1.3333654403686523
59, 11, 481, 297, -0.4821052551269531
59, 12, 177, 301, -0.7107833623886108
59, 13, 546, 485, -0.28942495584487915
59, 14, 110, 475, -0.6522765159606934
59, 15, 579, 692, -0.7198461890220642
59, 16, 104, 712, -1.1800369024276733
59, 17, 605, 750, -0.886864960193634
59, 18, 96, 772, -1.338079571723938
59, 19, 583, 747, -0.9595397710800171
59, 20, 140, 768, -1.4574604034423828
59, 21, 563, 727, -0.8252959251403809
59, 22, 141, 745, -1.2448405027389526
59, 23, 438, 705, -0.02034507878124714
59, 24, 227, 708, 0.025302907451987267
59, 25, 436, 1062, 0.022728832438588142
59, 26, 235, 1063, -0.02766847237944603
59, 27, 440, 1380, 0.7668596506118774
59, 28, 246, 1381, 0.4975161552429199
59, 29, 445, 1425, 0.7974206209182739
59, 30, 245, 1431, 0.5245769619941711
59, 31, 410, 1479, 0.0828375518321991
59, 32, 275, 1479, -0.28614115715026855
60, 0, 331, 171, -1.4726617336273193
60, 1, 346, 129, -1.4009318351745605
60, 2, 358, 127, -1.4008138179779053
60, 3, 371, 125, -1.4014105796813965
60, 4, 306, 132, -1.4318292140960693
60, 5, 291, 133, -1.431246042251587
60, 6, 278, 133, -1.4317538738250732
60, 7, 389, 129, -0.8886942863464355
60, 8, 257, 143, -0.9809893369674683
60, 9, 349, 206, -1.2750481367111206
60, 10, 304, 215, -1.2941257953643799
60, 11, 481, 296, -0.4644099771976471
60, 12, 172, 302, -0.6998011469841003
60, 13, 546, 486, -0.2663401961326599
60, 14, 104, 477, -0.6237615346908569
60, 15, 583, 695, -0.6520693898200989
60, 16, 92, 732, -1.1099492311477661
60, 17, 610, 752, -0.784443736076355
60, 18, 77, 794, -1.2589805126190186
60, 19, 587, 755, -0.8924629092216492
60, 20, 117, 794, -1.3843796253204346
60, 21, 568, 736, -0.7329908609390259
60, 22, 125, 771, -1.1765168905258179
60, 23, 437, 711, -0.01962069608271122
60, 24, 226, 715, 0.024607302621006966
60, 25, 436, 1071, 0.0722639411687851
60, 26, 235, 1074, 0.011394280940294266
60, 27, 440, 1388, 0.8673450350761414
60, 28, 246, 1392, 0.5879245400428772
60, 29, 444, 1435, 0.9050363302230835
60, 30, 244, 1442, 0.6199897527694702
60, 31, 411, 1487, 0.2162744700908661
60, 32, 276, 1491, -0.17255474627017975
61, 0, 330, 166, -1.4682178497314453
61, 1, 346, 124, -1.3977704048156738
61, 2, 357, 122, -1.39766526222229
61, 3, 370, 120, -1.3982188701629639
61, 4, 304, 128, -1.4254674911499023
61, 5, 290, 129, -1.4249193668365479
61, 6, 277, 129, -1.4253958463668823
61, 7, 388, 125, -0.8849841356277466
61, 8, 257, 139, -0.9753416776657104
61, 9, 349, 202, -1.2711670398712158
61, 10, 303, 211, -1.2936711311340332
61, 11, 480, 295, -0.46966552734375
61, 12, 166, 303, -0.726458728313446
61, 13, 546, 487, -0.28393879532814026
61, 14, 99, 483, -0.6650265455245972
61, 15, 584, 702, -0.6613590717315674
61, 16, 82, 743, -1.1535634994506836
61, 17, 613, 758, -0.7855109572410583
61, 18, 64, 805, -1.302506446838379
61, 19, 590, 765, -0.8967410326004028
61, 20, 101, 805, -1.4298491477966309
61, 21, 570, 746, -0.7354690432548523
61, 22, 113, 783, -1.220940351486206
61, 23, 435, 714, -0.011011458933353424
61, 24, 225, 719, 0.015833288431167603
61, 25, 432, 1077, 0.10931368917226791
61, 26, 232, 1082, 0.04471587389707565
61, 27, 436, 1394, 0.9232990145683289
61, 28, 244, 1401, 0.6366952657699585
61, 29, 439, 1442, 0.9637256860733032
61, 30, 240, 1450, 0.6707636117935181
61, 31, 412, 1491, 0.2885289490222931
61, 32, 277, 1499, -0.11590057611465454
62, 0, 328, 164, -1.410720705986023
62, 1, 345, 123, -1.3437230587005615
62, 2, 356, 121, -1.3437163829803467
62, 3, 369, 119, -1.3441632986068726
62, 4, 302, 126, -1.364699125289917
62, 5, 288, 127, -1.3641633987426758
62, 6, 275, 127, -1.3646456003189087
62, 7, 388, 124, -0.8417788743972778
62, 8, 256, 137, -0.9232169985771179
62, 9, 349, 201, -1.2170056104660034
62, 10, 302, 209, -1.2375844717025757
62, 11, 480, 295, -0.4314939081668854
62, 12, 165, 304, -0.7087351083755493
62, 13, 546, 488, -0.2534097135066986
62, 14, 95, 483, -0.603411078453064
62, 15, 583, 702, -0.6342893838882446
62, 16, 87, 728, -1.0960910320281982
62, 17, 612, 757, -0.7531977295875549
62, 18, 70, 790, -1.246214747428894
62, 19, 588, 762, -0.8652299642562866
62, 20, 102, 786, -1.3605031967163086
62, 21, 568, 744, -0.7039051055908203
62, 22, 115, 764, -1.1583664417266846
62, 23, 435, 716, -0.014848381280899048
62, 24, 224, 722, 0.019694563001394272
62, 25, 432, 1079, 0.06816800683736801
62, 26, 232, 1085, 0.04006372019648552
62, 27, 437, 1396, 0.8492377996444702
62, 28, 244, 1403, 0.6005825996398926
62, 29, 440, 1445, 0.8840826749801636
62, 30, 241, 1453, 0.6305699944496155
62, 31, 412, 1495, 0.18157583475112915
62, 32, 277, 1502, -0.12858761847019196
