0, 0, 309, 158, -1.0665040016174316
0, 1, 327, 127, -1.0442737340927124
0, 2, 338, 126, -1.0443050861358643
0, 3, 346, 125, -1.044340968132019
0, 4, 293, 130, -1.0362648963928223
0, 5, 283, 131, -1.036510944366455
0, 6, 276, 132, -1.0370240211486816
0, 7, 366, 135, -0.7536699771881104
0, 8, 270, 142, -0.7115275263786316
0, 9, 330, 183, -0.9454969167709351
0, 10, 289, 187, -0.9340180158615112
0, 11, 450, 268, -0.541197657585144
0, 12, 211, 261, -0.41301578283309937
0, 13, 498, 458, -0.6317031383514404
0, 14, 93, 407, -0.30266645550727844
0, 15, 354, 488, -0.9213308095932007
0, 16, 9, 516, -0.6286139488220215
0, 17, 310, 494, -1.0021506547927856
0, 18, -18, 567, -0.6991862654685974
0, 19, 301, 472, -0.9783523678779602
0, 20, -1, 562, -0.781424880027771
0, 21, 310, 464, -0.9140241742134094
0, 22, 17, 551, -0.6740725040435791
0, 23, 402, 579, -0.049602460116147995
0, 24, 250, 578, 0.0522335059940815
0, 25, 385, 819, -0.07855544984340668
0, 26, 233, 813, -0.015487638302147388
0, 27, 373, 1040, 0.3297302722930908
0, 28, 230, 1041, 0.20800265669822693
0, 29, 378, 1074, 0.34982332587242126
0, 30, 232, 1077, 0.21503090858459473
0, 31, 342, 1122, -0.06420145183801651
0, 32, 241, 1120, -0.23725154995918274
1, 0, 307, 160, -1.0541020631790161
1, 1, 326, 130, -1.0339115858078003
1, 2, 337, 128, -1.0339323282241821
1, 3, 346, 127, -1.0339694023132324
1, 4, 293, 134, -1.0224303007125854
1, 5, 283, 134, -1.0225932598114014
1, 6, 276, 134, -1.0230966806411743
1, 7, 365, 135, -0.7297652363777161
1, 8, 270, 142, -0.6673635244369507
1, 9, 329, 184, -0.9268099069595337
1, 10, 289, 187, -0.909896731376648
1, 11, 450, 269, -0.500569224357605
1, 12, 211, 261, -0.35872745513916016
1, 13, 498, 458, -0.625840961933136
1, 14, 96, 405, -0.21828289330005646
1, 15, 348, 488, -0.9737652540206909
1, 16, 10, 513, -0.575413703918457
1, 17, 303, 494, -1.0655333995819092
1, 18, -18, 565, -0.6525316834449768
1, 19, 296, 473, -1.0387464761734009
1, 20, -1, 561, -0.7401944398880005
1, 21, 304, 464, -0.9666253924369812
1, 22, 17, 549, -0.6232445240020752
1, 23, 403, 587, -0.04935262352228165
1, 24, 250, 584, 0.05201411992311478
1, 25, 387, 844, -0.017966922372579575
1, 26, 233, 838, 0.012091782875359058
1, 27, 375, 1071, 0.43476325273513794
1, 28, 231, 1073, 0.2678617835044861
1, 29, 380, 1104, 0.46009936928749084
1, 30, 233, 1108, 0.2773694694042206
1, 31, 342, 1154, 0.021633902564644814
1, 32, 241, 1156, -0.21173878014087677
2, 0, 306, 161, -1.0686516761779785
2, 1, 326, 132, -1.0483921766281128
2, 2, 337, 130, -1.04848313331604
2, 3, 346, 128, -1.0485308170318604
2, 4, 293, 135, -1.036956548690796
2, 5, 283, 136, -1.0371026992797852
2, 6, 275, 136, -1.037649154663086
2, 7, 365, 136, -0.7300180196762085
2, 8, 270, 142, -0.6745680570602417
2, 9, 329, 185, -0.934736430644989
2, 10, 288, 188, -0.9171276092529297
2, 11, 451, 269, -0.5041589736938477
2, 12, 211, 261, -0.36651626229286194
2, 13, 498, 457, -0.6348070502281189
2, 14, 96, 406, -0.2361515462398529
2, 15, 348, 488, -1.0215299129486084
2, 16, 11, 514, -0.585443913936615
2, 17, 303, 494, -1.116180181503296
2, 18, -19, 568, -0.6611684560775757
2, 19, 296, 473, -1.0941698551177979
2, 20, -2, 565, -0.7468273639678955
2, 21, 304, 464, -1.0174224376678467
2, 22, 16, 552, -0.6327870488166809
2, 23, 404, 590, -0.0493340827524662
2, 24, 250, 587, 0.05200623720884323
2, 25, 389, 849, -0.02103639580309391
2, 26, 234, 842, -0.039013780653476715
2, 27, 377, 1077, 0.40788641571998596
2, 28, 231, 1081, 0.18115900456905365
2, 29, 382, 1111, 0.42857569456100464
2, 30, 233, 1118, 0.18558385968208313
2, 31, 344, 1161, -0.047249458730220795
2, 32, 242, 1163, -0.320130854845047
3, 0, 306, 162, -1.1034581661224365
3, 1, 326, 133, -1.0801929235458374
3, 2, 337, 130, -1.0803847312927246
3, 3, 346, 129, -1.0804131031036377
3, 4, 293, 136, -1.068114995956421
3, 5, 283, 136, -1.068347692489624
3, 6, 275, 137, -1.0689070224761963
3, 7, 365, 136, -0.7492942214012146
3, 8, 270, 142, -0.6854764223098755
3, 9, 329, 186, -0.9651395678520203
3, 10, 288, 188, -0.9475037455558777
3, 11, 451, 270, -0.5058889389038086
3, 12, 211, 261, -0.36003103852272034
3, 13, 498, 457, -0.6490451097488403
3, 14, 96, 407, -0.2213544100522995
3, 15, 349, 488, -1.0576391220092773
3, 16, 10, 514, -0.5867378115653992
3, 17, 303, 494, -1.1596062183380127
3, 18, -23, 568, -0.6657004356384277
3, 19, 296, 473, -1.1435939073562622
3, 20, -7, 565, -0.748920738697052
3, 21, 304, 465, -1.0561696290969849
3, 22, 11, 552, -0.6364055871963501
3, 23, 404, 592, -0.052612751722335815
3, 24, 250, 589, 0.05534464120864868
3, 25, 388, 846, -0.08748649805784225
3, 26, 234, 839, -0.05550725385546684
3, 27, 377, 1077, 0.3394630551338196
3, 28, 231, 1081, 0.16494779288768768
3, 29, 382, 1112, 0.35931581258773804
3, 30, 233, 1120, 0.16863732039928436
3, 31, 344, 1160, -0.10677667707204819
3, 32, 241, 1162, -0.3335312306880951
4, 0, 306, 162, -1.0889694690704346
4, 1, 325, 133, -1.0684458017349243
4, 2, 336, 131, -1.0687189102172852
4, 3, 346, 129, -1.068740963935852
4, 4, 292, 136, -1.0515340566635132
4, 5, 283, 137, -1.0517466068267822
4, 6, 275, 137, -1.0523121356964111
4, 7, 365, 136, -0.7418643832206726
4, 8, 270, 142, -0.6670793890953064
4, 9, 329, 186, -0.9509481191635132
4, 10, 288, 188, -0.9286813735961914
4, 11, 451, 270, -0.5029586553573608
4, 12, 211, 261, -0.3341640830039978
4, 13, 498, 457, -0.644809901714325
4, 14, 96, 408, -0.1896970570087433
4, 15, 349, 488, -1.024577021598816
4, 16, 9, 515, -0.5444427132606506
4, 17, 304, 495, -1.1195175647735596
4, 18, -26, 567, -0.6220293045043945
4, 19, 296, 473, -1.0996506214141846
4, 20, -10, 564, -0.7135735154151917
4, 21, 305, 465, -1.0207278728485107
4, 22, 9, 552, -0.5957596898078918
4, 23, 405, 594, -0.05555679649114609
4, 24, 251, 591, 0.05828185752034187
4, 25, 389, 848, -0.08605282753705978
4, 26, 236, 842, -0.03323259577155113
4, 27, 379, 1081, 0.3427817225456238
4, 28, 233, 1085, 0.1958298236131668
4, 29, 383, 1116, 0.36395174264907837
4, 30, 236, 1123, 0.20151326060295105
4, 31, 346, 1165, -0.10409648716449738
4, 32, 242, 1166, -0.3058803081512451
5, 0, 306, 162, -1.1354103088378906
5, 1, 325, 133, -1.1115185022354126
5, 2, 336, 131, -1.1117385625839233
5, 3, 346, 129, -1.1117970943450928
5, 4, 292, 136, -1.0972918272018433
5, 5, 283, 136, -1.097532868385315
5, 6, 275, 137, -1.0981016159057617
5, 7, 364, 135, -0.7715673446655273
5, 8, 270, 142, -0.6972772479057312
5, 9, 329, 186, -0.9936971664428711
5, 10, 288, 188, -0.9735822677612305
5, 11, 452, 270, -0.515963077545166
5, 12, 211, 261, -0.3461376130580902
5, 13, 498, 457, -0.6723492741584778
5, 14, 96, 407, -0.20093753933906555
5, 15, 348, 488, -1.1191794872283936
5, 16, 9, 515, -0.5559700131416321
5, 17, 304, 495, -1.2311851978302002
5, 18, -27, 567, -0.6341534852981567
5, 19, 296, 474, -1.218004822731018
5, 20, -11, 564, -0.7445694208145142
5, 21, 305, 465, -1.1200443506240845
5, 22, 7, 552, -0.5966770052909851
5, 23, 407, 596, -0.05669136717915535
5, 24, 252, 593, 0.0594538152217865
5, 25, 393, 855, -0.08089351654052734
5, 26, 238, 849, -0.030256429687142372
5, 27, 383, 1089, 0.380471408367157
5, 28, 236, 1094, 0.23163273930549622
5, 29, 387, 1125, 0.4039694666862488
5, 30, 238, 1133, 0.23979012668132782
5, 31, 351, 1171, -0.08545441925525665
5, 32, 244, 1174, -0.30179935693740845
6, 0, 305, 162, -1.1224952936172485
6, 1, 325, 133, -1.0994794368743896
6, 2, 336, 131, -1.0996421575546265
6, 3, 346, 129, -1.099680781364441
6, 4, 292, 136, -1.0863707065582275
6, 5, 283, 137, -1.0865920782089233
6, 6, 275, 137, -1.0871458053588867
6, 7, 364, 135, -0.7702886462211609
6, 8, 270, 142, -0.6979764699935913
6, 9, 329, 186, -0.9857451319694519
6, 10, 288, 188, -0.9670175313949585
6, 11, 452, 270, -0.5226845741271973
6, 12, 211, 261, -0.3522232174873352
6, 13, 498, 457, -0.6898655891418457
6, 14, 96, 408, -0.2117251604795456
6, 15, 348, 488, -1.1085854768753052
6, 16, 8, 518, -0.5618571043014526
6, 17, 303, 495, -1.211969017982483
6, 18, -30, 572, -0.6380735039710999
6, 19, 296, 474, -1.1934715509414673
6, 20, -13, 570, -0.7488195896148682
6, 21, 304, 465, -1.106579303741455
6, 22, 6, 558, -0.5998910665512085
6, 23, 408, 596, -0.05662383884191513
6, 24, 252, 594, 0.059397853910923004
6, 25, 395, 855, -0.08207719773054123
6, 26, 240, 849, -0.06860681623220444
6, 27, 386, 1089, 0.36386948823928833
6, 28, 238, 1095, 0.1663874089717865
6, 29, 390, 1124, 0.3849412798881531
6, 30, 240, 1134, 0.17216148972511292
6, 31, 354, 1173, -0.09626550227403641
6, 32, 246, 1175, -0.3524581789970398
7, 0, 305, 162, -1.1373517513275146
7, 1, 325, 133, -1.1155023574829102
7, 2, 336, 131, -1.1156485080718994
7, 3, 345, 129, -1.115662932395935
7, 4, 292, 136, -1.1022002696990967
7, 5, 282, 137, -1.1024237871170044
7, 6, 275, 137, -1.1029884815216064
7, 7, 364, 135, -0.7891873121261597
7, 8, 270, 142, -0.7191408276557922
7, 9, 329, 186, -1.000568151473999
7, 10, 288, 188, -0.9818850755691528
7, 11, 453, 270, -0.542066752910614
7, 12, 211, 261, -0.36174511909484863
7, 13, 498, 457, -0.6893031597137451
7, 14, 95, 408, -0.22703854739665985
7, 15, 345, 488, -1.077769160270691
7, 16, 8, 518, -0.5974119901657104
7, 17, 301, 496, -1.1777350902557373
7, 18, -30, 573, -0.6860178709030151
7, 19, 293, 474, -1.159480333328247
7, 20, -14, 570, -0.7859380841255188
7, 21, 302, 465, -1.0750175714492798
7, 22, 5, 558, -0.6456647515296936
7, 23, 410, 596, -0.056868426501750946
7, 24, 254, 594, 0.059643495827913284
7, 25, 395, 853, -0.10268606245517731
7, 26, 240, 847, -0.09929849207401276
7, 27, 386, 1087, 0.3182750344276428
7, 28, 238, 1092, 0.12100839614868164
7, 29, 391, 1121, 0.3363080322742462
7, 30, 241, 1131, 0.12492581456899643
7, 31, 354, 1170, -0.13420000672340393
7, 32, 246, 1172, -0.3911117613315582
8, 0, 305, 163, -1.1003684997558594
8, 1, 325, 133, -1.0787837505340576
8, 2, 336, 131, -1.0788612365722656
8, 3, 345, 129, -1.0788815021514893
8, 4, 292, 136, -1.0673078298568726
8, 5, 282, 137, -1.06743323802948
8, 6, 275, 137, -1.0679527521133423
8, 7, 364, 135, -0.7523695230484009
8, 8, 270, 142, -0.6916977763175964
8, 9, 329, 186, -0.9634639024734497
8, 10, 288, 188, -0.9468579292297363
8, 11, 453, 270, -0.5145319700241089
8, 12, 211, 261, -0.34975534677505493
8, 13, 498, 457, -0.6612232327461243
8, 14, 95, 409, -0.20796604454517365
8, 15, 345, 488, -1.0698583126068115
8, 16, 8, 518, -0.549548327922821
8, 17, 301, 496, -1.16862154006958
8, 18, -30, 573, -0.626642107963562
8, 19, 293, 474, -1.1409231424331665
8, 20, -14, 570, -0.7177020907402039
8, 21, 302, 465, -1.0633081197738647
8, 22, 6, 558, -0.5980468392372131
8, 23, 411, 596, -0.05684664100408554
8, 24, 254, 594, 0.05961151793599129
8, 25, 397, 857, -0.09822633117437363
8, 26, 241, 852, -0.0632171481847763
8, 27, 388, 1092, 0.32015830278396606
8, 28, 238, 1098, 0.1305663287639618
8, 29, 393, 1126, 0.3385877013206482
8, 30, 241, 1135, 0.1310223788022995
8, 31, 355, 1177, -0.12203029543161392
8, 32, 247, 1180, -0.36382752656936646
9, 0, 305, 163, -1.1152288913726807
9, 1, 325, 133, -1.0931683778762817
9, 2, 336, 131, -1.0931992530822754
9, 3, 345, 130, -1.0932250022888184
9, 4, 292, 137, -1.0834604501724243
9, 5, 282, 137, -1.083566665649414
9, 6, 275, 137, -1.084071397781372
9, 7, 364, 135, -0.7647193670272827
9, 8, 270, 142, -0.7128475904464722
9, 9, 329, 186, -0.978064239025116
9, 10, 288, 188, -0.9636604189872742
9, 11, 453, 270, -0.5250164270401001
9, 12, 211, 261, -0.3766895532608032
9, 13, 498, 457, -0.6665855646133423
9, 14, 94, 409, -0.2400144785642624
9, 15, 345, 488, -1.0586483478546143
9, 16, 7, 519, -0.5773436427116394
9, 17, 300, 496, -1.1558111906051636
9, 18, -32, 576, -0.6552757620811462
9, 19, 291, 474, -1.1309268474578857
9, 20, -15, 573, -0.7457044124603271
9, 21, 300, 465, -1.052947759628296
9, 22, 3, 561, -0.6271479725837708
9, 23, 412, 596, -0.056241560727357864
9, 24, 254, 594, 0.05912063643336296
9, 25, 399, 859, -0.07737331837415695
9, 26, 241, 855, -0.0532204695045948
9, 27, 389, 1094, 0.35755306482315063
9, 28, 238, 1100, 0.15896344184875488
9, 29, 395, 1128, 0.3784959316253662
9, 30, 241, 1137, 0.16168636083602905
9, 31, 356, 1179, -0.09526244550943375
9, 32, 248, 1183, -0.3466758131980896
10, 0, 305, 163, -1.0314348936080933
10, 1, 325, 134, -1.0113362073898315
10, 2, 335, 131, -1.0113236904144287
10, 3, 345, 130, -1.0114028453826904
10, 4, 292, 137, -0.9999863505363464
10, 5, 282, 137, -1.000012993812561
10, 6, 275, 137, -1.0004576444625854
10, 7, 364, 135, -0.6995010375976562
10, 8, 270, 142, -0.6382083296775818
10, 9, 329, 186, -0.9016892313957214
10, 10, 288, 188, -0.8843943476676941
10, 11, 453, 270, -0.47190529108047485
10, 12, 211, 260, -0.332146555185318
10, 13, 498, 457, -0.6139109134674072
10, 14, 95, 409, -0.18448325991630554
10, 15, 344, 489, -1.0041029453277588
10, 16, 7, 518, -0.5162473320960999
10, 17, 300, 497, -1.1004815101623535
10, 18, -31, 573, -0.588202178478241
10, 19, 291, 474, -1.0672008991241455
10, 20, -15, 571, -0.6812487840652466
10, 21, 300, 465, -0.9960886836051941
10, 22, 4, 559, -0.5666171908378601
10, 23, 413, 596, -0.055633485317230225
10, 24, 254, 594, 0.05859387665987015
10, 25, 399, 864, -0.030222883448004723
10, 26, 240, 859, 0.037065669894218445
10, 27, 390, 1099, 0.4427405297756195
10, 28, 238, 1102, 0.29524895548820496
10, 29, 395, 1133, 0.46905165910720825
10, 30, 241, 1138, 0.305229127407074
10, 31, 356, 1183, 0.013055995106697083
10, 32, 249, 1188, -0.20731046795845032
11, 0, 304, 163, -1.037541151046753
11, 1, 324, 134, -1.0172210931777954
11, 2, 335, 132, -1.0172326564788818
11, 3, 345, 130, -1.0172988176345825
11, 4, 291, 137, -1.0042389631271362
11, 5, 282, 137, -1.0042712688446045
11, 6, 274, 137, -1.0047399997711182
11, 7, 364, 135, -0.7041706442832947
11, 8, 270, 142, -0.634189248085022
11, 9, 328, 187, -0.9071111679077148
11, 10, 287, 189, -0.8876208066940308
11, 11, 453, 270, -0.4766942858695984
11, 12, 211, 260, -0.32137998938560486
11, 13, 498, 458, -0.6210993528366089
11, 14, 95, 408, -0.17408214509487152
11, 15, 344, 489, -1.0120446681976318
11, 16, 7, 518, -0.5134693384170532
11, 17, 299, 497, -1.1091606616973877
11, 18, -33, 573, -0.588157594203949
11, 19, 291, 474, -1.0675146579742432
11, 20, -16, 570, -0.68018639087677
11, 21, 300, 465, -1.0014692544937134
11, 22, 3, 559, -0.5639883279800415
11, 23, 413, 598, -0.055843986570835114
11, 24, 254, 595, 0.05884953588247299
11, 25, 399, 867, -0.03609722480177879
11, 26, 240, 862, 0.019032001495361328
11, 27, 389, 1103, 0.4189443588256836
11, 28, 238, 1105, 0.2638017535209656
11, 29, 395, 1137, 0.44285568594932556
11, 30, 240, 1140, 0.2719053626060486
11, 31, 356, 1187, -0.01343846507370472
11, 32, 249, 1191, -0.23178449273109436
12, 0, 303, 163, -1.0439293384552002
12, 1, 323, 134, -1.0253322124481201
12, 2, 335, 132, -1.02531898021698
12, 3, 345, 130, -1.025387167930603
12, 4, 291, 137, -1.0109589099884033
12, 5, 282, 137, -1.0109565258026123
12, 6, 274, 137, -1.0114004611968994
12, 7, 364, 135, -0.7123446464538574
12, 8, 270, 142, -0.6393098831176758
12, 9, 328, 187, -0.914779007434845
12, 10, 287, 189, -0.8928297162055969
12, 11, 454, 270, -0.4841981828212738
12, 12, 211, 260, -0.3287312686443329
12, 13, 498, 458, -0.6222530007362366
12, 14, 95, 408, -0.17966586351394653
12, 15, 345, 489, -1.0123833417892456
12, 16, 7, 518, -0.5070078372955322
12, 17, 301, 498, -1.1094483137130737
12, 18, -33, 573, -0.5776501893997192
12, 19, 293, 474, -1.0722229480743408
12, 20, -16, 571, -0.6694415807723999
12, 21, 303, 465, -1.003572940826416
12, 22, 3, 559, -0.557223916053772
12, 23, 413, 599, -0.05666103959083557
12, 24, 253, 595, 0.059822022914886475
12, 25, 399, 870, 0.012562064453959465
12, 26, 238, 864, 0.09191898256540298
12, 27, 389, 1104, 0.530623197555542
12, 28, 237, 1106, 0.3999813199043274
12, 29, 395, 1138, 0.5619347095489502
12, 30, 239, 1141, 0.41579538583755493
12, 31, 355, 1189, 0.10494381189346313
12, 32, 249, 1194, -0.10210176557302475
13, 0, 304, 163, -1.1364762783050537
13, 1, 324, 134, -1.118264079093933
13, 2, 335, 132, -1.1181604862213135
13, 3, 345, 130, -1.1182358264923096
13, 4, 291, 137, -1.1065194606781006
13, 5, 282, 137, -1.1064906120300293
13, 6, 274, 137, -1.106856107711792
13, 7, 364, 135, -0.7936861515045166
13, 8, 270, 141, -0.7318230867385864
13, 9, 328, 187, -1.000771164894104
13, 10, 287, 189, -0.9826579093933105
13, 11, 455, 270, -0.536544680595398
13, 12, 211, 260, -0.40033894777297974
13, 13, 499, 458, -0.656445324420929
13, 14, 93, 411, -0.25087639689445496
13, 15, 349, 489, -1.0465452671051025
13, 16, 7, 519, -0.5881357192993164
13, 17, 304, 497, -1.1456434726715088
13, 18, -32, 576, -0.6598221659660339
13, 19, 299, 472, -1.1112279891967773
13, 20, -14, 573, -0.750474750995636
13, 21, 309, 463, -1.0389978885650635
13, 22, 4, 561, -0.6372658014297485
13, 23, 412, 599, -0.056937556713819504
13, 24, 251, 595, 0.06014299392700195
13, 25, 396, 869, 0.017750747501850128
13, 26, 232, 863, 0.11998548358678818
13, 27, 384, 1103, 0.548242449760437
13, 28, 233, 1105, 0.4432590901851654
13, 29, 390, 1137, 0.5799553394317627
13, 30, 234, 1140, 0.46015238761901855
13, 31, 351, 1187, 0.12011983245611191
13, 32, 245, 1192, -0.059429366141557693
14, 0, 304, 163, -1.1616506576538086
14, 1, 324, 134, -1.1410987377166748
14, 2, 335, 132, -1.1410802602767944
14, 3, 345, 130, -1.14115309715271
14, 4, 291, 137, -1.1277639865875244
14, 5, 282, 137, -1.1278012990951538
14, 6, 274, 137, -1.1282405853271484
14, 7, 364, 136, -0.8068011999130249
14, 8, 271, 141, -0.7389084100723267
14, 9, 328, 187, -1.0227402448654175
14, 10, 287, 189, -1.0030876398086548
14, 11, 455, 271, -0.5416958928108215
14, 12, 211, 260, -0.39334529638290405
14, 13, 499, 459, -0.677412211894989
14, 14, 93, 412, -0.24779219925403595
14, 15, 360, 488, -1.1461374759674072
14, 16, 5, 520, -0.6410704255104065
14, 17, 319, 496, -1.260456919670105
14, 18, -32, 576, -0.7235578298568726
14, 19, 311, 467, -1.2407548427581787
14, 20, -15, 573, -0.8243204355239868
14, 21, 321, 460, -1.1460905075073242
14, 22, 3, 561, -0.696068525314331
14, 23, 411, 596, -0.058893341571092606
14, 24, 250, 591, 0.0622822642326355
14, 25, 396, 866, 5.622360549750738e-05
14, 26, 232, 861, 0.15874263644218445
14, 27, 384, 1102, 0.4992091655731201
14, 28, 233, 1101, 0.5161764025688171
14, 29, 390, 1136, 0.5265464782714844
14, 30, 234, 1136, 0.5352211594581604
14, 31, 351, 1184, 0.09668900072574615
14, 32, 246, 1187, 0.009849638678133488
15, 0, 304, 163, -1.144982099533081
15, 1, 324, 134, -1.1260442733764648
15, 2, 335, 132, -1.1260192394256592
15, 3, 345, 130, -1.1260629892349243
15, 4, 291, 137, -1.1138830184936523
15, 5, 282, 137, -1.1139297485351562
15, 6, 274, 137, -1.1143838167190552
15, 7, 364, 136, -0.8058544993400574
15, 8, 271, 141, -0.7463309168815613
15, 9, 328, 187, -1.0105067491531372
15, 10, 287, 189, -0.9927675127983093
15, 11, 455, 271, -0.54227614402771
15, 12, 211, 260, -0.41180533170700073
15, 13, 499, 458, -0.6619892716407776
15, 14, 93, 412, -0.2723211944103241
15, 15, 371, 488, -1.0909597873687744
15, 16, 5, 520, -0.6323856115341187
15, 17, 335, 496, -1.1923539638519287
15, 18, -31, 576, -0.7075148820877075
15, 19, 325, 466, -1.1903622150421143
15, 20, -15, 573, -0.8038333058357239
15, 21, 335, 458, -1.0993784666061401
15, 22, 3, 561, -0.684779703617096
15, 23, 411, 591, -0.05590129643678665
15, 24, 250, 588, 0.05934029817581177
15, 25, 396, 861, -0.008830700069665909
15, 26, 232, 857, 0.15298070013523102
15, 27, 384, 1097, 0.4783615469932556
15, 28, 232, 1097, 0.45811915397644043
15, 29, 389, 1132, 0.504853367805481
15, 30, 234, 1132, 0.46968594193458557
15, 31, 351, 1179, 0.059465013444423676
15, 32, 246, 1182, -0.056015223264694214
16, 0, 304, 163, -1.0302530527114868
16, 1, 324, 134, -1.0124571323394775
16, 2, 335, 132, -1.0124634504318237
16, 3, 345, 131, -1.012608528137207
16, 4, 292, 137, -1.0021106004714966
16, 5, 283, 137, -1.0021424293518066
16, 6, 275, 137, -1.0025861263275146
16, 7, 364, 136, -0.7124074697494507
16, 8, 271, 141, -0.6577186584472656
16, 9, 329, 187, -0.9045253992080688
16, 10, 288, 189, -0.8885893821716309
16, 11, 455, 271, -0.4792920649051666
16, 12, 211, 259, -0.3548402488231659
16, 13, 499, 458, -0.5770639777183533
16, 14, 93, 412, -0.21745209395885468
16, 15, 372, 488, -0.9377767443656921
16, 16, 5, 520, -0.5407249331474304
16, 17, 333, 496, -1.0294246673583984
16, 18, -32, 576, -0.602178156375885
16, 19, 324, 466, -1.006656289100647
16, 20, -15, 572, -0.698444128036499
16, 21, 333, 458, -0.9352080225944519
16, 22, 3, 560, -0.5918868184089661
16, 23, 410, 591, -0.055889248847961426
16, 24, 250, 588, 0.059323929250240326
16, 25, 396, 861, -0.017001841217279434
16, 26, 233, 857, 0.11645951122045517
16, 27, 384, 1097, 0.4644398093223572
16, 28, 234, 1097, 0.4040810167789459
16, 29, 389, 1131, 0.4926937520503998
16, 30, 235, 1132, 0.41678160429000854
16, 31, 351, 1179, 0.04353006184101105
16, 32, 247, 1182, -0.0867307037115097
17, 0, 305, 163, -1.0388538837432861
17, 1, 324, 134, -1.0210819244384766
17, 2, 335, 132, -1.0210868120193481
17, 3, 345, 131, -1.0212080478668213
17, 4, 292, 137, -1.011012315750122
17, 5, 283, 137, -1.01093590259552
17, 6, 275, 138, -1.0113880634307861
17, 7, 364, 136, -0.7243684530258179
17, 8, 271, 141, -0.6709800958633423
17, 9, 329, 187, -0.915911078453064
17, 10, 288, 189, -0.9003942608833313
17, 11, 455, 271, -0.4930996000766754
17, 12, 212, 259, -0.36293163895606995
17, 13, 499, 458, -0.5931405425071716
17, 14, 93, 412, -0.23362211883068085
17, 15, 373, 488, -0.9711877107620239
17, 16, 4, 522, -0.5684608817100525
17, 17, 335, 497, -1.0662099123001099
17, 18, -32, 579, -0.6325331926345825
17, 19, 326, 466, -1.0402287244796753
17, 20, -15, 577, -0.7293745279312134
17, 21, 335, 459, -0.966934084892273
17, 22, 3, 564, -0.6203974485397339
17, 23, 409, 590, -0.05637291073799133
17, 24, 249, 586, 0.059851426631212234
17, 25, 393, 859, -0.04403800517320633
17, 26, 231, 855, 0.1148587092757225
17, 27, 379, 1096, 0.42091187834739685
17, 28, 230, 1096, 0.3596786856651306
17, 29, 384, 1131, 0.44663915038108826
17, 30, 230, 1132, 0.36897099018096924
17, 31, 345, 1179, -0.003224046202376485
17, 32, 243, 1181, -0.13257721066474915
18, 0, 305, 163, -1.1438695192337036
18, 1, 324, 134, -1.1219078302383423
18, 2, 335, 132, -1.1220600605010986
18, 3, 346, 131, -1.122146725654602
18, 4, 292, 137, -1.1082208156585693
18, 5, 283, 137, -1.1083413362503052
18, 6, 275, 137, -1.1088635921478271
18, 7, 364, 136, -0.7924188375473022
18, 8, 271, 141, -0.7257777452468872
18, 9, 329, 187, -1.0066282749176025
18, 10, 288, 189, -0.9875577092170715
18, 11, 454, 271, -0.5327005982398987
18, 12, 212, 259, -0.36937135457992554
18, 13, 499, 458, -0.6534963846206665
18, 14, 93, 412, -0.2336641103029251
18, 15, 373, 488, -1.0930676460266113
18, 16, 4, 523, -0.603175699710846
18, 17, 335, 496, -1.2019355297088623
18, 18, -33, 579, -0.6821526288986206
18, 19, 325, 465, -1.1897990703582764
18, 20, -16, 576, -0.7850342392921448
18, 21, 334, 458, -1.0952479839324951
18, 22, 2, 564, -0.6588524580001831
18, 23, 407, 590, -0.058848440647125244
18, 24, 248, 586, 0.06218264624476433
18, 25, 391, 858, -0.04661617428064346
18, 26, 231, 853, 0.08170367777347565
18, 27, 378, 1096, 0.4258878231048584
18, 28, 230, 1096, 0.3587990999221802
18, 29, 383, 1130, 0.45200562477111816
18, 30, 231, 1132, 0.36806854605674744
18, 31, 345, 1178, -0.0029630730859935284
18, 32, 243, 1180, -0.1429661512374878
19, 0, 305, 163, -1.106184482574463
19, 1, 325, 134, -1.087491750717163
19, 2, 335, 132, -1.0877131223678589
19, 3, 346, 131, -1.0878031253814697
19, 4, 292, 137, -1.0730845928192139
19, 5, 283, 137, -1.0732377767562866
19, 6, 276, 137, -1.0738263130187988
19, 7, 364, 136, -0.7765668034553528
19, 8, 271, 141, -0.7068547606468201
19, 9, 329, 187, -0.9748799204826355
19, 10, 289, 189, -0.9551928639411926
19, 11, 455, 272, -0.5234229564666748
19, 12, 212, 258, -0.35692712664604187
19, 13, 499, 459, -0.6321433782577515
19, 14, 93, 412, -0.22418132424354553
19, 15, 371, 488, -1.022289752960205
19, 16, 3, 523, -0.5807315111160278
19, 17, 333, 496, -1.1190673112869263
19, 18, -34, 579, -0.6539522409439087
19, 19, 323, 465, -1.1053344011306763
19, 20, -18, 576, -0.7533358335494995
19, 21, 332, 458, -1.021959662437439
19, 22, 1, 564, -0.6348460912704468
19, 23, 407, 590, -0.05845632404088974
19, 24, 249, 586, 0.0617087185382843
19, 25, 391, 852, -0.04642914608120918
19, 26, 232, 846, 0.07749895751476288
19, 27, 379, 1086, 0.4189364016056061
19, 28, 232, 1088, 0.3570491075515747
19, 29, 383, 1121, 0.44463953375816345
19, 30, 234, 1125, 0.36797696352005005
19, 31, 347, 1168, -6.189932173583657e-05
19, 32, 244, 1170, -0.11440201103687286
20, 0, 306, 163, -1.0058574676513672
20, 1, 325, 134, -0.9864872097969055
20, 2, 336, 132, -0.986580491065979
20, 3, 346, 131, -0.9866474270820618
20, 4, 293, 137, -0.9742436408996582
20, 5, 284, 137, -0.974273681640625
20, 6, 276, 137, -0.9747887849807739
20, 7, 364, 136, -0.6935849785804749
20, 8, 271, 141, -0.6297227144241333
20, 9, 329, 187, -0.8833271861076355
20, 10, 289, 189, -0.8653823733329773
20, 11, 455, 272, -0.48251819610595703
20, 12, 212, 258, -0.32274559140205383
20, 13, 499, 459, -0.5869397521018982
20, 14, 93, 412, -0.19930094480514526
20, 15, 368, 488, -0.9122710227966309
20, 16, 2, 523, -0.5357756614685059
20, 17, 325, 497, -1.0010943412780762
20, 18, -37, 579, -0.60251384973526
20, 19, 315, 468, -0.9712983965873718
20, 20, -20, 576, -0.698388934135437
20, 21, 325, 460, -0.904981791973114
20, 22, 0, 564, -0.5882700681686401
20, 23, 407, 590, -0.059185732156038284
20, 24, 249, 586, 0.06249617785215378
20, 25, 391, 854, -0.06377873569726944
20, 26, 232, 848, 0.07692785561084747
20, 27, 379, 1090, 0.3769087493419647
20, 28, 232, 1091, 0.3121563196182251
20, 29, 383, 1125, 0.40057292580604553
20, 30, 233, 1128, 0.3206021189689636
20, 31, 347, 1173, -0.03394218161702156
20, 32, 244, 1174, -0.15500657260417938
21, 0, 307, 163, -0.953148365020752
21, 1, 326, 134, -0.933275580406189
21, 2, 337, 132, -0.9332526922225952
21, 3, 347, 130, -0.9332687258720398
21, 4, 294, 136, -0.9251097440719604
21, 5, 284, 136, -0.9250661134719849
21, 6, 277, 136, -0.9255455732345581
21, 7, 365, 135, -0.6437546014785767
21, 8, 272, 141, -0.5990182161331177
21, 9, 330, 187, -0.8325381278991699
21, 10, 290, 189, -0.8199871778488159
21, 11, 455, 272, -0.44362860918045044
21, 12, 212, 259, -0.3275796175003052
21, 13, 499, 459, -0.5510534048080444
21, 14, 93, 412, -0.20922330021858215
21, 15, 362, 489, -0.8449811935424805
21, 16, 2, 523, -0.5348106026649475
21, 17, 318, 498, -0.9267269372940063
21, 18, -38, 579, -0.6015428304672241
21, 19, 306, 472, -0.8954710960388184
21, 20, -21, 576, -0.6906369924545288
21, 21, 316, 463, -0.8372836112976074
21, 22, -1, 564, -0.5844653844833374
21, 23, 408, 593, -0.0505513958632946
21, 24, 249, 589, 0.05393322557210922
21, 25, 391, 860, -0.0373675599694252
21, 26, 232, 855, 0.04173764958977699
21, 27, 379, 1095, 0.38554853200912476
21, 28, 232, 1097, 0.254077285528183
21, 29, 384, 1128, 0.4109015464782715
21, 30, 233, 1131, 0.2611962854862213
21, 31, 347, 1180, -0.02385317161679268
21, 32, 244, 1182, -0.221731498837471
22, 0, 308, 163, -0.9424663782119751
22, 1, 327, 133, -0.9191451072692871
22, 2, 338, 132, -0.9191924929618835
22, 3, 348, 130, -0.9192842245101929
22, 4, 294, 136, -0.9106343388557434
22, 5, 284, 136, -0.9106311798095703
22, 6, 277, 136, -0.9111148715019226
22, 7, 366, 135, -0.6123292446136475
22, 8, 272, 141, -0.5657669305801392
22, 9, 331, 187, -0.8158100247383118
22, 10, 290, 189, -0.8027662038803101
22, 11, 455, 271, -0.39769071340560913
22, 12, 212, 259, -0.2866706848144531
22, 13, 499, 458, -0.5190429091453552
22, 14, 93, 409, -0.17170456051826477
22, 15, 361, 489, -0.8731521368026733
22, 16, 2, 521, -0.5137529373168945
22, 17, 317, 499, -0.9649648666381836
22, 18, -38, 574, -0.5849899053573608
22, 19, 305, 474, -0.9359344244003296
22, 20, -21, 572, -0.6751355528831482
22, 21, 315, 464, -0.8676673173904419
22, 22, -1, 560, -0.5638270974159241
22, 23, 411, 595, -0.05003422498703003
22, 24, 251, 591, 0.053469397127628326
22, 25, 395, 864, -0.03715277463197708
22, 26, 234, 859, 0.04269910976290703
22, 27, 383, 1100, 0.40092945098876953
22, 28, 234, 1100, 0.27320754528045654
22, 29, 388, 1133, 0.4268212914466858
22, 30, 234, 1134, 0.2820933163166046
22, 31, 349, 1183, -0.011088487692177296
22, 32, 247, 1186, -0.2088654488325119
23, 0, 308, 163, -0.9793132543563843
23, 1, 327, 133, -0.9575967788696289
23, 2, 338, 131, -0.9576296806335449
23, 3, 349, 130, -0.9577102661132812
23, 4, 295, 136, -0.947614848613739
23, 5, 285, 136, -0.9476251602172852
23, 6, 277, 136, -0.9481045603752136
23, 7, 367, 135, -0.6493159532546997
23, 8, 272, 141, -0.5956248044967651
23, 9, 332, 187, -0.851529598236084
23, 10, 291, 189, -0.8365243673324585
23, 11, 455, 271, -0.42718663811683655
23, 12, 212, 259, -0.3012439012527466
23, 13, 501, 458, -0.5320799946784973
23, 14, 93, 405, -0.16795778274536133
23, 15, 361, 489, -0.9342962503433228
23, 16, -1, 510, -0.488678514957428
23, 17, 316, 499, -1.0270764827728271
23, 18, -42, 564, -0.5551127195358276
23, 19, 304, 475, -0.9818457365036011
23, 20, -26, 563, -0.6493461728096008
23, 21, 314, 465, -0.9246399998664856
23, 22, -6, 552, -0.5399746894836426
23, 23, 411, 596, -0.050872765481472015
23, 24, 251, 592, 0.054391611367464066
23, 25, 396, 868, -0.02361574023962021
23, 26, 235, 864, 0.0674123466014862
23, 27, 383, 1103, 0.46567049622535706
23, 28, 234, 1104, 0.33122938871383667
23, 29, 389, 1137, 0.4950163960456848
23, 30, 234, 1138, 0.3424704372882843
23, 31, 350, 1187, 0.0426892414689064
23, 32, 247, 1192, -0.17391550540924072
24, 0, 308, 163, -0.9141302108764648
24, 1, 327, 134, -0.8921868205070496
24, 2, 338, 132, -0.8922306299209595
24, 3, 349, 130, -0.8923705220222473
24, 4, 295, 136, -0.8795528411865234
24, 5, 285, 137, -0.8794673681259155
24, 6, 277, 137, -0.8798922300338745
24, 7, 367, 136, -0.5803722739219666
24, 8, 272, 141, -0.5130661129951477
24, 9, 332, 188, -0.7853376269340515
24, 10, 291, 190, -0.7665815353393555
24, 11, 455, 271, -0.38155239820480347
24, 12, 213, 259, -0.2154529094696045
24, 13, 501, 458, -0.5247410535812378
24, 14, 93, 400, -0.13241484761238098
24, 15, 359, 489, -0.9170920252799988
24, 16, -2, 495, -0.5258983373641968
24, 17, 314, 499, -1.0150854587554932
24, 18, -44, 546, -0.6046143174171448
24, 19, 301, 475, -0.9751788973808289
24, 20, -26, 545, -0.6950571537017822
24, 21, 311, 465, -0.9075993299484253
24, 22, -6, 534, -0.5786963105201721
24, 23, 415, 597, -0.0557522252202034
24, 24, 253, 594, 0.059367768466472626
24, 25, 402, 869, -0.024803338572382927
24, 26, 240, 865, 0.10804921388626099
24, 27, 390, 1104, 0.45753827691078186
24, 28, 238, 1105, 0.39584869146347046
24, 29, 395, 1138, 0.4856511652469635
24, 30, 238, 1139, 0.41013026237487793
24, 31, 354, 1188, 0.0352696068584919
24, 32, 253, 1193, -0.10022024810314178
25, 0, 305, 166, -0.5942701697349548
25, 1, 325, 135, -0.5868033766746521
25, 2, 336, 133, -0.5868561267852783
25, 3, 347, 132, -0.5869181156158447
25, 4, 292, 138, -0.5678739547729492
25, 5, 283, 138, -0.5679224133491516
25, 6, 275, 139, -0.5684453248977661
25, 7, 366, 136, -0.32406729459762573
25, 8, 272, 142, -0.2353212833404541
25, 9, 330, 191, -0.48132434487342834
25, 10, 289, 192, -0.4572535455226898
25, 11, 455, 270, -0.14692141115665436
25, 12, 215, 256, -0.03800378367304802
25, 13, 501, 458, -0.21918828785419464
25, 14, 98, 381, -0.4054509699344635
25, 15, 358, 490, -0.44343534111976624
25, 16, 36, 412, -1.296298861503601
25, 17, 310, 500, -0.4904806613922119
25, 18, 0, 422, -1.4327365159988403
25, 19, 299, 476, -0.48310667276382446
25, 20, 34, 414, -1.4315035343170166
25, 21, 310, 466, -0.4345061182975769
25, 22, 56, 414, -1.3216278553009033
25, 23, 417, 597, -0.03315892815589905
25, 24, 260, 594, 0.036061666905879974
25, 25, 407, 850, 0.022203002125024796
25, 26, 250, 846, 0.14214707911014557
25, 27, 404, 1075, 0.41607943177223206
25, 28, 256, 1076, 0.41022032499313354
25, 29, 410, 1103, 0.43594223260879517
25, 30, 256, 1106, 0.42336153984069824
25, 31, 373, 1160, 0.03693997114896774
25, 32, 267, 1159, 0.00453645084053278
26, 0, 301, 168, -0.667238712310791
26, 1, 321, 136, -0.6513310670852661
26, 2, 333, 134, -0.6515179872512817
26, 3, 344, 132, -0.6515939831733704
26, 4, 288, 140, -0.6288886070251465
26, 5, 280, 140, -0.6288620233535767
26, 6, 272, 140, -0.6293398141860962
26, 7, 365, 136, -0.36870941519737244
26, 8, 272, 142, -0.2600826323032379
26, 9, 328, 193, -0.5505773425102234
26, 10, 288, 194, -0.5217947363853455
26, 11, 455, 270, -0.23200099170207977
26, 12, 215, 256, -0.007509785704314709
26, 13, 501, 459, -0.3405744135379791
26, 14, 91, 373, -0.4836173951625824
26, 15, 355, 490, -0.5179551839828491
26, 16, 69, 285, -1.3476231098175049
26, 17, 303, 500, -0.5572758316993713
26, 18, 66, 266, -1.4692635536193848
26, 19, 295, 476, -0.5144864320755005
26, 20, 79, 246, -1.4259322881698608
26, 21, 305, 467, -0.4929649233818054
26, 22, 90, 258, -1.3551642894744873
26, 23, 417, 597, -0.035048067569732666
26, 24, 259, 594, 0.03823959082365036
26, 25, 411, 850, 0.017132261767983437
26, 26, 250, 847, 0.22025620937347412
26, 27, 411, 1077, 0.42053571343421936
26, 28, 262, 1078, 0.5875864624977112
26, 29, 418, 1106, 0.4389469623565674
26, 30, 263, 1108, 0.6117008924484253
26, 31, 384, 1161, 0.033949580043554306
26, 32, 276, 1163, 0.1542152613401413
27, 0, 295, 173, -0.7261329889297485
27, 1, 316, 141, -0.685570478439331
27, 2, 329, 139, -0.6856487989425659
27, 3, 340, 137, -0.6851731538772583
27, 4, 284, 144, -0.6931717395782471
27, 5, 276, 144, -0.6933953762054443
27, 6, 268, 144, -0.6938111186027527
27, 7, 362, 139, -0.4591713547706604
27, 8, 270, 145, -0.38323861360549927
27, 9, 324, 198, -0.5764049887657166
27, 10, 285, 197, -0.6054502129554749
27, 11, 455, 270, -0.2831263542175293
27, 12, 215, 256, -0.09261377900838852
27, 13, 500, 459, -0.409919410943985
27, 14, 75, 376, -0.5876039862632751
27, 15, 348, 492, -0.6099379658699036
27, 16, 132, 211, -1.3793861865997314
27, 17, 289, 501, -0.660116970539093
27, 18, 169, 173, -1.520470380783081
27, 19, 282, 477, -0.6102814674377441
27, 20, 186, 168, -1.4165444374084473
27, 21, 294, 467, -0.5847880244255066
27, 22, 185, 181, -1.3606072664260864
27, 23, 419, 600, -0.04664083570241928
27, 24, 256, 598, 0.04933803901076317
27, 25, 415, 856, 0.010402984917163849
27, 26, 250, 853, 0.2353331297636032
27, 27, 411, 1082, 0.4578852653503418
27, 28, 261, 1079, 0.6681081056594849
27, 29, 418, 1108, 0.4784471094608307
27, 30, 261, 1111, 0.699172854423523
27, 31, 387, 1169, -0.0025911552365869284
27, 32, 280, 1173, 0.1592174470424652
28, 0, 295, 175, -0.6579638123512268
28, 1, 314, 143, -0.626676619052887
28, 2, 327, 141, -0.6266835331916809
28, 3, 338, 139, -0.6265281438827515
28, 4, 283, 146, -0.6049882769584656
28, 5, 275, 146, -0.604885995388031
28, 6, 267, 146, -0.6053885817527771
28, 7, 360, 141, -0.32936573028564453
28, 8, 268, 148, -0.20383982360363007
28, 9, 323, 200, -0.5393821001052856
28, 10, 284, 199, -0.5108577609062195
28, 11, 452, 269, -0.20100076496601105
28, 12, 216, 257, 0.00022039271425455809
28, 13, 499, 457, -0.3514536917209625
28, 14, 70, 355, -0.5174969434738159
28, 15, 348, 493, -0.528607189655304
28, 16, 179, 173, -1.1620502471923828
28, 17, 292, 503, -0.5836653709411621
28, 18, 219, 134, -1.2939647436141968
28, 19, 285, 478, -0.52631014585495
28, 20, 232, 129, -1.192399024963379
28, 21, 295, 468, -0.504785418510437
28, 22, 230, 147, -1.1411731243133545
28, 23, 425, 603, -0.051538825035095215
28, 24, 258, 604, 0.05417786166071892
28, 25, 424, 859, -0.005458989646285772
28, 26, 260, 859, 0.20226559042930603
28, 27, 420, 1086, 0.4366336762905121
28, 28, 270, 1084, 0.6016127467155457
28, 29, 427, 1111, 0.45436891913414
28, 30, 267, 1112, 0.617739737033844
28, 31, 397, 1173, -0.04300457239151001
28, 32, 293, 1179, 0.06994382292032242
29, 0, 295, 175, -0.675556480884552
29, 1, 314, 144, -0.6399665474891663
29, 2, 326, 141, -0.6399075984954834
29, 3, 337, 140, -0.639712393283844
29, 4, 283, 148, -0.6184021234512329
29, 5, 275, 148, -0.6182743310928345
29, 6, 266, 148, -0.618806779384613
29, 7, 357, 142, -0.31781455874443054
29, 8, 267, 151, -0.2003481090068817
29, 9, 323, 201, -0.553138017654419
29, 10, 284, 201, -0.5228736996650696
29, 11, 451, 268, -0.1703532189130783
29, 12, 217, 260, -0.018893640488386154
29, 13, 498, 457, -0.3103990852832794
29, 14, 67, 339, -0.586408257484436
29, 15, 348, 493, -0.47100216150283813
29, 16, 185, 175, -1.2611784934997559
29, 17, 293, 504, -0.5164502263069153
29, 18, 223, 134, -1.3972009420394897
29, 19, 286, 479, -0.4534085690975189
29, 20, 239, 127, -1.275205135345459
29, 21, 297, 468, -0.443596750497818
29, 22, 237, 144, -1.2325961589813232
29, 23, 427, 608, -0.052553754299879074
29, 24, 258, 611, 0.05521545931696892
29, 25, 427, 867, -0.03645589202642441
29, 26, 262, 868, 0.13850846886634827
29, 27, 421, 1098, 0.39831510186195374
29, 28, 270, 1099, 0.4321555495262146
29, 29, 428, 1124, 0.4142930507659912
29, 30, 268, 1127, 0.4464389681816101
29, 31, 397, 1183, -0.09138678014278412
29, 32, 291, 1192, -0.10888882726430893
30, 0, 295, 175, -0.6603440642356873
30, 1, 313, 144, -0.6262415647506714
30, 2, 326, 141, -0.6261177659034729
30, 3, 336, 139, -0.6259438991546631
30, 4, 283, 147, -0.6029909253120422
30, 5, 275, 148, -0.6028438806533813
30, 6, 267, 148, -0.6033481955528259
30, 7, 357, 141, -0.3166986107826233
30, 8, 267, 151, -0.19282488524913788
30, 9, 322, 200, -0.5446020364761353
30, 10, 284, 201, -0.5119197964668274
30, 11, 450, 268, -0.18298551440238953
30, 12, 219, 260, -0.014767467975616455
30, 13, 497, 458, -0.32958510518074036
30, 14, 67, 334, -0.5552685856819153
30, 15, 348, 495, -0.4857179522514343
30, 16, 179, 179, -1.2003123760223389
30, 17, 294, 506, -0.5328730344772339
30, 18, 212, 133, -1.3349610567092896
30, 19, 287, 481, -0.46953266859054565
30, 20, 227, 126, -1.2172999382019043
30, 21, 297, 470, -0.459047794342041
30, 22, 227, 143, -1.1741349697113037
30, 23, 429, 608, -0.052656155079603195
30, 24, 259, 610, 0.05529363825917244
30, 25, 430, 867, -0.03550012409687042
30, 26, 267, 868, 0.1070202961564064
30, 27, 425, 1099, 0.4030744135379791
30, 28, 275, 1100, 0.37842655181884766
30, 29, 432, 1126, 0.42091435194015503
30, 30, 272, 1127, 0.3925320506095886
30, 31, 401, 1184, -0.07415993511676788
30, 32, 296, 1193, -0.14880573749542236
31, 0, 297, 175, -0.6432905197143555
31, 1, 314, 143, -0.6064783334732056
31, 2, 326, 141, -0.6063579320907593
31, 3, 336, 139, -0.606160044670105
31, 4, 283, 147, -0.5868766903877258
31, 5, 275, 147, -0.586736798286438
31, 6, 267, 148, -0.5872817039489746
31, 7, 356, 141, -0.2897365093231201
31, 8, 267, 150, -0.1829873025417328
31, 9, 324, 200, -0.5246919393539429
31, 10, 285, 201, -0.4968807101249695
31, 11, 450, 266, -0.15014176070690155
31, 12, 220, 260, -0.023712193593382835
31, 13, 497, 458, -0.2822490930557251
31, 14, 65, 331, -0.5876121520996094
31, 15, 348, 495, -0.4355563223361969
31, 16, 177, 177, -1.2330242395401
31, 17, 295, 506, -0.4797542691230774
31, 18, 211, 129, -1.3693419694900513
31, 19, 287, 481, -0.41800323128700256
31, 20, 226, 121, -1.2478845119476318
31, 21, 297, 470, -0.40951457619667053
31, 22, 225, 138, -1.2050679922103882
31, 23, 431, 608, -0.0496022067964077
31, 24, 260, 610, 0.05230281502008438
31, 25, 432, 867, -0.02584436535835266
31, 26, 271, 868, 0.09129251539707184
31, 27, 428, 1099, 0.40946945548057556
31, 28, 279, 1101, 0.3632245361804962
31, 29, 435, 1126, 0.4250550866127014
31, 30, 276, 1128, 0.3781612515449524
31, 31, 406, 1184, -0.061766624450683594
31, 32, 302, 1192, -0.15389223396778107
32, 0, 299, 174, -0.6177127957344055
32, 1, 315, 142, -0.579006016254425
32, 2, 326, 140, -0.5788604617118835
32, 3, 337, 138, -0.5787086486816406
32, 4, 284, 146, -0.5621002316474915
32, 5, 276, 147, -0.5619677305221558
32, 6, 267, 148, -0.5624492764472961
32, 7, 356, 141, -0.2675777077674866
32, 8, 267, 150, -0.1728276014328003
32, 9, 326, 199, -0.5022082328796387
32, 10, 286, 201, -0.4777420163154602
32, 11, 450, 266, -0.13898560404777527
32, 12, 220, 260, -0.01637088507413864
32, 13, 497, 457, -0.27281999588012695
32, 14, 65, 331, -0.5408961176872253
32, 15, 349, 496, -0.42584556341171265
32, 16, 178, 173, -1.1539186239242554
32, 17, 296, 507, -0.4775005877017975
32, 18, 211, 125, -1.2744457721710205
32, 19, 288, 482, -0.41894426941871643
32, 20, 225, 117, -1.1790614128112793
32, 21, 297, 471, -0.40350574254989624
32, 22, 225, 134, -1.1815952062606812
32, 23, 432, 607, -0.04883929342031479
32, 24, 262, 609, 0.051573581993579865
32, 25, 433, 867, -0.023759540170431137
32, 26, 274, 869, 0.06555724889039993
32, 27, 430, 1100, 0.4104223847389221
32, 28, 284, 1102, 0.30327147245407104
32, 29, 438, 1128, 0.4275905191898346
32, 30, 281, 1130, 0.3143765926361084
32, 31, 408, 1184, -0.05465611815452576
32, 32, 308, 1194, -0.21496650576591492
33, 0, 300, 174, -0.6053352952003479
33, 1, 315, 142, -0.57114177942276
33, 2, 326, 140, -0.5709501504898071
33, 3, 337, 138, -0.5708549618721008
33, 4, 284, 146, -0.5530946850776672
33, 5, 276, 147, -0.5529206991195679
33, 6, 267, 148, -0.5533791780471802
33, 7, 356, 141, -0.2705022692680359
33, 8, 267, 151, -0.16938987374305725
33, 9, 326, 199, -0.49273115396499634
33, 10, 287, 201, -0.4663613736629486
33, 11, 450, 266, -0.14582905173301697
33, 12, 221, 260, 0.0019839575979858637
33, 13, 497, 457, -0.2856278419494629
33, 14, 66, 332, -0.5107303857803345
33, 15, 349, 497, -0.4448948800563812
33, 16, 178, 175, -1.0145118236541748
33, 17, 299, 511, -0.5015473365783691
33, 18, 212, 127, -1.1440155506134033
33, 19, 288, 483, -0.44206395745277405
33, 20, 227, 119, -1.017478346824646
33, 21, 297, 471, -0.42284059524536133
33, 22, 227, 136, -0.9928706288337708
33, 23, 432, 607, -0.04894128069281578
33, 24, 263, 609, 0.051688652485609055
33, 25, 432, 868, -0.015963880345225334
33, 26, 273, 870, 0.07477162033319473
33, 27, 429, 1102, 0.41954588890075684
33, 28, 281, 1105, 0.3307090997695923
33, 29, 436, 1130, 0.4366602897644043
33, 30, 279, 1132, 0.3436424136161804
33, 31, 405, 1186, -0.048861220479011536
33, 32, 305, 1196, -0.1816253364086151
34, 0, 301, 174, -0.5992965698242188
34, 1, 316, 142, -0.564932107925415
34, 2, 327, 140, -0.5647685527801514
34, 3, 337, 138, -0.5646534562110901
34, 4, 285, 146, -0.5453281998634338
34, 5, 277, 147, -0.5451656579971313
34, 6, 268, 148, -0.545628547668457
34, 7, 357, 142, -0.2656974792480469
34, 8, 267, 151, -0.15867841243743896
34, 9, 327, 199, -0.48809224367141724
34, 10, 287, 201, -0.4600943922996521
34, 11, 449, 266, -0.14817991852760315
34, 12, 222, 260, 0.022298051044344902
34, 13, 497, 458, -0.3013215661048889
34, 14, 66, 332, -0.47419700026512146
34, 15, 350, 497, -0.4724697470664978
34, 16, 178, 181, -0.9876856803894043
34, 17, 299, 511, -0.5299263596534729
34, 18, 212, 132, -1.1158607006072998
34, 19, 288, 482, -0.46766939759254456
34, 20, 228, 124, -0.9896430969238281
34, 21, 297, 471, -0.44952645897865295
34, 22, 228, 141, -0.9606841206550598
34, 23, 432, 607, -0.05071922019124031
34, 24, 263, 610, 0.05350454896688461
34, 25, 432, 869, -0.024569353088736534
34, 26, 274, 872, 0.07847239077091217
34, 27, 429, 1105, 0.4075561463832855
34, 28, 281, 1107, 0.333686888217926
34, 29, 436, 1133, 0.42441296577453613
34, 30, 278, 1135, 0.34654372930526733
34, 31, 404, 1189, -0.0650397539138794
34, 32, 305, 1199, -0.18335747718811035
35, 0, 302, 174, -0.6241962909698486
35, 1, 317, 143, -0.5898775458335876
35, 2, 328, 141, -0.589710533618927
35, 3, 338, 139, -0.589617133140564
35, 4, 285, 147, -0.5731889009475708
35, 5, 277, 147, -0.5730138421058655
35, 6, 269, 148, -0.5734683275222778
35, 7, 357, 142, -0.2807219922542572
35, 8, 267, 152, -0.18769016861915588
35, 9, 328, 200, -0.5083285570144653
35, 10, 288, 202, -0.4839032292366028
35, 11, 449, 266, -0.15033499896526337
35, 12, 222, 260, -0.00469117471948266
35, 13, 497, 458, -0.2979303002357483
35, 14, 67, 332, -0.5054258704185486
35, 15, 350, 497, -0.47137731313705444
35, 16, 179, 179, -1.0265862941741943
35, 17, 300, 510, -0.5319480299949646
35, 18, 214, 131, -1.1637661457061768
35, 19, 288, 482, -0.47280353307724
35, 20, 229, 122, -0.9931436777114868
35, 21, 298, 471, -0.4501282274723053
35, 22, 228, 139, -0.9865916967391968
35, 23, 432, 607, -0.04968414455652237
35, 24, 263, 610, 0.05250392481684685
35, 25, 432, 870, -0.01364164799451828
35, 26, 273, 872, 0.07241906225681305
35, 27, 428, 1105, 0.42006438970565796
35, 28, 280, 1108, 0.32558923959732056
35, 29, 435, 1134, 0.4368283748626709
35, 30, 277, 1136, 0.3383696973323822
35, 31, 403, 1189, -0.05357327312231064
35, 32, 303, 1199, -0.19402320683002472
36, 0, 304, 175, -0.6370574235916138
36, 1, 318, 143, -0.6027519106864929
36, 2, 329, 141, -0.6025753617286682
36, 3, 339, 139, -0.6024835109710693
36, 4, 286, 147, -0.5875087976455688
36, 5, 278, 148, -0.5873450636863708
36, 6, 269, 148, -0.5877982378005981
36, 7, 357, 143, -0.29156094789505005
36, 8, 267, 153, -0.20461304485797882
36, 9, 329, 200, -0.5198392868041992
36, 10, 289, 202, -0.49719685316085815
36, 11, 449, 266, -0.14882458746433258
36, 12, 222, 261, -0.01565978303551674
36, 13, 497, 458, -0.2808549404144287
36, 14, 67, 332, -0.5022839903831482
36, 15, 352, 497, -0.4478186070919037
36, 16, 180, 179, -1.0146923065185547
36, 17, 303, 510, -0.5077634453773499
36, 18, 215, 131, -1.147650957107544
36, 19, 291, 482, -0.44980883598327637
36, 20, 230, 123, -1.0130980014801025
36, 21, 301, 471, -0.4277578890323639
36, 22, 229, 140, -0.983294665813446
36, 23, 432, 607, -0.04574081674218178
36, 24, 263, 610, 0.048585571348667145
36, 25, 431, 869, 0.01138993352651596
36, 26, 272, 872, 0.07053244113922119
36, 27, 427, 1105, 0.46640104055404663
36, 28, 279, 1108, 0.33285000920295715
36, 29, 435, 1134, 0.48651641607284546
36, 30, 277, 1136, 0.34665805101394653
36, 31, 402, 1189, 0.006607219576835632
36, 32, 302, 1199, -0.18435657024383545
37, 0, 304, 175, -0.6280645728111267
37, 1, 319, 143, -0.5912850499153137
37, 2, 330, 141, -0.5911234617233276
37, 3, 340, 139, -0.5909924507141113
37, 4, 287, 147, -0.5786367654800415
37, 5, 278, 148, -0.578476071357727
37, 6, 270, 148, -0.5789477229118347
37, 7, 357, 143, -0.27603521943092346
37, 8, 267, 153, -0.2010101079940796
37, 9, 330, 200, -0.5101290941238403
37, 10, 289, 202, -0.4908348023891449
37, 11, 449, 266, -0.13380835950374603
37, 12, 222, 262, -0.022229889407753944
37, 13, 497, 457, -0.26425594091415405
37, 14, 67, 333, -0.5049638152122498
37, 15, 356, 496, -0.4409826397895813
37, 16, 180, 180, -1.0189083814620972
37, 17, 308, 509, -0.5004537105560303
37, 18, 216, 131, -1.1497137546539307
37, 19, 294, 482, -0.4443269371986389
37, 20, 230, 123, -1.0303884744644165
37, 21, 305, 471, -0.4218274652957916
37, 22, 229, 140, -0.992986798286438
37, 23, 432, 607, -0.04454204440116882
37, 24, 263, 610, 0.047430895268917084
37, 25, 432, 870, 0.007467052899301052
37, 26, 273, 873, 0.05834610015153885
37, 27, 427, 1105, 0.45899757742881775
37, 28, 279, 1108, 0.3127036392688751
37, 29, 434, 1134, 0.4790423512458801
37, 30, 277, 1137, 0.3261314630508423
37, 31, 403, 1190, -0.0005057136295363307
37, 32, 302, 1199, -0.2048463523387909
38, 0, 305, 175, -0.6357556581497192
38, 1, 320, 143, -0.6002522706985474
38, 2, 330, 141, -0.6000915765762329
38, 3, 340, 139, -0.5999968647956848
38, 4, 288, 147, -0.5867982506752014
38, 5, 279, 148, -0.586637020111084
38, 6, 270, 148, -0.5870848298072815
38, 7, 357, 143, -0.2865319550037384
38, 8, 267, 153, -0.2079189568758011
38, 9, 331, 200, -0.5175567269325256
38, 10, 290, 203, -0.49734774231910706
38, 11, 449, 266, -0.14283150434494019
38, 12, 222, 262, -0.025961916893720627
38, 13, 497, 457, -0.27647674083709717
38, 14, 67, 334, -0.5037569403648376
38, 15, 356, 496, -0.4575926661491394
38, 16, 179, 182, -1.0201901197433472
38, 17, 308, 508, -0.5179110765457153
38, 18, 214, 133, -1.1519114971160889
38, 19, 295, 480, -0.46095117926597595
38, 20, 229, 124, -1.0390667915344238
38, 21, 306, 470, -0.43770718574523926
38, 22, 229, 142, -0.9981943368911743
38, 23, 432, 607, -0.04467391595244408
38, 24, 263, 611, 0.0475652776658535
38, 25, 432, 871, 0.0059486208483576775
38, 26, 274, 874, 0.0613405816257
38, 27, 428, 1107, 0.45902758836746216
38, 28, 281, 1110, 0.3227282166481018
38, 29, 435, 1137, 0.4790042042732239
38, 30, 278, 1139, 0.3386601209640503
38, 31, 404, 1192, -0.0005923098069615662
38, 32, 304, 1201, -0.2016977071762085
39, 0, 305, 175, -0.6389138102531433
39, 1, 320, 143, -0.6038379669189453
39, 2, 330, 141, -0.6036568880081177
39, 3, 340, 140, -0.6035629510879517
39, 4, 288, 147, -0.590170681476593
39, 5, 279, 148, -0.5900123119354248
39, 6, 270, 148, -0.5904513597488403
39, 7, 357, 143, -0.2907678186893463
39, 8, 267, 153, -0.21129508316516876
39, 9, 331, 200, -0.520857572555542
39, 10, 290, 203, -0.5003404021263123
39, 11, 449, 266, -0.14370502531528473
39, 12, 222, 263, -0.02800888754427433
39, 13, 497, 457, -0.2757537364959717
39, 14, 65, 334, -0.5046390295028687
39, 15, 356, 495, -0.44895368814468384
39, 16, 178, 183, -1.0221757888793945
39, 17, 308, 508, -0.507535457611084
39, 18, 213, 134, -1.1527349948883057
39, 19, 295, 480, -0.4480742812156677
39, 20, 228, 126, -1.036501169204712
39, 21, 306, 470, -0.42844071984291077
39, 22, 227, 143, -0.99854975938797
39, 23, 432, 607, -0.04417797923088074
39, 24, 263, 611, 0.0470978245139122
39, 25, 432, 872, 0.004666602239012718
39, 26, 275, 875, 0.05176882818341255
39, 27, 428, 1108, 0.45801860094070435
39, 28, 282, 1112, 0.3045561909675598
39, 29, 435, 1138, 0.4787624478340149
39, 30, 280, 1141, 0.3181111812591553
39, 31, 405, 1193, -0.002526800148189068
39, 32, 305, 1203, -0.21948519349098206
40, 0, 305, 176, -0.6672539710998535
40, 1, 320, 144, -0.6374363899230957
40, 2, 330, 142, -0.6371375322341919
40, 3, 340, 141, -0.6370259523391724
40, 4, 287, 148, -0.6223639249801636
40, 5, 279, 148, -0.6222614049911499
40, 6, 270, 149, -0.622696042060852
40, 7, 357, 144, -0.3331468403339386
40, 8, 267, 153, -0.2494598627090454
40, 9, 330, 202, -0.5508297681808472
40, 10, 289, 204, -0.5288974046707153
40, 11, 449, 266, -0.16174648702144623
40, 12, 222, 263, -0.04959229379892349
40, 13, 497, 456, -0.2806263864040375
40, 14, 63, 333, -0.5046488642692566
40, 15, 358, 495, -0.43429821729660034
40, 16, 177, 183, -1.0022761821746826
40, 17, 309, 507, -0.48830780386924744
40, 18, 213, 135, -1.1269890069961548
40, 19, 296, 480, -0.42929816246032715
40, 20, 228, 127, -1.0007493495941162
40, 21, 307, 470, -0.4137278199195862
40, 22, 227, 144, -0.973210334777832
40, 23, 432, 608, -0.04328017681837082
40, 24, 263, 612, 0.04618234187364578
40, 25, 432, 872, 0.017633970826864243
40, 26, 275, 877, 0.04068545252084732
40, 27, 430, 1109, 0.48635855317115784
40, 28, 283, 1114, 0.2941921651363373
40, 29, 437, 1139, 0.5089466571807861
40, 30, 280, 1143, 0.30754438042640686
40, 31, 406, 1194, 0.03865911066532135
40, 32, 305, 1204, -0.2225792109966278
41, 0, 304, 177, -0.6667276620864868
41, 1, 319, 145, -0.6372180581092834
41, 2, 330, 143, -0.6369336843490601
41, 3, 340, 141, -0.6368227601051331
41, 4, 287, 148, -0.6222767233848572
41, 5, 278, 148, -0.6221638917922974
41, 6, 270, 149, -0.6226019263267517
41, 7, 357, 144, -0.33414703607559204
41, 8, 267, 153, -0.2480487823486328
41, 9, 329, 203, -0.550736665725708
41, 10, 289, 204, -0.5287162065505981
41, 11, 449, 266, -0.16295412182807922
41, 12, 222, 263, -0.049171119928359985
41, 13, 497, 456, -0.2739400565624237
41, 14, 62, 333, -0.47795748710632324
41, 15, 358, 495, -0.41022491455078125
41, 16, 177, 183, -0.9352596402168274
41, 17, 310, 506, -0.46130433678627014
41, 18, 213, 134, -1.0562626123428345
41, 19, 296, 479, -0.40050679445266724
41, 20, 229, 126, -0.9274385571479797
41, 21, 307, 470, -0.389233261346817
41, 22, 228, 143, -0.9050096273422241
41, 23, 432, 608, -0.04321667179465294
41, 24, 264, 612, 0.04613593593239784
41, 25, 433, 873, 0.015942709520459175
41, 26, 276, 878, 0.04115812107920647
41, 27, 432, 1110, 0.4775817394256592
41, 28, 285, 1116, 0.2961810231208801
41, 29, 439, 1141, 0.49907365441322327
41, 30, 283, 1145, 0.30984440445899963
41, 31, 407, 1196, 0.026012888178229332
41, 32, 308, 1206, -0.22014379501342773
42, 0, 303, 177, -0.6661219596862793
42, 1, 319, 145, -0.6352683901786804
42, 2, 330, 143, -0.634962797164917
42, 3, 340, 141, -0.6348652839660645
42, 4, 287, 148, -0.621048092842102
42, 5, 278, 148, -0.6209529638290405
42, 6, 270, 149, -0.6213873624801636
42, 7, 357, 144, -0.3312540352344513
42, 8, 267, 153, -0.24708405137062073
42, 9, 329, 203, -0.5504229664802551
42, 10, 289, 204, -0.5285955667495728
42, 11, 449, 265, -0.16171492636203766
42, 12, 222, 263, -0.05617814138531685
42, 13, 498, 456, -0.27589380741119385
42, 14, 62, 333, -0.48335522413253784
42, 15, 359, 495, -0.4192415177822113
42, 16, 177, 183, -0.9566333889961243
42, 17, 311, 506, -0.47394075989723206
42, 18, 214, 134, -1.0808805227279663
42, 19, 297, 479, -0.4153296947479248
42, 20, 229, 126, -0.9594956636428833
42, 21, 308, 470, -0.39985933899879456
42, 22, 228, 143, -0.9288507699966431
42, 23, 432, 607, -0.04202466458082199
42, 24, 263, 611, 0.04499433562159538
42, 25, 433, 873, 0.014599214307963848
42, 26, 276, 878, 0.04498577490448952
42, 27, 431, 1110, 0.47800034284591675
42, 28, 285, 1116, 0.3119739890098572
42, 29, 438, 1141, 0.4992857575416565
42, 30, 282, 1145, 0.32788413763046265
42, 31, 407, 1196, 0.021967368200421333
42, 32, 307, 1206, -0.2161422222852707
43, 0, 302, 177, -0.6499708890914917
43, 1, 318, 145, -0.6207934617996216
43, 2, 329, 143, -0.6204992532730103
43, 3, 339, 141, -0.6204425096511841
43, 4, 286, 148, -0.6040064096450806
43, 5, 278, 148, -0.603881299495697
43, 6, 269, 149, -0.6043156385421753
43, 7, 357, 144, -0.32576581835746765
43, 8, 266, 153, -0.230596661567688
43, 9, 327, 203, -0.5379730463027954
43, 10, 288, 204, -0.5128642916679382
43, 11, 449, 265, -0.16237077116966248
43, 12, 221, 263, -0.03541330248117447
43, 13, 498, 456, -0.27598878741264343
43, 14, 62, 333, -0.4339281916618347
43, 15, 359, 495, -0.40819478034973145
43, 16, 177, 183, -0.8914222717285156
43, 17, 311, 506, -0.4623027741909027
43, 18, 212, 134, -1.0159828662872314
43, 19, 297, 479, -0.40590137243270874
43, 20, 227, 126, -0.8925079107284546
43, 21, 308, 470, -0.3891286253929138
43, 22, 227, 144, -0.8639786839485168
43, 23, 432, 607, -0.04237261787056923
43, 24, 264, 611, 0.04535289853811264
43, 25, 434, 873, 0.013595518656075
43, 26, 276, 878, 0.06541436910629272
43, 27, 433, 1110, 0.4757489264011383
43, 28, 285, 1115, 0.3461538553237915
43, 29, 440, 1141, 0.4965720772743225
43, 30, 283, 1145, 0.36302047967910767
43, 31, 408, 1196, 0.019033486023545265
43, 32, 308, 1206, -0.17014887928962708
44, 0, 300, 177, -0.6307292580604553
44, 1, 317, 145, -0.5983091592788696
44, 2, 328, 143, -0.5980271697044373
44, 3, 338, 141, -0.5979188680648804
44, 4, 285, 148, -0.5818027257919312
44, 5, 277, 148, -0.5816532373428345
44, 6, 268, 149, -0.5820785760879517
44, 7, 357, 144, -0.30163079500198364
44, 8, 266, 153, -0.20821407437324524
44, 9, 326, 203, -0.5192336440086365
44, 10, 287, 204, -0.49460679292678833
44, 11, 449, 265, -0.15433892607688904
44, 12, 221, 263, -0.02108519710600376
44, 13, 498, 456, -0.2764960527420044
44, 14, 61, 333, -0.42668813467025757
44, 15, 359, 495, -0.41819992661476135
44, 16, 178, 180, -0.8816964030265808
44, 17, 311, 506, -0.473306804895401
44, 18, 214, 136, -1.0044313669204712
44, 19, 297, 480, -0.41655510663986206
44, 20, 229, 128, -0.8805033564567566
44, 21, 308, 470, -0.3987327814102173
44, 22, 228, 145, -0.8536299467086792
44, 23, 432, 608, -0.04302467405796051
44, 24, 263, 613, 0.04608258977532387
44, 25, 434, 875, 0.012080831453204155
44, 26, 276, 881, 0.06539824604988098
44, 27, 433, 1113, 0.4732401967048645
44, 28, 284, 1119, 0.3423236608505249
44, 29, 440, 1144, 0.4939292073249817
44, 30, 282, 1149, 0.35862433910369873
44, 31, 408, 1199, 0.016792116686701775
44, 32, 308, 1210, -0.17753878235816956
45, 0, 300, 175, -0.603657066822052
45, 1, 317, 144, -0.566299557685852
45, 2, 328, 143, -0.5660479068756104
45, 3, 338, 141, -0.5659157633781433
45, 4, 286, 148, -0.5540438890457153
45, 5, 277, 148, -0.5538593530654907
45, 6, 268, 149, -0.5543009042739868
45, 7, 357, 144, -0.26353636384010315
45, 8, 266, 153, -0.18941479921340942
45, 9, 326, 201, -0.4914981424808502
45, 10, 287, 202, -0.4722719192504883
45, 11, 449, 265, -0.12480713427066803
45, 12, 220, 264, -0.016051512211561203
45, 13, 498, 456, -0.2460293471813202
45, 14, 61, 337, -0.41727763414382935
45, 15, 359, 495, -0.3884219825267792
45, 16, 184, 179, -0.8348982930183411
45, 17, 311, 506, -0.4473205506801605
45, 18, 222, 137, -0.9523979425430298
45, 19, 297, 480, -0.3888036012649536
45, 20, 237, 129, -0.830793559551239
45, 21, 308, 470, -0.3694918155670166
45, 22, 234, 146, -0.8058496713638306
45, 23, 432, 608, -0.041325896978378296
45, 24, 262, 613, 0.044472310692071915
45, 25, 434, 875, 0.010440428741276264
45, 26, 276, 881, 0.06580856442451477
45, 27, 433, 1113, 0.4567755162715912
45, 28, 283, 1119, 0.34211593866348267
45, 29, 440, 1144, 0.4753054678440094
45, 30, 280, 1149, 0.3583199083805084
45, 31, 408, 1199, -0.0024536161217838526
45, 32, 307, 1209, -0.17831723392009735
46, 0, 300, 174, -0.6128838658332825
46, 1, 317, 144, -0.577199399471283
46, 2, 328, 142, -0.5769332051277161
46, 3, 338, 140, -0.5767664909362793
46, 4, 286, 147, -0.5640937685966492
46, 5, 277, 147, -0.5639330148696899
46, 6, 268, 148, -0.5643752813339233
46, 7, 357, 143, -0.27005624771118164
46, 8, 266, 150, -0.19559885561466217
46, 9, 326, 200, -0.4992137849330902
46, 10, 286, 201, -0.4780464172363281
46, 11, 449, 265, -0.1271955370903015
46, 12, 216, 250, 0.010433241724967957
46, 13, 498, 456, -0.2482444941997528
46, 14, 60, 359, -0.3952019214630127
46, 15, 359, 494, -0.40013569593429565
46, 16, 183, 195, -0.8592082858085632
46, 17, 311, 506, -0.45915690064430237
46, 18, 221, 159, -0.9744008183479309
46, 19, 297, 479, -0.39943569898605347
46, 20, 236, 153, -0.845208466053009
46, 21, 308, 469, -0.3815862536430359
46, 22, 234, 167, -0.8280425071716309
46, 23, 428, 606, -0.04430133476853371
46, 24, 255, 609, 0.04735975340008736
46, 25, 428, 873, 0.00879319105297327
46, 26, 264, 877, 0.14848260581493378
46, 27, 426, 1110, 0.45595821738243103
46, 28, 272, 1111, 0.48593148589134216
46, 29, 433, 1141, 0.4748000502586365
46, 30, 268, 1140, 0.5096893310546875
46, 31, 402, 1198, -0.006934191100299358
46, 32, 299, 1205, -0.01759268157184124
47, 0, 300, 172, -0.6767939329147339
47, 1, 319, 141, -0.6436694264411926
47, 2, 330, 139, -0.6436171531677246
47, 3, 341, 138, -0.643447995185852
47, 4, 286, 144, -0.6274009943008423
47, 5, 278, 145, -0.6271922588348389
47, 6, 269, 145, -0.6277347803115845
47, 7, 360, 141, -0.3328634202480316
47, 8, 268, 148, -0.24715645611286163
47, 9, 326, 197, -0.5584198236465454
47, 10, 286, 198, -0.535895824432373
47, 11, 452, 265, -0.1766209900379181
47, 12, 215, 251, -0.01410000491887331
47, 13, 498, 457, -0.28342583775520325
47, 14, 60, 377, -0.48419031500816345
47, 15, 359, 494, -0.44786158204078674
47, 16, 171, 221, -1.0927619934082031
47, 17, 309, 505, -0.4964584708213806
47, 18, 220, 181, -1.213756799697876
47, 19, 297, 479, -0.42862334847450256
47, 20, 236, 178, -1.092027187347412
47, 21, 308, 469, -0.4207560420036316
47, 22, 234, 188, -1.0653399229049683
47, 23, 424, 605, -0.043137699365615845
47, 24, 249, 605, 0.04624984413385391
47, 25, 420, 869, 0.007654455490410328
47, 26, 248, 868, 0.1730881929397583
47, 27, 416, 1102, 0.46014347672462463
47, 28, 256, 1097, 0.5637408494949341
47, 29, 423, 1133, 0.480288028717041
47, 30, 252, 1125, 0.5920058488845825
47, 31, 392, 1190, -0.007737909443676472
47, 32, 282, 1190, 0.05772680044174194
48, 0, 306, 166, -0.6771568655967712
48, 1, 324, 135, -0.6512443423271179
48, 2, 336, 133, -0.6511512994766235
48, 3, 346, 132, -0.6511327028274536
48, 4, 292, 139, -0.6379159688949585
48, 5, 283, 139, -0.6376776695251465
48, 6, 275, 139, -0.6380404233932495
48, 7, 366, 137, -0.359283983707428
48, 8, 272, 144, -0.29909634590148926
48, 9, 331, 192, -0.5608344078063965
48, 10, 290, 194, -0.542577862739563
48, 11, 455, 267, -0.219855397939682
48, 12, 215, 251, -0.08100248873233795
48, 13, 499, 457, -0.35568946599960327
48, 14, 67, 383, -0.42892012000083923
48, 15, 360, 494, -0.6354213356971741
48, 16, 35, 399, -1.1425602436065674
48, 17, 312, 505, -0.7071481943130493
48, 18, 14, 406, -1.2593438625335693
48, 19, 300, 479, -0.6793473958969116
48, 20, 33, 391, -1.259237289428711
48, 21, 311, 469, -0.6267750859260559
48, 22, 48, 392, -1.1663919687271118
48, 23, 425, 605, -0.03465195372700691
48, 24, 252, 604, 0.03805599361658096
48, 25, 420, 869, 0.056825775653123856
48, 26, 251, 869, 0.15442976355552673
48, 27, 417, 1103, 0.5372159481048584
48, 28, 259, 1098, 0.5530468225479126
48, 29, 424, 1134, 0.5635576248168945
48, 30, 255, 1126, 0.5666036605834961
48, 31, 392, 1190, 0.12088800966739655
48, 32, 284, 1191, -0.015015112236142159
49, 0, 312, 163, -0.9859572649002075
49, 1, 331, 133, -0.9597031474113464
49, 2, 343, 131, -0.9596114158630371
49, 3, 351, 130, -0.9598000645637512
49, 4, 299, 135, -0.956845760345459
49, 5, 289, 135, -0.9566699862480164
49, 6, 281, 135, -0.9570621252059937
49, 7, 371, 136, -0.6345860958099365
49, 8, 275, 140, -0.6153474450111389
49, 9, 335, 188, -0.853747546672821
49, 10, 293, 191, -0.8479114770889282
49, 11, 456, 268, -0.4296206831932068
49, 12, 215, 251, -0.34889188408851624
49, 13, 501, 458, -0.6068083047866821
49, 14, 76, 395, -0.3221045136451721
49, 15, 362, 495, -1.0288845300674438
49, 16, -8, 479, -0.6904073357582092
49, 17, 316, 505, -1.1303857564926147
49, 18, -54, 537, -0.7634159326553345
49, 19, 303, 479, -1.0999916791915894
49, 20, -36, 537, -0.8668786883354187
49, 21, 313, 469, -1.026864767074585
49, 22, -17, 528, -0.7459866404533386
49, 23, 425, 604, -0.03484884649515152
49, 24, 254, 604, 0.03828275203704834
49, 25, 419, 874, 0.06383087486028671
49, 26, 251, 874, 0.1415334790945053
49, 27, 415, 1115, 0.5844954252243042
49, 28, 257, 1115, 0.4841630458831787
49, 29, 423, 1149, 0.6153008341789246
49, 30, 255, 1149, 0.5010195970535278
49, 31, 384, 1201, 0.1540815532207489
49, 32, 280, 1206, -0.04776829853653908
50, 0, 312, 163, -0.8801637887954712
50, 1, 330, 132, -0.8632904291152954
50, 2, 342, 131, -0.8631793856620789
50, 3, 351, 130, -0.8633678555488586
50, 4, 298, 134, -0.8520973324775696
50, 5, 288, 134, -0.8519408106803894
50, 6, 281, 134, -0.8523799777030945
50, 7, 371, 136, -0.5825304985046387
50, 8, 277, 139, -0.5223662257194519
50, 9, 335, 188, -0.7628400325775146
50, 10, 293, 190, -0.7457897663116455
50, 11, 457, 268, -0.4013760983943939
50, 12, 215, 252, -0.2785394787788391
50, 13, 502, 458, -0.5587641596794128
50, 14, 85, 399, -0.1981354057788849
50, 15, 362, 495, -0.9106690287590027
50, 16, -15, 494, -0.521999180316925
50, 17, 316, 506, -0.9987869262695312
50, 18, -59, 536, -0.5838422775268555
50, 19, 304, 479, -0.9604762196540833
50, 20, -42, 535, -0.679351270198822
50, 21, 313, 469, -0.9026764631271362
50, 22, -21, 527, -0.5748752355575562
50, 23, 425, 604, -0.035398684442043304
50, 24, 254, 603, 0.038894638419151306
50, 25, 416, 877, 0.05295892804861069
50, 26, 249, 875, 0.13548842072486877
50, 27, 410, 1120, 0.5504938364028931
50, 28, 253, 1121, 0.42857956886291504
50, 29, 418, 1155, 0.5763517618179321
50, 30, 251, 1155, 0.44144368171691895
50, 31, 376, 1206, 0.12180856615304947
50, 32, 274, 1212, -0.055411022156476974
51, 0, 311, 162, -0.992843747138977
51, 1, 330, 132, -0.9746836423873901
51, 2, 342, 131, -0.974571704864502
51, 3, 351, 130, -0.9747871160507202
51, 4, 299, 134, -0.9628722071647644
51, 5, 289, 134, -0.9627885818481445
51, 6, 282, 133, -0.9632304310798645
51, 7, 372, 136, -0.6728891730308533
51, 8, 279, 138, -0.6089063286781311
51, 9, 335, 188, -0.8675751686096191
51, 10, 293, 189, -0.8490274548530579
51, 11, 457, 268, -0.46506866812705994
51, 12, 215, 252, -0.32132136821746826
51, 13, 502, 458, -0.6105127334594727
51, 14, 92, 401, -0.19558504223823547
51, 15, 361, 495, -0.9884891510009766
51, 16, -10, 510, -0.5250572562217712
51, 17, 316, 506, -1.0847479104995728
51, 18, -54, 556, -0.5917966365814209
51, 19, 304, 479, -1.0515389442443848
51, 20, -36, 558, -0.6913726329803467
51, 21, 313, 469, -0.9827252626419067
51, 22, -16, 547, -0.5791195631027222
51, 23, 424, 603, -0.045206569135189056
51, 24, 255, 600, 0.04884403198957443
51, 25, 414, 877, 0.015957428142428398
51, 26, 249, 875, 0.15681865811347961
51, 27, 407, 1120, 0.5244837403297424
51, 28, 251, 1122, 0.4854041039943695
51, 29, 415, 1155, 0.5578582286834717
51, 30, 250, 1156, 0.5027809739112854
51, 31, 371, 1205, 0.1029340997338295
51, 32, 270, 1212, -0.015020482242107391
52, 0, 312, 162, -1.0276081562042236
52, 1, 332, 132, -1.0091593265533447
52, 2, 343, 131, -1.009058952331543
52, 3, 352, 130, -1.0092709064483643
52, 4, 300, 134, -0.999988853931427
52, 5, 290, 133, -0.999923586845398
52, 6, 283, 133, -1.000356912612915
52, 7, 373, 136, -0.7059934735298157
52, 8, 279, 137, -0.6544756889343262
52, 9, 335, 187, -0.9013516306877136
52, 10, 294, 188, -0.8863380551338196
52, 11, 457, 268, -0.4903329908847809
52, 12, 215, 253, -0.3675127327442169
52, 13, 502, 458, -0.6355067491531372
52, 14, 94, 407, -0.22435076534748077
52, 15, 360, 495, -1.010188341140747
52, 16, -8, 515, -0.5288587212562561
52, 17, 314, 506, -1.1030516624450684
52, 18, -55, 563, -0.5931915044784546
52, 19, 301, 479, -1.068163275718689
52, 20, -38, 565, -0.6916670203208923
52, 21, 311, 469, -1.0037411451339722
52, 22, -17, 554, -0.5820499658584595
52, 23, 424, 603, -0.04547660052776337
52, 24, 255, 600, 0.04906328395009041
52, 25, 411, 880, 0.04177095368504524
52, 26, 247, 876, 0.15459851920604706
52, 27, 403, 1123, 0.5715826153755188
52, 28, 248, 1125, 0.4662012457847595
52, 29, 410, 1159, 0.6052943468093872
52, 30, 247, 1159, 0.4840603470802307
52, 31, 367, 1208, 0.15598148107528687
52, 32, 265, 1215, -0.03686979413032532
53, 0, 314, 161, -0.9439424276351929
53, 1, 333, 131, -0.9236909747123718
53, 2, 344, 130, -0.9236133694648743
53, 3, 353, 129, -0.923785388469696
53, 4, 301, 133, -0.9155662655830383
53, 5, 291, 132, -0.9154803156852722
53, 6, 284, 132, -0.9159373044967651
53, 7, 373, 135, -0.6309581995010376
53, 8, 279, 137, -0.5879442095756531
53, 9, 336, 187, -0.8228960037231445
53, 10, 294, 188, -0.8099445104598999
53, 11, 457, 268, -0.4320582449436188
53, 12, 215, 253, -0.32633814215660095
53, 13, 502, 458, -0.5620251893997192
53, 14, 96, 409, -0.21083588898181915
53, 15, 360, 495, -0.8955456018447876
53, 16, -1, 522, -0.5046610832214355
53, 17, 314, 506, -0.9829367399215698
53, 18, -46, 570, -0.5660545229911804
53, 19, 301, 479, -0.9462903141975403
53, 20, -29, 569, -0.6599140763282776
53, 21, 311, 469, -0.8873670697212219
53, 22, -8, 558, -0.5552330017089844
53, 23, 423, 602, -0.04380572959780693
53, 24, 255, 599, 0.04729890078306198
53, 25, 407, 880, 0.036545995622873306
53, 26, 244, 876, 0.08724012225866318
53, 27, 398, 1123, 0.525249183177948
53, 28, 245, 1124, 0.3427813649177551
53, 29, 404, 1158, 0.5556637048721313
53, 30, 245, 1159, 0.35410764813423157
53, 31, 363, 1208, 0.13951760530471802
53, 32, 262, 1215, -0.14537200331687927
54, 0, 314, 160, -0.9068970680236816
54, 1, 333, 130, -0.8870495557785034
54, 2, 344, 129, -0.8869665265083313
54, 3, 353, 128, -0.8870964050292969
54, 4, 301, 132, -0.8791041374206543
54, 5, 291, 132, -0.8789841532707214
54, 6, 284, 131, -0.879450798034668
54, 7, 373, 135, -0.5997425317764282
54, 8, 279, 136, -0.5608693361282349
54, 9, 336, 186, -0.7871452569961548
54, 10, 295, 187, -0.7743920087814331
54, 11, 457, 268, -0.4000939428806305
54, 12, 215, 254, -0.312557578086853
54, 13, 501, 457, -0.5438171625137329
54, 14, 95, 411, -0.20627637207508087
54, 15, 362, 495, -0.8428664207458496
54, 16, 3, 523, -0.5041660070419312
54, 17, 316, 506, -0.9280505180358887
54, 18, -38, 573, -0.5682142972946167
54, 19, 303, 479, -0.8955394625663757
54, 20, -21, 569, -0.6581712961196899
54, 21, 315, 469, -0.8354090452194214
54, 22, 0, 558, -0.5533827543258667
54, 23, 423, 602, -0.037419360131025314
54, 24, 255, 599, 0.040891192853450775
54, 25, 406, 879, 0.0353374220430851
54, 26, 243, 876, 0.0470106303691864
54, 27, 397, 1122, 0.5155969858169556
54, 28, 244, 1124, 0.30614158511161804
54, 29, 403, 1157, 0.5451251864433289
54, 30, 244, 1159, 0.3187052607536316
54, 31, 364, 1207, 0.11888398230075836
54, 32, 260, 1212, -0.1733880639076233
55, 0, 314, 160, -0.9570549726486206
55, 1, 333, 130, -0.9373804926872253
55, 2, 344, 128, -0.9373028874397278
55, 3, 353, 127, -0.9374693632125854
55, 4, 301, 132, -0.9296492338180542
55, 5, 291, 131, -0.9295684099197388
55, 6, 284, 131, -0.9300443530082703
55, 7, 373, 134, -0.6399069428443909
55, 8, 279, 136, -0.5973969101905823
55, 9, 336, 186, -0.8331384658813477
55, 10, 295, 187, -0.8205277323722839
55, 11, 457, 268, -0.42043551802635193
55, 12, 215, 254, -0.3253479301929474
55, 13, 501, 456, -0.5422942638397217
55, 14, 97, 409, -0.20614802837371826
55, 15, 363, 495, -0.9010597467422485
55, 16, 7, 522, -0.519496738910675
55, 17, 318, 506, -0.9947243928909302
55, 18, -34, 574, -0.5849658250808716
55, 19, 304, 479, -0.9669076204299927
55, 20, -16, 572, -0.6754559278488159
55, 21, 315, 469, -0.8973167538642883
55, 22, 3, 560, -0.5684347152709961
55, 23, 422, 601, -0.03827802091836929
55, 24, 255, 598, 0.0417940691113472
55, 25, 405, 879, 0.012595297768712044
55, 26, 241, 875, 0.05552827566862106
55, 27, 396, 1122, 0.49953269958496094
55, 28, 244, 1124, 0.3356201946735382
55, 29, 402, 1156, 0.5294691920280457
55, 30, 244, 1158, 0.3488633334636688
55, 31, 364, 1207, 0.10212256014347076
55, 32, 260, 1211, -0.13864153623580933
56, 0, 313, 160, -0.8866044878959656
56, 1, 332, 130, -0.8754279017448425
56, 2, 344, 128, -0.8754379153251648
56, 3, 353, 127, -0.875531017780304
56, 4, 301, 132, -0.8652516603469849
56, 5, 291, 131, -0.8651183247566223
56, 6, 283, 131, -0.8656824231147766
56, 7, 373, 133, -0.63139408826828
56, 8, 279, 136, -0.5858835577964783
56, 9, 335, 186, -0.7765800356864929
56, 10, 294, 187, -0.7622158527374268
56, 11, 457, 268, -0.4133320450782776
56, 12, 215, 254, -0.3021928668022156
56, 13, 501, 456, -0.4849258065223694
56, 14, 97, 408, -0.17129263281822205
56, 15, 363, 495, -0.7956866025924683
56, 16, 9, 521, -0.4687650799751282
56, 17, 318, 506, -0.8846303820610046
56, 18, -34, 571, -0.5342467427253723
56, 19, 304, 480, -0.8643869161605835
56, 20, -15, 567, -0.6220796704292297
56, 21, 315, 470, -0.7940743565559387
56, 22, 4, 556, -0.5176366567611694
56, 23, 421, 600, -0.03642379492521286
56, 24, 255, 597, 0.0399668850004673
56, 25, 402, 878, 0.0017406381666660309
56, 26, 239, 874, 0.03349737077951431
56, 27, 393, 1122, 0.4488803744316101
56, 28, 241, 1124, 0.26757389307022095
56, 29, 399, 1155, 0.47471386194229126
56, 30, 241, 1158, 0.2766929268836975
56, 31, 362, 1206, 0.05955369025468826
56, 32, 257, 1209, -0.2094382494688034
57, 0, 312, 160, -0.8833900690078735
57, 1, 332, 130, -0.8691586256027222
57, 2, 343, 128, -0.8691312670707703
57, 3, 353, 127, -0.8692290186882019
57, 4, 300, 131, -0.8589938879013062
57, 5, 290, 131, -0.8588636517524719
57, 6, 283, 131, -0.859392523765564
57, 7, 373, 133, -0.6062648892402649
57, 8, 279, 136, -0.5544470548629761
57, 9, 334, 186, -0.7704693078994751
57, 10, 293, 187, -0.7557140588760376
57, 11, 457, 268, -0.39960601925849915
57, 12, 215, 254, -0.2919200658798218
57, 13, 501, 456, -0.4827037751674652
57, 14, 98, 407, -0.18766279518604279
57, 15, 363, 495, -0.783964991569519
57, 16, 11, 517, -0.49996113777160645
57, 17, 319, 506, -0.870526134967804
57, 18, -29, 568, -0.5659669637680054
57, 19, 305, 480, -0.8498110771179199
57, 20, -10, 565, -0.6487226486206055
57, 21, 315, 470, -0.7812065482139587
57, 22, 9, 553, -0.5463322401046753
57, 23, 419, 598, -0.0365108847618103
57, 24, 255, 594, 0.0400465652346611
57, 25, 399, 874, -0.0033262192737311125
57, 26, 236, 868, 0.0422266386449337
57, 27, 389, 1116, 0.4346635937690735
57, 28, 238, 1118, 0.2798808217048645
57, 29, 395, 1150, 0.45975828170776367
57, 30, 238, 1153, 0.2895980775356293
57, 31, 357, 1201, 0.041571296751499176
57, 32, 254, 1202, -0.19602006673812866
