0, 0, 684, 198, -0.5642945766448975
0, 1, 708, 158, -0.5225725173950195
0, 2, 724, 159, -0.5224798917770386
0, 3, 739, 159, -0.52259761095047
0, 4, 653, 158, -0.5246288776397705
0, 5, 632, 159, -0.5241659283638
0, 6, 614, 161, -0.5243359208106995
0, 7, 761, 185, -0.293454647064209
0, 8, 592, 187, -0.2885810434818268
0, 9, 714, 247, -0.48309555649757385
0, 10, 647, 251, -0.4814864993095398
0, 11, 893, 447, -0.19322329759597778
0, 12, 454, 466, -0.2388857901096344
0, 13, 1016, 720, -0.16576749086380005
0, 14, 385, 731, -0.2522934675216675
0, 15, 1133, 963, -0.313732773065567
0, 16, 358, 1021, -0.5816566348075867
0, 17, 1186, 1024, -0.3650974631309509
0, 18, 329, 1090, -0.6505911350250244
0, 19, 1144, 1032, -0.40697774291038513
0, 20, 366, 1083, -0.7185388207435608
0, 21, 1113, 1012, -0.34156882762908936
0, 22, 385, 1057, -0.6228102445602417
0, 23, 826, 1027, -0.0352228619158268
0, 24, 543, 1032, 0.039398934692144394
0, 25, 819, 1476, 0.006536812521517277
0, 26, 556, 1489, 0.12006453424692154
0, 27, 813, 1867, 0.484536737203598
0, 28, 555, 1875, 0.4469306468963623
0, 29, 821, 1932, 0.5090693831443787
0, 30, 548, 1939, 0.4680621027946472
0, 31, 772, 1996, 0.14849165081977844
0, 32, 598, 2008, 0.0665254071354866
1, 0, 682, 199, -0.6723607778549194
1, 1, 707, 160, -0.6253105401992798
1, 2, 722, 160, -0.6253654956817627
1, 3, 737, 161, -0.625372052192688
1, 4, 652, 159, -0.6339322924613953
1, 5, 631, 160, -0.6337308287620544
1, 6, 614, 162, -0.634124219417572
1, 7, 760, 185, -0.3395126461982727
1, 8, 592, 187, -0.3669862747192383
1, 9, 713, 247, -0.5663653612136841
1, 10, 646, 251, -0.5744778513908386
1, 11, 894, 447, -0.16890965402126312
1, 12, 454, 465, -0.2981134057044983
1, 13, 1016, 707, -0.15501996874809265
1, 14, 384, 715, -0.4030119776725769
1, 15, 1134, 954, -0.4025929570198059
1, 16, 351, 983, -0.8722540140151978
1, 17, 1186, 1018, -0.46988120675086975
1, 18, 326, 1056, -0.9834044575691223
1, 19, 1147, 1021, -0.5355973243713379
1, 20, 365, 1042, -1.0441710948944092
1, 21, 1116, 1001, -0.4447598457336426
1, 22, 384, 1016, -0.9149606823921204
1, 23, 828, 1029, -0.011276068165898323
1, 24, 543, 1034, 0.015210811980068684
1, 25, 821, 1481, -0.027059266343712807
1, 26, 552, 1490, -0.0582427978515625
1, 27, 819, 1891, 0.36551129817962646
1, 28, 554, 1890, 0.1826116144657135
1, 29, 827, 1959, 0.3780078589916229
1, 30, 548, 1957, 0.18933479487895966
1, 31, 775, 2020, -0.04551023244857788
1, 32, 598, 2017, -0.2724143862724304
2, 0, 680, 201, -0.7228595614433289
2, 1, 706, 161, -0.6759703159332275
2, 2, 721, 162, -0.676042914390564
2, 3, 736, 163, -0.6760254502296448
2, 4, 651, 160, -0.6806325316429138
2, 5, 631, 161, -0.6804155111312866
2, 6, 614, 162, -0.680813729763031
2, 7, 760, 187, -0.3875797390937805
2, 8, 592, 188, -0.39965111017227173
2, 9, 710, 249, -0.6173862814903259
2, 10, 644, 252, -0.6206146478652954
2, 11, 896, 447, -0.18824303150177002
2, 12, 458, 463, -0.31219831109046936
2, 13, 1019, 700, -0.1720074564218521
2, 14, 382, 703, -0.35958173871040344
2, 15, 1143, 954, -0.43153834342956543
2, 16, 334, 983, -0.7516807913780212
2, 17, 1195, 1018, -0.49661582708358765
2, 18, 308, 1058, -0.8469340205192566
2, 19, 1161, 1021, -0.5649539232254028
2, 20, 352, 1047, -0.9148640632629395
2, 21, 1130, 1001, -0.47503232955932617
2, 22, 371, 1021, -0.7948360443115234
2, 23, 830, 1030, -0.01283610612154007
2, 24, 543, 1035, 0.01671503111720085
2, 25, 822, 1485, -0.07501024752855301
2, 26, 552, 1491, -0.09823144972324371
2, 27, 820, 1905, 0.2896520793437958
2, 28, 554, 1900, 0.11399868875741959
2, 29, 828, 1973, 0.2994806468486786
2, 30, 548, 1968, 0.11805474758148193
2, 31, 775, 2035, -0.1334819495677948
2, 32, 596, 2024, -0.35002991557121277
3, 0, 678, 201, -0.6845394968986511
3, 1, 705, 162, -0.6410576105117798
3, 2, 720, 163, -0.641112744808197
3, 3, 734, 163, -0.6412084102630615
3, 4, 650, 161, -0.643056333065033
3, 5, 631, 162, -0.642817497253418
3, 6, 614, 163, -0.6431546211242676
3, 7, 758, 187, -0.36945584416389465
3, 8, 593, 188, -0.37077823281288147
3, 9, 709, 249, -0.5860574245452881
3, 10, 643, 252, -0.5855978727340698
3, 11, 897, 446, -0.19224518537521362
3, 12, 462, 455, -0.30102860927581787
3, 13, 1023, 695, -0.1716025173664093
3, 14, 373, 692, -0.34577077627182007
3, 15, 1154, 954, -0.40151724219322205
3, 16, 292, 974, -0.701475203037262
3, 17, 1206, 1018, -0.46161049604415894
3, 18, 262, 1049, -0.7999731302261353
3, 19, 1175, 1022, -0.5233099460601807
3, 20, 309, 1041, -0.8821762800216675
3, 21, 1144, 1002, -0.44056034088134766
3, 22, 327, 1017, -0.7463582158088684
3, 23, 830, 1032, -0.018502091988921165
3, 24, 544, 1036, 0.021861637011170387
3, 25, 824, 1491, -0.057958781719207764
3, 26, 552, 1498, -0.02800162509083748
3, 27, 823, 1914, 0.35569196939468384
3, 28, 556, 1908, 0.24540415406227112
3, 29, 832, 1981, 0.3721427321434021
3, 30, 550, 1973, 0.25780341029167175
3, 31, 777, 2044, -0.034963928163051605
3, 32, 600, 2039, -0.1866471767425537
4, 0, 676, 202, -0.6989234685897827
4, 1, 704, 163, -0.6527910232543945
4, 2, 718, 164, -0.6527678370475769
4, 3, 732, 164, -0.6528464555740356
4, 4, 649, 162, -0.6520897150039673
4, 5, 630, 163, -0.651835024356842
4, 6, 613, 164, -0.6520734429359436
4, 7, 757, 187, -0.3628537952899933
4, 8, 593, 188, -0.3584615886211395
4, 9, 708, 249, -0.5930503606796265
4, 10, 641, 252, -0.5896199941635132
4, 11, 897, 447, -0.18475238978862762
4, 12, 464, 452, -0.2637358605861664
4, 13, 1037, 694, -0.1492571383714676
4, 14, 353, 691, -0.3953452408313751
4, 15, 1154, 954, -0.398128867149353
4, 16, 339, 877, -0.9421572685241699
4, 17, 1205, 1018, -0.4483475089073181
4, 18, 352, 936, -1.056628942489624
4, 19, 1172, 1018, -0.503852903842926
4, 20, 402, 907, -1.0928590297698975
4, 21, 1142, 999, -0.4325336515903473
4, 22, 405, 893, -0.9729059934616089
4, 23, 828, 1034, -0.023722071200609207
4, 24, 541, 1037, 0.026968155056238174
4, 25, 823, 1496, -0.0523655042052269
4, 26, 547, 1501, 0.0007594080525450408
4, 27, 818, 1915, 0.4049071669578552
4, 28, 552, 1908, 0.2576935887336731
4, 29, 827, 1979, 0.4218767285346985
4, 30, 547, 1971, 0.2649218440055847
4, 31, 771, 2046, 0.0012784604914486408
4, 32, 596, 2041, -0.14667746424674988
5, 0, 676, 205, -0.8508330583572388
5, 1, 704, 164, -0.7961301803588867
5, 2, 719, 165, -0.7962673306465149
5, 3, 732, 166, -0.7961936593055725
5, 4, 650, 164, -0.8025434613227844
5, 5, 631, 165, -0.8026909828186035
5, 6, 614, 166, -0.8031045198440552
5, 7, 757, 188, -0.44305554032325745
5, 8, 594, 189, -0.4687442183494568
5, 9, 708, 252, -0.7171676158905029
5, 10, 642, 254, -0.725187361240387
5, 11, 898, 447, -0.1868385672569275
5, 12, 464, 447, -0.2646524906158447
5, 13, 1057, 691, -0.3757932186126709
5, 14, 311, 694, -0.44503912329673767
5, 15, 994, 745, -0.9220548868179321
5, 16, 494, 765, -0.963775634765625
5, 17, 955, 768, -1.0233958959579468
5, 18, 550, 788, -1.0710082054138184
5, 19, 926, 717, -1.0014089345932007
5, 20, 595, 725, -1.0482730865478516
5, 21, 894, 731, -0.9252511858940125
5, 22, 571, 716, -0.9619215726852417
5, 23, 809, 1019, -0.024513693526387215
5, 24, 538, 1022, 0.027373801916837692
5, 25, 800, 1426, -0.1780852973461151
5, 26, 531, 1417, -0.13417616486549377
5, 27, 803, 1852, 0.1680336892604828
5, 28, 539, 1853, 0.030213987454771996
5, 29, 805, 1911, 0.17723652720451355
5, 30, 539, 1918, 0.029222870245575905
5, 31, 766, 1990, -0.24889032542705536
5, 32, 566, 1985, -0.4223062992095947
6, 0, 677, 207, -0.8364455103874207
6, 1, 705, 165, -0.7844747304916382
6, 2, 719, 166, -0.7844797372817993
6, 3, 733, 167, -0.7842170000076294
6, 4, 651, 165, -0.7910138964653015
6, 5, 632, 166, -0.7909659743309021
6, 6, 615, 167, -0.7914411425590515
6, 7, 758, 189, -0.44302892684936523
6, 8, 595, 189, -0.4684637486934662
6, 9, 708, 253, -0.7076538801193237
6, 10, 643, 255, -0.7157397866249084
6, 11, 898, 444, -0.20714733004570007
6, 12, 465, 440, -0.27117639780044556
6, 13, 1079, 692, -0.5053478479385376
6, 14, 295, 695, -0.5925986766815186
6, 15, 855, 714, -1.0272358655929565
6, 16, 540, 710, -1.175006628036499
6, 17, 773, 705, -1.125738501548767
6, 18, 609, 695, -1.2921199798583984
6, 19, 755, 672, -1.0648667812347412
6, 20, 630, 657, -1.236592173576355
6, 21, 774, 670, -1.0110703706741333
6, 22, 609, 652, -1.1614840030670166
6, 23, 809, 1008, -0.01707407273352146
6, 24, 527, 1011, 0.020116951316595078
6, 25, 796, 1434, -0.12240193784236908
6, 26, 516, 1420, -0.2491753101348877
6, 27, 794, 1844, 0.20362582802772522
6, 28, 515, 1837, -0.07558123767375946
6, 29, 798, 1901, 0.20876392722129822
6, 30, 512, 1902, -0.07521326839923859
6, 31, 755, 1983, -0.24393296241760254
6, 32, 546, 1961, -0.5627415776252747
7, 0, 678, 208, -0.8209390640258789
7, 1, 706, 166, -0.7690197229385376
7, 2, 719, 166, -0.7690669298171997
7, 3, 734, 167, -0.7687813639640808
7, 4, 651, 166, -0.7752128839492798
7, 5, 632, 167, -0.7751398086547852
7, 6, 616, 168, -0.7755268216133118
7, 7, 758, 189, -0.4245971739292145
7, 8, 595, 190, -0.44674426317214966
7, 9, 708, 254, -0.6904665231704712
7, 10, 643, 256, -0.6981863975524902
7, 11, 897, 439, -0.19903655350208282
7, 12, 465, 441, -0.26072612404823303
7, 13, 1089, 692, -0.5889414548873901
7, 14, 288, 697, -0.6431837677955627
7, 15, 851, 645, -1.2373465299606323
7, 16, 539, 663, -1.3151706457138062
7, 17, 789, 611, -1.3571770191192627
7, 18, 612, 608, -1.4377139806747437
7, 19, 779, 571, -1.271404504776001
7, 20, 627, 566, -1.3812206983566284
7, 21, 786, 585, -1.215025782585144
7, 22, 611, 579, -1.3016616106033325
7, 23, 805, 999, -0.017453186213970184
7, 24, 520, 1001, 0.02070452831685543
7, 25, 795, 1431, -0.05415612459182739
7, 26, 514, 1415, -0.23747308552265167
7, 27, 796, 1826, 0.33035337924957275
7, 28, 519, 1808, 0.08577156066894531
7, 29, 800, 1882, 0.33955118060112
7, 30, 516, 1867, 0.1037217527627945
7, 31, 758, 1963, -0.20618291199207306
7, 32, 547, 1938, -0.5423823595046997
8, 0, 678, 212, -0.5892192125320435
8, 1, 706, 167, -0.5406641364097595
8, 2, 719, 168, -0.5406926274299622
8, 3, 734, 168, -0.540242075920105
8, 4, 651, 168, -0.5413293242454529
8, 5, 632, 169, -0.5409626960754395
8, 6, 616, 171, -0.5412647128105164
8, 7, 758, 189, -0.23506708443164825
8, 8, 595, 190, -0.2306661307811737
8, 9, 708, 258, -0.4765869677066803
8, 10, 643, 260, -0.4773269593715668
8, 11, 896, 427, -0.07669210433959961
8, 12, 468, 437, -0.09372229874134064
8, 13, 1097, 692, -0.4567878246307373
8, 14, 282, 697, -0.5334364175796509
8, 15, 854, 579, -0.9315145611763
8, 16, 531, 607, -1.1237657070159912
8, 17, 783, 539, -1.0269906520843506
8, 18, 595, 563, -1.234206199645996
8, 19, 770, 495, -0.9455164074897766
8, 20, 623, 518, -1.1705361604690552
8, 21, 780, 510, -0.90648353099823
8, 22, 609, 533, -1.1082756519317627
8, 23, 810, 988, -0.019247543066740036
8, 24, 520, 993, 0.02251056209206581
8, 25, 806, 1427, -0.02098385989665985
8, 26, 520, 1419, 0.013328137807548046
8, 27, 822, 1818, 0.35336190462112427
8, 28, 547, 1806, 0.29077282547950745
8, 29, 830, 1871, 0.3628482222557068
8, 30, 541, 1861, 0.30850547552108765
8, 31, 792, 1953, -0.13333460688591003
8, 32, 588, 1938, -0.1521943360567093
9, 0, 678, 216, -0.5193232297897339
9, 1, 706, 169, -0.4655981659889221
9, 2, 719, 169, -0.4655962586402893
9, 3, 734, 169, -0.46511825919151306
9, 4, 651, 171, -0.4668615758419037
9, 5, 632, 172, -0.46659836173057556
9, 6, 616, 173, -0.46689850091934204
9, 7, 758, 189, -0.16208884119987488
9, 8, 595, 191, -0.16096219420433044
9, 9, 708, 260, -0.4101232588291168
9, 10, 643, 262, -0.4116738736629486
9, 11, 896, 423, -0.01728731393814087
9, 12, 473, 433, -0.04534818232059479
9, 13, 1099, 694, -0.4145682454109192
9, 14, 270, 693, -0.5093311071395874
9, 15, 859, 525, -0.8567712903022766
9, 16, 539, 555, -1.0348026752471924
9, 17, 790, 481, -0.9458403587341309
9, 18, 608, 511, -1.1400681734085083
9, 19, 779, 446, -0.8657566905021667
9, 20, 629, 475, -1.0398318767547607
9, 21, 784, 465, -0.8295844197273254
9, 22, 618, 490, -1.0762817859649658
9, 23, 810, 977, -0.01961558684706688
9, 24, 522, 981, 0.022877397015690804
9, 25, 806, 1419, -0.02316216379404068
9, 26, 522, 1408, 0.010995587334036827
9, 27, 821, 1806, 0.307526558637619
9, 28, 547, 1794, 0.239361971616745
9, 29, 829, 1858, 0.31572407484054565
9, 30, 541, 1849, 0.25045257806777954
9, 31, 790, 1942, -0.11614005267620087
9, 32, 587, 1928, -0.17933188378810883
10, 0, 678, 223, -0.5867544412612915
10, 1, 706, 175, -0.5358487367630005
10, 2, 719, 175, -0.5358894467353821
10, 3, 733, 174, -0.5355266332626343
10, 4, 651, 177, -0.5365541577339172
10, 5, 632, 177, -0.5363183617591858
10, 6, 616, 177, -0.5366409420967102
10, 7, 758, 192, -0.2179267853498459
10, 8, 595, 193, -0.20766901969909668
10, 9, 708, 265, -0.47161561250686646
10, 10, 643, 267, -0.4712255597114563
10, 11, 894, 419, -0.05632162094116211
10, 12, 478, 428, -0.06153174489736557
10, 13, 1100, 692, -0.5328563451766968
10, 14, 250, 683, -0.5308106541633606
10, 15, 862, 504, -1.1248234510421753
10, 16, 525, 523, -1.1649539470672607
10, 17, 788, 479, -1.23881995677948
10, 18, 603, 496, -1.2840306758880615
10, 19, 776, 446, -1.131357192993164
10, 20, 621, 464, -1.1904547214508057
10, 21, 787, 456, -1.0935745239257812
10, 22, 606, 475, -1.1469227075576782
10, 23, 811, 970, -0.028341034427285194
10, 24, 522, 973, 0.031350232660770416
10, 25, 806, 1413, -0.01700427383184433
10, 26, 523, 1401, 0.06835321336984634
10, 27, 821, 1798, 0.326174795627594
10, 28, 548, 1788, 0.3333730399608612
10, 29, 829, 1849, 0.3302611708641052
10, 30, 541, 1841, 0.3492903709411621
10, 31, 788, 1935, -0.09505266696214676
10, 32, 589, 1925, -0.1067710667848587
11, 0, 677, 226, -0.6107069253921509
11, 1, 705, 179, -0.5614744424819946
11, 2, 719, 178, -0.5615085959434509
11, 3, 733, 178, -0.5611927509307861
11, 4, 651, 181, -0.562231183052063
11, 5, 632, 180, -0.5619922876358032
11, 6, 616, 180, -0.5623443126678467
11, 7, 758, 195, -0.249529168009758
11, 8, 595, 196, -0.23830167949199677
11, 9, 708, 267, -0.49597877264022827
11, 10, 643, 269, -0.49503645300865173
11, 11, 893, 413, -0.08362667262554169
11, 12, 483, 421, -0.0955285057425499
11, 13, 1099, 685, -0.5514425039291382
11, 14, 247, 668, -0.5808957815170288
11, 15, 849, 499, -1.0560529232025146
11, 16, 541, 501, -1.1591856479644775
11, 17, 782, 479, -1.1578490734100342
11, 18, 625, 480, -1.2705234289169312
11, 19, 765, 451, -1.052509069442749
11, 20, 636, 455, -1.1756665706634521
11, 21, 774, 460, -1.0240949392318726
11, 22, 620, 465, -1.1337060928344727
11, 23, 812, 956, -0.031726446002721786
11, 24, 523, 959, 0.034689076244831085
11, 25, 811, 1399, -0.021043339744210243
11, 26, 531, 1386, 0.04652114585042
11, 27, 823, 1787, 0.32583707571029663
11, 28, 552, 1777, 0.2851071059703827
11, 29, 831, 1837, 0.33280330896377563
11, 30, 544, 1831, 0.2942968010902405
11, 31, 789, 1926, -0.10596718639135361
11, 32, 594, 1914, -0.16277071833610535
12, 0, 676, 226, -0.6177526712417603
12, 1, 705, 179, -0.572819173336029
12, 2, 719, 179, -0.5728474855422974
12, 3, 732, 178, -0.5723661184310913
12, 4, 651, 180, -0.568945050239563
12, 5, 632, 180, -0.5687658190727234
12, 6, 616, 179, -0.5692335367202759
12, 7, 759, 195, -0.25527241826057434
12, 8, 595, 194, -0.25589650869369507
12, 9, 707, 267, -0.4988250136375427
12, 10, 643, 269, -0.5012333989143372
12, 11, 890, 407, -0.09072862565517426
12, 12, 485, 414, -0.10984054952859879
12, 13, 1100, 677, -0.5636450052261353
12, 14, 240, 659, -0.5810664296150208
12, 15, 866, 500, -1.0797119140625
12, 16, 532, 509, -1.1534708738327026
12, 17, 804, 481, -1.1796507835388184
12, 18, 614, 481, -1.2580657005310059
12, 19, 775, 457, -1.0719530582427979
12, 20, 634, 460, -1.1653382778167725
12, 21, 783, 464, -1.0462355613708496
12, 22, 615, 469, -1.1273666620254517
12, 23, 814, 951, -0.03322019428014755
12, 24, 527, 956, 0.036086440086364746
12, 25, 813, 1390, -0.0593547448515892
12, 26, 535, 1378, 0.0447554811835289
12, 27, 827, 1782, 0.26683852076530457
12, 28, 558, 1771, 0.19819745421409607
12, 29, 836, 1832, 0.27285534143447876
12, 30, 550, 1825, 0.20299789309501648
12, 31, 792, 1920, -0.16586677730083466
12, 32, 603, 1906, -0.24176402390003204
13, 0, 676, 232, -0.7922794818878174
13, 1, 705, 185, -0.7467536330223083
13, 2, 719, 185, -0.7467562556266785
13, 3, 733, 183, -0.7464073300361633
13, 4, 651, 187, -0.7483658790588379
13, 5, 633, 186, -0.7483189702033997
13, 6, 617, 185, -0.7487393617630005
13, 7, 760, 197, -0.40377846360206604
13, 8, 596, 196, -0.40974655747413635
13, 9, 707, 272, -0.6605143547058105
13, 10, 643, 274, -0.6644392013549805
13, 11, 890, 405, -0.18644079566001892
13, 12, 485, 412, -0.2026723176240921
13, 13, 1098, 670, -0.6453968286514282
13, 14, 238, 654, -0.6826285123825073
13, 15, 868, 504, -1.208836317062378
13, 16, 533, 506, -1.2805529832839966
13, 17, 801, 483, -1.3128498792648315
13, 18, 613, 480, -1.3853964805603027
13, 19, 775, 457, -1.209099531173706
13, 20, 634, 456, -1.2935885190963745
13, 21, 784, 464, -1.1770484447479248
13, 22, 615, 465, -1.2529151439666748
13, 23, 818, 946, -0.03320720046758652
13, 24, 535, 953, 0.03606699779629707
13, 25, 818, 1377, -0.09025062620639801
13, 26, 545, 1366, 0.01373937539756298
13, 27, 832, 1773, 0.24594323337078094
13, 28, 567, 1764, 0.16275270283222198
13, 29, 840, 1823, 0.25299346446990967
13, 30, 559, 1819, 0.16661618649959564
13, 31, 795, 1912, -0.1905728578567505
13, 32, 611, 1899, -0.281411737203598
14, 0, 676, 237, -0.7423056364059448
14, 1, 706, 191, -0.694973349571228
14, 2, 720, 190, -0.6949983239173889
14, 3, 735, 189, -0.6946723461151123
14, 4, 653, 193, -0.6967350840568542
14, 5, 635, 192, -0.6966197490692139
14, 6, 619, 191, -0.6970141530036926
14, 7, 762, 201, -0.3775344789028168
14, 8, 596, 199, -0.37166810035705566
14, 9, 707, 277, -0.619178056716919
14, 10, 643, 280, -0.6215645670890808
14, 11, 889, 407, -0.17609986662864685
14, 12, 485, 414, -0.19551917910575867
14, 13, 1100, 672, -0.6014095544815063
14, 14, 241, 656, -0.6610733866691589
14, 15, 873, 511, -1.1721006631851196
14, 16, 539, 504, -1.2779234647750854
14, 17, 805, 481, -1.2835663557052612
14, 18, 619, 479, -1.3923670053482056
14, 19, 780, 458, -1.1824394464492798
14, 20, 640, 455, -1.3064526319503784
14, 21, 790, 469, -1.1433700323104858
14, 22, 621, 465, -1.2540864944458008
14, 23, 820, 950, -0.03087778016924858
14, 24, 539, 957, 0.03361932560801506
14, 25, 828, 1386, -0.057468779385089874
14, 26, 558, 1376, 0.010933640412986279
14, 27, 841, 1781, 0.3011678457260132
14, 28, 583, 1772, 0.1790129393339157
14, 29, 848, 1833, 0.30947449803352356
14, 30, 575, 1827, 0.18448753654956818
14, 31, 809, 1919, -0.14365217089653015
14, 32, 629, 1906, -0.25795719027519226
15, 0, 676, 238, -0.7464922666549683
15, 1, 706, 194, -0.6945186257362366
15, 2, 720, 193, -0.6945673227310181
15, 3, 736, 193, -0.6941011548042297
15, 4, 653, 194, -0.6981767416000366
15, 5, 635, 193, -0.6981072425842285
15, 6, 620, 192, -0.698523223400116
15, 7, 764, 205, -0.3592588007450104
15, 8, 596, 200, -0.3653671443462372
15, 9, 707, 280, -0.6192993521690369
15, 10, 644, 281, -0.625067949295044
15, 11, 887, 409, -0.16642898321151733
15, 12, 485, 416, -0.19162636995315552
15, 13, 1101, 673, -0.6312605142593384
15, 14, 241, 659, -0.6750980615615845
15, 15, 872, 514, -1.2462282180786133
15, 16, 537, 506, -1.3100939989089966
15, 17, 803, 481, -1.3633794784545898
15, 18, 618, 482, -1.4264945983886719
15, 19, 781, 459, -1.2597025632858276
15, 20, 644, 460, -1.3386805057525635
15, 21, 791, 473, -1.217686653137207
15, 22, 624, 470, -1.2858381271362305
15, 23, 822, 952, -0.029379773885011673
15, 24, 539, 958, 0.03212868049740791
15, 25, 830, 1389, -0.053901802748441696
15, 26, 559, 1378, 0.0024001956917345524
15, 27, 841, 1783, 0.31523391604423523
15, 28, 582, 1775, 0.191358283162117
15, 29, 848, 1835, 0.32348161935806274
15, 30, 574, 1832, 0.19876110553741455
15, 31, 809, 1921, -0.13765016198158264
15, 32, 629, 1910, -0.2541745603084564
16, 0, 675, 240, -0.7561894655227661
16, 1, 706, 196, -0.7051720023155212
16, 2, 720, 196, -0.7052152752876282
16, 3, 736, 196, -0.7047692537307739
16, 4, 653, 195, -0.708591103553772
16, 5, 635, 194, -0.7084880471229553
16, 6, 620, 192, -0.7088963389396667
16, 7, 765, 207, -0.3624121844768524
16, 8, 596, 200, -0.3730520009994507
16, 9, 707, 283, -0.6280606985092163
16, 10, 643, 284, -0.6337865591049194
16, 11, 887, 412, -0.16427497565746307
16, 12, 484, 417, -0.1939821094274521
16, 13, 1100, 673, -0.6214461922645569
16, 14, 242, 660, -0.6694931983947754
16, 15, 873, 525, -1.229186773300171
16, 16, 536, 505, -1.3064323663711548
16, 17, 805, 490, -1.3467079401016235
16, 18, 609, 488, -1.4234910011291504
16, 19, 785, 465, -1.24856436252594
16, 20, 636, 464, -1.3408031463623047
16, 21, 794, 478, -1.2024967670440674
16, 22, 616, 472, -1.2843416929244995
16, 23, 822, 955, -0.028236374258995056
16, 24, 540, 961, 0.03101367875933647
16, 25, 832, 1391, -0.052995722740888596
16, 26, 560, 1381, -0.004454108886420727
16, 27, 843, 1786, 0.31567686796188354
16, 28, 582, 1779, 0.19415079057216644
16, 29, 849, 1839, 0.3237949311733246
16, 30, 573, 1835, 0.20226261019706726
16, 31, 811, 1924, -0.12914611399173737
16, 32, 629, 1913, -0.2576531171798706
17, 0, 676, 242, -0.7686383128166199
17, 1, 708, 198, -0.7157943248748779
17, 2, 722, 198, -0.7158929109573364
17, 3, 738, 198, -0.7154818773269653
17, 4, 655, 197, -0.7213676571846008
17, 5, 637, 196, -0.7213261723518372
17, 6, 622, 195, -0.7217849493026733
17, 7, 766, 209, -0.36056753993034363
17, 8, 597, 202, -0.3805864453315735
17, 9, 707, 285, -0.6357780694961548
17, 10, 645, 286, -0.6443895101547241
17, 11, 887, 416, -0.16280370950698853
17, 12, 484, 417, -0.19514670968055725
17, 13, 1100, 673, -0.6175193190574646
17, 14, 242, 660, -0.6725195646286011
17, 15, 876, 535, -1.2696985006332397
17, 16, 534, 506, -1.3400994539260864
17, 17, 810, 505, -1.391135334968567
17, 18, 605, 492, -1.4590500593185425
17, 19, 790, 477, -1.2928524017333984
17, 20, 631, 466, -1.3807430267333984
17, 21, 799, 492, -1.2440873384475708
17, 22, 612, 473, -1.3190193176269531
17, 23, 823, 956, -0.028239751234650612
17, 24, 540, 962, 0.03102041780948639
17, 25, 834, 1392, -0.049730334430933
17, 26, 562, 1382, -0.008988967165350914
17, 27, 843, 1789, 0.33419764041900635
17, 28, 583, 1779, 0.1996336281299591
17, 29, 850, 1841, 0.34339940547943115
17, 30, 574, 1836, 0.20984037220478058
17, 31, 812, 1928, -0.11729508638381958
17, 32, 631, 1914, -0.25267642736434937
18, 0, 676, 243, -0.8281576037406921
18, 1, 708, 198, -0.7739638090133667
18, 2, 722, 198, -0.7740588784217834
18, 3, 739, 198, -0.7736768126487732
18, 4, 655, 197, -0.7795928716659546
18, 5, 637, 196, -0.779598593711853
18, 6, 622, 195, -0.7800511717796326
18, 7, 766, 210, -0.3970813751220703
18, 8, 597, 203, -0.41912922263145447
18, 9, 707, 287, -0.6863201856613159
18, 10, 645, 287, -0.695034921169281
18, 11, 887, 417, -0.16637063026428223
18, 12, 485, 418, -0.2177228033542633
18, 13, 1093, 674, -0.6465639472007751
18, 14, 244, 656, -0.6958416700363159
18, 15, 873, 537, -1.3256971836090088
18, 16, 539, 508, -1.3596179485321045
18, 17, 805, 505, -1.4485878944396973
18, 18, 619, 491, -1.4792001247406006
18, 19, 787, 475, -1.3517519235610962
18, 20, 640, 465, -1.3985207080841064
18, 21, 797, 491, -1.3013026714324951
18, 22, 618, 472, -1.3370847702026367
18, 23, 822, 958, -0.02819591388106346
18, 24, 540, 963, 0.030972804874181747
18, 25, 834, 1393, -0.05098316818475723
18, 26, 562, 1384, -0.01323581300675869
18, 27, 843, 1789, 0.33354318141937256
18, 28, 583, 1780, 0.1997673213481903
18, 29, 849, 1842, 0.3429785966873169
18, 30, 574, 1837, 0.2092360258102417
18, 31, 811, 1928, -0.11696751415729523
18, 32, 630, 1914, -0.2647683620452881
19, 0, 676, 244, -0.8103305101394653
19, 1, 708, 199, -0.7527157664299011
19, 2, 722, 199, -0.7527815699577332
19, 3, 739, 199, -0.7524651288986206
19, 4, 655, 197, -0.755484938621521
19, 5, 637, 196, -0.7553778886795044
19, 6, 622, 195, -0.7557645440101624
19, 7, 766, 210, -0.3953114449977875
19, 8, 597, 203, -0.403843492269516
19, 9, 707, 287, -0.6786221265792847
19, 10, 645, 287, -0.6809145212173462
19, 11, 887, 418, -0.1605052649974823
19, 12, 485, 416, -0.21216139197349548
19, 13, 1089, 675, -0.6192989945411682
19, 14, 243, 655, -0.676285982131958
19, 15, 872, 536, -1.243869423866272
19, 16, 539, 512, -1.3154290914535522
19, 17, 803, 504, -1.359924554824829
19, 18, 620, 492, -1.4302594661712646
19, 19, 785, 477, -1.2623541355133057
19, 20, 643, 466, -1.3497231006622314
19, 21, 795, 491, -1.2178641557693481
19, 22, 620, 474, -1.2929729223251343
19, 23, 821, 958, -0.02686469815671444
19, 24, 537, 963, 0.029583683237433434
19, 25, 834, 1396, -0.008647781796753407
19, 26, 562, 1387, 0.008372743614017963
19, 27, 841, 1792, 0.3915146589279175
19, 28, 582, 1782, 0.26783445477485657
19, 29, 846, 1844, 0.40384215116500854
19, 30, 572, 1838, 0.28265106678009033
19, 31, 810, 1930, -0.041566334664821625
19, 32, 630, 1916, -0.19254782795906067
20, 0, 674, 244, -0.7817980051040649
20, 1, 707, 199, -0.7395173907279968
20, 2, 721, 198, -0.7395232915878296
20, 3, 738, 199, -0.7392289042472839
20, 4, 654, 197, -0.7374969124794006
20, 5, 636, 196, -0.7374237179756165
20, 6, 621, 195, -0.7378343343734741
20, 7, 766, 210, -0.38923484086990356
20, 8, 597, 203, -0.3934127688407898
20, 9, 706, 287, -0.6541932225227356
20, 10, 644, 287, -0.6531936526298523
20, 11, 887, 418, -0.16030901670455933
20, 12, 486, 415, -0.19376599788665771
20, 13, 1085, 675, -0.6074062585830688
20, 14, 239, 645, -0.6690043807029724
20, 15, 873, 537, -1.2111304998397827
20, 16, 522, 508, -1.2921507358551025
20, 17, 806, 507, -1.3241826295852661
20, 18, 604, 488, -1.4053765535354614
20, 19, 787, 478, -1.2290360927581787
20, 20, 628, 464, -1.328005075454712
20, 21, 797, 491, -1.185485601425171
20, 22, 608, 473, -1.2712887525558472
20, 23, 821, 956, -0.027094285935163498
20, 24, 537, 962, 0.02979477122426033
20, 25, 834, 1397, -0.01621224358677864
20, 26, 561, 1386, 0.010318523272871971
20, 27, 841, 1792, 0.3802671432495117
20, 28, 581, 1780, 0.25577688217163086
20, 29, 846, 1843, 0.3901306986808777
20, 30, 572, 1835, 0.26870259642601013
20, 31, 809, 1930, -0.04278124123811722
20, 32, 629, 1913, -0.201013445854187
21, 0, 673, 243, -0.7440171837806702
21, 1, 706, 199, -0.7029746770858765
21, 2, 721, 198, -0.7030578851699829
21, 3, 738, 198, -0.7028195261955261
21, 4, 653, 197, -0.7017174959182739
21, 5, 636, 196, -0.7017101049423218
21, 6, 621, 195, -0.7021623253822327
21, 7, 766, 209, -0.3684164583683014
21, 8, 597, 203, -0.3676570951938629
21, 9, 706, 287, -0.6188938617706299
21, 10, 644, 287, -0.6195502281188965
21, 11, 888, 418, -0.15687492489814758
21, 12, 486, 416, -0.17065487802028656
21, 13, 1085, 675, -0.5970979928970337
21, 14, 235, 643, -0.6432679891586304
21, 15, 874, 535, -1.1564679145812988
21, 16, 518, 504, -1.2589991092681885
21, 17, 807, 503, -1.2606024742126465
21, 18, 599, 483, -1.3641506433486938
21, 19, 789, 472, -1.1600427627563477
21, 20, 626, 462, -1.277321219444275
21, 21, 798, 485, -1.1257894039154053
21, 22, 603, 471, -1.2339298725128174
21, 23, 824, 956, -0.02794990874826908
21, 24, 541, 962, 0.03058377467095852
21, 25, 840, 1397, -0.018102074041962624
21, 26, 567, 1386, 0.017314286902546883
21, 27, 850, 1792, 0.3693668246269226
21, 28, 590, 1780, 0.259674608707428
21, 29, 856, 1843, 0.37982332706451416
21, 30, 581, 1835, 0.27278798818588257
21, 31, 819, 1931, -0.0556480772793293
21, 32, 637, 1912, -0.18417038023471832
22, 0, 673, 243, -0.7793697118759155
22, 1, 706, 198, -0.7290160655975342
22, 2, 721, 198, -0.7291072010993958
22, 3, 737, 198, -0.7287409901618958
22, 4, 653, 197, -0.7298449873924255
22, 5, 635, 196, -0.7298435568809509
22, 6, 620, 194, -0.730301022529602
22, 7, 766, 209, -0.3746965527534485
22, 8, 597, 203, -0.3770156800746918
22, 9, 705, 287, -0.6474437117576599
22, 10, 644, 286, -0.6503557562828064
22, 11, 888, 418, -0.17267899215221405
22, 12, 486, 416, -0.17111259698867798
22, 13, 1087, 676, -0.6480966806411743
22, 14, 232, 637, -0.657246470451355
22, 15, 875, 530, -1.2648202180862427
22, 16, 515, 496, -1.3015356063842773
22, 17, 808, 495, -1.379692792892456
22, 18, 596, 479, -1.4152352809906006
22, 19, 790, 466, -1.279958963394165
22, 20, 623, 460, -1.3235816955566406
22, 21, 799, 479, -1.2368276119232178
22, 22, 600, 469, -1.2767702341079712
22, 23, 824, 957, -0.031160976737737656
22, 24, 541, 963, 0.03374386578798294
22, 25, 839, 1398, -0.018568143248558044
22, 26, 566, 1387, 0.0204254612326622
22, 27, 850, 1793, 0.38201984763145447
22, 28, 589, 1781, 0.2671162486076355
22, 29, 856, 1844, 0.3940345048904419
22, 30, 580, 1836, 0.28001561760902405
22, 31, 818, 1932, -0.053671836853027344
22, 32, 636, 1913, -0.18748588860034943
23, 0, 673, 242, -0.7724341154098511
23, 1, 706, 198, -0.7274426221847534
23, 2, 720, 198, -0.727582573890686
23, 3, 737, 198, -0.7273708581924438
23, 4, 652, 197, -0.7272424697875977
23, 5, 635, 196, -0.7270876169204712
23, 6, 620, 195, -0.7275365591049194
23, 7, 766, 209, -0.367561399936676
23, 8, 597, 203, -0.37652522325515747
23, 9, 705, 286, -0.6417837142944336
23, 10, 644, 286, -0.6441686749458313
23, 11, 888, 418, -0.17237144708633423
23, 12, 486, 416, -0.17214158177375793
23, 13, 1092, 674, -0.6318272352218628
23, 14, 228, 630, -0.65333092212677
23, 15, 874, 523, -1.2420375347137451
23, 16, 506, 490, -1.278875708580017
23, 17, 809, 487, -1.3677542209625244
23, 18, 590, 478, -1.3882675170898438
23, 19, 791, 460, -1.2507253885269165
23, 20, 616, 458, -1.2827636003494263
23, 21, 800, 473, -1.226266622543335
23, 22, 596, 467, -1.2483478784561157
23, 23, 826, 958, -0.028823256492614746
23, 24, 543, 968, 0.031422920525074005
23, 25, 841, 1404, -0.0279826819896698
23, 26, 569, 1398, -0.007962988689541817
23, 27, 851, 1801, 0.346971333026886
23, 28, 594, 1792, 0.19764219224452972
23, 29, 858, 1852, 0.3566095232963562
23, 30, 588, 1846, 0.20527267456054688
23, 31, 819, 1938, -0.08744189143180847
23, 32, 642, 1922, -0.2595088481903076
24, 0, 672, 242, -0.7338332533836365
24, 1, 705, 198, -0.6852884292602539
24, 2, 720, 198, -0.6853265166282654
24, 3, 736, 198, -0.6849468946456909
24, 4, 652, 197, -0.6864493489265442
24, 5, 635, 196, -0.6863385438919067
24, 6, 620, 195, -0.6867731809616089
24, 7, 766, 209, -0.3365221619606018
24, 8, 597, 204, -0.3438180088996887
24, 9, 705, 286, -0.6057023406028748
24, 10, 644, 286, -0.609535813331604
24, 11, 888, 418, -0.15028926730155945
24, 12, 486, 415, -0.15493284165859222
24, 13, 1097, 674, -0.598882794380188
24, 14, 228, 626, -0.6304540038108826
24, 15, 874, 515, -1.1403865814208984
24, 16, 506, 486, -1.2297074794769287
24, 17, 810, 480, -1.247351050376892
24, 18, 590, 475, -1.3393967151641846
24, 19, 791, 453, -1.143005132675171
24, 20, 616, 455, -1.2396395206451416
24, 21, 800, 466, -1.1138461828231812
24, 22, 596, 464, -1.2021976709365845
24, 23, 833, 954, -0.02837972342967987
24, 24, 548, 966, 0.03103542886674404
24, 25, 849, 1402, -0.028331562876701355
24, 26, 576, 1396, -0.011755445972084999
24, 27, 861, 1799, 0.343054860830307
24, 28, 603, 1791, 0.1921416074037552
24, 29, 868, 1849, 0.35199111700057983
24, 30, 598, 1845, 0.19997738301753998
24, 31, 828, 1936, -0.09690892696380615
24, 32, 650, 1921, -0.2692446708679199
25, 0, 672, 242, -0.6503812670707703
25, 1, 705, 198, -0.6064773797988892
25, 2, 720, 198, -0.6064326167106628
25, 3, 736, 198, -0.6060650944709778
25, 4, 652, 197, -0.6058130264282227
25, 5, 635, 196, -0.6056081652641296
25, 6, 620, 196, -0.6060149669647217
25, 7, 766, 209, -0.2917349338531494
25, 8, 597, 204, -0.285542368888855
25, 9, 705, 286, -0.5342272520065308
25, 10, 644, 287, -0.5343836545944214
25, 11, 888, 418, -0.126444011926651
25, 12, 488, 411, -0.12532231211662292
25, 13, 1103, 673, -0.5504545569419861
25, 14, 229, 619, -0.5893198251724243
25, 15, 876, 513, -1.0332937240600586
25, 16, 506, 489, -1.162566065788269
25, 17, 812, 478, -1.1303765773773193
25, 18, 590, 476, -1.265215277671814
25, 19, 791, 454, -1.021809697151184
25, 20, 616, 455, -1.1727216243743896
25, 21, 801, 466, -1.0002573728561401
25, 22, 596, 464, -1.1368809938430786
25, 23, 835, 952, -0.02844868041574955
25, 24, 549, 962, 0.031118083745241165
25, 25, 848, 1399, -0.007945932447910309
25, 26, 576, 1393, 0.007755936123430729
25, 27, 859, 1795, 0.3810790479183197
25, 28, 600, 1786, 0.24101658165454865
25, 29, 866, 1844, 0.393655002117157
25, 30, 594, 1839, 0.2540508508682251
25, 31, 826, 1933, -0.03633945435285568
25, 32, 646, 1917, -0.20606520771980286
26, 0, 672, 242, -0.6639905571937561
26, 1, 705, 198, -0.6148945689201355
26, 2, 720, 198, -0.6149120330810547
26, 3, 736, 198, -0.6145151257514954
26, 4, 652, 197, -0.6149485111236572
26, 5, 635, 197, -0.614815890789032
26, 6, 620, 196, -0.615246593952179
26, 7, 766, 209, -0.2856437563896179
26, 8, 597, 205, -0.2814035415649414
26, 9, 705, 286, -0.5428106188774109
26, 10, 643, 287, -0.5440298318862915
26, 11, 888, 418, -0.11329393088817596
26, 12, 489, 412, -0.11603040993213654
26, 13, 1103, 673, -0.5539014935493469
26, 14, 230, 616, -0.5835543274879456
26, 15, 874, 507, -1.0640976428985596
26, 16, 522, 490, -1.1516989469528198
26, 17, 811, 471, -1.1647372245788574
26, 18, 598, 467, -1.257453203201294
26, 19, 790, 447, -1.0606995820999146
26, 20, 624, 451, -1.1616320610046387
26, 21, 799, 460, -1.0333503484725952
26, 22, 602, 463, -1.1254031658172607
26, 23, 835, 952, -0.028484975919127464
26, 24, 549, 961, 0.031183887273073196
26, 25, 848, 1398, -0.047356072813272476
26, 26, 575, 1390, -0.011755100451409817
26, 27, 856, 1793, 0.29774972796440125
26, 28, 595, 1784, 0.1702696830034256
26, 29, 863, 1843, 0.30490344762802124
26, 30, 589, 1837, 0.17626139521598816
26, 31, 821, 1931, -0.1396358758211136
26, 32, 639, 1915, -0.28536492586135864
27, 0, 672, 242, -0.7098996043205261
27, 1, 705, 198, -0.6666367650032043
27, 2, 720, 197, -0.6665342450141907
27, 3, 736, 198, -0.6661264300346375
27, 4, 652, 197, -0.6656085252761841
27, 5, 635, 197, -0.6654996871948242
27, 6, 620, 197, -0.6658818125724792
27, 7, 766, 209, -0.3429897725582123
27, 8, 597, 205, -0.335375040769577
27, 9, 705, 286, -0.5891358852386475
27, 10, 644, 287, -0.5887207388877869
27, 11, 888, 418, -0.15601135790348053
27, 12, 490, 411, -0.15673676133155823
27, 13, 1103, 672, -0.6004464030265808
27, 14, 230, 612, -0.630142092704773
27, 15, 870, 510, -1.0976086854934692
27, 16, 522, 490, -1.1605539321899414
27, 17, 804, 474, -1.187880516052246
27, 18, 597, 467, -1.2714613676071167
27, 19, 785, 449, -1.0622413158416748
27, 20, 623, 449, -1.1887145042419434
27, 21, 794, 462, -1.0594133138656616
27, 22, 602, 461, -1.1310259103775024
27, 23, 835, 952, -0.0284839179366827
27, 24, 549, 960, 0.031183267012238503
27, 25, 845, 1399, -0.045614127069711685
27, 26, 572, 1390, -0.011611877009272575
27, 27, 850, 1794, 0.30818039178848267
27, 28, 588, 1784, 0.18191736936569214
27, 29, 857, 1843, 0.3165963888168335
27, 30, 581, 1837, 0.18921507894992828
27, 31, 813, 1932, -0.126146137714386
27, 32, 631, 1915, -0.2718393802642822
28, 0, 673, 244, -0.809705376625061
28, 1, 705, 198, -0.7585006356239319
28, 2, 720, 198, -0.7584608197212219
28, 3, 736, 198, -0.758097767829895
28, 4, 652, 199, -0.7629440426826477
28, 5, 635, 198, -0.7629686594009399
28, 6, 620, 199, -0.7633596658706665
28, 7, 766, 209, -0.3945346474647522
28, 8, 598, 207, -0.41108402609825134
28, 9, 705, 287, -0.6727684736251831
28, 10, 645, 290, -0.679492712020874
28, 11, 886, 417, -0.17124810814857483
28, 12, 491, 411, -0.205071359872818
28, 13, 1103, 665, -0.6284098029136658
28, 14, 230, 611, -0.6853651404380798
28, 15, 869, 511, -1.206762433052063
28, 16, 522, 482, -1.2636277675628662
28, 17, 803, 478, -1.3146007061004639
28, 18, 597, 455, -1.3695557117462158
28, 19, 784, 454, -1.2079486846923828
28, 20, 623, 444, -1.2784059047698975
28, 21, 793, 467, -1.175965428352356
28, 22, 602, 456, -1.2347222566604614
28, 23, 832, 952, -0.027762701734900475
28, 24, 548, 960, 0.030373230576515198
28, 25, 840, 1399, -0.06015590578317642
28, 26, 571, 1390, -0.01749074086546898
28, 27, 843, 1794, 0.2855481207370758
28, 28, 585, 1785, 0.16209034621715546
28, 29, 850, 1843, 0.2927134037017822
28, 30, 578, 1838, 0.16749092936515808
28, 31, 807, 1932, -0.15314653515815735
28, 32, 628, 1915, -0.29819726943969727
29, 0, 673, 245, -0.8896893262863159
29, 1, 705, 199, -0.8358381390571594
29, 2, 720, 198, -0.835826575756073
29, 3, 736, 198, -0.8354746103286743
29, 4, 652, 200, -0.8421528935432434
29, 5, 635, 199, -0.8422198295593262
29, 6, 620, 200, -0.8426167368888855
29, 7, 766, 209, -0.4546585977077484
29, 8, 598, 208, -0.4814905524253845
29, 9, 705, 288, -0.7466050982475281
29, 10, 645, 291, -0.7561518549919128
29, 11, 885, 416, -0.21247568726539612
29, 12, 491, 411, -0.2678484320640564
29, 13, 1102, 661, -0.6858381032943726
29, 14, 230, 612, -0.7557789087295532
29, 15, 870, 517, -1.3221435546875
29, 16, 514, 482, -1.3959519863128662
29, 17, 804, 486, -1.4464119672775269
29, 18, 591, 458, -1.5158302783966064
29, 19, 784, 461, -1.3542988300323486
29, 20, 619, 446, -1.4322314262390137
29, 21, 794, 474, -1.2989825010299683
29, 22, 597, 458, -1.3728684186935425
29, 23, 831, 952, -0.02439126744866371
29, 24, 548, 960, 0.026950623840093613
29, 25, 839, 1399, -0.05610610172152519
29, 26, 569, 1390, -0.024498526006937027
29, 27, 840, 1794, 0.3091185986995697
29, 28, 583, 1785, 0.172655388712883
29, 29, 846, 1844, 0.3174113631248474
29, 30, 576, 1839, 0.1795145571231842
29, 31, 805, 1932, -0.14555171132087708
29, 32, 626, 1915, -0.29435303807258606
30, 0, 675, 247, -0.6327849626541138
30, 1, 707, 200, -0.5897905230522156
30, 2, 722, 199, -0.5897218585014343
30, 3, 738, 199, -0.5893790125846863
30, 4, 654, 201, -0.5926441550254822
30, 5, 636, 201, -0.59244304895401
30, 6, 622, 202, -0.5927984714508057
30, 7, 766, 209, -0.2744629979133606
30, 8, 598, 208, -0.2844085395336151
30, 9, 706, 289, -0.5151435732841492
30, 10, 647, 293, -0.5198624730110168
30, 11, 884, 413, -0.11153773218393326
30, 12, 492, 410, -0.12337875366210938
30, 13, 1101, 659, -0.5140182971954346
30, 14, 231, 613, -0.5769727826118469
30, 15, 870, 518, -1.0015943050384521
30, 16, 507, 484, -1.1567569971084595
30, 17, 804, 490, -1.0975778102874756
30, 18, 584, 461, -1.257131814956665
30, 19, 784, 465, -0.9945723414421082
30, 20, 612, 448, -1.1716059446334839
30, 21, 794, 478, -0.9698058366775513
30, 22, 593, 459, -1.1323769092559814
30, 23, 833, 949, -0.02443276159465313
30, 24, 549, 958, 0.027004074305295944
30, 25, 843, 1395, -0.03118947148323059
30, 26, 572, 1389, -0.016780365258455276
30, 27, 846, 1791, 0.3276299238204956
30, 28, 587, 1784, 0.17687749862670898
30, 29, 853, 1840, 0.33723604679107666
30, 30, 579, 1836, 0.18508586287498474
30, 31, 812, 1931, -0.0915532261133194
30, 32, 630, 1915, -0.2745817303657532
31, 0, 676, 247, -0.7371702790260315
31, 1, 708, 200, -0.6958891153335571
31, 2, 723, 199, -0.6959437727928162
31, 3, 740, 199, -0.69568932056427
31, 4, 654, 202, -0.7011700868606567
31, 5, 637, 201, -0.7011722922325134
31, 6, 622, 202, -0.7016209363937378
31, 7, 767, 209, -0.3590624928474426
31, 8, 598, 208, -0.37992656230926514
31, 9, 707, 289, -0.6073135137557983
31, 10, 648, 293, -0.6161414384841919
31, 11, 883, 411, -0.14717403054237366
31, 12, 492, 407, -0.1598544716835022
31, 13, 1101, 658, -0.5404380559921265
31, 14, 231, 613, -0.5975594520568848
31, 15, 870, 523, -1.0713624954223633
31, 16, 507, 484, -1.1873018741607666
31, 17, 804, 495, -1.1755518913269043
31, 18, 584, 462, -1.2934573888778687
31, 19, 785, 470, -1.0743088722229004
31, 20, 612, 448, -1.2064967155456543
31, 21, 794, 484, -1.042116403579712
31, 22, 593, 459, -1.1635711193084717
31, 23, 833, 946, -0.02468046545982361
31, 24, 549, 955, 0.027191588655114174
31, 25, 843, 1391, -0.03138177841901779
31, 26, 572, 1384, -0.016099710017442703
31, 27, 845, 1788, 0.3290975093841553
31, 28, 587, 1779, 0.17982806265354156
31, 29, 851, 1837, 0.33913642168045044
31, 30, 579, 1832, 0.1887194812297821
31, 31, 812, 1928, -0.09133077412843704
31, 32, 630, 1911, -0.2698804438114166
32, 0, 677, 247, -0.8220428228378296
32, 1, 709, 200, -0.774052619934082
32, 2, 724, 199, -0.7739502191543579
32, 3, 741, 199, -0.7736049890518188
32, 4, 655, 202, -0.7814093232154846
32, 5, 638, 201, -0.7814616560935974
32, 6, 623, 202, -0.7818449139595032
32, 7, 767, 209, -0.41968607902526855
32, 8, 598, 208, -0.4519684314727783
32, 9, 707, 289, -0.6869350671768188
32, 10, 648, 293, -0.6981621980667114
32, 11, 882, 411, -0.18863415718078613
32, 12, 492, 406, -0.24801413714885712
32, 13, 1101, 657, -0.6279891133308411
32, 14, 231, 612, -0.708976149559021
32, 15, 870, 523, -1.2038649320602417
32, 16, 514, 485, -1.2797869443893433
32, 17, 805, 495, -1.3112385272979736
32, 18, 587, 463, -1.3822330236434937
32, 19, 785, 471, -1.2080951929092407
32, 20, 617, 449, -1.2941228151321411
32, 21, 794, 485, -1.1738368272781372
32, 22, 598, 460, -1.2522060871124268
32, 23, 830, 946, -0.020950522273778915
32, 24, 548, 956, 0.023402493447065353
32, 25, 839, 1391, -0.03604774922132492
32, 26, 569, 1384, -0.02650359831750393
32, 27, 841, 1788, 0.31028732657432556
32, 28, 582, 1780, 0.1532319188117981
32, 29, 847, 1837, 0.3192196488380432
32, 30, 575, 1833, 0.15845897793769836
32, 31, 806, 1928, -0.11086244881153107
32, 32, 626, 1911, -0.29781073331832886
33, 0, 678, 248, -0.8062335252761841
33, 1, 709, 201, -0.7596458792686462
33, 2, 725, 199, -0.759524405002594
33, 3, 741, 199, -0.7591581344604492
33, 4, 656, 202, -0.7666272521018982
33, 5, 639, 202, -0.7666224837303162
33, 6, 623, 203, -0.7669793963432312
33, 7, 768, 209, -0.415886789560318
33, 8, 599, 209, -0.4482211172580719
33, 9, 707, 289, -0.674659252166748
33, 10, 649, 293, -0.6852681636810303
33, 11, 881, 411, -0.18949633836746216
33, 12, 492, 406, -0.26538166403770447
33, 13, 1098, 654, -0.629612386226654
33, 14, 232, 610, -0.7266972661018372
33, 15, 870, 523, -1.192285418510437
33, 16, 520, 487, -1.2793598175048828
33, 17, 802, 496, -1.2974088191986084
33, 18, 591, 464, -1.3792264461517334
33, 19, 784, 471, -1.1945369243621826
33, 20, 619, 450, -1.2917530536651611
33, 21, 794, 485, -1.161812424659729
33, 22, 599, 460, -1.2514346837997437
33, 23, 822, 945, -0.01351830642670393
33, 24, 543, 953, 0.015894269570708275
33, 25, 824, 1389, -0.026936054229736328
33, 26, 558, 1380, -0.030062010511755943
33, 27, 826, 1784, 0.31218284368515015
33, 28, 568, 1775, 0.14481228590011597
33, 29, 830, 1833, 0.3210415244102478
33, 30, 560, 1829, 0.1495579034090042
33, 31, 790, 1923, -0.10624142736196518
33, 32, 611, 1905, -0.2984960675239563
34, 0, 678, 248, -0.9164314270019531
34, 1, 709, 201, -0.8752241134643555
34, 2, 725, 200, -0.8751039505004883
34, 3, 741, 199, -0.8748116493225098
34, 4, 656, 203, -0.8800492286682129
34, 5, 639, 202, -0.8800702095031738
34, 6, 623, 203, -0.880443274974823
34, 7, 768, 209, -0.5270125865936279
34, 8, 599, 209, -0.545995831489563
34, 9, 707, 289, -0.7804738879203796
34, 10, 649, 293, -0.7880524396896362
34, 11, 881, 409, -0.27559521794319153
34, 12, 492, 404, -0.3246915638446808
34, 13, 1098, 653, -0.6893042922019958
34, 14, 232, 610, -0.7630605697631836
34, 15, 869, 523, -1.2185090780258179
34, 16, 521, 487, -1.301369547843933
34, 17, 799, 496, -1.3180556297302246
34, 18, 593, 465, -1.3980506658554077
34, 19, 782, 471, -1.2141289710998535
34, 20, 620, 449, -1.3072974681854248
34, 21, 793, 483, -1.1862057447433472
34, 22, 600, 459, -1.2719597816467285
34, 23, 822, 938, -0.013962900266051292
34, 24, 543, 948, 0.01646365411579609
34, 25, 824, 1383, -0.01684202253818512
34, 26, 558, 1374, -0.0024514503311365843
34, 27, 826, 1778, 0.3418735861778259
34, 28, 568, 1768, 0.20434775948524475
34, 29, 831, 1827, 0.3526318669319153
34, 30, 561, 1821, 0.21328623592853546
34, 31, 790, 1917, -0.08406181633472443
34, 32, 613, 1899, -0.24209041893482208
35, 0, 678, 247, -0.8029715418815613
35, 1, 709, 200, -0.7552799582481384
35, 2, 725, 199, -0.7552568912506104
35, 3, 741, 199, -0.7548922300338745
35, 4, 656, 202, -0.759048581123352
35, 5, 639, 202, -0.7590610980987549
35, 6, 623, 202, -0.759450376033783
35, 7, 767, 209, -0.4210246205329895
35, 8, 599, 208, -0.43665963411331177
35, 9, 707, 288, -0.6782881617546082
35, 10, 649, 292, -0.6849414706230164
35, 11, 881, 409, -0.2353808581829071
35, 12, 492, 405, -0.26541993021965027
35, 13, 1099, 654, -0.6793451309204102
35, 14, 231, 610, -0.7592836618423462
35, 15, 869, 522, -1.2002259492874146
35, 16, 520, 486, -1.293393611907959
35, 17, 798, 493, -1.303511381149292
35, 18, 589, 459, -1.3904191255569458
35, 19, 782, 468, -1.202019453048706
35, 20, 617, 446, -1.300731897354126
35, 21, 792, 481, -1.1698225736618042
35, 22, 597, 458, -1.264603614807129
35, 23, 823, 938, -0.014198556542396545
35, 24, 545, 949, 0.01669173128902912
35, 25, 833, 1383, -0.04529474675655365
35, 26, 567, 1376, -0.01703084260225296
35, 27, 842, 1778, 0.2988608479499817
35, 28, 587, 1769, 0.16080796718597412
35, 29, 848, 1828, 0.3072284162044525
35, 30, 580, 1822, 0.16600383818149567
35, 31, 810, 1918, -0.12907198071479797
35, 32, 633, 1899, -0.28845417499542236
36, 0, 678, 246, -0.7470073103904724
36, 1, 709, 200, -0.6973836421966553
36, 2, 725, 198, -0.6973826289176941
36, 3, 741, 198, -0.6969677805900574
36, 4, 656, 201, -0.7007513642311096
36, 5, 639, 201, -0.7007429599761963
36, 6, 623, 202, -0.7011393308639526
36, 7, 767, 208, -0.35920462012290955
36, 8, 599, 208, -0.37043526768684387
36, 9, 707, 288, -0.6230088472366333
36, 10, 649, 292, -0.6286299824714661
36, 11, 881, 410, -0.2003311812877655
36, 12, 492, 405, -0.20348255336284637
36, 13, 1099, 655, -0.6649351119995117
36, 14, 231, 610, -0.7175513505935669
36, 15, 865, 521, -1.147155523300171
36, 16, 516, 477, -1.2706536054611206
36, 17, 798, 488, -1.2469209432601929
36, 18, 588, 451, -1.3721873760223389
36, 19, 781, 465, -1.13787841796875
36, 20, 616, 442, -1.2720612287521362
36, 21, 791, 480, -1.1142956018447876
36, 22, 595, 456, -1.2407649755477905
36, 23, 828, 947, -0.019576765596866608
36, 24, 547, 961, 0.022084418684244156
36, 25, 847, 1392, -0.03782862052321434
36, 26, 578, 1393, 0.008163361810147762
36, 27, 865, 1787, 0.34101152420043945
36, 28, 607, 1784, 0.22312195599079132
36, 29, 874, 1837, 0.3526820242404938
36, 30, 601, 1837, 0.2338736355304718
36, 31, 835, 1928, -0.08488798886537552
36, 32, 655, 1915, -0.228520005941391
37, 0, 679, 246, -0.6445719003677368
37, 1, 710, 199, -0.6026138067245483
37, 2, 725, 198, -0.6025683879852295
37, 3, 742, 198, -0.6022195219993591
37, 4, 657, 201, -0.6046729683876038
37, 5, 639, 200, -0.6045011281967163
37, 6, 624, 201, -0.6048797965049744
37, 7, 767, 208, -0.2893095314502716
37, 8, 599, 208, -0.29391053318977356
37, 9, 708, 287, -0.5274419784545898
37, 10, 649, 291, -0.530840277671814
37, 11, 881, 410, -0.13245847821235657
37, 12, 492, 405, -0.1362275332212448
37, 13, 1099, 656, -0.5397404432296753
37, 14, 231, 611, -0.6040576100349426
37, 15, 865, 519, -1.0141198635101318
37, 16, 512, 478, -1.1685010194778442
37, 17, 799, 486, -1.1114610433578491
37, 18, 586, 459, -1.2695379257202148
37, 19, 781, 461, -1.0074419975280762
37, 20, 614, 444, -1.177789568901062
37, 21, 791, 475, -0.9819107055664062
37, 22, 594, 456, -1.1423536539077759
37, 23, 829, 948, -0.020843766629695892
37, 24, 547, 961, 0.023420805111527443
37, 25, 847, 1392, 0.009802611544728279
37, 26, 578, 1393, 0.033937327563762665
37, 27, 863, 1787, 0.39844033122062683
37, 28, 604, 1783, 0.2757161855697632
37, 29, 871, 1836, 0.4124476909637451
37, 30, 598, 1835, 0.2901288568973541
37, 31, 831, 1928, -0.004308953881263733
37, 32, 652, 1915, -0.1600317656993866
38, 0, 680, 245, -0.6929558515548706
38, 1, 710, 199, -0.6478938460350037
38, 2, 726, 198, -0.6478502154350281
38, 3, 742, 198, -0.6474927067756653
38, 4, 658, 201, -0.6513689160346985
38, 5, 640, 200, -0.6512752175331116
38, 6, 625, 201, -0.6516600847244263
38, 7, 768, 208, -0.3150083124637604
38, 8, 599, 207, -0.3303123116493225
38, 9, 708, 287, -0.5695939064025879
38, 10, 650, 291, -0.5749096274375916
38, 11, 881, 409, -0.1341114193201065
38, 12, 492, 404, -0.15742114186286926
38, 13, 1098, 656, -0.5583314299583435
38, 14, 230, 614, -0.6198874115943909
38, 15, 866, 518, -1.0571985244750977
38, 16, 508, 483, -1.1952587366104126
38, 17, 803, 485, -1.1585304737091064
38, 18, 582, 465, -1.2981147766113281
38, 19, 785, 459, -1.056559443473816
38, 20, 610, 445, -1.2064194679260254
38, 21, 795, 474, -1.0273244380950928
38, 22, 591, 457, -1.1685373783111572
38, 23, 830, 947, -0.024162769317626953
38, 24, 548, 960, 0.026745561510324478
38, 25, 847, 1392, 0.002282797358930111
38, 26, 577, 1390, 0.02765805646777153
38, 27, 863, 1786, 0.38766759634017944
38, 28, 604, 1781, 0.26112377643585205
38, 29, 871, 1835, 0.4006173610687256
38, 30, 597, 1833, 0.2737369239330292
38, 31, 831, 1927, -0.02627491019666195
38, 32, 650, 1913, -0.18322348594665527
39, 0, 681, 245, -0.7156258225440979
39, 1, 711, 200, -0.6748256087303162
39, 2, 727, 199, -0.6747257113456726
39, 3, 743, 198, -0.6743603944778442
39, 4, 659, 201, -0.6800245046615601
39, 5, 641, 200, -0.6798641085624695
39, 6, 626, 201, -0.6803008913993835
39, 7, 768, 208, -0.35547009110450745
39, 8, 600, 208, -0.3757076859474182
39, 9, 709, 287, -0.5954873561859131
39, 10, 651, 291, -0.6040852069854736
39, 11, 883, 409, -0.16752246022224426
39, 12, 491, 405, -0.19605425000190735
39, 13, 1099, 657, -0.5784063339233398
39, 14, 230, 615, -0.6574054956436157
39, 15, 866, 518, -1.0855499505996704
39, 16, 514, 490, -1.205267071723938
39, 17, 804, 482, -1.1853618621826172
39, 18, 590, 470, -1.3108069896697998
39, 19, 788, 456, -1.0802273750305176
39, 20, 616, 449, -1.2197932004928589
39, 21, 798, 471, -1.0544542074203491
39, 22, 596, 462, -1.180145502090454
39, 23, 835, 945, -0.024514559656381607
39, 24, 551, 958, 0.02714894339442253
39, 25, 848, 1390, -2.2829130102763884e-05
39, 26, 577, 1387, 0.023521356284618378
39, 27, 862, 1785, 0.3817242980003357
39, 28, 602, 1779, 0.2536042630672455
39, 29, 870, 1834, 0.39444848895072937
39, 30, 595, 1831, 0.2653701901435852
39, 31, 829, 1926, -0.03962425887584686
39, 32, 649, 1911, -0.19411328434944153
40, 0, 683, 246, -0.5818706750869751
40, 1, 713, 200, -0.5369006395339966
40, 2, 729, 200, -0.536836564540863
40, 3, 745, 199, -0.5364174246788025
40, 4, 661, 201, -0.5403186082839966
40, 5, 644, 201, -0.5400599837303162
40, 6, 627, 201, -0.5404554605484009
40, 7, 769, 209, -0.23386871814727783
40, 8, 601, 208, -0.2458374947309494
40, 9, 710, 287, -0.4700922966003418
40, 10, 652, 291, -0.4760238528251648
40, 11, 883, 412, -0.08779492229223251
40, 12, 491, 405, -0.09575147926807404
40, 13, 1098, 662, -0.47659939527511597
40, 14, 232, 618, -0.5247958302497864
40, 15, 866, 518, -0.9060641527175903
40, 16, 512, 494, -1.0444157123565674
40, 17, 804, 482, -0.9908588528633118
40, 18, 584, 474, -1.136940598487854
40, 19, 789, 457, -0.8791559934616089
40, 20, 609, 451, -1.0445646047592163
40, 21, 799, 471, -0.8702826499938965
40, 22, 592, 464, -1.0182130336761475
40, 23, 834, 944, -0.024547897279262543
40, 24, 548, 955, 0.027204837650060654
40, 25, 846, 1387, -8.498672104906291e-05
40, 26, 575, 1383, 0.021999239921569824
40, 27, 859, 1782, 0.38073769211769104
40, 28, 599, 1775, 0.24518230557441711
40, 29, 867, 1830, 0.39398694038391113
40, 30, 591, 1827, 0.255887895822525
40, 31, 824, 1924, -0.04596332088112831
40, 32, 644, 1907, -0.20094020664691925
41, 0, 684, 246, -0.8850069046020508
41, 1, 714, 202, -0.8276413083076477
41, 2, 729, 201, -0.8276068568229675
41, 3, 745, 201, -0.8271692991256714
41, 4, 662, 201, -0.8346586227416992
41, 5, 644, 201, -0.8347784280776978
41, 6, 628, 202, -0.8351646661758423
41, 7, 769, 210, -0.44334688782691956
41, 8, 602, 208, -0.47554928064346313
41, 9, 711, 288, -0.7422149181365967
41, 10, 653, 292, -0.7531692385673523
41, 11, 883, 415, -0.21822984516620636
41, 12, 491, 408, -0.25866976380348206
41, 13, 1097, 664, -0.735793948173523
41, 14, 232, 619, -0.7550593614578247
41, 15, 866, 521, -1.3877472877502441
41, 16, 509, 493, -1.4127708673477173
41, 17, 800, 488, -1.5097770690917969
41, 18, 581, 473, -1.5321919918060303
41, 19, 787, 463, -1.4052200317382812
41, 20, 606, 451, -1.4459056854248047
41, 21, 797, 477, -1.359871506690979
41, 22, 590, 464, -1.3894097805023193
41, 23, 833, 951, -0.024050842970609665
41, 24, 548, 963, 0.026683935895562172
41, 25, 845, 1395, -0.04342109337449074
41, 26, 575, 1388, -0.0426686629652977
41, 27, 850, 1790, 0.3299262225627899
41, 28, 592, 1784, 0.16353413462638855
41, 29, 857, 1840, 0.3397514224052429
41, 30, 584, 1839, 0.1696753352880478
41, 31, 812, 1930, -0.11716251075267792
41, 32, 634, 1912, -0.3106369078159332
42, 0, 685, 246, -0.7237562537193298
42, 1, 714, 202, -0.6751400232315063
42, 2, 730, 202, -0.6751314401626587
42, 3, 746, 201, -0.6747561693191528
42, 4, 663, 201, -0.6830347776412964
42, 5, 645, 201, -0.6829876899719238
42, 6, 629, 202, -0.6834545135498047
42, 7, 770, 211, -0.3411601185798645
42, 8, 602, 208, -0.3763278126716614
42, 9, 711, 288, -0.5992687940597534
42, 10, 654, 292, -0.6115380525588989
42, 11, 884, 416, -0.152720108628273
42, 12, 491, 408, -0.19904929399490356
42, 13, 1097, 670, -0.5712889432907104
42, 14, 233, 624, -0.6489180326461792
42, 15, 866, 532, -1.084984540939331
42, 16, 512, 496, -1.2131059169769287
42, 17, 800, 505, -1.1800172328948975
42, 18, 591, 478, -1.3124380111694336
42, 19, 786, 477, -1.0697267055511475
42, 20, 616, 456, -1.2208425998687744
42, 21, 797, 488, -1.0502948760986328
42, 22, 595, 468, -1.186046838760376
42, 23, 831, 950, -0.023365430533885956
42, 24, 545, 961, 0.025996407493948936
42, 25, 840, 1395, 0.010354192927479744
42, 26, 569, 1387, -0.015372912399470806
42, 27, 841, 1789, 0.3992340564727783
42, 28, 580, 1782, 0.22895905375480652
42, 29, 846, 1839, 0.4131091237068176
42, 30, 572, 1837, 0.24201051890850067
42, 31, 804, 1929, -0.008990813046693802
42, 32, 621, 1911, -0.21704962849617004
43, 0, 686, 247, -0.6906924843788147
43, 1, 715, 203, -0.6412690877914429
43, 2, 731, 203, -0.6413799524307251
43, 3, 747, 203, -0.6410330533981323
43, 4, 664, 202, -0.6466948986053467
43, 5, 646, 201, -0.6466492414474487
43, 6, 630, 202, -0.6471193432807922
43, 7, 770, 211, -0.30214112997055054
43, 8, 604, 208, -0.32647189497947693
43, 9, 712, 288, -0.5643929243087769
43, 10, 655, 292, -0.5738632082939148
43, 11, 884, 416, -0.11904200166463852
43, 12, 491, 408, -0.13345648348331451
43, 13, 1089, 673, -0.533469021320343
43, 14, 234, 627, -0.5673299431800842
43, 15, 864, 539, -1.09345281124115
43, 16, 512, 501, -1.1849453449249268
43, 17, 795, 514, -1.195099949836731
43, 18, 591, 489, -1.2921879291534424
43, 19, 782, 483, -1.08357834815979
43, 20, 616, 464, -1.2104374170303345
43, 21, 793, 493, -1.0628621578216553
43, 22, 595, 474, -1.1632540225982666
43, 23, 830, 946, -0.023469960317015648
43, 24, 545, 955, 0.026091814041137695
43, 25, 839, 1389, 0.004681514576077461
43, 26, 568, 1378, -0.013409033417701721
43, 27, 837, 1782, 0.39074164628982544
43, 28, 580, 1773, 0.2287125140428543
43, 29, 842, 1831, 0.4046572148799896
43, 30, 572, 1827, 0.24153701961040497
43, 31, 803, 1921, -0.022196222096681595
43, 32, 621, 1901, -0.2181098759174347
44, 0, 687, 247, -0.732617974281311
44, 1, 716, 204, -0.6815195083618164
44, 2, 732, 204, -0.6816967725753784
44, 3, 748, 203, -0.6813300251960754
44, 4, 666, 203, -0.6896170973777771
44, 5, 648, 202, -0.6896359920501709
44, 6, 632, 202, -0.6901425123214722
44, 7, 771, 212, -0.3226906955242157
44, 8, 605, 208, -0.3639940917491913
44, 9, 713, 289, -0.5986968874931335
44, 10, 656, 292, -0.6126232743263245
44, 11, 884, 416, -0.12913545966148376
44, 12, 492, 408, -0.1404302418231964
44, 13, 1084, 675, -0.5446895956993103
44, 14, 235, 629, -0.59119713306427
44, 15, 864, 540, -1.1714054346084595
44, 16, 519, 503, -1.1953669786453247
44, 17, 795, 512, -1.2808836698532104
44, 18, 603, 493, -1.3016200065612793
44, 19, 783, 482, -1.1807682514190674
44, 20, 627, 466, -1.2223002910614014
44, 21, 793, 493, -1.1437311172485352
44, 22, 603, 475, -1.1736338138580322
44, 23, 830, 945, -0.02325487695634365
44, 24, 546, 954, 0.02584398165345192
44, 25, 839, 1386, -0.009427148848772049
44, 26, 569, 1375, -0.019830569624900818
44, 27, 838, 1780, 0.3689326047897339
44, 28, 585, 1770, 0.21268896758556366
44, 29, 842, 1829, 0.38041144609451294
44, 30, 577, 1824, 0.22406120598316193
44, 31, 806, 1918, -0.053467076271772385
44, 32, 630, 1898, -0.24246306717395782
45, 0, 690, 247, -0.783643364906311
45, 1, 719, 204, -0.731630802154541
45, 2, 735, 204, -0.7317485809326172
45, 3, 750, 203, -0.7313836812973022
45, 4, 669, 203, -0.7377173900604248
45, 5, 651, 202, -0.7377889156341553
45, 6, 634, 202, -0.738236129283905
45, 7, 773, 212, -0.3673843741416931
45, 8, 607, 208, -0.3998207449913025
45, 9, 715, 288, -0.647546648979187
45, 10, 659, 292, -0.6587697863578796
45, 11, 884, 417, -0.13947486877441406
45, 12, 492, 408, -0.143716499209404
45, 13, 1079, 679, -0.5495882630348206
45, 14, 234, 630, -0.5959604978561401
45, 15, 863, 544, -1.1917577981948853
45, 16, 517, 504, -1.2015773057937622
45, 17, 796, 512, -1.2964509725570679
45, 18, 603, 494, -1.3072834014892578
45, 19, 783, 481, -1.1968586444854736
45, 20, 626, 467, -1.2250233888626099
45, 21, 793, 493, -1.1622366905212402
45, 22, 603, 476, -1.178787112236023
45, 23, 820, 948, -0.023364203050732613
45, 24, 541, 956, 0.02590778097510338
45, 25, 830, 1387, -0.026060158386826515
45, 26, 564, 1375, -0.024238277226686478
45, 27, 830, 1781, 0.3547424077987671
45, 28, 582, 1770, 0.2076185643672943
45, 29, 834, 1830, 0.36600929498672485
45, 30, 574, 1824, 0.21857993304729462
45, 31, 801, 1918, -0.0665692463517189
45, 32, 626, 1898, -0.24754652380943298
46, 0, 693, 245, -0.7074753046035767
46, 1, 722, 202, -0.6593343019485474
46, 2, 737, 201, -0.6593648195266724
46, 3, 753, 201, -0.6590461730957031
46, 4, 673, 199, -0.6675018072128296
46, 5, 654, 199, -0.6674513816833496
46, 6, 637, 199, -0.6678071022033691
46, 7, 775, 211, -0.32429853081703186
46, 8, 610, 206, -0.36696797609329224
46, 9, 717, 287, -0.5819935202598572
46, 10, 662, 290, -0.5958881378173828
46, 11, 884, 417, -0.11630566418170929
46, 12, 493, 408, -0.14310593903064728
46, 13, 1067, 678, -0.503106951713562
46, 14, 234, 630, -0.5625410676002502
46, 15, 864, 551, -1.0692646503448486
46, 16, 515, 506, -1.133385181427002
46, 17, 805, 512, -1.1653492450714111
46, 18, 599, 498, -1.2250564098358154
46, 19, 793, 481, -1.0708321332931519
46, 20, 622, 468, -1.1424425840377808
46, 21, 799, 494, -1.0405523777008057
46, 22, 600, 477, -1.1083260774612427
46, 23, 813, 949, -0.022094054147601128
46, 24, 540, 956, 0.024627454578876495
46, 25, 820, 1384, -0.07468635588884354
46, 26, 556, 1370, -0.04697626456618309
46, 27, 825, 1777, 0.2452951967716217
46, 28, 574, 1765, 0.11506454646587372
46, 29, 830, 1827, 0.25186461210250854
46, 30, 566, 1820, 0.11857567727565765
46, 31, 797, 1913, -0.1583644151687622
46, 32, 616, 1890, -0.3146575093269348
47, 0, 696, 242, -0.713090717792511
47, 1, 724, 199, -0.6608771085739136
47, 2, 740, 199, -0.6609756350517273
47, 3, 755, 199, -0.6606906652450562
47, 4, 675, 196, -0.672735869884491
47, 5, 656, 196, -0.6727865934371948
47, 6, 639, 196, -0.6731473803520203
47, 7, 777, 210, -0.32535693049430847
47, 8, 611, 204, -0.37675607204437256
47, 9, 719, 286, -0.5869521498680115
47, 10, 665, 287, -0.6049511432647705
47, 11, 890, 418, -0.11909854412078857
47, 12, 493, 408, -0.15871837735176086
47, 13, 1066, 688, -0.521051287651062
47, 14, 234, 632, -0.5840372443199158
47, 15, 862, 565, -1.086318016052246
47, 16, 520, 510, -1.1443167924880981
47, 17, 804, 517, -1.1887929439544678
47, 18, 603, 501, -1.2505214214324951
47, 19, 793, 483, -1.091907024383545
47, 20, 626, 470, -1.1699743270874023
47, 21, 799, 499, -1.0589594841003418
47, 22, 603, 479, -1.1249116659164429
47, 23, 813, 954, -0.022277187556028366
47, 24, 540, 960, 0.024804357439279556
47, 25, 818, 1384, -0.0633200854063034
47, 26, 556, 1370, -0.040125809609889984
47, 27, 826, 1778, 0.2502371072769165
47, 28, 576, 1765, 0.13254018127918243
47, 29, 831, 1828, 0.2631925642490387
47, 30, 568, 1820, 0.13730305433273315
47, 31, 797, 1913, -0.12254218757152557
47, 32, 617, 1890, -0.2918148934841156
48, 0, 697, 239, -0.7188799381256104
48, 1, 724, 196, -0.6681531667709351
48, 2, 741, 197, -0.6681424975395203
48, 3, 756, 198, -0.6678951978683472
48, 4, 675, 193, -0.68267822265625
48, 5, 657, 192, -0.6827539801597595
48, 6, 640, 192, -0.6830786466598511
48, 7, 777, 209, -0.3418951630592346
48, 8, 612, 201, -0.39787864685058594
48, 9, 720, 284, -0.5964376330375671
48, 10, 665, 282, -0.6167253255844116
48, 11, 890, 419, -0.1442922204732895
48, 12, 492, 409, -0.18536591529846191
48, 13, 1062, 688, -0.5196295976638794
48, 14, 232, 635, -0.5914894342422485
48, 15, 849, 577, -1.0321580171585083
48, 16, 508, 519, -1.1537691354751587
48, 17, 790, 533, -1.1233996152877808
48, 18, 587, 516, -1.2481952905654907
48, 19, 782, 497, -1.0284876823425293
48, 20, 610, 485, -1.1632740497589111
48, 21, 787, 512, -1.0025455951690674
48, 22, 594, 494, -1.1293433904647827
48, 23, 813, 955, -0.02074456587433815
48, 24, 539, 961, 0.02328510954976082
48, 25, 816, 1388, -0.04835272580385208
48, 26, 552, 1376, -0.031213635578751564
48, 27, 822, 1782, 0.2895871698856354
48, 28, 571, 1768, 0.15012773871421814
48, 29, 826, 1832, 0.3056226670742035
48, 30, 564, 1822, 0.15466614067554474
48, 31, 791, 1917, -0.07806967198848724
48, 32, 611, 1894, -0.25894230604171753
49, 0, 698, 237, -0.7189571261405945
49, 1, 725, 195, -0.6674749851226807
49, 2, 741, 196, -0.6675156354904175
49, 3, 756, 197, -0.6672216653823853
49, 4, 676, 191, -0.6813615560531616
49, 5, 658, 190, -0.6814507246017456
49, 6, 641, 190, -0.6818141937255859
49, 7, 777, 209, -0.3274775743484497
49, 8, 613, 200, -0.39752113819122314
49, 9, 720, 283, -0.5916707515716553
49, 10, 666, 279, -0.6126863360404968
49, 11, 888, 419, -0.1099734678864479
49, 12, 492, 410, -0.18226663768291473
49, 13, 1056, 688, -0.47487539052963257
49, 14, 232, 640, -0.5646024942398071
49, 15, 852, 598, -1.0623972415924072
49, 16, 507, 539, -1.1528427600860596
49, 17, 799, 567, -1.1575514078140259
49, 18, 586, 562, -1.250444769859314
49, 19, 789, 535, -1.0333187580108643
49, 20, 609, 531, -1.1749498844146729
49, 21, 792, 546, -1.031583547592163
49, 22, 594, 529, -1.1305897235870361
49, 23, 810, 957, -0.015320325270295143
49, 24, 539, 962, 0.017703281715512276
49, 25, 812, 1387, -0.07409106194972992
49, 26, 550, 1373, -0.08454009145498276
49, 27, 819, 1782, 0.25698792934417725
49, 28, 570, 1768, 0.08217322826385498
49, 29, 824, 1833, 0.2657230794429779
49, 30, 563, 1824, 0.08409478515386581
49, 31, 790, 1917, -0.14512337744235992
49, 32, 609, 1894, -0.3575083613395691
50, 0, 698, 235, -0.5707420110702515
50, 1, 725, 193, -0.5183358788490295
50, 2, 741, 194, -0.518386960029602
50, 3, 756, 195, -0.5180693864822388
50, 4, 676, 190, -0.5253714323043823
50, 5, 658, 189, -0.525276243686676
50, 6, 642, 188, -0.5257229208946228
50, 7, 777, 208, -0.19942286610603333
50, 8, 614, 199, -0.23479726910591125
50, 9, 721, 281, -0.4537903368473053
50, 10, 667, 276, -0.46523651480674744
50, 11, 888, 421, -0.025762280449271202
50, 12, 492, 411, -0.07435257732868195
50, 13, 1049, 684, -0.305076539516449
50, 14, 233, 644, -0.47583943605422974
50, 15, 894, 645, -0.8192776441574097
50, 16, 505, 562, -1.117955207824707
50, 17, 831, 632, -0.9132302403450012
50, 18, 580, 597, -1.2241413593292236
50, 19, 824, 598, -0.8481953740119934
50, 20, 607, 579, -1.1625325679779053
50, 21, 825, 605, -0.8019675016403198
50, 22, 594, 569, -1.1010204553604126
50, 23, 814, 965, -0.01529478095471859
50, 24, 540, 970, 0.017760179936885834
50, 25, 812, 1390, -0.0800260528922081
50, 26, 551, 1378, -0.10529854148626328
50, 27, 822, 1789, 0.22148816287517548
50, 28, 570, 1775, 0.03383808583021164
50, 29, 827, 1842, 0.22577503323554993
50, 30, 563, 1831, 0.03361251577734947
50, 31, 794, 1923, -0.18719781935214996
50, 32, 609, 1902, -0.4047928750514984
51, 0, 698, 233, -0.7522187232971191
51, 1, 725, 192, -0.6971295475959778
51, 2, 741, 193, -0.6972583532333374
51, 3, 756, 194, -0.6971296072006226
51, 4, 676, 189, -0.7059280276298523
51, 5, 658, 188, -0.7059584856033325
51, 6, 642, 188, -0.7064513564109802
51, 7, 777, 208, -0.3553839325904846
51, 8, 614, 199, -0.4000583589076996
51, 9, 721, 280, -0.6254794597625732
51, 10, 666, 276, -0.6391816735267639
51, 11, 889, 427, -0.13728953897953033
51, 12, 491, 418, -0.18265528976917267
51, 13, 1039, 684, -0.38310810923576355
51, 14, 240, 643, -0.5084930658340454
51, 15, 934, 695, -0.9089409112930298
51, 16, 471, 625, -1.1149568557739258
51, 17, 879, 712, -1.0088098049163818
51, 18, 548, 646, -1.2237646579742432
51, 19, 854, 674, -0.9607419967651367
51, 20, 580, 626, -1.1703373193740845
51, 21, 856, 668, -0.90180903673172
51, 22, 562, 620, -1.1040383577346802
51, 23, 818, 973, -0.01526251994073391
51, 24, 542, 977, 0.017807595431804657
51, 25, 813, 1406, -0.13255873322486877
51, 26, 540, 1394, -0.2251511514186859
51, 27, 811, 1819, 0.1603243499994278
51, 28, 541, 1812, -0.08556473255157471
51, 29, 812, 1877, 0.16352185606956482
51, 30, 535, 1875, -0.08851532638072968
51, 31, 778, 1953, -0.27514514327049255
51, 32, 578, 1932, -0.5689810514450073
52, 0, 698, 231, -0.7692242860794067
52, 1, 725, 190, -0.7177734375
52, 2, 741, 191, -0.717793881893158
52, 3, 756, 192, -0.7177296876907349
52, 4, 676, 188, -0.7256200313568115
52, 5, 658, 187, -0.7255727052688599
52, 6, 641, 186, -0.7259694337844849
52, 7, 777, 207, -0.3951406180858612
52, 8, 614, 199, -0.43440714478492737
52, 9, 722, 278, -0.6488805413246155
52, 10, 666, 274, -0.6608906984329224
52, 11, 889, 430, -0.17086775600910187
52, 12, 489, 421, -0.23926249146461487
52, 13, 1036, 684, -0.25598976016044617
52, 14, 241, 648, -0.4600715637207031
52, 15, 1034, 797, -0.6325700283050537
52, 16, 454, 692, -0.9246569871902466
52, 17, 1033, 836, -0.7110880017280579
52, 18, 535, 702, -1.0174143314361572
52, 19, 1002, 804, -0.7174087762832642
52, 20, 563, 674, -0.9849106669425964
52, 21, 991, 796, -0.6477248668670654
52, 22, 545, 663, -0.9196102023124695
52, 23, 818, 979, -0.015235628001391888
52, 24, 542, 984, 0.017875097692012787
52, 25, 814, 1416, -0.18351468443870544
52, 26, 530, 1417, -0.18926478922367096
52, 27, 799, 1847, 0.10089845955371857
52, 28, 525, 1849, -0.07139474898576736
52, 29, 799, 1905, 0.10553457587957382
52, 30, 519, 1915, -0.07709285616874695
52, 31, 759, 1985, -0.33445295691490173
52, 32, 562, 1969, -0.5564669370651245
53, 0, 695, 228, -0.767393171787262
53, 1, 723, 187, -0.7175010442733765
53, 2, 739, 188, -0.7174407839775085
53, 3, 755, 189, -0.7173519730567932
53, 4, 673, 185, -0.7243425846099854
53, 5, 655, 184, -0.7241763472557068
53, 6, 639, 183, -0.7244600057601929
53, 7, 777, 206, -0.39433008432388306
53, 8, 614, 198, -0.42789092659950256
53, 9, 722, 275, -0.6474742293357849
53, 10, 663, 272, -0.6574910879135132
53, 11, 890, 432, -0.17293931543827057
53, 12, 486, 423, -0.255362331867218
53, 13, 1031, 683, -0.18486641347408295
53, 14, 254, 653, -0.4751918911933899
53, 15, 1074, 835, -0.5248396396636963
53, 16, 458, 710, -0.9905256032943726
53, 17, 1143, 910, -0.5982799530029297
53, 18, 538, 735, -1.0926767587661743
53, 19, 1112, 896, -0.6349745988845825
53, 20, 563, 702, -1.0606259107589722
53, 21, 1089, 882, -0.5536638498306274
53, 22, 544, 687, -0.9876500964164734
53, 23, 819, 987, -0.01957160048186779
53, 24, 543, 990, 0.022616125643253326
53, 25, 814, 1444, -0.16358208656311035
53, 26, 532, 1445, -0.15029355883598328
53, 27, 802, 1879, 0.16156168282032013
53, 28, 531, 1875, 0.00035602899151854217
53, 29, 803, 1940, 0.16790689527988434
53, 30, 526, 1939, -0.00022151002485770732
53, 31, 760, 2014, -0.2838748097419739
53, 32, 569, 2000, -0.48749667406082153
54, 0, 694, 226, -0.8106557726860046
54, 1, 722, 186, -0.7607219815254211
54, 2, 738, 186, -0.760672926902771
54, 3, 754, 187, -0.7605913877487183
54, 4, 672, 183, -0.7666326761245728
54, 5, 653, 182, -0.7665711045265198
54, 6, 637, 181, -0.7667440176010132
54, 7, 777, 204, -0.42812758684158325
54, 8, 612, 197, -0.457366943359375
54, 9, 721, 274, -0.6877108812332153
54, 10, 661, 271, -0.6960312128067017
54, 11, 892, 433, -0.19738182425498962
54, 12, 483, 431, -0.27503901720046997
54, 13, 1030, 683, -0.16661956906318665
54, 14, 265, 665, -0.46704211831092834
54, 15, 1130, 891, -0.5218082070350647
54, 16, 460, 734, -1.0194895267486572
54, 17, 1174, 958, -0.6008800268173218
54, 18, 529, 769, -1.129259467124939
54, 19, 1142, 947, -0.6581798791885376
54, 20, 554, 724, -1.0832810401916504
54, 21, 1116, 928, -0.5586875677108765
54, 22, 538, 709, -1.0211899280548096
54, 23, 825, 998, -0.026801716536283493
54, 24, 552, 1002, 0.02983257547020912
54, 25, 818, 1465, -0.1613544523715973
54, 26, 538, 1470, -0.1073761135339737
54, 27, 807, 1901, 0.1881810873746872
54, 28, 542, 1900, 0.06471078097820282
54, 29, 811, 1963, 0.1941605508327484
54, 30, 540, 1962, 0.06356402486562729
54, 31, 761, 2034, -0.2493153065443039
54, 32, 577, 2031, -0.46517032384872437
55, 0, 693, 226, -0.9141318202018738
55, 1, 721, 186, -0.8627747297286987
55, 2, 736, 187, -0.8628301620483398
55, 3, 752, 187, -0.8628256916999817
55, 4, 671, 183, -0.8655897378921509
55, 5, 652, 182, -0.8656156659126282
55, 6, 636, 181, -0.8658322095870972
55, 7, 775, 204, -0.5090038776397705
55, 8, 612, 197, -0.5239042043685913
55, 9, 720, 274, -0.7822901010513306
55, 10, 659, 271, -0.7865305542945862
55, 11, 892, 435, -0.26688116788864136
55, 12, 480, 439, -0.28890755772590637
55, 13, 1025, 683, -0.22967472672462463
55, 14, 290, 668, -0.4178890585899353
55, 15, 1138, 896, -0.6046684980392456
55, 16, 458, 781, -0.9587324261665344
55, 17, 1179, 959, -0.6990257501602173
55, 18, 509, 830, -1.0777456760406494
55, 19, 1151, 948, -0.7596827745437622
55, 20, 539, 771, -1.084157109260559
55, 21, 1125, 929, -0.6454835534095764
55, 22, 524, 741, -0.9754707217216492
55, 23, 836, 1002, -0.045281875878572464
55, 24, 571, 1009, 0.04821419343352318
55, 25, 836, 1471, -0.18960623443126678
55, 26, 565, 1479, -0.08538924157619476
55, 27, 839, 1909, 0.18840909004211426
55, 28, 582, 1916, 0.09870089590549469
55, 29, 846, 1971, 0.19622045755386353
55, 30, 582, 1979, 0.09728168696165085
55, 31, 801, 2040, -0.28406137228012085
55, 32, 613, 2043, -0.4421461224555969
56, 0, 692, 225, -0.8989008665084839
56, 1, 720, 184, -0.8484736680984497
56, 2, 734, 185, -0.8486319780349731
56, 3, 749, 185, -0.8499675989151001
56, 4, 669, 181, -0.8555482029914856
56, 5, 650, 180, -0.8566128611564636
56, 6, 635, 179, -0.8568123579025269
56, 7, 773, 203, -0.48852866888046265
56, 8, 610, 197, -0.4851820468902588
56, 9, 719, 272, -0.7466310262680054
56, 10, 657, 269, -0.7486182451248169
56, 11, 892, 439, -0.23028866946697235
56, 12, 475, 444, -0.29834896326065063
56, 13, 1025, 686, -0.164480060338974
56, 14, 300, 673, -0.3139805197715759
56, 15, 1170, 927, -0.47172459959983826
56, 16, 225, 929, -0.6585510969161987
56, 17, 1226, 991, -0.5459736585617065
56, 18, 190, 1005, -0.7499735355377197
56, 19, 1197, 993, -0.628541886806488
56, 20, 238, 1001, -0.8293801546096802
56, 21, 1166, 975, -0.5229345560073853
56, 22, 257, 977, -0.7043544054031372
56, 23, 835, 1013, -0.037280164659023285
56, 24, 567, 1018, 0.04097490385174751
56, 25, 831, 1482, -0.16578352451324463
56, 26, 554, 1491, -0.08623099327087402
56, 27, 833, 1917, 0.19522975385189056
56, 28, 559, 1924, 0.07488696277141571
56, 29, 841, 1983, 0.2035890370607376
56, 30, 558, 1990, 0.07028864324092865
56, 31, 783, 2050, -0.25880464911460876
56, 32, 591, 2050, -0.4385177493095398
57, 0, 690, 221, -0.8422943949699402
57, 1, 717, 179, -0.7853371500968933
57, 2, 731, 180, -0.7854450941085815
57, 3, 745, 180, -0.7866933345794678
57, 4, 666, 177, -0.798879861831665
57, 5, 647, 176, -0.7990155816078186
57, 6, 631, 176, -0.7992692589759827
57, 7, 769, 200, -0.46362733840942383
57, 8, 608, 196, -0.4811757206916809
57, 9, 717, 266, -0.7171552181243896
57, 10, 655, 264, -0.7217651009559631
57, 11, 892, 439, -0.2297300100326538
57, 12, 469, 448, -0.2951473593711853
57, 13, 1023, 689, -0.11896027624607086
57, 14, 306, 680, -0.292846143245697
57, 15, 1180, 931, -0.3970904052257538
57, 16, 223, 959, -0.6231147050857544
57, 17, 1239, 994, -0.46122097969055176
57, 18, 192, 1037, -0.7089513540267944
57, 19, 1213, 1000, -0.5421097278594971
57, 20, 240, 1036, -0.787911057472229
57, 21, 1181, 981, -0.4466768205165863
57, 22, 258, 1011, -0.6676735877990723
57, 23, 835, 1023, -0.03487163409590721
57, 24, 565, 1030, 0.03883263096213341
57, 25, 836, 1492, -0.13345356285572052
57, 26, 554, 1509, -0.03788670897483826
57, 27, 842, 1926, 0.27119430899620056
57, 28, 561, 1935, 0.15571454167366028
57, 29, 852, 1994, 0.28534412384033203
57, 30, 559, 2002, 0.15733808279037476
57, 31, 792, 2060, -0.1573934555053711
57, 32, 597, 2064, -0.3299243748188019
58, 0, 686, 218, -0.7722792625427246
58, 1, 712, 174, -0.7139452695846558
58, 2, 726, 175, -0.7140032052993774
58, 3, 739, 176, -0.7145142555236816
58, 4, 660, 173, -0.7261452674865723
58, 5, 642, 173, -0.7259174585342407
58, 6, 626, 173, -0.7262316346168518
58, 7, 764, 197, -0.39681267738342285
58, 8, 605, 196, -0.4319678246974945
58, 9, 714, 262, -0.6567733287811279
58, 10, 651, 260, -0.6655188202857971
58, 11, 892, 441, -0.19231177866458893
58, 12, 465, 451, -0.2867172062397003
58, 13, 1022, 690, -0.11303915083408356
58, 14, 310, 687, -0.2840791642665863
58, 15, 1189, 930, -0.3916323781013489
58, 16, 204, 963, -0.6119711399078369
58, 17, 1252, 991, -0.4524833559989929
58, 18, 165, 1040, -0.6980010867118835
58, 19, 1227, 997, -0.5340136289596558
58, 20, 213, 1039, -0.7756274938583374
58, 21, 1193, 981, -0.44219762086868286
58, 22, 233, 1016, -0.6573073267936707
58, 23, 835, 1027, -0.02853880263864994
58, 24, 558, 1035, 0.03268513083457947
58, 25, 835, 1499, -0.13456764817237854
58, 26, 553, 1512, -0.07089485228061676
58, 27, 840, 1936, 0.23025238513946533
58, 28, 559, 1944, 0.07301928102970123
58, 29, 850, 2005, 0.23972885310649872
58, 30, 558, 2012, 0.06814921647310257
58, 31, 792, 2069, -0.2056216299533844
58, 32, 596, 2071, -0.4245234429836273
59, 0, 682, 212, -0.7005154490470886
59, 1, 708, 168, -0.643475353717804
59, 2, 722, 168, -0.643401026725769
59, 3, 735, 169, -0.6434879899024963
59, 4, 656, 168, -0.653652548789978
59, 5, 638, 168, -0.6533361673355103
59, 6, 622, 169, -0.6536378860473633
59, 7, 760, 193, -0.3333290219306946
59, 8, 602, 194, -0.3713288903236389
59, 9, 712, 256, -0.5908838510513306
59, 10, 649, 255, -0.6007715463638306
59, 11, 892, 441, -0.14868248999118805
59, 12, 463, 452, -0.2785828709602356
59, 13, 1022, 691, -0.07671910524368286
59, 14, 312, 693, -0.2823152244091034
59, 15, 1198, 930, -0.3441212773323059
59, 16, 197, 962, -0.6122390031814575
59, 17, 1263, 990, -0.40119147300720215
59, 18, 158, 1039, -0.6954241394996643
59, 19, 1238, 996, -0.4805970788002014
59, 20, 207, 1037, -0.7718468904495239
59, 21, 1203, 980, -0.39397820830345154
59, 22, 227, 1014, -0.6574289798736572
59, 23, 835, 1030, -0.02440629154443741
59, 24, 554, 1038, 0.02870260551571846
59, 25, 835, 1504, -0.11587270349264145
59, 26, 552, 1520, -0.051194630563259125
59, 27, 841, 1945, 0.2658644914627075
59, 28, 559, 1950, 0.11780990660190582
59, 29, 851, 2015, 0.27713972330093384
59, 30, 558, 2016, 0.11679555475711823
59, 31, 794, 2076, -0.16317996382713318
59, 32, 598, 2080, -0.3733825087547302
60, 0, 675, 210, -0.6876301169395447
60, 1, 700, 165, -0.6372339129447937
60, 2, 717, 166, -0.6371402740478516
60, 3, 729, 166, -0.6371921300888062
60, 4, 648, 166, -0.6414073705673218
60, 5, 630, 166, -0.6410509347915649
60, 6, 614, 167, -0.6413196325302124
60, 7, 754, 189, -0.33987677097320557
60, 8, 599, 192, -0.35378724336624146
60, 9, 707, 254, -0.5826576352119446
60, 10, 642, 252, -0.58503258228302
60, 11, 892, 441, -0.14965839684009552
60, 12, 462, 453, -0.2747076749801636
60, 13, 1021, 691, -0.10585634410381317
60, 14, 320, 692, -0.24829748272895813
60, 15, 1184, 938, -0.35665363073349
60, 16, 202, 962, -0.5694419741630554
60, 17, 1244, 1000, -0.4135449528694153
60, 18, 159, 1036, -0.6471750140190125
60, 19, 1216, 1007, -0.48103609681129456
60, 20, 205, 1036, -0.7280150055885315
60, 21, 1183, 989, -0.4004850387573242
60, 22, 228, 1013, -0.6169396042823792
60, 23, 834, 1032, -0.02671857550740242
60, 24, 550, 1039, 0.030910994857549667
60, 25, 835, 1504, -0.09097660332918167
60, 26, 552, 1517, 0.016371220350265503
60, 27, 842, 1940, 0.33592724800109863
60, 28, 561, 1943, 0.25345176458358765
60, 29, 852, 2009, 0.3531079888343811
60, 30, 558, 2009, 0.2623020112514496
60, 31, 795, 2070, -0.07449942827224731
60, 32, 603, 2073, -0.21100583672523499
61, 0, 674, 209, -0.7045208215713501
61, 1, 699, 164, -0.652649998664856
61, 2, 715, 165, -0.6525858640670776
61, 3, 727, 165, -0.6526035666465759
61, 4, 647, 165, -0.6584180593490601
61, 5, 629, 165, -0.6580999493598938
61, 6, 613, 166, -0.6583825349807739
61, 7, 752, 188, -0.3442510962486267
61, 8, 598, 191, -0.36443278193473816
61, 9, 706, 253, -0.5940107703208923
61, 10, 642, 252, -0.5990591049194336
61, 11, 891, 441, -0.15235820412635803
61, 12, 460, 453, -0.27169233560562134
61, 13, 1021, 691, -0.11104780435562134
61, 14, 322, 693, -0.2539307475090027
61, 15, 1182, 937, -0.3982773423194885
61, 16, 196, 971, -0.5864855051040649
61, 17, 1243, 999, -0.46146535873413086
61, 18, 151, 1043, -0.6696263551712036
61, 19, 1215, 1006, -0.5329471230506897
61, 20, 195, 1044, -0.7542881369590759
61, 21, 1182, 988, -0.44505205750465393
61, 22, 219, 1021, -0.6356635689735413
61, 23, 834, 1032, -0.026695797219872475
61, 24, 547, 1040, 0.03084387443959713
61, 25, 835, 1504, -0.09533251076936722
61, 26, 552, 1520, -0.004198940936475992
61, 27, 842, 1942, 0.3049621880054474
61, 28, 561, 1945, 0.20167939364910126
61, 29, 853, 2012, 0.3185373842716217
61, 30, 558, 2011, 0.20573940873146057
61, 31, 795, 2071, -0.11464639008045197
61, 32, 604, 2075, -0.27826282382011414
62, 0, 672, 209, -0.7072961926460266
62, 1, 697, 164, -0.6558393239974976
62, 2, 714, 163, -0.6557454466819763
62, 3, 726, 163, -0.6557548642158508
62, 4, 645, 164, -0.6607337594032288
62, 5, 627, 164, -0.6603829860687256
62, 6, 610, 166, -0.6606235504150391
62, 7, 750, 185, -0.346822053194046
62, 8, 596, 190, -0.3635612726211548
62, 9, 705, 253, -0.5966753959655762
62, 10, 641, 252, -0.6006700396537781
62, 11, 891, 441, -0.15595704317092896
62, 12, 458, 454, -0.26913660764694214
62, 13, 1022, 691, -0.13513967394828796
62, 14, 324, 695, -0.2867251932621002
62, 15, 1182, 931, -0.436631441116333
62, 16, 196, 953, -0.6682402491569519
62, 17, 1243, 990, -0.5061112642288208
62, 18, 152, 1021, -0.7537755370140076
62, 19, 1214, 994, -0.5717336535453796
62, 20, 197, 1016, -0.7974442839622498
62, 21, 1180, 977, -0.48134350776672363
62, 22, 221, 995, -0.685357391834259
62, 23, 834, 1036, -0.02702074870467186
62, 24, 545, 1043, 0.03119547665119171
62, 25, 834, 1508, -0.0965355783700943
62, 26, 551, 1523, -0.010932274162769318
62, 27, 842, 1947, 0.295287162065506
62, 28, 560, 1949, 0.18248525261878967
62, 29, 853, 2018, 0.3078874945640564
62, 30, 557, 2016, 0.1852532923221588
62, 31, 794, 2077, -0.1282336711883545
62, 32, 604, 2080, -0.29892900586128235
