0, 0, 355, 169, -0.9212988018989563
0, 1, 378, 146, -0.8493539690971375
0, 2, 389, 147, -0.8495906591415405
0, 3, 398, 148, -0.8491150140762329
0, 4, 340, 146, -0.8538130521774292
0, 5, 328, 146, -0.8532417416572571
0, 6, 316, 147, -0.8539349436759949
0, 7, 414, 166, -0.41142982244491577
0, 8, 304, 163, -0.42684322595596313
0, 9, 379, 204, -0.7629506587982178
0, 10, 332, 201, -0.7685986757278442
0, 11, 482, 333, -0.1166093498468399
0, 12, 227, 305, -0.17607206106185913
0, 13, 549, 578, -0.6237722635269165
0, 14, 166, 515, -0.22141167521476746
0, 15, 504, 436, -1.5917106866836548
0, 16, 162, 686, -0.7811106443405151
0, 17, 485, 389, -1.7718502283096313
0, 18, 154, 747, -0.8808131217956543
0, 19, 490, 370, -1.7101236581802368
0, 20, 174, 732, -0.958685576915741
0, 21, 486, 383, -1.5978870391845703
0, 22, 183, 712, -0.8271199464797974
0, 23, 433, 696, -0.04071652889251709
0, 24, 245, 688, 0.04571399837732315
0, 25, 421, 993, -0.08245193213224411
0, 26, 247, 985, 0.0827038362622261
0, 27, 412, 1249, 0.535089910030365
0, 28, 246, 1241, 0.605353832244873
0, 29, 415, 1286, 0.5607948899269104
0, 30, 238, 1280, 0.6369900703430176
0, 31, 384, 1334, -0.05244830995798111
0, 32, 279, 1324, -0.029139211401343346
1, 0, 355, 169, -1.0405428409576416
1, 1, 377, 146, -0.9642246961593628
1, 2, 389, 147, -0.9646186828613281
1, 3, 398, 148, -0.9642535448074341
1, 4, 340, 146, -0.9815580248832703
1, 5, 327, 147, -0.9815436601638794
1, 6, 316, 147, -0.9823296666145325
1, 7, 414, 166, -0.4781806468963623
1, 8, 304, 163, -0.5546802282333374
1, 9, 379, 204, -0.858547031879425
1, 10, 332, 201, -0.8815841674804688
1, 11, 482, 333, -0.11537422984838486
1, 12, 227, 305, -0.3015004098415375
1, 13, 545, 576, -0.6579903364181519
1, 14, 166, 510, -0.43789464235305786
1, 15, 504, 438, -1.7632253170013428
1, 16, 168, 680, -1.0810472965240479
1, 17, 487, 391, -1.9636116027832031
1, 18, 161, 740, -1.2097761631011963
1, 19, 492, 373, -1.9313373565673828
1, 20, 185, 727, -1.2781333923339844
1, 21, 487, 385, -1.784698486328125
1, 22, 194, 708, -1.1232397556304932
1, 23, 429, 696, 0.006865419447422028
1, 24, 244, 688, -0.0023354082368314266
1, 25, 415, 992, -0.1854102611541748
1, 26, 247, 981, -0.29610675573349
1, 27, 410, 1250, 0.23236992955207825
1, 28, 246, 1242, -0.04690580070018768
1, 29, 413, 1288, 0.2388264387845993
1, 30, 238, 1283, -0.047516461461782455
1, 31, 383, 1334, -0.36179473996162415
1, 32, 279, 1324, -0.6962223052978516
2, 0, 355, 169, -1.0478929281234741
2, 1, 377, 146, -0.9721757173538208
2, 2, 389, 147, -0.9725579023361206
2, 3, 398, 148, -0.9721887707710266
2, 4, 340, 146, -0.9896009564399719
2, 5, 327, 147, -0.9895694851875305
2, 6, 316, 147, -0.9903485178947449
2, 7, 414, 166, -0.48741135001182556
2, 8, 304, 163, -0.5661305785179138
2, 9, 378, 204, -0.8663431406021118
2, 10, 332, 201, -0.8898240923881531
2, 11, 482, 333, -0.11307189613580704
2, 12, 227, 305, -0.3196188509464264
2, 13, 541, 576, -0.6751776933670044
2, 14, 166, 508, -0.4826487600803375
2, 15, 503, 439, -1.8077001571655273
2, 16, 174, 678, -1.1544907093048096
2, 17, 488, 393, -2.0109095573425293
2, 18, 167, 737, -1.2872114181518555
2, 19, 494, 375, -1.9772180318832397
2, 20, 195, 725, -1.350897192955017
2, 21, 488, 386, -1.829162836074829
2, 22, 203, 705, -1.1954220533370972
2, 23, 426, 696, 0.021530631929636
2, 24, 244, 688, -0.017033319920301437
2, 25, 412, 991, -0.19621947407722473
2, 26, 246, 979, -0.3203912079334259
2, 27, 409, 1250, 0.2159396857023239
2, 28, 246, 1242, -0.07800278067588806
2, 29, 411, 1288, 0.22239167988300323
2, 30, 237, 1285, -0.07886599004268646
2, 31, 382, 1335, -0.3736456334590912
2, 32, 279, 1324, -0.7266996502876282
3, 0, 355, 169, -1.0596868991851807
3, 1, 377, 146, -0.9819673299789429
3, 2, 389, 147, -0.9824047088623047
3, 3, 398, 148, -0.9820437431335449
3, 4, 340, 146, -0.9975650906562805
3, 5, 327, 147, -0.9976135492324829
3, 6, 316, 147, -0.9984620809555054
3, 7, 414, 165, -0.4901462495326996
3, 8, 304, 163, -0.5604527592658997
3, 9, 378, 204, -0.8758300542831421
3, 10, 332, 201, -0.897200882434845
3, 11, 481, 333, -0.10905034840106964
3, 12, 227, 305, -0.308414101600647
3, 13, 537, 520, -0.6735329031944275
3, 14, 166, 507, -0.46052393317222595
3, 15, 502, 439, -1.7407472133636475
3, 16, 193, 666, -1.1270294189453125
3, 17, 488, 393, -1.934128999710083
3, 18, 192, 722, -1.2609286308288574
3, 19, 494, 376, -1.8916009664535522
3, 20, 218, 707, -1.322629690170288
3, 21, 487, 387, -1.7568241357803345
3, 22, 223, 689, -1.1662960052490234
3, 23, 424, 696, 0.013743298128247261
3, 24, 243, 688, -0.009285367093980312
3, 25, 410, 988, -0.1706838607788086
3, 26, 244, 974, -0.2546387016773224
3, 27, 406, 1247, 0.3062877655029297
3, 28, 241, 1239, 0.06107477471232414
3, 29, 408, 1286, 0.318068265914917
3, 30, 233, 1282, 0.06894074380397797
3, 31, 377, 1333, -0.279482901096344
3, 32, 274, 1319, -0.5784045457839966
4, 0, 356, 169, -1.0647504329681396
4, 1, 377, 146, -0.9835611581802368
4, 2, 389, 147, -0.98387610912323
4, 3, 398, 148, -0.9835368990898132
4, 4, 340, 146, -1.0017991065979004
4, 5, 327, 147, -1.0017917156219482
4, 6, 316, 147, -1.002503752708435
4, 7, 414, 165, -0.47940516471862793
4, 8, 304, 163, -0.5507422685623169
4, 9, 378, 204, -0.8702796697616577
4, 10, 332, 201, -0.8941264152526855
4, 11, 481, 332, -0.06740933656692505
4, 12, 227, 305, -0.31469255685806274
4, 13, 536, 510, -0.6112199425697327
4, 14, 166, 506, -0.6604834794998169
4, 15, 491, 439, -1.6189922094345093
4, 16, 256, 536, -1.4301759004592896
4, 17, 482, 393, -1.8008582592010498
4, 18, 286, 556, -1.5910656452178955
4, 19, 486, 376, -1.74835205078125
4, 20, 299, 526, -1.5920650959014893
4, 21, 478, 388, -1.629654884338379
4, 22, 291, 522, -1.4472215175628662
4, 23, 417, 695, 0.028232097625732422
4, 24, 243, 686, -0.02378658950328827
4, 25, 395, 967, -0.11215987056493759
4, 26, 231, 945, -0.23434194922447205
4, 27, 389, 1227, 0.34854423999786377
4, 28, 219, 1219, 0.06823940575122833
4, 29, 390, 1267, 0.36452803015708923
4, 30, 210, 1264, 0.07342726737260818
4, 31, 364, 1307, -0.24198098480701447
4, 32, 253, 1298, -0.5677253603935242
5, 0, 358, 169, -1.1607130765914917
5, 1, 378, 146, -1.07273530960083
5, 2, 389, 146, -1.0729687213897705
5, 3, 398, 147, -1.0726079940795898
5, 4, 341, 145, -1.0991265773773193
5, 5, 328, 146, -1.0992095470428467
5, 6, 316, 147, -1.0997692346572876
5, 7, 414, 165, -0.5325464010238647
5, 8, 304, 163, -0.6447446346282959
5, 9, 380, 204, -0.9542121887207031
5, 10, 334, 201, -0.9878902435302734
5, 11, 480, 333, -0.07158748805522919
5, 12, 227, 305, -0.417201429605484
5, 13, 537, 513, -0.6676446199417114
5, 14, 166, 509, -0.8551253080368042
5, 15, 486, 439, -1.7134498357772827
5, 16, 287, 459, -1.5889400243759155
5, 17, 475, 393, -1.885901689529419
5, 18, 331, 420, -1.7407268285751343
5, 19, 478, 377, -1.8044636249542236
5, 20, 332, 401, -1.6906630992889404
5, 21, 470, 389, -1.7113250494003296
5, 22, 322, 411, -1.5792829990386963
5, 23, 406, 694, 0.048824358731508255
5, 24, 240, 686, -0.04490121454000473
5, 25, 374, 939, -0.09829631447792053
5, 26, 222, 914, -0.26663675904273987
5, 27, 372, 1205, 0.40832847356796265
5, 28, 206, 1194, 0.09745849668979645
5, 29, 372, 1247, 0.4237422049045563
5, 30, 194, 1239, 0.1072620302438736
5, 31, 357, 1279, -0.14366894960403442
5, 32, 239, 1273, -0.5234946608543396
6, 0, 361, 168, -1.102939248085022
6, 1, 379, 145, -1.0213546752929688
6, 2, 389, 146, -1.0216171741485596
6, 3, 399, 147, -1.0211942195892334
6, 4, 341, 144, -1.0445678234100342
6, 5, 328, 145, -1.0445919036865234
6, 6, 317, 146, -1.0452324151992798
6, 7, 414, 164, -0.5138933658599854
6, 8, 304, 162, -0.6194641590118408
6, 9, 381, 203, -0.9123204350471497
6, 10, 336, 201, -0.9388419985771179
6, 11, 480, 329, -0.062243930995464325
6, 12, 227, 305, -0.42050260305404663
6, 13, 537, 512, -0.605413019657135
6, 14, 166, 510, -0.9316500425338745
6, 15, 487, 436, -1.6324164867401123
6, 16, 285, 426, -1.743891716003418
6, 17, 473, 392, -1.7930885553359985
6, 18, 327, 390, -1.8962255716323853
6, 19, 475, 375, -1.719910979270935
6, 20, 329, 367, -1.8485496044158936
6, 21, 470, 385, -1.6303327083587646
6, 22, 319, 376, -1.7365080118179321
6, 23, 412, 683, 0.06852391362190247
6, 24, 242, 680, -0.0648001953959465
6, 25, 398, 947, 0.03461465984582901
6, 26, 236, 928, -0.2108338326215744
6, 27, 409, 1206, 0.5731136798858643
6, 28, 241, 1195, 0.1663222312927246
6, 29, 409, 1246, 0.5896908640861511
6, 30, 230, 1236, 0.17805735766887665
6, 31, 404, 1282, 0.01845952868461609
6, 32, 280, 1273, -0.495648056268692
7, 0, 364, 167, -0.9834029078483582
7, 1, 380, 143, -0.9045323133468628
7, 2, 390, 144, -0.9048582315444946
7, 3, 400, 145, -0.904218316078186
7, 4, 343, 143, -0.9298962354660034
7, 5, 330, 144, -0.9300053715705872
7, 6, 318, 145, -0.9306171536445618
7, 7, 415, 163, -0.4138689935207367
7, 8, 304, 161, -0.5211845636367798
7, 9, 384, 202, -0.798504650592804
7, 10, 338, 199, -0.8289865255355835
7, 11, 480, 329, -0.04482687637209892
7, 12, 227, 305, -0.3810003399848938
7, 13, 539, 534, -0.5955028533935547
7, 14, 169, 512, -0.909066379070282
7, 15, 488, 436, -1.5608916282653809
7, 16, 294, 377, -1.7258704900741577
7, 17, 473, 392, -1.7157119512557983
7, 18, 332, 342, -1.878975510597229
7, 19, 476, 374, -1.6429952383041382
7, 20, 330, 319, -1.8087871074676514
7, 21, 471, 385, -1.559651494026184
7, 22, 320, 328, -1.7133897542953491
7, 23, 419, 680, 0.05447804927825928
7, 24, 242, 677, -0.050479818135499954
7, 25, 412, 952, -0.004624105989933014
7, 26, 240, 931, -0.19302432239055634
7, 27, 422, 1211, 0.5081304907798767
7, 28, 251, 1202, 0.15298376977443695
7, 29, 424, 1251, 0.5171264410018921
7, 30, 244, 1242, 0.1656757891178131
7, 31, 409, 1289, -0.05389808490872383
7, 32, 284, 1279, -0.47314080595970154
8, 0, 368, 166, -0.8551796078681946
8, 1, 382, 142, -0.7749305963516235
8, 2, 392, 143, -0.7753056287765503
8, 3, 402, 144, -0.7744923830032349
8, 4, 346, 141, -0.7977679371833801
8, 5, 332, 141, -0.7978141903877258
8, 6, 320, 142, -0.7985103726387024
8, 7, 415, 162, -0.2964397966861725
8, 8, 304, 161, -0.3864712417125702
8, 9, 387, 202, -0.6771810054779053
8, 10, 342, 198, -0.7047083973884583
8, 11, 480, 329, 0.009165218099951744
8, 12, 228, 305, -0.285743772983551
8, 13, 544, 545, -0.5614317655563354
8, 14, 169, 512, -0.8361436128616333
8, 15, 488, 437, -1.4693292379379272
8, 16, 299, 346, -1.5746095180511475
8, 17, 474, 392, -1.6180921792984009
8, 18, 335, 301, -1.7194877862930298
8, 19, 477, 373, -1.536820888519287
8, 20, 329, 277, -1.6432905197143555
8, 21, 471, 384, -1.4656282663345337
8, 22, 323, 293, -1.5600494146347046
8, 23, 427, 680, 0.047884486615657806
8, 24, 243, 677, -0.04377031326293945
8, 25, 425, 958, -0.007012026850134134
8, 26, 249, 951, -0.11069895327091217
8, 27, 432, 1212, 0.5347069501876831
8, 28, 265, 1205, 0.25906533002853394
8, 29, 434, 1252, 0.5517097115516663
8, 30, 259, 1242, 0.2790898084640503
8, 31, 421, 1292, -0.020731618627905846
8, 32, 296, 1281, -0.33071646094322205
9, 0, 369, 165, -0.7982217669487
9, 1, 383, 141, -0.7192256450653076
9, 2, 392, 143, -0.7194658517837524
9, 3, 402, 144, -0.7185457944869995
9, 4, 347, 139, -0.7314119935035706
9, 5, 332, 140, -0.7313834428787231
9, 6, 320, 141, -0.7320486903190613
9, 7, 416, 162, -0.2597041130065918
9, 8, 304, 161, -0.3007895350456238
9, 9, 387, 202, -0.6313329935073853
9, 10, 342, 198, -0.6450042128562927
9, 11, 481, 331, 0.003190698567777872
9, 12, 229, 305, -0.19553905725479126
9, 13, 546, 556, -0.5740153193473816
9, 14, 165, 515, -0.7715205550193787
9, 15, 489, 436, -1.5000019073486328
9, 16, 291, 328, -1.474719762802124
9, 17, 474, 387, -1.6466569900512695
9, 18, 318, 276, -1.61357843875885
9, 19, 477, 370, -1.5574582815170288
9, 20, 315, 257, -1.6267359256744385
9, 21, 472, 382, -1.4946812391281128
9, 22, 310, 276, -1.4651639461517334
9, 23, 429, 682, 0.028546560555696487
9, 24, 241, 680, -0.024057915434241295
9, 25, 427, 970, -0.02214631624519825
9, 26, 249, 968, -0.05040138214826584
9, 27, 430, 1220, 0.5323824882507324
9, 28, 262, 1214, 0.32232850790023804
9, 29, 432, 1258, 0.5518847107887268
9, 30, 256, 1248, 0.34399229288101196
9, 31, 416, 1300, -0.02408023551106453
9, 32, 292, 1291, -0.27252376079559326
10, 0, 368, 164, -0.8250864148139954
10, 1, 383, 141, -0.7444522380828857
10, 2, 392, 142, -0.7446718811988831
10, 3, 402, 144, -0.743878960609436
10, 4, 347, 139, -0.758671224117279
10, 5, 332, 139, -0.7586034536361694
10, 6, 320, 141, -0.7592524886131287
10, 7, 416, 163, -0.275340735912323
10, 8, 303, 161, -0.3259601891040802
10, 9, 387, 202, -0.6551414728164673
10, 10, 342, 198, -0.6712160706520081
10, 11, 482, 334, 0.007326120976358652
10, 12, 229, 305, -0.21718557178974152
10, 13, 548, 565, -0.5523871779441833
10, 14, 161, 515, -0.8180233836174011
10, 15, 493, 441, -1.4113768339157104
10, 16, 283, 311, -1.5276795625686646
10, 17, 478, 388, -1.5546871423721313
10, 18, 307, 254, -1.6737184524536133
10, 19, 482, 372, -1.472874402999878
10, 20, 305, 237, -1.5970994234085083
10, 21, 474, 384, -1.4091187715530396
10, 22, 302, 258, -1.5100889205932617
10, 23, 429, 687, 0.02464214526116848
10, 24, 237, 684, -0.019979652017354965
10, 25, 427, 984, -0.009440350346267223
10, 26, 245, 979, -0.07206790149211884
10, 27, 426, 1239, 0.5603501796722412
10, 28, 256, 1228, 0.3073280155658722
10, 29, 429, 1277, 0.5798771381378174
10, 30, 252, 1262, 0.32811039686203003
10, 31, 410, 1318, -0.00564375426620245
10, 32, 285, 1310, -0.302896112203598
11, 0, 368, 165, -0.8431048393249512
11, 1, 383, 141, -0.7598243951797485
11, 2, 392, 143, -0.7600501775741577
11, 3, 402, 144, -0.7593241930007935
11, 4, 347, 139, -0.7731508016586304
11, 5, 332, 140, -0.773062527179718
11, 6, 320, 141, -0.7736755609512329
11, 7, 416, 163, -0.2816624939441681
11, 8, 303, 161, -0.32631927728652954
11, 9, 386, 202, -0.6704219579696655
11, 10, 340, 199, -0.6850531101226807
11, 11, 482, 337, 0.004431887064129114
11, 12, 229, 306, -0.2257881611585617
11, 13, 553, 567, -0.5653191804885864
11, 14, 159, 511, -0.8849422335624695
11, 15, 498, 445, -1.4446076154708862
11, 16, 278, 295, -1.6377332210540771
11, 17, 484, 391, -1.5945212841033936
11, 18, 299, 239, -1.7947038412094116
11, 19, 487, 373, -1.5128626823425293
11, 20, 300, 224, -1.7017955780029297
11, 21, 479, 386, -1.444036841392517
11, 22, 297, 244, -1.621978998184204
11, 23, 430, 698, 0.01349176000803709
11, 24, 237, 692, -0.008505400270223618
11, 25, 427, 1000, -0.01988307572901249
11, 26, 243, 992, -0.08185423165559769
11, 27, 422, 1259, 0.5396521687507629
11, 28, 253, 1247, 0.29805901646614075
11, 29, 426, 1298, 0.5581523180007935
11, 30, 247, 1282, 0.31754446029663086
11, 31, 403, 1338, -0.030893754214048386
11, 32, 281, 1331, -0.32092514634132385
12, 0, 367, 165, -0.7700081467628479
12, 1, 383, 141, -0.6812962293624878
12, 2, 392, 143, -0.6815087795257568
12, 3, 402, 144, -0.6808256506919861
12, 4, 347, 139, -0.694887638092041
12, 5, 332, 140, -0.69479900598526
12, 6, 320, 141, -0.695383608341217
12, 7, 416, 164, -0.2132769078016281
12, 8, 303, 161, -0.2600320875644684
12, 9, 384, 202, -0.6039510369300842
12, 10, 338, 200, -0.6194795370101929
12, 11, 482, 340, 0.036824267357587814
12, 12, 229, 310, -0.20156888663768768
12, 13, 553, 568, -0.5717092156410217
12, 14, 159, 499, -0.870884120464325
12, 15, 498, 445, -1.4417450428009033
12, 16, 274, 268, -1.5833313465118408
12, 17, 489, 391, -1.5909377336502075
12, 18, 296, 218, -1.741520643234253
12, 19, 490, 374, -1.4990447759628296
12, 20, 299, 206, -1.6476891040802002
12, 21, 481, 386, -1.4386876821517944
12, 22, 296, 225, -1.5704524517059326
12, 23, 430, 705, 0.01200951635837555
12, 24, 237, 699, -0.006934196688234806
12, 25, 425, 1008, -0.02399134263396263
12, 26, 244, 999, -0.12138622999191284
12, 27, 421, 1268, 0.5386966466903687
12, 28, 252, 1255, 0.2108224332332611
12, 29, 425, 1307, 0.5531405210494995
12, 30, 246, 1292, 0.22694754600524902
12, 31, 403, 1347, -0.039238084107637405
12, 32, 281, 1339, -0.4185861051082611
13, 0, 366, 165, -0.7244501709938049
13, 1, 382, 141, -0.633611261844635
13, 2, 392, 143, -0.6338125467300415
13, 3, 401, 144, -0.6331413984298706
13, 4, 346, 139, -0.647327721118927
13, 5, 332, 140, -0.6472317576408386
13, 6, 320, 141, -0.6478154063224792
13, 7, 416, 164, -0.1698233038187027
13, 8, 303, 161, -0.21630552411079407
13, 9, 383, 202, -0.5614094734191895
13, 10, 338, 199, -0.5769749879837036
13, 11, 482, 341, 0.052333761006593704
13, 12, 229, 314, -0.18890714645385742
13, 13, 550, 528, -0.6059800386428833
13, 14, 161, 483, -0.8952153325080872
13, 15, 498, 443, -1.4670994281768799
13, 16, 272, 251, -1.6183998584747314
13, 17, 489, 391, -1.6204885244369507
13, 18, 291, 203, -1.7859392166137695
13, 19, 490, 374, -1.531276822090149
13, 20, 291, 192, -1.689427137374878
13, 21, 481, 387, -1.4653711318969727
13, 22, 290, 209, -1.6085319519042969
13, 23, 432, 707, 0.009876230731606483
13, 24, 238, 701, -0.004741371143609285
13, 25, 424, 1009, -0.010295378044247627
13, 26, 244, 997, -0.13118712604045868
13, 27, 421, 1267, 0.5288293361663818
13, 28, 251, 1255, 0.19761353731155396
13, 29, 424, 1306, 0.5440331697463989
13, 30, 245, 1292, 0.21384397149085999
13, 31, 401, 1347, -0.04376000165939331
13, 32, 279, 1339, -0.42673182487487793
14, 0, 366, 165, -0.7457402944564819
14, 1, 382, 141, -0.6559646725654602
14, 2, 391, 143, -0.6562435030937195
14, 3, 401, 144, -0.6556959748268127
14, 4, 346, 139, -0.6683061122894287
14, 5, 332, 140, -0.6682786345481873
14, 6, 320, 141, -0.6688867807388306
14, 7, 416, 163, -0.19073234498500824
14, 8, 303, 161, -0.2298867255449295
14, 9, 383, 202, -0.5819031000137329
14, 10, 338, 199, -0.595450758934021
14, 11, 482, 341, 0.038808610290288925
14, 12, 231, 318, -0.18176735937595367
14, 13, 548, 511, -0.6009756326675415
14, 14, 166, 474, -0.8825724720954895
14, 15, 496, 443, -1.4373574256896973
14, 16, 262, 219, -1.677268624305725
14, 17, 489, 392, -1.5893009901046753
14, 18, 277, 169, -1.8595463037490845
14, 19, 491, 377, -1.5153162479400635
14, 20, 275, 158, -1.7753995656967163
14, 21, 481, 389, -1.441254734992981
14, 22, 276, 175, -1.6747303009033203
14, 23, 438, 707, 0.008513196371495724
14, 24, 244, 701, -0.0034995139576494694
14, 25, 429, 1007, -0.016943275928497314
14, 26, 254, 996, -0.15351739525794983
14, 27, 429, 1267, 0.4873419404029846
14, 28, 258, 1256, 0.14481055736541748
14, 29, 434, 1306, 0.500235378742218
14, 30, 252, 1293, 0.1568540781736374
14, 31, 409, 1346, -0.08339257538318634
14, 32, 288, 1339, -0.48425278067588806
15, 0, 366, 164, -0.7769218683242798
15, 1, 382, 141, -0.6939166784286499
15, 2, 391, 142, -0.6941431164741516
15, 3, 401, 144, -0.6934155225753784
15, 4, 347, 139, -0.7085348963737488
15, 5, 333, 140, -0.7084710001945496
15, 6, 321, 141, -0.7091014385223389
15, 7, 416, 162, -0.2250591516494751
15, 8, 306, 160, -0.27028387784957886
15, 9, 384, 200, -0.6033088564872742
15, 10, 340, 196, -0.624841570854187
15, 11, 482, 340, 0.021023239940404892
15, 12, 235, 319, -0.18948975205421448
15, 13, 545, 500, -0.3899434804916382
15, 14, 167, 467, -0.9474862217903137
15, 15, 568, 542, -1.0461710691452026
15, 16, 248, 192, -1.9128990173339844
15, 17, 581, 558, -1.1711375713348389
15, 18, 263, 146, -2.120309352874756
15, 19, 565, 534, -1.1734583377838135
15, 20, 263, 139, -2.0562691688537598
15, 21, 550, 531, -1.07589852809906
15, 22, 265, 155, -1.9223740100860596
15, 23, 443, 707, -0.0021976283751428127
15, 24, 255, 704, 0.00664383452385664
15, 25, 434, 1008, -0.05938779190182686
15, 26, 263, 1001, -0.14961005747318268
15, 27, 434, 1274, 0.4205755591392517
15, 28, 266, 1264, 0.12627993524074554
15, 29, 438, 1314, 0.4313543438911438
15, 30, 260, 1300, 0.13528195023536682
15, 31, 414, 1352, -0.1441861391067505
15, 32, 298, 1348, -0.4988219738006592
16, 0, 366, 164, -0.7726801633834839
16, 1, 382, 141, -0.6827272772789001
16, 2, 391, 142, -0.6830613017082214
16, 3, 401, 143, -0.6825419068336487
16, 4, 347, 139, -0.6941500902175903
16, 5, 334, 140, -0.694165825843811
16, 6, 322, 141, -0.6948023438453674
16, 7, 415, 161, -0.21104328334331512
16, 8, 306, 160, -0.24896368384361267
16, 9, 384, 199, -0.6057206392288208
16, 10, 341, 195, -0.6211590766906738
16, 11, 482, 339, 0.01879093609750271
16, 12, 236, 319, -0.1681811809539795
16, 13, 543, 497, -0.5168391466140747
16, 14, 166, 464, -0.916885256767273
16, 15, 547, 478, -1.2897226810455322
16, 16, 235, 187, -1.8086429834365845
16, 17, 561, 455, -1.4244458675384521
16, 18, 250, 136, -1.997754693031311
16, 19, 534, 444, -1.401237964630127
16, 20, 253, 129, -1.922472357749939
16, 21, 527, 450, -1.3157867193222046
16, 22, 253, 145, -1.8126424551010132
16, 23, 443, 707, -0.006784650031477213
16, 24, 255, 704, 0.011232441291213036
16, 25, 436, 1007, -0.06511858105659485
16, 26, 265, 999, -0.1548880785703659
16, 27, 439, 1271, 0.4265473484992981
16, 28, 268, 1261, 0.1268511265516281
16, 29, 443, 1311, 0.438770055770874
16, 30, 262, 1298, 0.13730624318122864
16, 31, 420, 1350, -0.13990655541419983
16, 32, 300, 1345, -0.5012260675430298
17, 0, 367, 163, -0.7857120037078857
17, 1, 382, 140, -0.6927834153175354
17, 2, 392, 142, -0.693243145942688
17, 3, 402, 143, -0.6928781270980835
17, 4, 348, 139, -0.7000902891159058
17, 5, 334, 140, -0.7000688314437866
17, 6, 322, 141, -0.7006673812866211
17, 7, 416, 160, -0.2162078320980072
17, 8, 306, 159, -0.26865261793136597
17, 9, 384, 198, -0.6217069029808044
17, 10, 343, 193, -0.6218845844268799
17, 11, 482, 338, -0.02644437551498413
17, 12, 236, 319, -0.16795137524604797
17, 13, 540, 496, -0.6512380242347717
17, 14, 165, 462, -0.9124655723571777
17, 15, 525, 457, -1.5273116827011108
17, 16, 229, 198, -1.8402296304702759
17, 17, 532, 417, -1.6805450916290283
17, 18, 244, 138, -2.033677577972412
17, 19, 512, 408, -1.620009422302246
17, 20, 247, 127, -1.9536867141723633
17, 21, 505, 424, -1.53584623336792
17, 22, 247, 145, -1.8428471088409424
17, 23, 443, 704, -0.025751978158950806
17, 24, 254, 701, 0.030140962451696396
17, 25, 434, 1002, -0.06941835582256317
17, 26, 263, 996, -0.10921220481395721
17, 27, 437, 1267, 0.4329562783241272
17, 28, 267, 1259, 0.20173127949237823
17, 29, 441, 1305, 0.44369059801101685
17, 30, 261, 1295, 0.21608488261699677
17, 31, 418, 1347, -0.13213491439819336
17, 32, 299, 1342, -0.42934051156044006
18, 0, 370, 163, -0.7509440183639526
18, 1, 384, 140, -0.6573349237442017
18, 2, 394, 141, -0.6577292084693909
18, 3, 403, 142, -0.6573497653007507
18, 4, 350, 138, -0.6652856469154358
18, 5, 337, 139, -0.6653357148170471
18, 6, 324, 140, -0.6659455895423889
18, 7, 417, 158, -0.18650834262371063
18, 8, 308, 158, -0.2189619243144989
18, 9, 385, 197, -0.5868333578109741
18, 10, 346, 192, -0.5950964689254761
18, 11, 482, 338, 0.003994759172201157
18, 12, 238, 319, -0.10823123157024384
18, 13, 537, 495, -0.6228220462799072
18, 14, 164, 463, -0.8239108324050903
18, 15, 513, 446, -1.4239667654037476
18, 16, 231, 192, -1.6998701095581055
18, 17, 518, 401, -1.5681017637252808
18, 18, 248, 135, -1.8999303579330444
18, 19, 507, 391, -1.5121440887451172
18, 20, 250, 127, -1.7865970134735107
18, 21, 500, 403, -1.4332958459854126
18, 22, 250, 145, -1.6960163116455078
18, 23, 442, 703, -0.025640413165092468
18, 24, 254, 700, 0.030025143176317215
18, 25, 433, 994, -0.09501752257347107
18, 26, 263, 985, -0.11191456019878387
18, 27, 436, 1262, 0.39316123723983765
18, 28, 267, 1253, 0.15379390120506287
18, 29, 440, 1302, 0.4060354232788086
18, 30, 260, 1291, 0.1623891294002533
18, 31, 417, 1341, -0.16656368970870972
18, 32, 298, 1338, -0.4595007300376892
19, 0, 372, 163, -0.7583264112472534
19, 1, 386, 140, -0.6712945103645325
19, 2, 396, 141, -0.6716421842575073
19, 3, 405, 142, -0.6712526082992554
19, 4, 352, 138, -0.6830253005027771
19, 5, 339, 139, -0.6830356121063232
19, 6, 326, 140, -0.6836332678794861
19, 7, 418, 158, -0.20587864518165588
19, 8, 308, 158, -0.2426629513502121
19, 9, 387, 197, -0.5951211452484131
19, 10, 347, 192, -0.6088200211524963
19, 11, 482, 338, -0.009608366526663303
19, 12, 238, 320, -0.13207003474235535
19, 13, 536, 497, -0.6479147672653198
19, 14, 162, 464, -0.8342931866645813
19, 15, 503, 438, -1.4898830652236938
19, 16, 232, 212, -1.6922836303710938
19, 17, 507, 392, -1.6418418884277344
19, 18, 249, 155, -1.8801624774932861
19, 19, 498, 381, -1.5737481117248535
19, 20, 251, 145, -1.7818877696990967
19, 21, 489, 395, -1.494349479675293
19, 22, 252, 164, -1.6879764795303345
19, 23, 440, 702, -0.03098788484930992
19, 24, 253, 698, 0.035338833928108215
19, 25, 425, 988, -0.08435714244842529
19, 26, 255, 977, -0.05307697504758835
19, 27, 427, 1252, 0.45974916219711304
19, 28, 256, 1243, 0.275903582572937
19, 29, 431, 1291, 0.47903332114219666
19, 30, 249, 1280, 0.2918130159378052
19, 31, 406, 1334, -0.09186440706253052
19, 32, 284, 1330, -0.33136826753616333
20, 0, 374, 163, -0.6968908905982971
20, 1, 388, 140, -0.6086760759353638
20, 2, 398, 141, -0.6089664101600647
20, 3, 408, 142, -0.6084191203117371
20, 4, 355, 138, -0.6099749207496643
20, 5, 341, 139, -0.6098805665969849
20, 6, 328, 140, -0.6104738712310791
20, 7, 420, 158, -0.16958987712860107
20, 8, 309, 158, -0.1630895733833313
20, 9, 388, 197, -0.5471926927566528
20, 10, 348, 192, -0.5479042530059814
20, 11, 482, 338, -0.003843845333904028
20, 12, 238, 321, -0.07698088884353638
20, 13, 536, 500, -0.6473010778427124
20, 14, 160, 467, -0.7607721090316772
20, 15, 503, 438, -1.4780436754226685
20, 16, 233, 226, -1.5498316287994385
20, 17, 507, 392, -1.6263278722763062
20, 18, 251, 173, -1.7230432033538818
20, 19, 498, 379, -1.5374668836593628
20, 20, 251, 162, -1.6147749423980713
20, 21, 488, 391, -1.4738008975982666
20, 22, 252, 180, -1.5379002094268799
20, 23, 440, 702, -0.0349942110478878
20, 24, 253, 698, 0.039505623281002045
20, 25, 424, 993, -0.08387935906648636
20, 26, 254, 981, -0.03840802609920502
20, 27, 425, 1254, 0.4570188522338867
20, 28, 255, 1243, 0.2691820561885834
20, 29, 430, 1293, 0.47542548179626465
20, 30, 248, 1280, 0.28480684757232666
20, 31, 404, 1335, -0.09316439926624298
20, 32, 283, 1330, -0.3289657235145569
21, 0, 378, 163, -0.6876513361930847
21, 1, 392, 141, -0.5963109731674194
21, 2, 401, 142, -0.5966482162475586
21, 3, 411, 143, -0.5961182117462158
21, 4, 359, 139, -0.6027798056602478
21, 5, 345, 139, -0.6027894020080566
21, 6, 332, 140, -0.6034483909606934
21, 7, 422, 159, -0.14431695640087128
21, 8, 311, 158, -0.16154077649116516
21, 9, 392, 197, -0.5320650339126587
21, 10, 352, 192, -0.5395853519439697
21, 11, 483, 339, 0.038258276879787445
21, 12, 239, 321, -0.07240999490022659
21, 13, 536, 500, -0.5939669609069824
21, 14, 157, 470, -0.7497230768203735
21, 15, 502, 436, -1.4270943403244019
21, 16, 232, 232, -1.5572606325149536
21, 17, 507, 391, -1.574310541152954
21, 18, 252, 175, -1.7329883575439453
21, 19, 498, 378, -1.5002672672271729
21, 20, 253, 164, -1.634884238243103
21, 21, 489, 391, -1.4299359321594238
21, 22, 253, 182, -1.5485321283340454
21, 23, 441, 703, -0.033275190740823746
21, 24, 253, 698, 0.03787120431661606
21, 25, 426, 994, -0.07527919113636017
21, 26, 256, 982, -0.054733168333768845
21, 27, 429, 1255, 0.45479074120521545
21, 28, 260, 1243, 0.24812951683998108
21, 29, 433, 1294, 0.4718857705593109
21, 30, 253, 1280, 0.2618931829929352
21, 31, 409, 1336, -0.09419668465852737
21, 32, 289, 1330, -0.33331894874572754
22, 0, 382, 164, -0.7171646356582642
22, 1, 395, 143, -0.6275349259376526
22, 2, 405, 144, -0.627860426902771
22, 3, 414, 145, -0.6273322105407715
22, 4, 364, 141, -0.6316784024238586
22, 5, 350, 141, -0.6315940022468567
22, 6, 336, 142, -0.6322231292724609
22, 7, 424, 160, -0.165061354637146
22, 8, 313, 158, -0.187875896692276
22, 9, 395, 199, -0.5581561326980591
22, 10, 356, 194, -0.563062310218811
22, 11, 483, 339, 0.05215919762849808
22, 12, 240, 320, -0.09979143738746643
22, 13, 536, 499, -0.5420258045196533
22, 14, 157, 474, -0.7848231196403503
22, 15, 501, 434, -1.390851616859436
22, 16, 230, 235, -1.5885860919952393
22, 17, 506, 388, -1.5380040407180786
22, 18, 251, 175, -1.7640941143035889
22, 19, 498, 375, -1.4765878915786743
22, 20, 251, 165, -1.678122878074646
22, 21, 489, 390, -1.3993518352508545
22, 22, 251, 184, -1.5811002254486084
22, 23, 441, 705, -0.01208694651722908
22, 24, 253, 701, 0.016251426190137863
22, 25, 426, 997, -0.04620077461004257
22, 26, 256, 985, -0.11637039482593536
22, 27, 430, 1258, 0.46134883165359497
22, 28, 261, 1246, 0.18064288794994354
22, 29, 434, 1298, 0.477221816778183
22, 30, 255, 1284, 0.1928795576095581
22, 31, 411, 1338, -0.08273540437221527
22, 32, 292, 1332, -0.4208519458770752
23, 0, 384, 168, -0.6974955797195435
23, 1, 397, 146, -0.6089575290679932
23, 2, 407, 147, -0.6092826128005981
23, 3, 416, 147, -0.6087592840194702
23, 4, 367, 144, -0.6233895421028137
23, 5, 352, 144, -0.6234220266342163
23, 6, 339, 144, -0.624045729637146
23, 7, 426, 162, -0.1504368782043457
23, 8, 315, 159, -0.2041025161743164
23, 9, 397, 203, -0.5348347425460815
23, 10, 358, 198, -0.5539697408676147
23, 11, 483, 339, 0.06923981010913849
23, 12, 240, 320, -0.10228493064641953
23, 13, 537, 499, -0.5456387996673584
23, 14, 156, 480, -0.7241517901420593
23, 15, 500, 434, -1.3917438983917236
23, 16, 227, 240, -1.4681671857833862
23, 17, 501, 388, -1.5360203981399536
23, 18, 245, 179, -1.6270949840545654
23, 19, 496, 374, -1.4612373113632202
23, 20, 247, 168, -1.5451488494873047
23, 21, 487, 387, -1.3942410945892334
23, 22, 247, 187, -1.4608629941940308
23, 23, 440, 706, -0.0032921130768954754
23, 24, 253, 702, 0.007385878823697567
23, 25, 425, 997, -0.045732177793979645
23, 26, 256, 985, -0.1597006916999817
23, 27, 430, 1259, 0.44742757081985474
23, 28, 261, 1247, 0.12236084043979645
23, 29, 433, 1298, 0.46197715401649475
23, 30, 255, 1285, 0.1331603229045868
23, 31, 411, 1338, -0.0876636654138565
23, 32, 292, 1332, -0.4773798882961273
24, 0, 385, 168, -0.677741527557373
24, 1, 399, 146, -0.5875018239021301
24, 2, 408, 147, -0.5878180861473083
24, 3, 417, 148, -0.5873323082923889
24, 4, 368, 145, -0.60392826795578
24, 5, 353, 145, -0.6039971113204956
24, 6, 340, 145, -0.6046282052993774
24, 7, 427, 163, -0.13094887137413025
24, 8, 315, 160, -0.19688206911087036
24, 9, 398, 204, -0.5154072642326355
24, 10, 359, 199, -0.5373139977455139
24, 11, 483, 339, 0.08242426067590714
24, 12, 241, 320, -0.09860491007566452
24, 13, 538, 500, -0.5497589111328125
24, 14, 156, 481, -0.7268056869506836
24, 15, 499, 434, -1.3870856761932373
24, 16, 226, 241, -1.4587376117706299
24, 17, 498, 388, -1.5295861959457397
24, 18, 245, 180, -1.6182644367218018
24, 19, 495, 373, -1.44855535030365
24, 20, 247, 169, -1.5307447910308838
24, 21, 487, 386, -1.3865996599197388
24, 22, 247, 188, -1.4498836994171143
24, 23, 440, 706, 0.002651441376656294
24, 24, 255, 703, 0.0014279064489528537
24, 25, 425, 997, -0.04664352536201477
24, 26, 256, 985, -0.18499986827373505
24, 27, 430, 1259, 0.422318696975708
24, 28, 262, 1247, 0.08157334476709366
24, 29, 434, 1299, 0.4352363049983978
24, 30, 255, 1285, 0.09053319692611694
24, 31, 411, 1338, -0.11322811990976334
24, 32, 292, 1332, -0.5187599658966064
25, 0, 385, 168, -0.6849605441093445
25, 1, 398, 146, -0.594206690788269
25, 2, 408, 147, -0.5944504141807556
25, 3, 417, 148, -0.594110906124115
25, 4, 367, 145, -0.613486111164093
25, 5, 353, 144, -0.6136088371276855
25, 6, 339, 145, -0.614258348941803
25, 7, 428, 163, -0.16249433159828186
25, 8, 315, 160, -0.2049315720796585
25, 9, 398, 204, -0.5254830718040466
25, 10, 358, 199, -0.5477287769317627
25, 11, 484, 339, 0.03499015420675278
25, 12, 241, 320, -0.103174589574337
25, 13, 538, 500, -0.5755898356437683
25, 14, 156, 481, -0.7427195906639099
25, 15, 499, 435, -1.3899346590042114
25, 16, 227, 238, -1.4724059104919434
25, 17, 497, 388, -1.5379202365875244
25, 18, 247, 174, -1.6438629627227783
25, 19, 493, 374, -1.454933524131775
25, 20, 248, 163, -1.5397469997406006
25, 21, 485, 386, -1.3877654075622559
25, 22, 249, 183, -1.4580636024475098
25, 23, 440, 706, -0.009147875010967255
25, 24, 255, 702, 0.013240995816886425
25, 25, 425, 998, -0.04095746949315071
25, 26, 255, 986, -0.07054910063743591
25, 27, 428, 1259, 0.4657253623008728
25, 28, 260, 1247, 0.240435391664505
25, 29, 432, 1299, 0.4825966954231262
25, 30, 252, 1284, 0.25672802329063416
25, 31, 409, 1339, -0.0705735981464386
25, 32, 290, 1332, -0.3583267033100128
26, 0, 381, 169, -0.7620753049850464
26, 1, 397, 147, -0.6721712946891785
26, 2, 407, 148, -0.6724640130996704
26, 3, 416, 148, -0.6719529032707214
26, 4, 362, 145, -0.6825835704803467
26, 5, 349, 145, -0.6825566291809082
26, 6, 337, 145, -0.683155357837677
26, 7, 427, 163, -0.20920979976654053
26, 8, 315, 160, -0.2352612316608429
26, 9, 396, 204, -0.5970160961151123
26, 10, 355, 199, -0.6087591648101807
26, 11, 484, 340, 0.012187136337161064
26, 12, 241, 319, -0.11705669015645981
26, 13, 538, 500, -0.5901705026626587
26, 14, 156, 483, -0.7819790244102478
26, 15, 499, 435, -1.3945560455322266
26, 16, 241, 239, -1.492431402206421
26, 17, 497, 388, -1.5419106483459473
26, 18, 265, 177, -1.6709630489349365
26, 19, 493, 374, -1.4624295234680176
26, 20, 264, 164, -1.5886039733886719
26, 21, 483, 387, -1.393991231918335
26, 22, 263, 184, -1.493651270866394
26, 23, 439, 706, -0.01692846417427063
26, 24, 253, 701, 0.021295670419931412
26, 25, 424, 1000, -0.03302586451172829
26, 26, 254, 988, -0.047396134585142136
26, 27, 423, 1260, 0.5060062408447266
26, 28, 256, 1248, 0.2855463922023773
26, 29, 426, 1300, 0.5238528251647949
26, 30, 248, 1284, 0.3030533194541931
26, 31, 402, 1341, -0.0496954582631588
26, 32, 285, 1333, -0.32677388191223145
27, 0, 374, 171, -0.7648557424545288
27, 1, 393, 148, -0.6786943674087524
27, 2, 404, 149, -0.6790252923965454
27, 3, 414, 149, -0.6784644722938538
27, 4, 356, 147, -0.6877734065055847
27, 5, 343, 146, -0.6877032518386841
27, 6, 332, 146, -0.6882972717285156
27, 7, 427, 164, -0.21953754127025604
27, 8, 314, 161, -0.24263839423656464
27, 9, 392, 205, -0.6001746654510498
27, 10, 348, 200, -0.6107038259506226
27, 11, 484, 340, 0.00651829969137907
27, 12, 240, 316, -0.11767013370990753
27, 13, 540, 549, -0.5982752442359924
27, 14, 156, 489, -0.756719708442688
27, 15, 495, 435, -1.3920848369598389
27, 16, 251, 248, -1.445363163948059
27, 17, 490, 389, -1.5374462604522705
27, 18, 278, 194, -1.601440668106079
27, 19, 489, 374, -1.4532134532928467
27, 20, 276, 180, -1.5049757957458496
27, 21, 477, 385, -1.3889373540878296
27, 22, 272, 201, -1.4336607456207275
27, 23, 435, 705, -0.016775790601968765
27, 24, 247, 700, 0.02115911804139614
27, 25, 420, 1001, -0.027262205258011818
27, 26, 248, 988, -0.05539115518331528
27, 27, 416, 1260, 0.518447995185852
27, 28, 248, 1247, 0.2880365252494812
27, 29, 419, 1300, 0.5370328426361084
27, 30, 241, 1284, 0.3064996600151062
27, 31, 394, 1341, -0.04096061736345291
27, 32, 275, 1332, -0.3197644054889679
28, 0, 373, 172, -0.7638137936592102
28, 1, 393, 149, -0.6778736114501953
28, 2, 404, 149, -0.6782020926475525
28, 3, 414, 150, -0.6776273250579834
28, 4, 354, 148, -0.6889256238937378
28, 5, 341, 147, -0.6888111233711243
28, 6, 330, 147, -0.6893947124481201
28, 7, 427, 166, -0.21738043427467346
28, 8, 313, 161, -0.25233155488967896
28, 9, 391, 206, -0.5996745824813843
28, 10, 346, 202, -0.6102970242500305
28, 11, 483, 340, 0.021052148193120956
28, 12, 239, 314, -0.15300121903419495
28, 13, 544, 556, -0.5782510042190552
28, 14, 160, 494, -0.7769955992698669
28, 15, 492, 435, -1.3878566026687622
28, 16, 260, 258, -1.4778820276260376
28, 17, 482, 389, -1.5347579717636108
28, 18, 285, 210, -1.6324125528335571
28, 19, 483, 374, -1.4467720985412598
28, 20, 282, 194, -1.5416924953460693
28, 21, 470, 384, -1.38399338722229
28, 22, 277, 213, -1.4663746356964111
28, 23, 434, 704, -0.007693082094192505
28, 24, 243, 698, 0.012407338246703148
28, 25, 420, 1001, -0.02785559371113777
28, 26, 247, 989, -0.062495119869709015
28, 27, 416, 1261, 0.5142344832420349
28, 28, 248, 1248, 0.268744558095932
28, 29, 419, 1300, 0.5316082835197449
28, 30, 241, 1285, 0.2858908474445343
28, 31, 395, 1341, -0.048925671726465225
28, 32, 276, 1333, -0.3387203812599182
29, 0, 373, 174, -0.8399388194084167
29, 1, 393, 150, -0.7564955353736877
29, 2, 404, 151, -0.7567604184150696
29, 3, 414, 152, -0.7560744881629944
29, 4, 356, 148, -0.7827409505844116
29, 5, 342, 148, -0.7825369834899902
29, 6, 330, 147, -0.7831047773361206
29, 7, 427, 169, -0.2745690941810608
29, 8, 312, 162, -0.3769225478172302
29, 9, 391, 209, -0.6633415818214417
29, 10, 346, 206, -0.693418025970459
29, 11, 483, 341, 0.00780540332198143
29, 12, 235, 314, -0.29568007588386536
29, 13, 545, 568, -0.585124671459198
29, 14, 164, 510, -0.9167081117630005
29, 15, 492, 439, -1.4752715826034546
29, 16, 261, 280, -1.6309478282928467
29, 17, 481, 389, -1.6360050439834595
29, 18, 285, 232, -1.7790828943252563
29, 19, 483, 374, -1.5440222024917603
29, 20, 281, 213, -1.712320327758789
29, 21, 471, 384, -1.4729036092758179
29, 22, 277, 231, -1.622158408164978
29, 23, 433, 704, 0.024271313101053238
29, 24, 236, 698, -0.01940806396305561
29, 25, 419, 1002, 0.01973675563931465
29, 26, 245, 990, -0.11926038563251495
29, 27, 415, 1262, 0.5946624875068665
29, 28, 247, 1249, 0.2679966390132904
29, 29, 418, 1301, 0.6144981384277344
29, 30, 239, 1285, 0.2892066538333893
29, 31, 395, 1342, 0.02621365711092949
29, 32, 276, 1333, -0.35068461298942566
30, 0, 377, 174, -0.8760102391242981
30, 1, 397, 150, -0.7940385341644287
30, 2, 407, 151, -0.7943230867385864
30, 3, 417, 153, -0.7936481237411499
30, 4, 362, 148, -0.8232296705245972
30, 5, 348, 147, -0.8230862617492676
30, 6, 334, 146, -0.8237527012825012
30, 7, 429, 172, -0.3059416711330414
30, 8, 313, 162, -0.42297106981277466
30, 9, 392, 210, -0.6958775520324707
30, 10, 347, 206, -0.7306423783302307
30, 11, 484, 342, -0.0023319097235798836
30, 12, 232, 311, -0.32546812295913696
30, 13, 548, 576, -0.563876748085022
30, 14, 168, 523, -0.9173391461372375
30, 15, 492, 446, -1.46199631690979
30, 16, 270, 305, -1.6350589990615845
30, 17, 478, 393, -1.617832899093628
30, 18, 296, 253, -1.7796684503555298
30, 19, 482, 374, -1.5327670574188232
30, 20, 289, 233, -1.7139695882797241
30, 21, 472, 386, -1.4610316753387451
30, 22, 285, 251, -1.6246707439422607
30, 23, 433, 703, 0.03310050815343857
30, 24, 232, 697, -0.028445744886994362
30, 25, 419, 1001, 0.01682865247130394
30, 26, 242, 990, -0.11102096736431122
30, 27, 416, 1261, 0.5779838562011719
30, 28, 245, 1247, 0.3161196708679199
30, 29, 419, 1300, 0.597015917301178
30, 30, 236, 1283, 0.3402721881866455
30, 31, 395, 1342, 0.010622107423841953
30, 32, 275, 1329, -0.30992016196250916
31, 0, 382, 174, -0.8784354329109192
31, 1, 401, 150, -0.8010586500167847
31, 2, 411, 152, -0.8013944625854492
31, 3, 420, 153, -0.8007520437240601
31, 4, 367, 148, -0.8292872309684753
31, 5, 353, 146, -0.8292248845100403
31, 6, 339, 145, -0.829928994178772
31, 7, 431, 173, -0.3215954601764679
31, 8, 314, 162, -0.43704062700271606
31, 9, 397, 210, -0.6984483003616333
31, 10, 354, 206, -0.733178973197937
31, 11, 486, 342, -0.022147122770547867
31, 12, 232, 311, -0.3114754259586334
31, 13, 548, 580, -0.5729697346687317
31, 14, 175, 526, -0.8885515928268433
31, 15, 493, 449, -1.4583147764205933
31, 16, 291, 331, -1.587744951248169
31, 17, 475, 393, -1.6090418100357056
31, 18, 325, 276, -1.7111384868621826
31, 19, 482, 374, -1.5253682136535645
31, 20, 319, 254, -1.637439489364624
31, 21, 472, 386, -1.4554617404937744
31, 22, 313, 275, -1.567590594291687
31, 23, 433, 702, 0.031919926404953
31, 24, 231, 694, -0.027469804510474205
31, 25, 419, 999, 0.0005609082872979343
31, 26, 239, 987, -0.12211437523365021
31, 27, 416, 1259, 0.5361062288284302
31, 28, 243, 1244, 0.28632721304893494
31, 29, 419, 1297, 0.5539520382881165
31, 30, 235, 1281, 0.3086015582084656
31, 31, 395, 1340, -0.04043955355882645
31, 32, 274, 1325, -0.33705368638038635
32, 0, 385, 174, -1.0597455501556396
32, 1, 402, 150, -0.9754363894462585
32, 2, 412, 152, -0.9757353663444519
32, 3, 421, 153, -0.9751839637756348
32, 4, 368, 148, -1.0119855403900146
32, 5, 354, 146, -1.012070655822754
32, 6, 340, 145, -1.012684941291809
32, 7, 432, 172, -0.4460320472717285
32, 8, 315, 162, -0.6063368320465088
32, 9, 400, 210, -0.8576706051826477
32, 10, 356, 206, -0.904974102973938
32, 11, 486, 338, -0.02777218259871006
32, 12, 233, 311, -0.42310065031051636
32, 13, 551, 572, -0.5536297559738159
32, 14, 176, 522, -0.9580041170120239
32, 15, 493, 449, -1.5305900573730469
32, 16, 291, 411, -1.7724260091781616
32, 17, 473, 394, -1.6957523822784424
32, 18, 330, 375, -1.9313459396362305
32, 19, 481, 375, -1.6335471868515015
32, 20, 326, 347, -1.8848085403442383
32, 21, 472, 386, -1.5355217456817627
32, 22, 315, 358, -1.7664960622787476
32, 23, 432, 696, 0.08110141009092331
32, 24, 237, 691, -0.07706810534000397
32, 25, 419, 991, 0.03078846074640751
32, 26, 241, 976, -0.24329113960266113
32, 27, 416, 1254, 0.5475318431854248
32, 28, 245, 1242, 0.1244869977235794
32, 29, 419, 1293, 0.5619621276855469
32, 30, 235, 1281, 0.13735231757164001
32, 31, 405, 1333, -0.030859898775815964
32, 32, 285, 1322, -0.5274876952171326
33, 0, 386, 174, -1.0857609510421753
33, 1, 402, 151, -0.9923714399337769
33, 2, 413, 152, -0.9926589727401733
33, 3, 422, 153, -0.9922641515731812
33, 4, 369, 148, -1.0348498821258545
33, 5, 355, 147, -1.0349676609039307
33, 6, 340, 146, -1.0355669260025024
33, 7, 432, 172, -0.42345696687698364
33, 8, 317, 162, -0.6088113188743591
33, 9, 401, 210, -0.8666971921920776
33, 10, 357, 206, -0.9216817021369934
33, 11, 485, 338, 0.022403329610824585
33, 12, 233, 310, -0.4185594916343689
33, 13, 545, 521, -0.49758926033973694
33, 14, 176, 521, -0.9331105351448059
33, 15, 493, 449, -1.5447895526885986
33, 16, 287, 448, -1.7274267673492432
33, 17, 474, 400, -1.7175428867340088
33, 18, 324, 421, -1.891850471496582
33, 19, 481, 382, -1.6669059991836548
33, 20, 325, 391, -1.8520504236221313
33, 21, 472, 391, -1.5568262338638306
33, 22, 315, 400, -1.7239398956298828
33, 23, 419, 697, 0.103817418217659
33, 24, 238, 691, -0.09990914165973663
33, 25, 398, 961, 0.024132829159498215
33, 26, 241, 930, -0.34448695182800293
33, 27, 404, 1230, 0.5201621055603027
33, 28, 238, 1217, 0.014379248023033142
33, 29, 403, 1273, 0.531615138053894
33, 30, 224, 1263, 0.023370210081338882
33, 31, 400, 1309, -0.04902597516775131
33, 32, 282, 1299, -0.6234763264656067
34, 0, 386, 175, -1.000781536102295
34, 1, 403, 151, -0.90899658203125
34, 2, 413, 152, -0.9092874526977539
34, 3, 423, 154, -0.9088743329048157
34, 4, 370, 148, -0.9465813636779785
34, 5, 355, 147, -0.9465636014938354
34, 6, 341, 146, -0.9471189379692078
34, 7, 433, 172, -0.41606736183166504
34, 8, 318, 162, -0.520232081413269
34, 9, 401, 211, -0.7948655486106873
34, 10, 357, 206, -0.8393428921699524
34, 11, 483, 336, 0.11332496255636215
34, 12, 233, 308, -0.36905714869499207
34, 13, 543, 510, -0.45608362555503845
34, 14, 174, 520, -0.7369351387023926
34, 15, 477, 449, -1.5381348133087158
34, 16, 290, 474, -1.4421565532684326
34, 17, 460, 404, -1.7256675958633423
34, 18, 322, 457, -1.5991350412368774
34, 19, 459, 387, -1.6607681512832642
34, 20, 319, 440, -1.5867221355438232
34, 21, 456, 396, -1.5462342500686646
34, 22, 314, 439, -1.4473183155059814
34, 23, 411, 697, 0.11056546866893768
34, 24, 241, 691, -0.10648101568222046
34, 25, 375, 944, 0.01918351836502552
34, 26, 229, 909, -0.26953908801078796
34, 27, 371, 1212, 0.5290439128875732
34, 28, 205, 1200, 0.08810604363679886
34, 29, 368, 1255, 0.5429531335830688
34, 30, 186, 1247, 0.09881196916103363
34, 31, 369, 1287, -0.020350132137537003
34, 32, 248, 1282, -0.5385289788246155
35, 0, 387, 175, -0.9806709289550781
35, 1, 404, 151, -0.8889398574829102
35, 2, 414, 153, -0.8893407583236694
35, 3, 423, 154, -0.8889373540878296
35, 4, 370, 148, -0.9262987971305847
35, 5, 356, 147, -0.9262858629226685
35, 6, 342, 146, -0.9269583821296692
35, 7, 433, 172, -0.3745708167552948
35, 8, 318, 161, -0.5138710737228394
35, 9, 401, 211, -0.7780162692070007
35, 10, 357, 206, -0.8260200619697571
35, 11, 483, 336, 0.10225369036197662
35, 12, 233, 306, -0.3427783250808716
35, 13, 548, 544, -0.4160844385623932
35, 14, 174, 519, -0.6079222559928894
35, 15, 480, 452, -1.5211474895477295
35, 16, 250, 597, -1.3546569347381592
35, 17, 464, 408, -1.7080059051513672
35, 18, 263, 640, -1.5285851955413818
35, 19, 466, 389, -1.6624959707260132
35, 20, 289, 613, -1.5540028810501099
35, 21, 459, 401, -1.5330917835235596
35, 22, 286, 598, -1.3819451332092285
35, 23, 412, 697, 0.09874141216278076
35, 24, 242, 691, -0.09430824965238571
35, 25, 382, 971, 0.01729568839073181
35, 26, 231, 955, -0.29784145951271057
35, 27, 377, 1239, 0.5064118504524231
35, 28, 207, 1235, 0.019026605412364006
35, 29, 377, 1281, 0.5172539353370667
35, 30, 194, 1280, 0.027071770280599594
35, 31, 371, 1322, -0.06311844289302826
35, 32, 263, 1314, -0.6484757661819458
36, 0, 387, 175, -0.9870275259017944
36, 1, 404, 151, -0.9065783619880676
36, 2, 414, 153, -0.9068000912666321
36, 3, 424, 154, -0.9063359498977661
36, 4, 370, 148, -0.9358869791030884
36, 5, 356, 147, -0.9355433583259583
36, 6, 342, 146, -0.9362576603889465
36, 7, 434, 172, -0.4112936556339264
36, 8, 319, 161, -0.5330406427383423
36, 9, 401, 211, -0.7996947169303894
36, 10, 357, 206, -0.8370667695999146
36, 11, 484, 336, -0.012382688000798225
36, 12, 234, 305, -0.33072760701179504
36, 13, 553, 555, -0.5311485528945923
36, 14, 173, 517, -0.4803279936313629
36, 15, 491, 453, -1.6762149333953857
36, 16, 179, 675, -1.1194729804992676
36, 17, 473, 408, -1.875109076499939
36, 18, 170, 734, -1.2480344772338867
36, 19, 478, 389, -1.822557806968689
36, 20, 197, 722, -1.3205662965774536
36, 21, 473, 401, -1.6926918029785156
36, 22, 206, 703, -1.1619818210601807
36, 23, 422, 698, 0.0439084991812706
36, 24, 246, 694, -0.039072055369615555
36, 25, 407, 1001, -0.011877773329615593
36, 26, 246, 1000, -0.16069909930229187
36, 27, 400, 1276, 0.5321829319000244
36, 28, 237, 1278, 0.21227821707725525
36, 29, 401, 1316, 0.5505324602127075
36, 30, 222, 1321, 0.227129727602005
36, 31, 392, 1360, -0.051946502178907394
36, 32, 292, 1357, -0.4983551502227783
37, 0, 387, 175, -1.0297271013259888
37, 1, 404, 151, -0.9478572607040405
37, 2, 414, 153, -0.9481636881828308
37, 3, 424, 154, -0.9477350115776062
37, 4, 371, 148, -0.981452465057373
37, 5, 356, 147, -0.9812445640563965
37, 6, 342, 146, -0.9819876551628113
37, 7, 434, 172, -0.4381818175315857
37, 8, 319, 161, -0.5861552953720093
37, 9, 401, 211, -0.8391323089599609
37, 10, 358, 206, -0.882583498954773
37, 11, 485, 335, -0.03652243688702583
37, 12, 234, 305, -0.3621823787689209
37, 13, 555, 558, -0.566408097743988
37, 14, 173, 515, -0.5371838808059692
37, 15, 496, 453, -1.7215477228164673
37, 16, 184, 675, -1.2096556425094604
37, 17, 478, 408, -1.9245407581329346
37, 18, 178, 732, -1.353164553642273
37, 19, 483, 389, -1.8852243423461914
37, 20, 204, 718, -1.4122302532196045
37, 21, 479, 401, -1.7445259094238281
37, 22, 211, 699, -1.2485347986221313
37, 23, 425, 699, 0.04276356101036072
37, 24, 247, 696, -0.03796229138970375
37, 25, 414, 1009, -0.033753402531147
37, 26, 252, 1003, -0.2257668524980545
37, 27, 407, 1281, 0.5088316202163696
37, 28, 247, 1280, 0.12965187430381775
37, 29, 407, 1322, 0.5252503156661987
37, 30, 233, 1323, 0.14112934470176697
37, 31, 396, 1365, -0.08744645863771439
37, 32, 299, 1358, -0.5797416567802429
38, 0, 387, 175, -1.0166761875152588
38, 1, 404, 151, -0.9330307841300964
38, 2, 414, 153, -0.933414101600647
38, 3, 424, 154, -0.9330499768257141
38, 4, 371, 148, -0.9680105447769165
38, 5, 357, 147, -0.9678782224655151
38, 6, 342, 146, -0.9686312675476074
38, 7, 434, 172, -0.4242890775203705
38, 8, 320, 161, -0.5791730880737305
38, 9, 401, 211, -0.826831042766571
38, 10, 358, 206, -0.8718490600585938
38, 11, 485, 335, -0.02680174447596073
38, 12, 234, 305, -0.3702838718891144
38, 13, 548, 520, -0.5380968451499939
38, 14, 173, 515, -0.5309606194496155
38, 15, 499, 455, -1.645606279373169
38, 16, 190, 677, -1.190239667892456
38, 17, 483, 408, -1.8382915258407593
38, 18, 186, 733, -1.341048002243042
38, 19, 487, 390, -1.8058818578720093
38, 20, 211, 720, -1.4044597148895264
38, 21, 484, 402, -1.667181372642517
38, 22, 218, 701, -1.2313803434371948
38, 23, 426, 699, 0.0454544797539711
38, 24, 247, 697, -0.04056604951620102
38, 25, 416, 1010, -0.041022252291440964
38, 26, 253, 1001, -0.30668312311172485
38, 27, 409, 1282, 0.47325706481933594
38, 28, 250, 1278, 0.01820935495197773
38, 29, 409, 1323, 0.4861036241054535
38, 30, 235, 1322, 0.02676834724843502
38, 31, 399, 1365, -0.11919192969799042
38, 32, 302, 1356, -0.6768969297409058
39, 0, 387, 175, -1.0117928981781006
39, 1, 404, 151, -0.9263307452201843
39, 2, 414, 153, -0.9267474412918091
39, 3, 424, 154, -0.9264087677001953
39, 4, 371, 148, -0.9636627435684204
39, 5, 356, 147, -0.9635707139968872
39, 6, 342, 146, -0.964347243309021
39, 7, 434, 172, -0.41569170355796814
39, 8, 320, 161, -0.5825103521347046
39, 9, 401, 210, -0.8211542963981628
39, 10, 358, 205, -0.8695317506790161
39, 11, 485, 335, -0.022793736308813095
39, 12, 234, 305, -0.37639933824539185
39, 13, 552, 540, -0.5188320875167847
39, 14, 173, 514, -0.5100430846214294
39, 15, 503, 456, -1.6205476522445679
39, 16, 188, 684, -1.1230281591415405
39, 17, 487, 409, -1.812866449356079
39, 18, 182, 743, -1.2687406539916992
39, 19, 490, 390, -1.7824604511260986
39, 20, 207, 732, -1.3366438150405884
39, 21, 485, 402, -1.6440503597259521
39, 22, 215, 712, -1.1648297309875488
39, 23, 426, 700, 0.059325069189071655
39, 24, 247, 697, -0.05442173033952713
39, 25, 416, 1011, -0.048773813992738724
39, 26, 254, 999, -0.39901959896087646
39, 27, 409, 1283, 0.44910526275634766
39, 28, 250, 1277, -0.0801050141453743
39, 29, 409, 1324, 0.4598434567451477
39, 30, 235, 1322, -0.07322193682193756
39, 31, 399, 1367, -0.14309963583946228
39, 32, 301, 1356, -0.7777597308158875
40, 0, 387, 175, -1.0308408737182617
40, 1, 404, 151, -0.9477676153182983
40, 2, 414, 153, -0.9481332898139954
40, 3, 424, 154, -0.9477728605270386
40, 4, 371, 148, -0.9826729893684387
40, 5, 356, 147, -0.9825183153152466
40, 6, 342, 146, -0.983302891254425
40, 7, 434, 172, -0.4445430636405945
40, 8, 320, 161, -0.5985278487205505
40, 9, 401, 210, -0.843487560749054
40, 10, 357, 205, -0.888399600982666
40, 11, 485, 335, -0.043684087693691254
40, 12, 235, 304, -0.3867044150829315
40, 13, 553, 548, -0.533519446849823
40, 14, 173, 514, -0.48571571707725525
40, 15, 507, 457, -1.6523460149765015
40, 16, 177, 691, -1.0584312677383423
40, 17, 491, 409, -1.8495264053344727
40, 18, 166, 751, -1.193481683731079
40, 19, 494, 391, -1.8258769512176514
40, 20, 191, 742, -1.2695064544677734
40, 21, 490, 402, -1.6816389560699463
40, 22, 202, 722, -1.1021372079849243
40, 23, 428, 701, 0.057942599058151245
40, 24, 248, 698, -0.05298348143696785
40, 25, 418, 1014, -0.06255708634853363
40, 26, 255, 1003, -0.3463717997074127
40, 27, 411, 1287, 0.4551233649253845
40, 28, 251, 1283, -0.011665066704154015
40, 29, 411, 1328, 0.46746015548706055
40, 30, 236, 1328, -0.002825374249368906
40, 31, 401, 1371, -0.14006172120571136
40, 32, 303, 1361, -0.7087699174880981
41, 0, 386, 175, -1.0456942319869995
41, 1, 404, 151, -0.9615507125854492
41, 2, 414, 153, -0.9619401097297668
41, 3, 424, 154, -0.9616012573242188
41, 4, 371, 148, -0.9981303215026855
41, 5, 356, 148, -0.9980055689811707
41, 6, 342, 147, -0.9987999796867371
41, 7, 434, 172, -0.45301729440689087
41, 8, 320, 161, -0.6153412461280823
41, 9, 400, 210, -0.8555781245231628
41, 10, 357, 205, -0.9030078053474426
41, 11, 485, 335, -0.04271320626139641
41, 12, 235, 303, -0.39941108226776123
41, 13, 553, 555, -0.5430457592010498
41, 14, 173, 514, -0.4897736608982086
41, 15, 508, 457, -1.663372278213501
41, 16, 178, 689, -1.0481561422348022
41, 17, 492, 409, -1.8604352474212646
41, 18, 169, 749, -1.1859163045883179
41, 19, 495, 391, -1.8370250463485718
41, 20, 194, 740, -1.2561367750167847
41, 21, 490, 402, -1.6932647228240967
41, 22, 203, 721, -1.0897607803344727
41, 23, 428, 703, 0.06122531741857529
41, 24, 248, 698, -0.05630294233560562
41, 25, 418, 1016, -0.06082475930452347
41, 26, 255, 1002, -0.38851407170295715
41, 27, 411, 1287, 0.4532427191734314
41, 28, 251, 1282, -0.05843072384595871
41, 29, 411, 1329, 0.4654077887535095
41, 30, 236, 1328, -0.050987325608730316
41, 31, 401, 1372, -0.14184559881687164
41, 32, 301, 1361, -0.7595574259757996
42, 0, 385, 175, -1.0429484844207764
42, 1, 403, 151, -0.9575451612472534
42, 2, 414, 153, -0.9579898118972778
42, 3, 423, 154, -0.9576593637466431
42, 4, 370, 149, -0.9923802614212036
42, 5, 356, 148, -0.9923245310783386
42, 6, 342, 147, -0.993114173412323
42, 7, 434, 172, -0.4458855986595154
42, 8, 320, 161, -0.5999265909194946
42, 9, 400, 210, -0.851354718208313
42, 10, 357, 205, -0.8966229557991028
42, 11, 485, 336, -0.03603095933794975
42, 12, 235, 303, -0.38743826746940613
42, 13, 553, 559, -0.544460654258728
42, 14, 173, 513, -0.4584725499153137
42, 15, 509, 457, -1.6474640369415283
42, 16, 182, 688, -1.0105178356170654
42, 17, 493, 409, -1.8429416418075562
42, 18, 176, 747, -1.145105004310608
42, 19, 497, 391, -1.8152294158935547
42, 20, 200, 738, -1.2174656391143799
42, 21, 491, 402, -1.6746063232421875
42, 22, 209, 718, -1.0525310039520264
42, 23, 428, 704, 0.06275054067373276
42, 24, 248, 699, -0.057915084064006805
42, 25, 418, 1014, -0.12548282742500305
42, 26, 255, 1001, -0.44217944145202637
42, 27, 411, 1286, 0.3275989592075348
42, 28, 251, 1280, -0.15724125504493713
42, 29, 411, 1327, 0.3340175449848175
42, 30, 236, 1325, -0.1540178656578064
42, 31, 401, 1371, -0.2757773995399475
42, 32, 301, 1359, -0.8459128141403198
43, 0, 383, 175, -1.0531288385391235
43, 1, 402, 151, -0.9679439663887024
43, 2, 412, 153, -0.9683995246887207
43, 3, 422, 154, -0.9680938720703125
43, 4, 368, 149, -0.9983772039413452
43, 5, 354, 148, -0.9983458518981934
43, 6, 340, 147, -0.9991393089294434
43, 7, 434, 172, -0.4560076594352722
43, 8, 320, 161, -0.592922568321228
43, 9, 399, 210, -0.8612443208694458
43, 10, 355, 205, -0.9011357426643372
43, 11, 486, 336, -0.041192177683115005
43, 12, 235, 303, -0.3814898729324341
43, 13, 553, 563, -0.5632118582725525
43, 14, 172, 511, -0.44640588760375977
43, 15, 509, 456, -1.6524059772491455
43, 16, 181, 682, -1.0164252519607544
43, 17, 494, 407, -1.849676489830017
43, 18, 174, 741, -1.1500505208969116
43, 19, 498, 389, -1.8188774585723877
43, 20, 200, 731, -1.2221839427947998
43, 21, 492, 401, -1.678011178970337
43, 22, 208, 712, -1.0590386390686035
43, 23, 427, 705, 0.06262296438217163
43, 24, 248, 699, -0.05779878422617912
43, 25, 417, 1013, -0.16019226610660553
43, 26, 255, 1001, -0.4493906497955322
43, 27, 411, 1285, 0.27663496136665344
43, 28, 249, 1278, -0.17938551306724548
43, 29, 410, 1326, 0.28163665533065796
43, 30, 235, 1323, -0.17782947421073914
43, 31, 398, 1370, -0.33433088660240173
43, 32, 299, 1358, -0.8690970540046692
44, 0, 381, 175, -1.0697009563446045
44, 1, 401, 152, -0.9868193864822388
44, 2, 411, 153, -0.9872477650642395
44, 3, 421, 154, -0.9869399070739746
44, 4, 366, 149, -1.0161309242248535
44, 5, 352, 149, -1.0161058902740479
44, 6, 339, 148, -1.0169163942337036
44, 7, 434, 172, -0.47703757882118225
44, 8, 319, 162, -0.6082034111022949
44, 9, 397, 211, -0.8781158328056335
44, 10, 353, 206, -0.9166011810302734
44, 11, 486, 336, -0.05603499338030815
44, 12, 235, 302, -0.38088586926460266
44, 13, 551, 565, -0.5790766477584839
44, 14, 172, 509, -0.45869284868240356
44, 15, 509, 454, -1.6718441247940063
44, 16, 178, 683, -1.0204187631607056
44, 17, 494, 406, -1.86990487575531
44, 18, 170, 743, -1.1525495052337646
44, 19, 500, 389, -1.8391917943954468
44, 20, 196, 734, -1.2254846096038818
44, 21, 493, 401, -1.6975593566894531
44, 22, 205, 715, -1.063164472579956
44, 23, 427, 705, 0.06287510693073273
44, 24, 248, 698, -0.05808574706315994
44, 25, 417, 1013, -0.1449822187423706
44, 26, 255, 1000, -0.4205765128135681
44, 27, 411, 1284, 0.3315000534057617
44, 28, 249, 1277, -0.11569050699472427
44, 29, 410, 1325, 0.34116706252098083
44, 30, 235, 1322, -0.11005856096744537
44, 31, 398, 1370, -0.2641182541847229
44, 32, 299, 1357, -0.8040359616279602
45, 0, 379, 176, -1.0629874467849731
45, 1, 400, 152, -0.9806035757064819
45, 2, 410, 153, -0.9810321927070618
45, 3, 420, 154, -0.9807530641555786
45, 4, 365, 150, -1.0089070796966553
45, 5, 350, 150, -1.0088765621185303
45, 6, 338, 149, -1.0096657276153564
45, 7, 433, 172, -0.4711141586303711
45, 8, 319, 162, -0.5994336009025574
45, 9, 396, 211, -0.8711552619934082
45, 10, 352, 207, -0.9086630940437317
45, 11, 486, 336, -0.05336558818817139
45, 12, 235, 301, -0.3624211549758911
45, 13, 549, 568, -0.5767730474472046
45, 14, 172, 507, -0.44310277700424194
45, 15, 509, 454, -1.6657865047454834
45, 16, 181, 676, -1.029046654701233
45, 17, 494, 406, -1.8651297092437744
45, 18, 175, 733, -1.1630761623382568
45, 19, 500, 389, -1.834450125694275
45, 20, 199, 723, -1.2333080768585205
45, 21, 493, 401, -1.6910377740859985
45, 22, 208, 704, -1.0711078643798828
45, 23, 425, 704, 0.06090906262397766
45, 24, 246, 697, -0.05616325885057449
45, 25, 413, 1009, -0.1685369312763214
45, 26, 249, 992, -0.4280891418457031
45, 27, 406, 1282, 0.2518794536590576
45, 28, 241, 1273, -0.17221391201019287
45, 29, 405, 1323, 0.2571304440498352
45, 30, 228, 1319, -0.17132726311683655
45, 31, 389, 1368, -0.3494050204753876
45, 32, 287, 1353, -0.8556645512580872
46, 0, 378, 176, -1.0579414367675781
46, 1, 398, 152, -0.9736099243164062
46, 2, 408, 153, -0.9740282297134399
46, 3, 418, 154, -0.9737054705619812
46, 4, 362, 150, -1.0076292753219604
46, 5, 348, 150, -1.0075891017913818
46, 6, 336, 149, -1.0084394216537476
46, 7, 432, 172, -0.4630858302116394
46, 8, 318, 163, -0.5777011513710022
46, 9, 395, 211, -0.8651224374771118
46, 10, 351, 207, -0.9047294855117798
46, 11, 486, 336, -0.05776287242770195
46, 12, 235, 301, -0.3175249695777893
46, 13, 549, 574, -0.591424286365509
46, 14, 171, 506, -0.4405917227268219
46, 15, 509, 453, -1.6830952167510986
46, 16, 185, 666, -1.0639516115188599
46, 17, 494, 406, -1.8882964849472046
46, 18, 182, 720, -1.1981217861175537
46, 19, 499, 388, -1.8546812534332275
46, 20, 210, 707, -1.2544257640838623
46, 21, 493, 400, -1.7066137790679932
46, 22, 216, 690, -1.100608229637146
46, 23, 425, 704, 0.04545550420880318
46, 24, 245, 697, -0.0406985729932785
46, 25, 412, 1008, -0.19239380955696106
46, 26, 244, 989, -0.410876989364624
46, 27, 405, 1279, 0.21691271662712097
46, 28, 238, 1268, -0.15440663695335388
46, 29, 404, 1319, 0.22231873869895935
46, 30, 226, 1315, -0.15337984263896942
46, 31, 384, 1367, -0.3920927941799164
46, 32, 278, 1345, -0.8343231081962585
47, 0, 376, 176, -1.0536630153656006
47, 1, 395, 152, -0.9686374664306641
47, 2, 406, 153, -0.9690605401992798
47, 3, 416, 154, -0.9687398672103882
47, 4, 360, 150, -1.0071696043014526
47, 5, 346, 150, -1.0072176456451416
47, 6, 334, 149, -1.0080235004425049
47, 7, 430, 172, -0.46218666434288025
47, 8, 317, 162, -0.5710998177528381
47, 9, 394, 211, -0.8605672717094421
47, 10, 350, 207, -0.9024701118469238
47, 11, 487, 337, -0.08458969742059708
47, 12, 235, 301, -0.31142953038215637
47, 13, 547, 582, -0.6417044401168823
47, 14, 170, 505, -0.45667052268981934
47, 15, 508, 453, -1.764897346496582
47, 16, 185, 662, -1.1229890584945679
47, 17, 494, 406, -1.973615288734436
47, 18, 183, 719, -1.2676960229873657
47, 19, 499, 388, -1.9347985982894897
47, 20, 210, 704, -1.3242576122283936
47, 21, 493, 400, -1.785797119140625
47, 22, 216, 685, -1.1634044647216797
47, 23, 425, 705, 0.029592683538794518
47, 24, 244, 697, -0.024740472435951233
47, 25, 412, 1009, -0.17962710559368134
47, 26, 243, 991, -0.3758939802646637
47, 27, 405, 1280, 0.2662024199962616
47, 28, 237, 1269, -0.12945720553398132
47, 29, 405, 1320, 0.27426987886428833
47, 30, 226, 1315, -0.13226063549518585
47, 31, 382, 1367, -0.3447246551513672
47, 32, 274, 1345, -0.8324790000915527
48, 0, 374, 175, -1.0302045345306396
48, 1, 393, 151, -0.9464712142944336
48, 2, 403, 152, -0.9468691945075989
48, 3, 414, 153, -0.9465340375900269
48, 4, 357, 150, -0.9699159860610962
48, 5, 344, 149, -0.969855785369873
48, 6, 333, 149, -0.9706552624702454
48, 7, 429, 171, -0.4507119059562683
48, 8, 316, 162, -0.5333402156829834
48, 9, 392, 210, -0.8448299169540405
48, 10, 348, 206, -0.8738158345222473
48, 11, 487, 338, -0.0774025097489357
48, 12, 235, 301, -0.28105729818344116
48, 13, 546, 583, -0.6352524757385254
48, 14, 170, 504, -0.4391558766365051
48, 15, 508, 453, -1.7487907409667969
48, 16, 186, 660, -1.1233550310134888
48, 17, 494, 406, -1.9566709995269775
48, 18, 184, 715, -1.2679911851882935
48, 19, 499, 389, -1.9198461771011353
48, 20, 211, 700, -1.325312852859497
48, 21, 493, 400, -1.7703660726547241
48, 22, 216, 682, -1.1637367010116577
48, 23, 425, 706, 0.02484316937625408
48, 24, 243, 697, -0.019937848672270775
48, 25, 411, 1009, -0.1990387737751007
48, 26, 240, 991, -0.3705846071243286
48, 27, 404, 1280, 0.22350895404815674
48, 28, 235, 1268, -0.12042981386184692
48, 29, 404, 1320, 0.2299133986234665
48, 30, 225, 1314, -0.12115985155105591
48, 31, 378, 1366, -0.38615888357162476
48, 32, 271, 1344, -0.8083062171936035
49, 0, 369, 175, -1.0309762954711914
49, 1, 390, 151, -0.9486392736434937
49, 2, 400, 152, -0.9490464925765991
49, 3, 411, 153, -0.9487193822860718
49, 4, 353, 150, -0.9699282646179199
49, 5, 341, 149, -0.9698680639266968
49, 6, 330, 149, -0.9706672430038452
49, 7, 427, 171, -0.4571681022644043
49, 8, 315, 163, -0.5361284613609314
49, 9, 389, 210, -0.8469791412353516
49, 10, 344, 206, -0.8738360404968262
49, 11, 487, 338, -0.0884828269481659
49, 12, 235, 301, -0.28420770168304443
49, 13, 545, 583, -0.6454142332077026
49, 14, 170, 503, -0.4353655278682709
49, 15, 507, 454, -1.7403380870819092
49, 16, 185, 660, -1.1187838315963745
49, 17, 494, 407, -1.9463183879852295
49, 18, 182, 717, -1.262524127960205
49, 19, 499, 389, -1.9122718572616577
49, 20, 209, 703, -1.323203444480896
49, 21, 493, 400, -1.7625675201416016
49, 22, 215, 684, -1.1609046459197998
49, 23, 425, 707, 0.02170371636748314
49, 24, 242, 698, -0.016823727637529373
49, 25, 410, 1009, -0.23291292786598206
49, 26, 239, 991, -0.3754008412361145
49, 27, 403, 1280, 0.1699499487876892
49, 28, 235, 1268, -0.14557437598705292
49, 29, 404, 1321, 0.17451481521129608
49, 30, 225, 1315, -0.14738993346691132
49, 31, 376, 1367, -0.44471579790115356
49, 32, 270, 1345, -0.8231229782104492
