0, 0, 319, 122, -1.029293417930603
0, 1, 341, 93, -0.9805609583854675
0, 2, 354, 93, -0.9806367754936218
0, 3, 366, 94, -0.9811308979988098
0, 4, 297, 95, -0.9829700589179993
0, 5, 282, 97, -0.9823878407478333
0, 6, 270, 98, -0.9828073382377625
0, 7, 386, 111, -0.6013562679290771
0, 8, 261, 114, -0.5944950580596924
0, 9, 346, 155, -0.8814922571182251
0, 10, 293, 158, -0.8792272806167603
0, 11, 457, 269, -0.3434315621852875
0, 12, 185, 270, -0.3890703022480011
0, 13, 546, 454, -0.26404881477355957
0, 14, 76, 457, -0.30790865421295166
0, 15, 575, 609, -0.567788302898407
0, 16, 69, 622, -0.6617233753204346
0, 17, 617, 669, -0.6621428728103638
0, 18, 65, 674, -0.7545663714408875
0, 19, 588, 671, -0.7303544282913208
0, 20, 93, 670, -0.8459149599075317
0, 21, 573, 653, -0.6125220060348511
0, 22, 98, 652, -0.7118008136749268
0, 23, 409, 663, -0.05833851546049118
0, 24, 216, 665, 0.06342393159866333
0, 25, 409, 968, -0.011330712586641312
0, 26, 218, 973, 0.17634697258472443
0, 27, 404, 1243, 0.6790266633033752
0, 28, 220, 1244, 0.6719774007797241
0, 29, 409, 1290, 0.716546893119812
0, 30, 216, 1294, 0.7057842016220093
0, 31, 374, 1336, 0.14656969904899597
0, 32, 250, 1331, 0.07475870847702026
1, 0, 320, 122, -1.122314214706421
1, 1, 341, 93, -1.0682519674301147
1, 2, 354, 93, -1.0684535503387451
1, 3, 365, 94, -1.0688471794128418
1, 4, 298, 95, -1.0744085311889648
1, 5, 284, 97, -1.074051856994629
1, 6, 271, 98, -1.0745623111724854
1, 7, 385, 111, -0.6629971265792847
1, 8, 261, 114, -0.6736832857131958
1, 9, 346, 155, -0.9655126333236694
1, 10, 293, 158, -0.9682611227035522
1, 11, 457, 269, -0.3656318783760071
1, 12, 185, 270, -0.4794594645500183
1, 13, 545, 453, -0.3267669677734375
1, 14, 79, 457, -0.4489839971065521
1, 15, 587, 610, -0.7186741232872009
1, 16, 57, 631, -0.8515725135803223
1, 17, 618, 667, -0.8214610815048218
1, 18, 41, 684, -0.964097797870636
1, 19, 592, 670, -0.8975118398666382
1, 20, 71, 686, -1.0696743726730347
1, 21, 576, 652, -0.7699686288833618
1, 22, 81, 668, -0.9102475047111511
1, 23, 410, 664, -0.05610218644142151
1, 24, 218, 666, 0.06083231046795845
1, 25, 409, 973, 0.03289605304598808
1, 26, 220, 977, 0.15675947070121765
1, 27, 405, 1255, 0.7395957708358765
1, 28, 228, 1254, 0.6669839024543762
1, 29, 409, 1302, 0.7768921256065369
1, 30, 225, 1302, 0.701048731803894
1, 31, 377, 1345, 0.1892099827528
1, 32, 257, 1340, 0.05614713951945305
2, 0, 321, 122, -1.197242259979248
2, 1, 342, 93, -1.1414918899536133
2, 2, 354, 93, -1.1416842937469482
2, 3, 365, 94, -1.1421202421188354
2, 4, 299, 95, -1.1489722728729248
2, 5, 285, 97, -1.1486399173736572
2, 6, 272, 98, -1.149160385131836
2, 7, 384, 110, -0.7238645553588867
2, 8, 261, 114, -0.7419006824493408
2, 9, 346, 155, -1.0363185405731201
2, 10, 294, 158, -1.0407888889312744
2, 11, 457, 269, -0.41750994324684143
2, 12, 184, 272, -0.5295521020889282
2, 13, 545, 454, -0.36579522490501404
2, 14, 80, 457, -0.48503556847572327
2, 15, 587, 616, -0.7539535760879517
2, 16, 44, 637, -0.883342444896698
2, 17, 619, 672, -0.858476996421814
2, 18, 23, 689, -0.9925988912582397
2, 19, 594, 677, -0.9416664838790894
2, 20, 51, 693, -1.1073328256607056
2, 21, 577, 659, -0.8073340654373169
2, 22, 63, 674, -0.9455469846725464
2, 23, 410, 666, -0.05409111827611923
2, 24, 218, 668, 0.05862649157643318
2, 25, 407, 980, 0.03785845264792442
2, 26, 218, 983, 0.15005478262901306
2, 27, 403, 1266, 0.7511093020439148
2, 28, 226, 1262, 0.6670163869857788
2, 29, 407, 1314, 0.7884331941604614
2, 30, 224, 1309, 0.7010890245437622
2, 31, 377, 1355, 0.19324111938476562
2, 32, 255, 1348, 0.04820088669657707
3, 0, 321, 122, -1.377512812614441
3, 1, 342, 93, -1.3102160692214966
3, 2, 354, 93, -1.3105225563049316
3, 3, 365, 94, -1.3105647563934326
3, 4, 300, 95, -1.3150014877319336
3, 5, 286, 97, -1.3147001266479492
3, 6, 273, 98, -1.3152366876602173
3, 7, 383, 110, -0.8181301951408386
3, 8, 262, 114, -0.8298717737197876
3, 9, 346, 155, -1.189146637916565
3, 10, 295, 158, -1.193027377128601
3, 11, 457, 270, -0.4390135705471039
3, 12, 184, 273, -0.5117396116256714
3, 13, 546, 456, -0.4463973641395569
3, 14, 79, 462, -0.6983251571655273
3, 15, 572, 613, -1.0122863054275513
3, 16, 155, 528, -1.5248162746429443
3, 17, 578, 659, -1.1644575595855713
3, 18, 185, 550, -1.7084331512451172
3, 19, 555, 647, -1.2207735776901245
3, 20, 222, 505, -1.7306047677993774
3, 21, 543, 633, -1.0568459033966064
3, 22, 217, 491, -1.5533819198608398
3, 23, 410, 666, -0.05943524092435837
3, 24, 218, 668, 0.06397120654582977
3, 25, 404, 980, -0.04333198815584183
3, 26, 212, 983, 0.019637178629636765
3, 27, 400, 1264, 0.6794511675834656
3, 28, 223, 1261, 0.5526949167251587
3, 29, 404, 1311, 0.7071893215179443
3, 30, 222, 1307, 0.5868206024169922
3, 31, 374, 1354, 0.011753736063838005
3, 32, 250, 1347, -0.16510619223117828
4, 0, 321, 122, -1.3003239631652832
4, 1, 342, 93, -1.235097885131836
4, 2, 354, 93, -1.2354443073272705
4, 3, 364, 94, -1.2355539798736572
4, 4, 300, 95, -1.2387030124664307
4, 5, 286, 97, -1.2384068965911865
4, 6, 274, 98, -1.2389825582504272
4, 7, 382, 110, -0.7610248923301697
4, 8, 262, 114, -0.7674542665481567
4, 9, 346, 154, -1.1181467771530151
4, 10, 295, 158, -1.120476245880127
4, 11, 457, 269, -0.4341737627983093
4, 12, 185, 271, -0.45155420899391174
4, 13, 547, 457, -0.417371928691864
4, 14, 76, 461, -0.5817419290542603
4, 15, 549, 612, -0.9898462295532227
4, 16, 136, 515, -1.3776146173477173
4, 17, 545, 657, -1.1485079526901245
4, 18, 162, 540, -1.5578206777572632
4, 19, 518, 641, -1.1989244222640991
4, 20, 195, 477, -1.5986378192901611
4, 21, 510, 627, -1.0320208072662354
4, 22, 189, 469, -1.4142029285430908
4, 23, 410, 666, -0.06556208431720734
4, 24, 218, 667, 0.07012103497982025
4, 25, 398, 981, -0.09237249940633774
4, 26, 201, 980, -0.010707478038966656
4, 27, 390, 1264, 0.6063168048858643
4, 28, 210, 1258, 0.4956490993499756
4, 29, 392, 1310, 0.631195068359375
4, 30, 210, 1300, 0.5271085500717163
4, 31, 363, 1353, -0.06310196965932846
4, 32, 234, 1346, -0.22030684351921082
5, 0, 320, 122, -1.4213228225708008
5, 1, 341, 92, -1.3629133701324463
5, 2, 353, 93, -1.3631949424743652
5, 3, 363, 94, -1.3633264303207397
5, 4, 300, 95, -1.3667298555374146
5, 5, 286, 97, -1.3667078018188477
5, 6, 274, 98, -1.3673608303070068
5, 7, 381, 110, -0.8788549304008484
5, 8, 262, 114, -0.8925753831863403
5, 9, 346, 154, -1.2321668863296509
5, 10, 295, 158, -1.236631155014038
5, 11, 456, 268, -0.49050670862197876
5, 12, 187, 267, -0.49146145582199097
5, 13, 547, 457, -0.5664690136909485
5, 14, 76, 447, -0.5643559694290161
5, 15, 493, 579, -1.1960604190826416
5, 16, 123, 516, -1.3291245698928833
5, 17, 474, 614, -1.354744553565979
5, 18, 138, 550, -1.501405954360962
5, 19, 451, 587, -1.3865060806274414
5, 20, 167, 518, -1.5590811967849731
5, 21, 404, 522, -1.2265312671661377
5, 22, 165, 508, -1.3721864223480225
5, 23, 398, 662, -0.0653473287820816
5, 24, 209, 658, 0.06979598104953766
5, 25, 378, 980, -0.10449479520320892
5, 26, 185, 967, -0.09378613531589508
5, 27, 365, 1263, 0.5052880048751831
5, 28, 187, 1248, 0.3304929733276367
5, 29, 366, 1309, 0.5239003896713257
5, 30, 187, 1288, 0.3506171405315399
5, 31, 336, 1353, -0.1577380746603012
5, 32, 208, 1336, -0.3820623755455017
6, 0, 320, 123, -1.3189254999160767
6, 1, 340, 93, -1.2825438976287842
6, 2, 352, 93, -1.2824548482894897
6, 3, 361, 94, -1.2835317850112915
6, 4, 300, 96, -1.2869714498519897
6, 5, 286, 97, -1.2868634462356567
6, 6, 274, 99, -1.2875945568084717
6, 7, 380, 110, -0.7341504096984863
6, 8, 262, 115, -0.733761727809906
6, 9, 345, 155, -1.1736663579940796
6, 10, 295, 158, -1.1774277687072754
6, 11, 456, 268, -0.3434712290763855
6, 12, 189, 271, -0.46424609422683716
6, 13, 548, 457, -0.3452325463294983
6, 14, 81, 456, -0.9704790115356445
6, 15, 541, 587, -0.8999602198600769
6, 16, 175, 426, -2.0962777137756348
6, 17, 532, 616, -1.0210390090942383
6, 18, 213, 405, -2.3159372806549072
6, 19, 519, 600, -1.0732817649841309
6, 20, 233, 368, -2.2976009845733643
6, 21, 492, 560, -0.9363068342208862
6, 22, 231, 371, -2.1132569313049316
6, 23, 414, 659, -0.06517995148897171
6, 24, 218, 658, 0.06970719993114471
6, 25, 395, 973, 0.05549612641334534
6, 26, 203, 966, 0.13147403299808502
6, 27, 389, 1249, 0.8556555509567261
6, 28, 221, 1237, 0.7925789952278137
6, 29, 392, 1289, 0.8905887603759766
6, 30, 222, 1273, 0.8410425186157227
6, 31, 367, 1333, 0.20462915301322937
6, 32, 246, 1326, 0.09548532217741013
7, 0, 320, 123, -1.1447913646697998
7, 1, 340, 93, -1.0789928436279297
7, 2, 352, 93, -1.0793269872665405
7, 3, 361, 94, -1.0794565677642822
7, 4, 300, 96, -1.080199122428894
7, 5, 286, 97, -1.0800703763961792
7, 6, 274, 99, -1.080630898475647
7, 7, 379, 110, -0.5767480134963989
7, 8, 262, 115, -0.5746491551399231
7, 9, 345, 155, -0.9657751321792603
7, 10, 295, 158, -0.9663940668106079
7, 11, 453, 266, -0.2104058563709259
7, 12, 191, 270, -0.31617653369903564
7, 13, 548, 458, -0.33585023880004883
7, 14, 81, 464, -0.8318284749984741
7, 15, 529, 552, -0.9355853796005249
7, 16, 182, 392, -1.8716022968292236
7, 17, 522, 580, -1.064012885093689
7, 18, 226, 356, -2.072410821914673
7, 19, 504, 554, -1.0846936702728271
7, 20, 239, 324, -2.029167890548706
7, 21, 491, 543, -0.961085319519043
7, 22, 237, 333, -1.874254822731018
7, 23, 410, 649, -0.060814499855041504
7, 24, 217, 645, 0.06499049067497253
7, 25, 389, 962, -0.11536995321512222
7, 26, 200, 950, 0.0037538143806159496
7, 27, 384, 1240, 0.4128817915916443
7, 28, 213, 1226, 0.3322429060935974
7, 29, 387, 1280, 0.4256613850593567
7, 30, 212, 1263, 0.34385183453559875
7, 31, 360, 1322, -0.22206345200538635
7, 32, 239, 1314, -0.3421980142593384
8, 0, 320, 124, -1.2588725090026855
8, 1, 339, 94, -1.1869139671325684
8, 2, 351, 94, -1.1872224807739258
8, 3, 359, 95, -1.1872329711914062
8, 4, 300, 96, -1.1900713443756104
8, 5, 286, 97, -1.1901636123657227
8, 6, 274, 99, -1.190613031387329
8, 7, 376, 110, -0.6205090880393982
8, 8, 262, 114, -0.6392592191696167
8, 9, 344, 155, -1.0551643371582031
8, 10, 295, 157, -1.059653401374817
8, 11, 448, 263, -0.2692050337791443
8, 12, 192, 268, -0.35496437549591064
8, 13, 549, 454, -0.49150967597961426
8, 14, 81, 464, -0.9043722152709961
8, 15, 504, 523, -1.1856461763381958
8, 16, 192, 347, -1.9627554416656494
8, 17, 487, 551, -1.330788016319275
8, 18, 237, 312, -2.171624183654785
8, 19, 439, 502, -1.3278372287750244
8, 20, 248, 286, -2.117255926132202
8, 21, 437, 488, -1.2013236284255981
8, 22, 245, 293, -1.96076238155365
8, 23, 399, 644, -0.06136995553970337
8, 24, 212, 637, 0.06539656966924667
8, 25, 380, 960, -0.15932005643844604
8, 26, 195, 945, -0.04422673583030701
8, 27, 370, 1240, 0.38091328740119934
8, 28, 202, 1225, 0.2821245789527893
8, 29, 372, 1280, 0.393809050321579
8, 30, 200, 1262, 0.2928310036659241
8, 31, 347, 1321, -0.2819106876850128
8, 32, 224, 1312, -0.419257789850235
9, 0, 319, 123, -1.042280912399292
9, 1, 338, 93, -0.9675626754760742
9, 2, 349, 94, -0.9678078889846802
9, 3, 357, 95, -0.967796802520752
9, 4, 299, 96, -0.9734331965446472
9, 5, 286, 97, -0.9733802676200867
9, 6, 274, 98, -0.9738379716873169
9, 7, 373, 110, -0.4809928834438324
9, 8, 263, 112, -0.4984751343727112
9, 9, 342, 154, -0.8619744181632996
9, 10, 294, 156, -0.8687082529067993
9, 11, 447, 262, -0.17995761334896088
9, 12, 192, 266, -0.2677462697029114
9, 13, 550, 450, -0.5277183651924133
9, 14, 78, 454, -0.8188645243644714
9, 15, 485, 481, -1.3025176525115967
9, 16, 203, 304, -1.7246755361557007
9, 17, 473, 512, -1.4619454145431519
9, 18, 246, 257, -1.9167182445526123
9, 19, 426, 476, -1.4410334825515747
9, 20, 256, 245, -1.8485437631607056
9, 21, 426, 465, -1.3154675960540771
9, 22, 252, 258, -1.7154748439788818
9, 23, 392, 633, -0.04649936407804489
9, 24, 207, 628, 0.050610315054655075
9, 25, 381, 942, -0.21184782683849335
9, 26, 191, 934, -0.10638632625341415
9, 27, 371, 1228, 0.23129510879516602
9, 28, 197, 1217, 0.08317156136035919
9, 29, 373, 1267, 0.24003520607948303
9, 30, 195, 1255, 0.07934842258691788
9, 31, 346, 1308, -0.38238513469696045
9, 32, 219, 1304, -0.5818220376968384
10, 0, 316, 123, -0.6730461120605469
10, 1, 335, 93, -0.5930035710334778
10, 2, 346, 93, -0.593211829662323
10, 3, 354, 94, -0.5929260849952698
10, 4, 298, 95, -0.5977991819381714
10, 5, 286, 97, -0.5975286364555359
10, 6, 274, 98, -0.5980978012084961
10, 7, 369, 109, -0.1563602089881897
10, 8, 262, 112, -0.1628185659646988
10, 9, 340, 153, -0.5176661014556885
10, 10, 294, 156, -0.5220274925231934
10, 11, 447, 261, 0.04296403005719185
10, 12, 194, 267, -0.030820975080132484
10, 13, 550, 449, -0.4057937562465668
10, 14, 71, 452, -0.63215172290802
10, 15, 473, 446, -1.1183737516403198
10, 16, 203, 285, -1.4630348682403564
10, 17, 439, 462, -1.2617757320404053
10, 18, 246, 242, -1.6391674280166626
10, 19, 414, 431, -1.3050315380096436
10, 20, 259, 232, -1.5158895254135132
10, 21, 415, 425, -1.1409262418746948
10, 22, 254, 247, -1.429329514503479
10, 23, 398, 622, -0.03411203250288963
10, 24, 207, 619, 0.0385083332657814
10, 25, 393, 928, -0.1907309591770172
10, 26, 201, 920, -0.10694344341754913
10, 27, 396, 1208, 0.18883976340293884
10, 28, 214, 1198, 0.03712663799524307
10, 29, 400, 1247, 0.19042721390724182
10, 30, 212, 1235, 0.031831491738557816
10, 31, 373, 1289, -0.41507211327552795
10, 32, 242, 1287, -0.6021236777305603
11, 0, 315, 123, -0.7100511789321899
11, 1, 333, 93, -0.6280925869941711
11, 2, 344, 93, -0.6283596158027649
11, 3, 352, 93, -0.6278520822525024
11, 4, 298, 95, -0.6347224712371826
11, 5, 285, 96, -0.6344165802001953
11, 6, 274, 98, -0.6350662112236023
11, 7, 367, 108, -0.16730955243110657
11, 8, 262, 112, -0.18562468886375427
11, 9, 339, 153, -0.5466933846473694
11, 10, 293, 156, -0.5543839931488037
11, 11, 447, 260, 0.04221124202013016
11, 12, 194, 268, -0.020639510825276375
11, 13, 552, 449, -0.4435656666755676
11, 14, 68, 452, -0.6314933896064758
11, 15, 465, 413, -1.2639186382293701
11, 16, 202, 284, -1.4858486652374268
11, 17, 426, 419, -1.4310061931610107
11, 18, 241, 237, -1.663170576095581
11, 19, 400, 382, -1.3657844066619873
11, 20, 255, 227, -1.5635671615600586
11, 21, 403, 380, -1.2562230825424194
11, 22, 251, 244, -1.4326872825622559
11, 23, 403, 609, -0.023874979466199875
11, 24, 207, 608, 0.028298955410718918
11, 25, 402, 908, -0.1866874098777771
11, 26, 205, 899, -0.07468768209218979
11, 27, 407, 1175, 0.29354438185691833
11, 28, 221, 1166, 0.15477117896080017
11, 29, 412, 1212, 0.299353688955307
11, 30, 218, 1202, 0.15948332846164703
11, 31, 388, 1258, -0.3026218116283417
11, 32, 252, 1251, -0.4705321192741394
12, 0, 314, 123, -0.7019931077957153
12, 1, 332, 93, -0.6233936548233032
12, 2, 343, 93, -0.6235687136650085
12, 3, 351, 94, -0.6230388879776001
12, 4, 297, 95, -0.6249584555625916
12, 5, 285, 96, -0.6245872974395752
12, 6, 274, 98, -0.6252360343933105
12, 7, 367, 109, -0.18205347657203674
12, 8, 263, 112, -0.17733623087406158
12, 9, 338, 153, -0.546512246131897
12, 10, 293, 156, -0.5479835271835327
12, 11, 447, 261, 0.013435425236821175
12, 12, 195, 268, -0.019772518426179886
12, 13, 559, 451, -0.48702988028526306
12, 14, 68, 449, -0.6369898915290833
12, 15, 471, 400, -1.2466232776641846
12, 16, 207, 280, -1.4909483194351196
12, 17, 432, 395, -1.4020777940750122
12, 18, 243, 233, -1.6656179428100586
12, 19, 405, 359, -1.3170711994171143
12, 20, 256, 223, -1.565402865409851
12, 21, 408, 359, -1.2296957969665527
12, 22, 253, 241, -1.4477875232696533
12, 23, 409, 603, -0.025703832507133484
12, 24, 209, 602, 0.030184518545866013
12, 25, 408, 897, -0.1301814317703247
12, 26, 209, 888, -0.05207407474517822
12, 27, 413, 1160, 0.3464207351207733
12, 28, 225, 1152, 0.2339855432510376
12, 29, 419, 1195, 0.3564452826976776
12, 30, 222, 1188, 0.24462154507637024
12, 31, 393, 1245, -0.2488379180431366
12, 32, 256, 1236, -0.4619588851928711
13, 0, 311, 124, -0.7480305433273315
13, 1, 330, 94, -0.6745823621749878
13, 2, 341, 93, -0.6746833324432373
13, 3, 349, 94, -0.6742041707038879
13, 4, 296, 96, -0.6729182600975037
13, 5, 284, 97, -0.6724874377250671
13, 6, 273, 99, -0.6730690598487854
13, 7, 366, 109, -0.24648205935955048
13, 8, 263, 113, -0.22984579205513
13, 9, 335, 153, -0.5973261594772339
13, 10, 292, 157, -0.5948933959007263
13, 11, 447, 261, -0.034195996820926666
13, 12, 197, 268, -0.060719769448041916
13, 13, 560, 452, -0.5094274282455444
13, 14, 67, 448, -0.640539824962616
13, 15, 471, 369, -1.225242018699646
13, 16, 206, 288, -1.488123893737793
13, 17, 435, 357, -1.3755229711532593
13, 18, 239, 243, -1.660231351852417
13, 19, 408, 331, -1.2892075777053833
13, 20, 253, 231, -1.553558588027954
13, 21, 410, 336, -1.2071106433868408
13, 22, 250, 247, -1.454237461090088
13, 23, 408, 594, -0.02449752949178219
13, 24, 209, 593, 0.029017245396971703
13, 25, 408, 884, -0.09995828568935394
13, 26, 209, 873, -0.042718105018138885
13, 27, 411, 1144, 0.34485191106796265
13, 28, 224, 1135, 0.2165747433900833
13, 29, 416, 1178, 0.353552907705307
13, 30, 222, 1172, 0.22372010350227356
13, 31, 391, 1228, -0.23221707344055176
13, 32, 255, 1218, -0.40794306993484497
14, 0, 309, 124, -0.8028883934020996
14, 1, 328, 94, -0.7308282256126404
14, 2, 340, 93, -0.730986475944519
14, 3, 348, 94, -0.7305423021316528
14, 4, 295, 96, -0.7290102243423462
14, 5, 283, 97, -0.7285722494125366
14, 6, 273, 99, -0.7291304469108582
14, 7, 366, 109, -0.28817421197891235
14, 8, 262, 113, -0.269063800573349
14, 9, 333, 153, -0.6449021100997925
14, 10, 290, 157, -0.6419827938079834
14, 11, 445, 261, -0.049867454916238785
14, 12, 198, 265, -0.0652833804488182
14, 13, 559, 450, -0.5507744550704956
14, 14, 67, 447, -0.6246612071990967
14, 15, 467, 337, -1.3298002481460571
14, 16, 206, 298, -1.4909427165985107
14, 17, 436, 318, -1.4940072298049927
14, 18, 236, 254, -1.6656087636947632
14, 19, 410, 296, -1.4023067951202393
14, 20, 250, 241, -1.566056489944458
14, 21, 411, 302, -1.3131928443908691
14, 22, 250, 255, -1.4575687646865845
14, 23, 408, 592, -0.02563631534576416
14, 24, 212, 590, 0.03010767139494419
14, 25, 407, 879, -0.08492844551801682
14, 26, 210, 868, -0.012421692721545696
14, 27, 409, 1133, 0.3636951744556427
14, 28, 224, 1126, 0.256490558385849
14, 29, 414, 1166, 0.3753303289413452
14, 30, 221, 1161, 0.2674821615219116
14, 31, 388, 1217, -0.22937436401844025
14, 32, 253, 1207, -0.32975834608078003
15, 0, 307, 123, -0.7875601053237915
15, 1, 327, 93, -0.7113925218582153
15, 2, 338, 93, -0.7115501761436462
15, 3, 347, 94, -0.7110880613327026
15, 4, 293, 96, -0.7118270397186279
15, 5, 281, 97, -0.7114582657814026
15, 6, 272, 98, -0.7119746208190918
15, 7, 364, 109, -0.26241961121559143
15, 8, 261, 113, -0.2549794912338257
15, 9, 331, 151, -0.628924548625946
15, 10, 287, 153, -0.6293466687202454
15, 11, 442, 259, -0.039055075496435165
15, 12, 198, 262, -0.05629660561680794
15, 13, 560, 447, -0.58266681432724
15, 14, 68, 448, -0.6224488019943237
15, 15, 467, 319, -1.4037764072418213
15, 16, 203, 305, -1.4992443323135376
15, 17, 440, 299, -1.5744802951812744
15, 18, 234, 264, -1.6782668828964233
15, 19, 413, 281, -1.4839160442352295
15, 20, 249, 249, -1.5748622417449951
15, 21, 412, 287, -1.3893884420394897
15, 22, 250, 261, -1.4731817245483398
15, 23, 408, 588, -0.026559552177786827
15, 24, 217, 589, 0.03105837106704712
15, 25, 408, 871, -0.06456367671489716
15, 26, 216, 862, 0.0041878847405314445
15, 27, 410, 1123, 0.37098485231399536
15, 28, 226, 1116, 0.2735339403152466
15, 29, 416, 1156, 0.3848959505558014
15, 30, 223, 1150, 0.28615087270736694
15, 31, 388, 1207, -0.2047189474105835
15, 32, 256, 1198, -0.30053824186325073
16, 0, 306, 121, -0.775696873664856
16, 1, 325, 93, -0.6959313154220581
16, 2, 337, 93, -0.696155846118927
16, 3, 346, 93, -0.6957491636276245
16, 4, 291, 95, -0.7003823518753052
16, 5, 279, 96, -0.7000511288642883
16, 6, 271, 98, -0.7005952596664429
16, 7, 363, 109, -0.2353593111038208
16, 8, 259, 112, -0.247641921043396
16, 9, 330, 149, -0.6111077070236206
16, 10, 285, 151, -0.617336630821228
16, 11, 439, 256, 0.01094549335539341
16, 12, 199, 260, -0.04833459481596947
16, 13, 563, 448, -0.5451058745384216
16, 14, 72, 449, -0.5954628586769104
16, 15, 462, 304, -1.3530791997909546
16, 16, 201, 316, -1.4929200410842896
16, 17, 434, 277, -1.5185463428497314
16, 18, 234, 279, -1.6711177825927734
16, 19, 410, 261, -1.4266154766082764
16, 20, 249, 265, -1.5797348022460938
16, 21, 409, 269, -1.3369561433792114
16, 22, 250, 275, -1.472887635231018
16, 23, 409, 587, -0.026170317083597183
16, 24, 221, 589, 0.03058611787855625
16, 25, 408, 871, -0.05490436404943466
16, 26, 218, 861, -0.004601058084517717
16, 27, 410, 1121, 0.39718347787857056
16, 28, 227, 1113, 0.270252525806427
16, 29, 415, 1153, 0.4090508818626404
16, 30, 223, 1147, 0.28235095739364624
16, 31, 388, 1203, -0.16875778138637543
16, 32, 257, 1194, -0.3134212791919708
17, 0, 304, 121, -0.7313464879989624
17, 1, 323, 93, -0.6578658819198608
17, 2, 335, 93, -0.6578624248504639
17, 3, 344, 93, -0.6571840643882751
17, 4, 289, 95, -0.658091127872467
17, 5, 277, 96, -0.657599925994873
17, 6, 269, 98, -0.6580705642700195
17, 7, 362, 109, -0.24953261017799377
17, 8, 258, 113, -0.24592265486717224
17, 9, 329, 149, -0.58842933177948
17, 10, 283, 151, -0.5891135931015015
17, 11, 437, 256, -0.020183265209197998
17, 12, 196, 262, -0.0781078040599823
17, 13, 565, 448, -0.6130937337875366
17, 14, 72, 450, -0.597715437412262
17, 15, 454, 296, -1.323180079460144
17, 16, 206, 349, -1.4551328420639038
17, 17, 428, 257, -1.4718230962753296
17, 18, 232, 332, -1.6096112728118896
17, 19, 407, 242, -1.386484146118164
17, 20, 247, 307, -1.5278966426849365
17, 21, 403, 255, -1.2975493669509888
17, 22, 250, 311, -1.4411860704421997
17, 23, 410, 589, -0.026853244751691818
17, 24, 221, 591, 0.03127065673470497
17, 25, 410, 880, -0.004816533997654915
17, 26, 220, 868, 0.08540261536836624
17, 27, 411, 1131, 0.512955904006958
17, 28, 227, 1126, 0.4595961570739746
17, 29, 416, 1164, 0.531067967414856
17, 30, 222, 1161, 0.4835331439971924
17, 31, 389, 1216, -0.025137251242995262
17, 32, 257, 1208, -0.10305292904376984
18, 0, 303, 121, -0.6558719873428345
18, 1, 322, 92, -0.5786247253417969
18, 2, 333, 92, -0.5785077810287476
18, 3, 343, 93, -0.5778028964996338
18, 4, 288, 95, -0.5838440656661987
18, 5, 276, 96, -0.5834650993347168
18, 6, 268, 98, -0.583962619304657
18, 7, 360, 109, -0.16985060274600983
18, 8, 257, 113, -0.19061064720153809
18, 9, 329, 148, -0.512432336807251
18, 10, 283, 151, -0.5205630660057068
18, 11, 433, 254, 0.019121846184134483
18, 12, 196, 252, -0.07792553305625916
18, 13, 566, 447, -0.5769487619400024
18, 14, 78, 442, -0.6035667061805725
18, 15, 454, 287, -1.3033192157745361
18, 16, 205, 338, -1.447047472000122
18, 17, 433, 244, -1.453535795211792
18, 18, 212, 345, -1.6016194820404053
18, 19, 409, 231, -1.3653405904769897
18, 20, 247, 332, -1.5392706394195557
18, 21, 403, 246, -1.280950665473938
18, 22, 249, 329, -1.4412076473236084
18, 23, 410, 583, -0.01313704252243042
18, 24, 222, 586, 0.017832664772868156
18, 25, 410, 868, -0.001388826873153448
18, 26, 222, 861, 0.004326773341745138
18, 27, 410, 1118, 0.4928065240383148
18, 28, 227, 1114, 0.2522273659706116
18, 29, 415, 1151, 0.5168203115463257
18, 30, 222, 1149, 0.26046788692474365
18, 31, 388, 1203, -0.07490740716457367
18, 32, 257, 1196, -0.32634082436561584
19, 0, 302, 120, -0.6045459508895874
19, 1, 321, 92, -0.5275715589523315
19, 2, 332, 92, -0.5273709297180176
19, 3, 341, 93, -0.5266410708427429
19, 4, 287, 94, -0.5356951355934143
19, 5, 275, 96, -0.535195529460907
19, 6, 268, 98, -0.5356756448745728
19, 7, 358, 109, -0.13295985758304596
19, 8, 257, 113, -0.16667021811008453
19, 9, 328, 148, -0.46704453229904175
19, 10, 282, 151, -0.4788134694099426
19, 11, 429, 254, 0.03696160763502121
19, 12, 195, 248, -0.0793597549200058
19, 13, 567, 447, -0.5361648201942444
19, 14, 79, 442, -0.6099494099617004
19, 15, 454, 281, -1.1826869249343872
19, 16, 202, 338, -1.3900964260101318
19, 17, 434, 237, -1.3200525045394897
19, 18, 210, 354, -1.5347473621368408
19, 19, 410, 226, -1.196688175201416
19, 20, 246, 341, -1.4768197536468506
19, 21, 403, 241, -1.1503925323486328
19, 22, 249, 335, -1.384548544883728
19, 23, 410, 581, -0.0035719468723982573
19, 24, 220, 583, 0.008500693365931511
19, 25, 408, 865, 0.009871263056993484
19, 26, 221, 857, -0.003790101734921336
19, 27, 406, 1112, 0.47444501519203186
19, 28, 223, 1107, 0.24316973984241486
19, 29, 411, 1144, 0.493832528591156
19, 30, 217, 1142, 0.2526402473449707
19, 31, 384, 1196, -0.06632204353809357
19, 32, 254, 1188, -0.32672950625419617
20, 0, 302, 120, -0.5935381054878235
20, 1, 320, 92, -0.5165460109710693
20, 2, 331, 92, -0.5164816379547119
20, 3, 340, 93, -0.5158759355545044
20, 4, 286, 94, -0.5245205163955688
20, 5, 275, 96, -0.5240257382392883
20, 6, 267, 98, -0.5246116518974304
20, 7, 357, 109, -0.12694481015205383
20, 8, 257, 113, -0.15816479921340942
20, 9, 328, 147, -0.4579837918281555
20, 10, 282, 150, -0.4689003825187683
20, 11, 429, 254, 0.03991325944662094
20, 12, 194, 249, -0.06569293141365051
20, 13, 568, 446, -0.5353809595108032
20, 14, 79, 443, -0.6056733131408691
20, 15, 453, 281, -1.184046983718872
20, 16, 193, 338, -1.377012848854065
20, 17, 434, 238, -1.3192188739776611
20, 18, 207, 349, -1.5195088386535645
20, 19, 409, 226, -1.1942558288574219
20, 20, 242, 334, -1.4598876237869263
20, 21, 402, 241, -1.1512823104858398
20, 22, 247, 332, -1.369827151298523
20, 23, 409, 580, -0.004677990451455116
20, 24, 220, 582, 0.009580842219293118
20, 25, 406, 865, -0.0010400459868833423
20, 26, 221, 856, -0.034882936626672745
20, 27, 403, 1112, 0.4044698178768158
20, 28, 220, 1107, 0.17622607946395874
20, 29, 408, 1144, 0.4138507843017578
20, 30, 213, 1142, 0.18007037043571472
20, 31, 380, 1197, -0.10649845749139786
20, 32, 250, 1189, -0.38727983832359314
21, 0, 300, 120, -0.5664681196212769
21, 1, 318, 92, -0.48881810903549194
21, 2, 330, 92, -0.4887976050376892
21, 3, 339, 93, -0.48819923400878906
21, 4, 285, 94, -0.4940167963504791
21, 5, 274, 95, -0.4935207962989807
21, 6, 266, 97, -0.49412083625793457
21, 7, 356, 110, -0.10791511833667755
21, 8, 256, 113, -0.12564890086650848
21, 9, 326, 147, -0.435159295797348
21, 10, 280, 150, -0.44225025177001953
21, 11, 428, 255, 0.04836762696504593
21, 12, 193, 251, -0.03135187178850174
21, 13, 568, 446, -0.5226279497146606
21, 14, 79, 445, -0.5709115266799927
21, 15, 452, 280, -1.1433244943618774
21, 16, 189, 334, -1.3349883556365967
21, 17, 434, 238, -1.2710280418395996
21, 18, 206, 349, -1.4765422344207764
21, 19, 409, 228, -1.1415956020355225
21, 20, 241, 332, -1.4123848676681519
21, 21, 401, 242, -1.1074551343917847
21, 22, 246, 330, -1.3268738985061646
21, 23, 409, 582, -0.006648491136729717
21, 24, 220, 584, 0.011519582942128181
21, 25, 405, 868, -0.005275263916701078
21, 26, 220, 860, -0.039480190724134445
21, 27, 403, 1116, 0.38847169280052185
21, 28, 220, 1112, 0.1747703105211258
21, 29, 408, 1148, 0.3970513641834259
21, 30, 213, 1147, 0.179241344332695
21, 31, 380, 1201, -0.11604119837284088
21, 32, 250, 1194, -0.3861459493637085
22, 0, 298, 119, -0.5578213930130005
22, 1, 317, 91, -0.48114362359046936
22, 2, 329, 92, -0.4811726212501526
22, 3, 338, 92, -0.4805842339992523
22, 4, 283, 93, -0.484459787607193
22, 5, 272, 95, -0.4839917719364166
22, 6, 264, 97, -0.48462170362472534
22, 7, 356, 110, -0.10639341175556183
22, 8, 254, 113, -0.11462558805942535
22, 9, 324, 147, -0.4284352660179138
22, 10, 278, 150, -0.43311434984207153
22, 11, 427, 255, 0.044460173696279526
22, 12, 191, 252, -0.01176433451473713
22, 13, 568, 446, -0.5223033428192139
22, 14, 78, 446, -0.5602730512619019
22, 15, 451, 278, -1.1282002925872803
22, 16, 185, 332, -1.3413803577423096
22, 17, 431, 239, -1.2505552768707275
22, 18, 205, 340, -1.484649419784546
22, 19, 406, 229, -1.115985631942749
22, 20, 238, 324, -1.4172126054763794
22, 21, 399, 242, -1.0896542072296143
22, 22, 243, 321, -1.333380937576294
22, 23, 409, 583, -0.007892772555351257
22, 24, 220, 585, 0.012989012524485588
22, 25, 405, 870, -0.00971384160220623
22, 26, 220, 861, -0.034180898219347
22, 27, 404, 1117, 0.3913190960884094
22, 28, 220, 1112, 0.1975947916507721
22, 29, 409, 1149, 0.400844007730484
22, 30, 213, 1147, 0.20392730832099915
22, 31, 380, 1202, -0.11752567440271378
22, 32, 250, 1195, -0.3698626458644867
23, 0, 297, 119, -0.610498309135437
23, 1, 316, 91, -0.5345593690872192
23, 2, 328, 92, -0.5345817804336548
23, 3, 337, 92, -0.5340138673782349
23, 4, 282, 93, -0.5377383232116699
23, 5, 271, 95, -0.5372877717018127
23, 6, 263, 97, -0.5378627777099609
23, 7, 355, 110, -0.1343400478363037
23, 8, 254, 113, -0.15097486972808838
23, 9, 324, 147, -0.4725950360298157
23, 10, 277, 150, -0.47813981771469116
23, 11, 427, 256, 0.0218773502856493
23, 12, 191, 253, -0.030281666666269302
23, 13, 568, 446, -0.5611163377761841
23, 14, 78, 446, -0.5614919066429138
23, 15, 452, 284, -1.185230016708374
23, 16, 184, 331, -1.3474314212799072
23, 17, 432, 243, -1.307948350906372
23, 18, 205, 336, -1.491882085800171
23, 19, 407, 232, -1.1195846796035767
23, 20, 238, 323, -1.4403735399246216
23, 21, 400, 245, -1.1383402347564697
23, 22, 243, 320, -1.334228515625
23, 23, 410, 584, -0.010714186355471611
23, 24, 220, 586, 0.015826892107725143
23, 25, 406, 871, 0.002648004097864032
23, 26, 220, 863, -0.002555088372901082
23, 27, 405, 1118, 0.4595457911491394
23, 28, 221, 1113, 0.2665100693702698
23, 29, 411, 1150, 0.47334879636764526
23, 30, 215, 1147, 0.278775155544281
23, 31, 383, 1202, -0.04947572574019432
23, 32, 253, 1196, -0.28884357213974
24, 0, 296, 120, -0.6294484734535217
24, 1, 315, 91, -0.5549749135971069
24, 2, 327, 92, -0.5549870729446411
24, 3, 337, 93, -0.5544165372848511
24, 4, 281, 94, -0.5571056008338928
24, 5, 270, 95, -0.5566437244415283
24, 6, 262, 97, -0.5571954846382141
24, 7, 355, 110, -0.15201660990715027
24, 8, 253, 114, -0.16642001271247864
24, 9, 323, 148, -0.4909835457801819
24, 10, 277, 151, -0.49603110551834106
24, 11, 428, 258, 0.0019082855433225632
24, 12, 191, 254, -0.040630191564559937
24, 13, 568, 447, -0.560592532157898
24, 14, 79, 446, -0.5727318525314331
24, 15, 453, 287, -1.1822941303253174
24, 16, 184, 330, -1.3659545183181763
24, 17, 433, 246, -1.3057681322097778
24, 18, 205, 336, -1.51370370388031
24, 19, 408, 234, -1.1576857566833496
24, 20, 238, 322, -1.4499881267547607
24, 21, 402, 247, -1.1407819986343384
24, 22, 243, 319, -1.355737566947937
24, 23, 411, 584, -0.014027228578925133
24, 24, 221, 587, 0.019205128774046898
24, 25, 406, 872, -0.0012470942456275225
24, 26, 220, 864, 0.007676610257476568
24, 27, 405, 1119, 0.4644988179206848
24, 28, 222, 1114, 0.2877700924873352
24, 29, 411, 1151, 0.4787856936454773
24, 30, 216, 1148, 0.301028311252594
24, 31, 383, 1202, -0.046661265194416046
24, 32, 254, 1197, -0.2680521011352539
25, 0, 295, 121, -0.6389941573143005
25, 1, 315, 92, -0.5628594756126404
25, 2, 327, 93, -0.5629130005836487
25, 3, 336, 94, -0.562380850315094
25, 4, 281, 94, -0.5665394067764282
25, 5, 270, 96, -0.5661041140556335
25, 6, 262, 98, -0.5666683912277222
25, 7, 355, 111, -0.17568133771419525
25, 8, 253, 114, -0.1674020141363144
25, 9, 322, 149, -0.495919793844223
25, 10, 276, 152, -0.5036044120788574
25, 11, 428, 259, -0.010583518072962761
25, 12, 191, 255, -0.04392562434077263
25, 13, 568, 447, -0.5551955103874207
25, 14, 79, 446, -0.5783430337905884
25, 15, 455, 291, -1.1632776260375977
25, 16, 184, 330, -1.374341368675232
25, 17, 435, 248, -1.287101149559021
25, 18, 206, 335, -1.5244003534317017
25, 19, 412, 236, -1.1540476083755493
25, 20, 238, 322, -1.4593467712402344
25, 21, 406, 249, -1.1256264448165894
25, 22, 243, 319, -1.3654488325119019
25, 23, 411, 585, -0.016209261491894722
25, 24, 221, 587, 0.021475501358509064
25, 25, 406, 872, 0.0024671086575835943
25, 26, 220, 865, 0.015889177098870277
25, 27, 405, 1119, 0.474500834941864
25, 28, 222, 1114, 0.300435870885849
25, 29, 411, 1151, 0.4890868663787842
25, 30, 216, 1148, 0.31401437520980835
25, 31, 383, 1203, -0.03759351745247841
25, 32, 254, 1197, -0.25544750690460205
26, 0, 295, 122, -0.6317449808120728
26, 1, 315, 93, -0.5608230829238892
26, 2, 327, 93, -0.5607930421829224
26, 3, 336, 95, -0.5602124929428101
26, 4, 281, 96, -0.5616204142570496
26, 5, 270, 97, -0.5610857605934143
26, 6, 262, 99, -0.5616261959075928
26, 7, 355, 112, -0.17992636561393738
26, 8, 253, 114, -0.17368771135807037
26, 9, 322, 150, -0.4973188042640686
26, 10, 276, 153, -0.5004318356513977
26, 11, 428, 259, -0.007567243184894323
26, 12, 191, 256, -0.04357130080461502
26, 13, 568, 448, -0.5267725586891174
26, 14, 78, 446, -0.5647610425949097
26, 15, 460, 293, -1.1350910663604736
26, 16, 184, 332, -1.363157868385315
26, 17, 438, 251, -1.2577245235443115
26, 18, 205, 335, -1.5096791982650757
26, 19, 418, 239, -1.1291179656982422
26, 20, 238, 321, -1.4380398988723755
26, 21, 412, 251, -1.099231481552124
26, 22, 243, 319, -1.3536204099655151
26, 23, 411, 585, -0.017616063356399536
26, 24, 221, 588, 0.023024773225188255
26, 25, 406, 873, -0.014536172151565552
26, 26, 220, 865, 0.0153553057461977
26, 27, 406, 1120, 0.4376046061515808
26, 28, 222, 1115, 0.2853701412677765
26, 29, 412, 1152, 0.45068255066871643
26, 30, 216, 1149, 0.29682737588882446
26, 31, 384, 1203, -0.06740664690732956
26, 32, 254, 1198, -0.2599659562110901
27, 0, 295, 123, -0.6370879411697388
27, 1, 315, 94, -0.5656357407569885
27, 2, 327, 94, -0.5656248331069946
27, 3, 336, 95, -0.5650559663772583
27, 4, 281, 97, -0.5668584108352661
27, 5, 269, 98, -0.5663422346115112
27, 6, 262, 100, -0.5668801069259644
27, 7, 355, 112, -0.19335682690143585
27, 8, 253, 114, -0.1798902004957199
27, 9, 322, 151, -0.5019412040710449
27, 10, 276, 154, -0.5052010416984558
27, 11, 428, 260, -0.012403775006532669
27, 12, 191, 256, -0.047692131251096725
27, 13, 567, 450, -0.5268034934997559
27, 14, 79, 446, -0.5690435767173767
27, 15, 462, 295, -1.1445748805999756
27, 16, 183, 336, -1.36627995967865
27, 17, 441, 254, -1.272466778755188
27, 18, 206, 338, -1.5170466899871826
27, 19, 422, 241, -1.1494735479354858
27, 20, 238, 322, -1.4473309516906738
27, 21, 417, 253, -1.1116435527801514
27, 22, 243, 321, -1.3583048582077026
27, 23, 411, 585, -0.019006725400686264
27, 24, 221, 588, 0.02456938661634922
27, 25, 407, 873, -0.015140505507588387
27, 26, 220, 865, 0.02214936539530754
27, 27, 406, 1120, 0.4383707046508789
27, 28, 223, 1115, 0.30561599135398865
27, 29, 413, 1152, 0.45166701078414917
27, 30, 216, 1149, 0.31884077191352844
27, 31, 384, 1204, -0.06786643713712692
27, 32, 255, 1198, -0.24264785647392273
28, 0, 295, 124, -0.6301933526992798
28, 1, 315, 94, -0.5598281025886536
28, 2, 327, 94, -0.5597548484802246
28, 3, 336, 95, -0.5591403245925903
28, 4, 281, 97, -0.563286542892456
28, 5, 270, 98, -0.562708854675293
28, 6, 262, 100, -0.5632402300834656
28, 7, 355, 112, -0.1830126792192459
28, 8, 254, 115, -0.18269124627113342
28, 9, 322, 152, -0.4952937662601471
28, 10, 276, 155, -0.5009648203849792
28, 11, 430, 260, 0.005387105979025364
28, 12, 191, 258, -0.05045722797513008
28, 13, 567, 450, -0.5212960839271545
28, 14, 78, 446, -0.5731394290924072
28, 15, 463, 296, -1.1478017568588257
28, 16, 183, 339, -1.3561159372329712
28, 17, 441, 256, -1.277850866317749
28, 18, 206, 345, -1.4991339445114136
28, 19, 422, 243, -1.1589003801345825
28, 20, 238, 330, -1.4274845123291016
28, 21, 417, 255, -1.118072748184204
28, 22, 243, 327, -1.3460195064544678
28, 23, 412, 586, -0.018939312547445297
28, 24, 221, 589, 0.024507319554686546
28, 25, 409, 874, -0.011033745482563972
28, 26, 221, 868, 0.02153255045413971
28, 27, 411, 1120, 0.4546354413032532
28, 28, 226, 1116, 0.30279800295829773
28, 29, 418, 1152, 0.468984991312027
28, 30, 219, 1150, 0.31536027789115906
28, 31, 388, 1204, -0.054788243025541306
28, 32, 258, 1200, -0.25272196531295776
29, 0, 295, 123, -0.5935840606689453
29, 1, 316, 93, -0.5255945324897766
29, 2, 328, 94, -0.5253967046737671
29, 3, 336, 95, -0.5246647596359253
29, 4, 281, 96, -0.5278037190437317
29, 5, 270, 97, -0.5271337628364563
29, 6, 262, 99, -0.5276437401771545
29, 7, 356, 112, -0.16131964325904846
29, 8, 254, 114, -0.16268697381019592
29, 9, 322, 151, -0.46469932794570923
29, 10, 276, 154, -0.4685898423194885
29, 11, 430, 259, 0.015877585858106613
29, 12, 192, 253, -0.04797951504588127
29, 13, 565, 448, -0.4965985417366028
29, 14, 80, 441, -0.5509178638458252
29, 15, 464, 300, -1.1230378150939941
29, 16, 183, 340, -1.299283504486084
29, 17, 441, 269, -1.2475191354751587
29, 18, 205, 359, -1.4359180927276611
29, 19, 421, 254, -1.1274617910385132
29, 20, 239, 345, -1.3679546117782593
29, 21, 417, 263, -1.0929958820343018
29, 22, 243, 339, -1.2908333539962769
29, 23, 412, 586, -0.0210951566696167
29, 24, 219, 588, 0.027090659365057945
29, 25, 409, 873, -0.035447802394628525
29, 26, 220, 867, 0.011329914443194866
29, 27, 409, 1120, 0.41981858015060425
29, 28, 223, 1115, 0.26467782258987427
29, 29, 416, 1153, 0.4327138066291809
29, 30, 216, 1150, 0.273784339427948
29, 31, 384, 1204, -0.0957108661532402
29, 32, 255, 1199, -0.29933348298072815
30, 0, 296, 122, -0.6890996694564819
30, 1, 316, 93, -0.6186196208000183
30, 2, 328, 93, -0.6186419129371643
30, 3, 336, 94, -0.6179762482643127
30, 4, 281, 95, -0.6267126202583313
30, 5, 270, 96, -0.6263887286186218
30, 6, 262, 98, -0.627100944519043
30, 7, 356, 111, -0.20568275451660156
30, 8, 255, 114, -0.23813185095787048
30, 9, 323, 150, -0.5373322367668152
30, 10, 277, 154, -0.550336480140686
30, 11, 432, 258, 0.016671916469931602
30, 12, 198, 249, -0.08909650892019272
30, 13, 565, 447, -0.5102195143699646
30, 14, 82, 431, -0.5797184705734253
30, 15, 466, 309, -1.3223013877868652
30, 16, 184, 350, -1.3710514307022095
30, 17, 440, 290, -1.468902826309204
30, 18, 205, 381, -1.5091866254806519
30, 19, 419, 273, -1.3599475622177124
30, 20, 242, 370, -1.4566664695739746
30, 21, 417, 277, -1.2979248762130737
30, 22, 245, 360, -1.3635333776474
30, 23, 420, 585, -0.019176941365003586
30, 24, 231, 588, 0.024672476574778557
30, 25, 418, 868, -0.037630777806043625
30, 26, 237, 866, -0.037355147302150726
30, 27, 423, 1119, 0.4075431227684021
30, 28, 243, 1116, 0.22002986073493958
30, 29, 429, 1152, 0.4177558422088623
30, 30, 239, 1150, 0.2274620532989502
30, 31, 396, 1204, -0.14047911763191223
30, 32, 275, 1199, -0.36914587020874023
31, 0, 296, 123, -0.8619878888130188
31, 1, 316, 94, -0.7857433557510376
31, 2, 328, 94, -0.7860475182533264
31, 3, 337, 95, -0.785525918006897
31, 4, 281, 96, -0.7924057841300964
31, 5, 270, 97, -0.7923120260238647
31, 6, 262, 99, -0.793093204498291
31, 7, 358, 111, -0.32368698716163635
31, 8, 255, 114, -0.3506583869457245
31, 9, 323, 152, -0.6891729831695557
31, 10, 277, 156, -0.7003661394119263
31, 11, 433, 259, -0.08344261348247528
31, 12, 198, 253, -0.11004004627466202
31, 13, 563, 446, -0.6665911078453064
31, 14, 82, 432, -0.548550546169281
31, 15, 459, 350, -1.5994937419891357
31, 16, 166, 396, -1.382217526435852
31, 17, 420, 339, -1.7755889892578125
31, 18, 194, 417, -1.5439385175704956
31, 19, 395, 313, -1.7035562992095947
31, 20, 222, 388, -1.5116760730743408
31, 21, 400, 314, -1.5910342931747437
31, 22, 223, 380, -1.3865647315979004
31, 23, 416, 601, -0.03079402819275856
31, 24, 230, 604, 0.035759422928094864
31, 25, 408, 866, -0.03271501511335373
31, 26, 235, 860, -0.1007876843214035
31, 27, 415, 1119, 0.5030024647712708
31, 28, 238, 1116, 0.22771909832954407
31, 29, 421, 1152, 0.5211886763572693
31, 30, 237, 1155, 0.24446380138397217
31, 31, 384, 1207, -0.08332093060016632
31, 32, 261, 1201, -0.36268049478530884
32, 0, 296, 123, -0.8308836817741394
32, 1, 316, 94, -0.7571158409118652
32, 2, 328, 94, -0.7574374079704285
32, 3, 337, 95, -0.7572326064109802
32, 4, 281, 96, -0.7650572061538696
32, 5, 270, 97, -0.7651724815368652
32, 6, 262, 99, -0.7659249901771545
32, 7, 358, 111, -0.3124043643474579
32, 8, 255, 114, -0.34417539834976196
32, 9, 323, 152, -0.6629161834716797
32, 10, 277, 156, -0.6743773818016052
32, 11, 435, 260, -0.08920873701572418
32, 12, 198, 260, -0.06115500256419182
32, 13, 560, 446, -0.573110044002533
32, 14, 83, 429, -0.3239082992076874
32, 15, 455, 402, -1.4271810054779053
32, 16, 145, 449, -1.12313711643219
32, 17, 412, 399, -1.5681716203689575
32, 18, 163, 479, -1.270581841468811
32, 19, 387, 371, -1.4606956243515015
32, 20, 180, 438, -1.2766193151474
32, 21, 396, 371, -1.3895537853240967
32, 22, 183, 425, -1.143816351890564
32, 23, 405, 612, -0.05301161855459213
32, 24, 229, 615, 0.05668949335813522
32, 25, 396, 834, -0.19559404253959656
32, 26, 212, 816, -0.3395524024963379
32, 27, 405, 1099, 0.27382540702819824
32, 28, 234, 1100, 0.00964641384780407
32, 29, 410, 1136, 0.29113858938217163
32, 30, 235, 1142, 0.023805081844329834
32, 31, 372, 1189, -0.2462221086025238
32, 32, 239, 1190, -0.519976019859314
33, 0, 297, 122, -0.9939713478088379
33, 1, 317, 93, -0.9226270914077759
33, 2, 329, 93, -0.9228941202163696
33, 3, 338, 94, -0.9227681159973145
33, 4, 281, 95, -0.9313003420829773
33, 5, 270, 96, -0.9314759373664856
33, 6, 262, 98, -0.9321441650390625
33, 7, 359, 110, -0.4728798270225525
33, 8, 255, 114, -0.5126447677612305
33, 9, 324, 151, -0.8233197331428528
33, 10, 278, 155, -0.8363859057426453
33, 11, 439, 260, -0.20355470478534698
33, 12, 194, 263, -0.16964447498321533
33, 13, 559, 442, -0.409379243850708
33, 14, 77, 430, -0.40813907980918884
33, 15, 474, 466, -1.0118135213851929
33, 16, 152, 461, -1.2152963876724243
33, 17, 429, 482, -1.1415703296661377
33, 18, 171, 492, -1.367187738418579
33, 19, 408, 449, -1.14342200756073
33, 20, 186, 464, -1.350278615951538
33, 21, 418, 443, -1.019522786140442
33, 22, 187, 452, -1.2280586957931519
33, 23, 406, 612, -0.049967654049396515
33, 24, 229, 617, 0.0538744255900383
33, 25, 396, 838, -0.22027607262134552
33, 26, 211, 828, -0.3759411871433258
33, 27, 399, 1115, 0.18774102628231049
33, 28, 224, 1130, -0.139558807015419
33, 29, 401, 1154, 0.19631676375865936
33, 30, 228, 1176, -0.13959380984306335
33, 31, 368, 1210, -0.363423615694046
33, 32, 232, 1214, -0.7424561381340027
34, 0, 299, 121, -1.2903285026550293
34, 1, 319, 92, -1.2192161083221436
34, 2, 331, 92, -1.2193695306777954
34, 3, 339, 93, -1.2192634344100952
34, 4, 283, 94, -1.2256717681884766
34, 5, 271, 96, -1.2256232500076294
34, 6, 262, 98, -1.2261838912963867
34, 7, 361, 109, -0.7449445724487305
34, 8, 255, 113, -0.7689507007598877
34, 9, 326, 150, -1.111005187034607
34, 10, 279, 153, -1.1190265417099
34, 11, 441, 260, -0.4129473567008972
34, 12, 191, 266, -0.4295925199985504
34, 13, 555, 439, -0.4365045428276062
34, 14, 74, 431, -0.5466282367706299
34, 15, 502, 520, -1.0381299257278442
34, 16, 153, 482, -1.2570178508758545
34, 17, 493, 557, -1.1745328903198242
34, 18, 176, 516, -1.4059689044952393
34, 19, 467, 536, -1.1929609775543213
34, 20, 191, 491, -1.4138038158416748
34, 21, 448, 490, -1.0631687641143799
34, 22, 190, 477, -1.2572091817855835
34, 23, 407, 620, -0.05161857604980469
34, 24, 229, 624, 0.05591630935668945
34, 25, 397, 899, -0.160407155752182
34, 26, 212, 892, -0.24929651618003845
34, 27, 397, 1168, 0.3725753426551819
34, 28, 217, 1171, -0.13316014409065247
34, 29, 399, 1208, 0.39058735966682434
34, 30, 219, 1215, -0.09014518558979034
34, 31, 366, 1257, -0.2759084105491638
34, 32, 233, 1252, -0.5708032846450806
35, 0, 302, 122, -1.017248272895813
35, 1, 322, 92, -0.9480751156806946
35, 2, 333, 92, -0.9481800198554993
35, 3, 342, 93, -0.9480136036872864
35, 4, 285, 94, -0.9559805989265442
35, 5, 273, 96, -0.9558038711547852
35, 6, 263, 98, -0.956360936164856
35, 7, 363, 109, -0.5410341024398804
35, 8, 256, 114, -0.58308345079422
35, 9, 329, 151, -0.8581165075302124
35, 10, 281, 153, -0.867537796497345
35, 11, 443, 260, -0.27981725335121155
35, 12, 190, 266, -0.3807263970375061
35, 13, 548, 431, -0.24082675576210022
35, 14, 73, 426, -0.3538724184036255
35, 15, 556, 559, -0.5968940854072571
35, 16, 66, 558, -0.6645067930221558
35, 17, 590, 603, -0.6772817373275757
35, 18, 60, 608, -0.751095175743103
35, 19, 567, 604, -0.7512452006340027
35, 20, 88, 607, -0.8211846351623535
35, 21, 553, 586, -0.6438705921173096
35, 22, 92, 589, -0.7037515044212341
35, 23, 407, 626, -0.04224087670445442
35, 24, 230, 632, 0.04593586549162865
35, 25, 400, 914, -0.08008403331041336
35, 26, 220, 918, -0.07299501448869705
35, 27, 403, 1180, 0.4451211988925934
35, 28, 230, 1184, 0.19046030938625336
35, 29, 406, 1223, 0.46789056062698364
35, 30, 231, 1227, 0.20603254437446594
35, 31, 375, 1266, -0.07372583448886871
35, 32, 254, 1264, -0.34958407282829285
36, 0, 306, 122, -0.9395942687988281
36, 1, 326, 93, -0.9314931631088257
36, 2, 336, 93, -0.9308951497077942
36, 3, 346, 93, -0.9341148138046265
36, 4, 288, 95, -0.9411724805831909
36, 5, 276, 96, -0.9415842890739441
36, 6, 265, 98, -0.9427694082260132
36, 7, 366, 110, -0.47299060225486755
36, 8, 256, 114, -0.5107438564300537
36, 9, 332, 151, -0.8530522584915161
36, 10, 285, 154, -0.8499038815498352
36, 11, 446, 260, -0.24408981204032898
36, 12, 188, 267, -0.36450526118278503
36, 13, 544, 432, -0.1814831644296646
36, 14, 71, 427, -0.35137397050857544
36, 15, 594, 585, -0.45653796195983887
36, 16, 56, 578, -0.651172935962677
36, 17, 626, 631, -0.5304815173149109
36, 18, 48, 628, -0.73167884349823
36, 19, 604, 635, -0.6052185297012329
36, 20, 78, 626, -0.8062452077865601
36, 21, 587, 619, -0.5039454102516174
36, 22, 83, 610, -0.693087637424469
36, 23, 407, 639, -0.039174892008304596
36, 24, 230, 644, 0.042778097093105316
36, 25, 400, 932, -0.03464039787650108
36, 26, 220, 938, 0.003986599389463663
36, 27, 403, 1199, 0.5047571063041687
36, 28, 230, 1199, 0.3282809853553772
36, 29, 406, 1241, 0.5301984548568726
36, 30, 230, 1242, 0.34492015838623047
36, 31, 375, 1283, 0.027268443256616592
36, 32, 254, 1279, -0.2149777114391327
37, 0, 310, 122, -0.8985967636108398
37, 1, 329, 93, -0.8980061411857605
37, 2, 339, 93, -0.8972288370132446
37, 3, 350, 94, -0.9017437696456909
37, 4, 290, 95, -0.9346269369125366
37, 5, 278, 96, -0.9344278573989868
37, 6, 267, 98, -0.9350686073303223
37, 7, 368, 110, -0.4482186436653137
37, 8, 257, 114, -0.49355348944664
37, 9, 335, 151, -0.8327277898788452
37, 10, 287, 154, -0.84038245677948
37, 11, 447, 262, -0.22728197276592255
37, 12, 186, 268, -0.3649352490901947
37, 13, 542, 433, -0.1808067262172699
37, 14, 69, 427, -0.3494814336299896
37, 15, 583, 599, -0.4732317328453064
37, 16, 42, 584, -0.6529528498649597
37, 17, 608, 646, -0.5515862703323364
37, 18, 30, 634, -0.7370275855064392
37, 19, 582, 649, -0.6212536096572876
37, 20, 61, 635, -0.8148784637451172
37, 21, 567, 633, -0.5185832977294922
37, 22, 68, 618, -0.6971006989479065
37, 23, 403, 647, -0.032771505415439606
37, 24, 225, 649, 0.036491140723228455
37, 25, 392, 943, -0.040789585560560226
37, 26, 211, 944, -0.014654410071671009
37, 27, 389, 1211, 0.47453027963638306
37, 28, 215, 1207, 0.28959712386131287
37, 29, 392, 1254, 0.4957844316959381
37, 30, 214, 1249, 0.3025527596473694
37, 31, 361, 1296, -0.018798086792230606
37, 32, 239, 1287, -0.26549428701400757
38, 0, 312, 122, -1.0087274312973022
38, 1, 332, 93, -0.9582990407943726
38, 2, 341, 93, -0.9582113027572632
38, 3, 352, 94, -0.9591530561447144
38, 4, 292, 95, -0.9744809865951538
38, 5, 280, 97, -0.9741553068161011
38, 6, 268, 98, -0.9746783375740051
38, 7, 370, 110, -0.5559391975402832
38, 8, 257, 114, -0.605982780456543
38, 9, 337, 152, -0.8692911267280579
38, 10, 290, 154, -0.8820103406906128
38, 11, 449, 264, -0.29529768228530884
38, 12, 185, 268, -0.435366153717041
38, 13, 539, 436, -0.23229427635669708
38, 14, 69, 428, -0.3797270357608795
38, 15, 577, 604, -0.5705311298370361
38, 16, 36, 589, -0.7249860763549805
38, 17, 614, 657, -0.6539161801338196
38, 18, 21, 638, -0.819534957408905
38, 19, 589, 663, -0.7329794764518738
38, 20, 51, 641, -0.9068142771720886
38, 21, 573, 646, -0.6213400363922119
38, 22, 59, 624, -0.7745466828346252
38, 23, 403, 652, -0.03263428062200546
38, 24, 223, 653, 0.03639308735728264
38, 25, 392, 950, -0.03417620807886124
38, 26, 209, 950, 0.0016695180675014853
38, 27, 389, 1219, 0.5353803038597107
38, 28, 213, 1214, 0.3704342544078827
38, 29, 392, 1263, 0.5624187588691711
38, 30, 211, 1258, 0.388016939163208
38, 31, 360, 1303, 0.017631947994232178
38, 32, 237, 1293, -0.21652674674987793
39, 0, 316, 124, -1.0698473453521729
39, 1, 335, 95, -1.0134655237197876
39, 2, 344, 95, -1.0134317874908447
39, 3, 356, 95, -1.0139129161834717
39, 4, 296, 96, -1.027553915977478
39, 5, 283, 97, -1.0272057056427002
39, 6, 271, 99, -1.027693271636963
39, 7, 373, 111, -0.6128462553024292
39, 8, 258, 115, -0.6658306121826172
39, 9, 340, 154, -0.9184600114822388
39, 10, 293, 156, -0.9325326681137085
39, 11, 451, 266, -0.34161612391471863
39, 12, 184, 269, -0.48281392455101013
39, 13, 538, 440, -0.2636369466781616
39, 14, 69, 430, -0.39375564455986023
39, 15, 590, 618, -0.6043509840965271
39, 16, 29, 609, -0.7578458189964294
39, 17, 622, 667, -0.6875804662704468
39, 18, 13, 660, -0.8490819931030273
39, 19, 598, 674, -0.7712751626968384
39, 20, 42, 665, -0.9428292512893677
39, 21, 580, 657, -0.6570174694061279
39, 22, 51, 647, -0.8094161748886108
39, 23, 403, 658, -0.032076817005872726
39, 24, 221, 660, 0.03591487929224968
39, 25, 393, 959, -0.017984513193368912
39, 26, 208, 960, 0.024083800613880157
39, 27, 389, 1230, 0.5796821713447571
39, 28, 211, 1226, 0.4203299582004547
39, 29, 392, 1276, 0.6090701818466187
39, 30, 208, 1272, 0.4401257038116455
39, 31, 360, 1316, 0.05892498046159744
39, 32, 235, 1307, -0.1745533049106598
40, 0, 319, 125, -1.1635334491729736
40, 1, 337, 96, -1.1040672063827515
40, 2, 347, 96, -1.1041252613067627
40, 3, 359, 96, -1.104585886001587
40, 4, 298, 97, -1.1188246011734009
40, 5, 285, 98, -1.1185219287872314
40, 6, 273, 99, -1.1190615892410278
40, 7, 376, 112, -0.6788893938064575
40, 8, 258, 115, -0.7362387180328369
40, 9, 342, 156, -0.9999992251396179
40, 10, 294, 156, -1.0156619548797607
40, 11, 452, 268, -0.38428714871406555
40, 12, 182, 269, -0.526068925857544
40, 13, 537, 447, -0.29095426201820374
40, 14, 68, 435, -0.43823593854904175
40, 15, 574, 618, -0.67299485206604
40, 16, 25, 610, -0.8244713544845581
40, 17, 615, 681, -0.7664246559143066
40, 18, 11, 660, -0.9281069040298462
40, 19, 590, 687, -0.8423306345939636
40, 20, 39, 663, -1.0127431154251099
40, 21, 574, 669, -0.7241781949996948
40, 22, 47, 646, -0.8755938410758972
40, 23, 403, 665, -0.03206402808427811
40, 24, 217, 666, 0.03592342883348465
40, 25, 391, 972, -0.0027866377495229244
40, 26, 204, 972, 0.03943818435072899
40, 27, 386, 1246, 0.6397219896316528
40, 28, 205, 1243, 0.4760514199733734
40, 29, 389, 1292, 0.6725038886070251
40, 30, 203, 1289, 0.4996846318244934
40, 31, 356, 1334, 0.09876920282840729
40, 32, 230, 1325, -0.13913512229919434
41, 0, 324, 126, -1.0729191303253174
41, 1, 341, 97, -1.013207197189331
41, 2, 352, 97, -1.0131938457489014
41, 3, 363, 97, -1.0135667324066162
41, 4, 303, 98, -1.0297602415084839
41, 5, 288, 99, -1.0294257402420044
41, 6, 277, 100, -1.029927372932434
41, 7, 380, 113, -0.6048296689987183
41, 8, 259, 115, -0.674006998538971
41, 9, 346, 158, -0.917066216468811
41, 10, 299, 158, -0.9350565671920776
41, 11, 454, 269, -0.32872769236564636
41, 12, 181, 271, -0.5163856148719788
41, 13, 537, 450, -0.2220398634672165
41, 14, 65, 440, -0.4590679109096527
41, 15, 594, 624, -0.5402657389640808
41, 16, 24, 623, -0.8025354146957397
41, 17, 629, 673, -0.6125322580337524
41, 18, 5, 672, -0.8923476934432983
41, 19, 607, 680, -0.7006847858428955
41, 20, 35, 678, -0.9859196543693542
41, 21, 588, 664, -0.5954088568687439
41, 22, 45, 661, -0.8538945913314819
41, 23, 404, 666, -0.024531707167625427
41, 24, 217, 670, 0.028464164584875107
41, 25, 394, 973, 0.005996068939566612
41, 26, 207, 976, 0.021389873698353767
41, 27, 394, 1250, 0.6114664673805237
41, 28, 216, 1247, 0.42383307218551636
41, 29, 398, 1296, 0.6402010917663574
41, 30, 213, 1292, 0.4439845085144043
41, 31, 369, 1335, 0.08688044548034668
41, 32, 244, 1328, -0.17780186235904694
42, 0, 327, 129, -1.1413657665252686
42, 1, 344, 99, -1.082852840423584
42, 2, 356, 99, -1.08278226852417
42, 3, 366, 100, -1.0832204818725586
42, 4, 306, 99, -1.1024277210235596
42, 5, 291, 100, -1.1020749807357788
42, 6, 280, 101, -1.1025346517562866
42, 7, 383, 115, -0.6627621650695801
42, 8, 261, 116, -0.7409753203392029
42, 9, 348, 161, -0.979220986366272
42, 10, 301, 160, -1.0005571842193604
42, 11, 454, 270, -0.3475817143917084
42, 12, 181, 272, -0.5727972388267517
42, 13, 538, 450, -0.2306869775056839
42, 14, 65, 445, -0.516114354133606
42, 15, 597, 619, -0.5507267713546753
42, 16, 27, 633, -0.8400048017501831
42, 17, 628, 667, -0.6219230890274048
42, 18, 7, 684, -0.9351455569267273
42, 19, 607, 675, -0.7106018662452698
42, 20, 37, 692, -1.0155785083770752
42, 21, 590, 658, -0.605540931224823
42, 22, 48, 673, -0.8863974809646606
42, 23, 405, 667, -0.020603973418474197
42, 24, 218, 672, 0.024569813162088394
42, 25, 398, 975, 0.0030121845193207264
42, 26, 215, 981, 0.022926200181245804
42, 27, 403, 1254, 0.6085638403892517
42, 28, 229, 1254, 0.42923206090927124
42, 29, 407, 1301, 0.6370508670806885
42, 30, 226, 1300, 0.44895243644714355
42, 31, 381, 1340, 0.07125706970691681
42, 32, 259, 1334, -0.1844317615032196
43, 0, 331, 131, -1.1599981784820557
43, 1, 347, 101, -1.100669026374817
43, 2, 359, 102, -1.1006423234939575
43, 3, 369, 103, -1.1011794805526733
43, 4, 310, 101, -1.121846318244934
43, 5, 295, 102, -1.1214890480041504
43, 6, 283, 103, -1.1219757795333862
43, 7, 386, 117, -0.670434296131134
43, 8, 262, 117, -0.755662202835083
43, 9, 350, 165, -0.9933805465698242
43, 10, 304, 164, -1.0167768001556396
43, 11, 455, 270, -0.34963488578796387
43, 12, 181, 273, -0.5795272588729858
43, 13, 538, 451, -0.24371521174907684
43, 14, 66, 449, -0.5283878445625305
43, 15, 598, 622, -0.595986008644104
43, 16, 34, 644, -0.8555744886398315
43, 17, 629, 671, -0.6767622232437134
43, 18, 16, 697, -0.9538718461990356
43, 19, 606, 680, -0.7622220516204834
43, 20, 46, 706, -1.0181128978729248
43, 21, 589, 663, -0.6504747271537781
43, 22, 56, 686, -0.9007453918457031
43, 23, 405, 669, -0.016222737729549408
43, 24, 218, 673, 0.02028762735426426
43, 25, 399, 980, -0.0020049044396728277
43, 26, 215, 985, 0.014079888351261616
43, 27, 403, 1261, 0.5916762948036194
43, 28, 228, 1262, 0.40610161423683167
43, 29, 407, 1308, 0.6188796758651733
43, 30, 226, 1308, 0.4236065745353699
43, 31, 380, 1347, 0.05097378045320511
43, 32, 257, 1342, -0.20470348000526428
44, 0, 333, 134, -1.1072229146957397
44, 1, 351, 103, -1.0468697547912598
44, 2, 363, 104, -1.0468577146530151
44, 3, 372, 105, -1.0472544431686401
44, 4, 313, 103, -1.0643059015274048
44, 5, 297, 104, -1.063962697982788
44, 6, 285, 105, -1.0644609928131104
44, 7, 389, 119, -0.6290122270584106
44, 8, 264, 118, -0.6982293725013733
44, 9, 353, 168, -0.9470011591911316
44, 10, 307, 166, -0.966558575630188
44, 11, 456, 270, -0.3305712640285492
44, 12, 181, 273, -0.5241976380348206
44, 13, 538, 451, -0.2215612828731537
44, 14, 67, 451, -0.5038180351257324
44, 15, 601, 624, -0.5483304858207703
44, 16, 25, 647, -0.8202563524246216
44, 17, 631, 675, -0.6243354082107544
44, 18, 0, 699, -0.9142884016036987
44, 19, 608, 684, -0.7135631442070007
44, 20, 31, 708, -1.0117825269699097
44, 21, 590, 666, -0.6035906672477722
44, 22, 44, 689, -0.8750149607658386
44, 23, 406, 672, -0.016601592302322388
44, 24, 218, 676, 0.020676257088780403
44, 25, 399, 984, -0.00449744239449501
44, 26, 216, 987, 0.024265000596642494
44, 27, 403, 1266, 0.5879068374633789
44, 28, 228, 1263, 0.41866111755371094
44, 29, 406, 1312, 0.6152957677841187
44, 30, 225, 1309, 0.43757033348083496
44, 31, 379, 1352, 0.050335608422756195
44, 32, 256, 1345, -0.19494307041168213
45, 0, 334, 134, -1.0074299573898315
45, 1, 352, 103, -0.9597535133361816
45, 2, 364, 104, -0.9597090482711792
45, 3, 374, 106, -0.9602634310722351
45, 4, 313, 103, -0.9757707715034485
45, 5, 297, 104, -0.975326418876648
45, 6, 285, 105, -0.9757989048957825
45, 7, 391, 119, -0.5888849496841431
45, 8, 264, 118, -0.6489107012748718
45, 9, 354, 169, -0.8613013029098511
45, 10, 307, 167, -0.87676602602005
45, 11, 459, 270, -0.3211616575717926
45, 12, 180, 274, -0.5066272616386414
45, 13, 540, 451, -0.23748323321342468
45, 14, 67, 455, -0.4647795557975769
45, 15, 603, 625, -0.569611132144928
45, 16, 22, 648, -0.7862445116043091
45, 17, 634, 674, -0.6529006958007812
45, 18, -1, 699, -0.8762547373771667
45, 19, 610, 680, -0.7343825697898865
45, 20, 28, 704, -0.979535698890686
45, 21, 592, 664, -0.6219887137413025
45, 22, 42, 686, -0.842274010181427
45, 23, 409, 675, -0.01728619448840618
45, 24, 218, 680, 0.02136349491775036
45, 25, 403, 987, 0.018396375700831413
45, 26, 216, 992, 0.03690190240740776
45, 27, 405, 1270, 0.6206727027893066
45, 28, 228, 1268, 0.44561609625816345
45, 29, 408, 1315, 0.6506550312042236
45, 30, 225, 1313, 0.4692429006099701
45, 31, 381, 1359, 0.11962492763996124
45, 32, 256, 1352, -0.1391545832157135
46, 0, 336, 134, -1.0657479763031006
46, 1, 354, 104, -1.0142096281051636
46, 2, 366, 105, -1.014147162437439
46, 3, 376, 106, -1.0146458148956299
46, 4, 315, 103, -1.0314984321594238
46, 5, 299, 104, -1.031052827835083
46, 6, 287, 105, -1.031488060951233
46, 7, 393, 119, -0.6192734837532043
46, 8, 266, 118, -0.6823294758796692
46, 9, 356, 169, -0.9123417139053345
46, 10, 308, 167, -0.9290337562561035
46, 11, 461, 270, -0.3454536497592926
46, 12, 180, 276, -0.5262196063995361
46, 13, 542, 451, -0.24281375110149384
46, 14, 67, 456, -0.4860757291316986
46, 15, 612, 625, -0.5951673984527588
46, 16, 0, 641, -0.8052603602409363
46, 17, 645, 675, -0.6786842942237854
46, 18, -33, 690, -0.885448157787323
46, 19, 623, 683, -0.7562764883041382
46, 20, -5, 696, -1.041926622390747
46, 21, 603, 666, -0.6463042497634888
46, 22, 11, 679, -0.8862493634223938
46, 23, 413, 675, -0.018618782982230186
46, 24, 219, 680, 0.022746458649635315
46, 25, 405, 988, 0.03838203102350235
46, 26, 217, 992, 0.07506836950778961
46, 27, 406, 1271, 0.6903716921806335
46, 28, 228, 1267, 0.531309187412262
46, 29, 410, 1317, 0.7234755754470825
46, 30, 225, 1312, 0.5587409734725952
46, 31, 383, 1359, 0.1643972247838974
46, 32, 258, 1353, -0.07888249307870865
47, 0, 338, 136, -0.9566715359687805
47, 1, 356, 105, -0.9094988703727722
47, 2, 368, 106, -0.9093654751777649
47, 3, 378, 107, -0.9098511934280396
47, 4, 317, 104, -0.925701916217804
47, 5, 301, 105, -0.9251710772514343
47, 6, 288, 105, -0.925564169883728
47, 7, 395, 120, -0.5464416146278381
47, 8, 267, 118, -0.6069175601005554
47, 9, 358, 172, -0.8153188824653625
47, 10, 310, 170, -0.8310741186141968
47, 11, 462, 271, -0.32257720828056335
47, 12, 180, 277, -0.5067793130874634
47, 13, 543, 451, -0.23405559360980988
47, 14, 67, 456, -0.47033804655075073
47, 15, 612, 629, -0.5389263033866882
47, 16, -1, 642, -0.7930324077606201
47, 17, 645, 678, -0.6161367893218994
47, 18, -33, 691, -0.8779994249343872
47, 19, 623, 685, -0.697025716304779
47, 20, -4, 696, -0.9974322319030762
47, 21, 603, 670, -0.5914628505706787
47, 22, 13, 680, -0.8574994802474976
47, 23, 415, 678, -0.01882338337600231
47, 24, 220, 683, 0.02297234907746315
47, 25, 407, 991, 0.028878172859549522
47, 26, 217, 996, 0.05823022127151489
47, 27, 408, 1275, 0.6653561592102051
47, 28, 229, 1272, 0.5034267902374268
47, 29, 411, 1321, 0.6965512037277222
47, 30, 226, 1316, 0.5245257616043091
47, 31, 385, 1363, 0.12518401443958282
47, 32, 260, 1357, -0.12282861769199371
