0, 0, 275, 155, -1.3261698484420776
0, 1, 294, 129, -1.2557932138442993
0, 2, 304, 129, -1.2561897039413452
0, 3, 312, 130, -1.256331205368042
0, 4, 256, 131, -1.2685270309448242
0, 5, 244, 132, -1.268143653869629
0, 6, 232, 134, -1.2688261270523071
0, 7, 331, 150, -0.7788508534431458
0, 8, 220, 154, -0.8204706311225891
0, 9, 300, 190, -1.1435797214508057
0, 10, 251, 190, -1.1559422016143799
0, 11, 429, 333, -0.43321365118026733
0, 12, 119, 335, -0.5656655430793762
0, 13, 462, 482, -0.39157405495643616
0, 14, 47, 502, -0.4807886481285095
0, 15, 494, 692, -0.9464003443717957
0, 16, 67, 719, -0.9680428504943848
0, 17, 521, 746, -1.1006548404693604
0, 18, 60, 779, -1.1214278936386108
0, 19, 496, 749, -1.199962854385376
0, 20, 91, 778, -1.2370225191116333
0, 21, 478, 726, -1.0136113166809082
0, 22, 99, 753, -1.0323439836502075
0, 23, 367, 728, -0.04425162449479103
0, 24, 166, 730, 0.0493929386138916
0, 25, 349, 1044, 0.12380196899175644
0, 26, 164, 1043, 0.04564801603555679
0, 27, 342, 1326, 0.9220682382583618
0, 28, 164, 1329, 0.6954582929611206
0, 29, 343, 1376, 0.9622815847396851
0, 30, 162, 1381, 0.7386175394058228
0, 31, 312, 1418, 0.30526724457740784
0, 32, 194, 1414, 0.007995959371328354
1, 0, 275, 155, -1.3273367881774902
1, 1, 294, 129, -1.2569955587387085
1, 2, 304, 129, -1.2573931217193604
1, 3, 313, 130, -1.2575418949127197
1, 4, 256, 131, -1.270918607711792
1, 5, 244, 132, -1.270540714263916
1, 6, 232, 134, -1.2712184190750122
1, 7, 331, 150, -0.7787898778915405
1, 8, 220, 154, -0.8249095678329468
1, 9, 300, 190, -1.1436947584152222
1, 10, 251, 190, -1.1570332050323486
1, 11, 430, 333, -0.4222439229488373
1, 12, 120, 335, -0.5683059692382812
1, 13, 462, 482, -0.33860787749290466
1, 14, 47, 502, -0.47834572196006775
1, 15, 493, 694, -0.8531944155693054
1, 16, 66, 719, -0.9582635164260864
1, 17, 519, 748, -0.9923486709594727
1, 18, 58, 780, -1.110069990158081
1, 19, 495, 751, -1.0976601839065552
1, 20, 90, 779, -1.2222187519073486
1, 21, 478, 728, -0.9215628504753113
1, 22, 97, 754, -1.0210009813308716
1, 23, 366, 728, -0.04369669407606125
1, 24, 165, 730, 0.048808399587869644
1, 25, 347, 1047, 0.09724049270153046
1, 26, 163, 1044, 0.018446337431669235
1, 27, 339, 1331, 0.8703031539916992
1, 28, 161, 1333, 0.6300330758094788
1, 29, 340, 1381, 0.9084952473640442
1, 30, 159, 1385, 0.6685598492622375
1, 31, 309, 1424, 0.24634525179862976
1, 32, 189, 1418, -0.06803222000598907
2, 0, 275, 155, -1.3273003101348877
2, 1, 294, 129, -1.25699782371521
2, 2, 304, 129, -1.2573955059051514
2, 3, 313, 130, -1.257544755935669
2, 4, 256, 131, -1.2710309028625488
2, 5, 244, 132, -1.270651936531067
2, 6, 233, 135, -1.271329641342163
2, 7, 331, 150, -0.7784875631332397
2, 8, 220, 154, -0.8257600665092468
2, 9, 300, 190, -1.1432617902755737
2, 10, 251, 190, -1.1569952964782715
2, 11, 430, 334, -0.4168248772621155
2, 12, 120, 335, -0.5684623122215271
2, 13, 461, 483, -0.32298359274864197
2, 14, 47, 501, -0.4725319743156433
2, 15, 492, 695, -0.825539231300354
2, 16, 65, 719, -0.9423160552978516
2, 17, 517, 749, -0.9614146947860718
2, 18, 57, 780, -1.0917659997940063
2, 19, 494, 752, -1.0666334629058838
2, 20, 88, 780, -1.20194411277771
2, 21, 477, 730, -0.8935953378677368
2, 22, 96, 754, -1.0040571689605713
2, 23, 366, 729, -0.04333525151014328
2, 24, 165, 730, 0.04842428117990494
2, 25, 346, 1047, 0.08273680508136749
2, 26, 161, 1044, 0.000703053898178041
2, 27, 337, 1333, 0.8455770611763
2, 28, 158, 1335, 0.6018573045730591
2, 29, 338, 1383, 0.8828138113021851
2, 30, 157, 1387, 0.6395724415779114
2, 31, 306, 1427, 0.21908648312091827
2, 32, 186, 1420, -0.09807512909173965
3, 0, 275, 155, -1.340914011001587
3, 1, 294, 129, -1.267553687095642
3, 2, 304, 129, -1.2679917812347412
3, 3, 313, 130, -1.2681396007537842
3, 4, 256, 131, -1.2826526165008545
3, 5, 244, 132, -1.2823151350021362
3, 6, 233, 135, -1.2830144166946411
3, 7, 331, 150, -0.7790290117263794
3, 8, 220, 154, -0.8300703763961792
3, 9, 300, 190, -1.151703953742981
3, 10, 251, 190, -1.1674307584762573
3, 11, 430, 334, -0.4138612747192383
3, 12, 121, 335, -0.5689893364906311
3, 13, 461, 533, -0.32476115226745605
3, 14, 47, 502, -0.4720194339752197
3, 15, 488, 702, -0.8446362614631653
3, 16, 65, 719, -0.9475327730178833
3, 17, 512, 756, -0.9866034388542175
3, 18, 57, 781, -1.1044533252716064
3, 19, 490, 760, -1.0926989316940308
3, 20, 88, 781, -1.215245008468628
3, 21, 473, 737, -0.9136711955070496
3, 22, 96, 756, -1.0103052854537964
3, 23, 366, 731, -0.04294467717409134
3, 24, 165, 731, 0.04803108796477318
3, 25, 345, 1050, 0.08520876616239548
3, 26, 161, 1045, -0.024702681228518486
3, 27, 337, 1337, 0.8589116930961609
3, 28, 158, 1337, 0.5921719074249268
3, 29, 338, 1387, 0.8970736265182495
3, 30, 157, 1390, 0.6310439109802246
3, 31, 306, 1430, 0.23235873878002167
3, 32, 186, 1422, -0.11659252643585205
4, 0, 275, 155, -1.3367671966552734
4, 1, 294, 129, -1.2630804777145386
4, 2, 304, 129, -1.2635207176208496
4, 3, 313, 130, -1.2636886835098267
4, 4, 256, 131, -1.277938961982727
4, 5, 244, 132, -1.2775746583938599
4, 6, 233, 135, -1.2782628536224365
4, 7, 331, 150, -0.7738676071166992
4, 8, 220, 154, -0.823996901512146
4, 9, 300, 190, -1.1474100351333618
4, 10, 251, 190, -1.162841558456421
4, 11, 430, 335, -0.40985769033432007
4, 12, 121, 335, -0.5662777423858643
4, 13, 462, 523, -0.32461804151535034
4, 14, 47, 502, -0.46674996614456177
4, 15, 488, 708, -0.8358958959579468
4, 16, 65, 720, -0.9463611841201782
4, 17, 512, 764, -0.9770584106445312
4, 18, 57, 782, -1.1034345626831055
4, 19, 490, 768, -1.0822547674179077
4, 20, 88, 783, -1.215227723121643
4, 21, 473, 744, -0.904452919960022
4, 22, 96, 757, -1.009864091873169
4, 23, 366, 733, -0.04286954924464226
4, 24, 165, 733, 0.04795990139245987
4, 25, 345, 1053, 0.08793972432613373
4, 26, 161, 1048, -0.0237533338367939
4, 27, 337, 1341, 0.8660094141960144
4, 28, 159, 1342, 0.59952712059021
4, 29, 338, 1392, 0.9045618176460266
4, 30, 157, 1395, 0.6392220258712769
4, 31, 306, 1435, 0.2401800900697708
4, 32, 186, 1426, -0.107652947306633
5, 0, 275, 155, -1.3727591037750244
5, 1, 294, 129, -1.2990505695343018
5, 2, 304, 129, -1.2995061874389648
5, 3, 313, 130, -1.299699068069458
5, 4, 256, 131, -1.3137521743774414
5, 5, 244, 132, -1.3134454488754272
5, 6, 233, 135, -1.3141591548919678
5, 7, 331, 150, -0.8032014966011047
5, 8, 220, 154, -0.8551493883132935
5, 9, 300, 190, -1.181510329246521
5, 10, 251, 190, -1.1970607042312622
5, 11, 430, 335, -0.43135538697242737
5, 12, 121, 335, -0.5847843885421753
5, 13, 462, 515, -0.34959933161735535
5, 14, 47, 502, -0.48342663049697876
5, 15, 487, 710, -0.8691646456718445
5, 16, 65, 720, -0.9733883738517761
5, 17, 510, 767, -1.0154213905334473
5, 18, 57, 782, -1.1330499649047852
5, 19, 488, 770, -1.123894214630127
5, 20, 88, 783, -1.2469062805175781
5, 21, 471, 746, -0.9387669563293457
5, 22, 96, 758, -1.038012146949768
5, 23, 366, 734, -0.04289090260863304
5, 24, 165, 733, 0.047978825867176056
5, 25, 345, 1054, 0.07344117015600204
5, 26, 161, 1048, -0.0316978320479393
5, 27, 337, 1343, 0.8474141955375671
5, 28, 159, 1342, 0.5812543630599976
5, 29, 338, 1393, 0.8852984309196472
5, 30, 157, 1396, 0.6198080778121948
5, 31, 307, 1436, 0.2169150561094284
5, 32, 186, 1426, -0.12566500902175903
6, 0, 275, 155, -1.3663526773452759
6, 1, 294, 129, -1.2934856414794922
6, 2, 304, 129, -1.2939263582229614
6, 3, 313, 130, -1.2941086292266846
6, 4, 256, 131, -1.3078404664993286
6, 5, 244, 132, -1.3075120449066162
6, 6, 233, 135, -1.3082177639007568
6, 7, 331, 150, -0.8019927144050598
6, 8, 220, 154, -0.8515623211860657
6, 9, 300, 190, -1.1767446994781494
6, 10, 252, 190, -1.1918061971664429
6, 11, 430, 335, -0.42860183119773865
6, 12, 121, 335, -0.5835891962051392
6, 13, 461, 507, -0.35015249252319336
6, 14, 47, 502, -0.4852771759033203
6, 15, 487, 710, -0.8866764903068542
6, 16, 65, 722, -0.9769209027290344
6, 17, 510, 766, -1.0353777408599854
6, 18, 57, 784, -1.1366407871246338
6, 19, 487, 770, -1.1447125673294067
6, 20, 88, 786, -1.249422311782837
6, 21, 471, 746, -0.9571424722671509
6, 22, 96, 760, -1.0408719778060913
6, 23, 366, 734, -0.042423900216817856
6, 24, 165, 733, 0.04749378189444542
6, 25, 346, 1054, 0.07558237016201019
6, 26, 163, 1048, -0.03468355908989906
6, 27, 338, 1342, 0.8485709428787231
6, 28, 162, 1342, 0.5743542909622192
6, 29, 339, 1393, 0.8863662481307983
6, 30, 160, 1396, 0.6124513149261475
6, 31, 309, 1436, 0.22217492759227753
6, 32, 189, 1426, -0.1270003467798233
7, 0, 275, 155, -1.3355696201324463
7, 1, 294, 129, -1.2635270357131958
7, 2, 304, 129, -1.2639672756195068
7, 3, 313, 130, -1.2641446590423584
7, 4, 256, 131, -1.276498556137085
7, 5, 244, 132, -1.2760908603668213
7, 6, 233, 134, -1.2767798900604248
7, 7, 331, 150, -0.7832328677177429
7, 8, 220, 154, -0.825481116771698
7, 9, 300, 190, -1.1519787311553955
7, 10, 252, 190, -1.164644718170166
7, 11, 430, 335, -0.4268142580986023
7, 12, 121, 335, -0.5689797401428223
7, 13, 461, 499, -0.35408085584640503
7, 14, 47, 502, -0.4715726971626282
7, 15, 487, 706, -0.8882719874382019
7, 16, 64, 722, -0.9578577876091003
7, 17, 510, 761, -1.0369513034820557
7, 18, 55, 785, -1.113405466079712
7, 19, 488, 765, -1.14496648311615
7, 20, 87, 787, -1.2279499769210815
7, 21, 471, 742, -0.9583345651626587
7, 22, 95, 761, -1.0224039554595947
7, 23, 366, 733, -0.04359835386276245
7, 24, 165, 733, 0.04868056997656822
7, 25, 347, 1054, 0.07495911419391632
7, 26, 164, 1048, -0.026100754737854004
7, 27, 340, 1342, 0.8494018316268921
7, 28, 162, 1342, 0.5779820680618286
7, 29, 341, 1393, 0.8870173692703247
7, 30, 161, 1395, 0.6171773672103882
7, 31, 310, 1435, 0.2219044417142868
7, 32, 190, 1426, -0.12241069227457047
8, 0, 275, 155, -1.3349113464355469
8, 1, 294, 128, -1.2629032135009766
8, 2, 304, 129, -1.2633554935455322
8, 3, 313, 130, -1.2635352611541748
8, 4, 256, 130, -1.2760084867477417
8, 5, 244, 132, -1.2756009101867676
8, 6, 233, 134, -1.2762901782989502
8, 7, 331, 149, -0.782023012638092
8, 8, 220, 154, -0.8248092532157898
8, 9, 300, 189, -1.1510533094406128
8, 10, 252, 189, -1.1638591289520264
8, 11, 430, 335, -0.4262886643409729
8, 12, 121, 335, -0.5629864931106567
8, 13, 461, 489, -0.36990782618522644
8, 14, 47, 501, -0.4605081081390381
8, 15, 489, 696, -0.9329814910888672
8, 16, 62, 722, -0.9390150308609009
8, 17, 514, 749, -1.0846362113952637
8, 18, 52, 785, -1.0924932956695557
8, 19, 491, 752, -1.1890273094177246
8, 20, 83, 787, -1.2097772359848022
8, 21, 474, 730, -1.0027395486831665
8, 22, 92, 761, -1.0042940378189087
8, 23, 366, 732, -0.04361850023269653
8, 24, 165, 732, 0.048697248101234436
8, 25, 347, 1052, 0.06938279420137405
8, 26, 165, 1046, -0.028294045478105545
8, 27, 341, 1340, 0.8274000883102417
8, 28, 163, 1339, 0.5726513266563416
8, 29, 342, 1390, 0.8624410629272461
8, 30, 161, 1391, 0.6103744506835938
8, 31, 311, 1432, 0.19171123206615448
8, 32, 191, 1422, -0.1303301751613617
9, 0, 275, 154, -1.4396746158599854
9, 1, 294, 128, -1.3454705476760864
9, 2, 304, 129, -1.3459041118621826
9, 3, 313, 130, -1.34575355052948
9, 4, 256, 130, -1.3547167778015137
9, 5, 244, 132, -1.3543317317962646
9, 6, 233, 134, -1.3550209999084473
9, 7, 331, 149, -0.7924404740333557
9, 8, 220, 153, -0.8248686790466309
9, 9, 300, 189, -1.231137990951538
9, 10, 252, 189, -1.2389558553695679
9, 11, 431, 335, -0.42618241906166077
9, 12, 121, 335, -0.5950006246566772
9, 13, 460, 489, -0.4527103304862976
9, 14, 50, 508, -0.8959909677505493
9, 15, 498, 686, -1.046250581741333
9, 16, 233, 552, -1.6467831134796143
9, 17, 524, 732, -1.2064964771270752
9, 18, 292, 562, -1.8491637706756592
9, 19, 497, 726, -1.2890585660934448
9, 20, 303, 525, -1.8337844610214233
9, 21, 479, 707, -1.1074936389923096
9, 22, 285, 524, -1.6585735082626343
9, 23, 368, 731, -0.04739954322576523
9, 24, 165, 731, 0.05287788435816765
9, 25, 353, 1052, 0.051687438040971756
9, 26, 169, 1046, -0.0241861492395401
9, 27, 347, 1339, 0.8278918266296387
9, 28, 172, 1337, 0.5902290940284729
9, 29, 349, 1389, 0.8670275807380676
9, 30, 169, 1387, 0.6269285678863525
9, 31, 316, 1431, 0.15698274970054626
9, 32, 199, 1422, -0.13515573740005493
10, 0, 275, 154, -1.2471250295639038
10, 1, 294, 128, -1.1534414291381836
10, 2, 304, 128, -1.1539911031723022
10, 3, 313, 129, -1.1535742282867432
10, 4, 256, 130, -1.1693068742752075
10, 5, 244, 131, -1.1694780588150024
10, 6, 233, 134, -1.1705169677734375
10, 7, 331, 149, -0.6213722825050354
10, 8, 220, 153, -0.6731399297714233
10, 9, 300, 189, -1.046526312828064
10, 10, 252, 189, -1.0638227462768555
10, 11, 435, 336, -0.2530245780944824
10, 12, 122, 335, -0.48403945565223694
10, 13, 510, 568, -0.6700036525726318
10, 14, 57, 518, -0.9497247934341431
10, 15, 433, 522, -1.605672836303711
10, 16, 255, 514, -1.7544437646865845
10, 17, 455, 554, -1.7771259546279907
10, 18, 314, 514, -1.9354581832885742
10, 19, 448, 515, -1.7593162059783936
10, 20, 314, 466, -1.8771438598632812
10, 21, 406, 479, -1.6256468296051025
10, 22, 299, 470, -1.7474963665008545
10, 23, 375, 726, -0.009457661770284176
10, 24, 167, 725, 0.014637595042586327
10, 25, 360, 1026, -0.2190125733613968
10, 26, 173, 1015, -0.3356870114803314
10, 27, 364, 1317, 0.24594378471374512
10, 28, 181, 1311, -0.06761258095502853
10, 29, 367, 1361, 0.2538204491138458
10, 30, 179, 1359, -0.068288654088974
10, 31, 336, 1409, -0.42816799879074097
10, 32, 210, 1399, -0.7733126878738403
11, 0, 275, 154, -1.4252771139144897
11, 1, 294, 128, -1.337566614151001
11, 2, 304, 128, -1.3379693031311035
11, 3, 313, 129, -1.3376582860946655
11, 4, 256, 130, -1.344396710395813
11, 5, 244, 131, -1.3448153734207153
11, 6, 233, 134, -1.345763087272644
11, 7, 331, 148, -0.7834094762802124
11, 8, 220, 153, -0.7995332479476929
11, 9, 300, 189, -1.2162436246871948
11, 10, 253, 189, -1.2243218421936035
11, 11, 435, 336, -0.34874579310417175
11, 12, 122, 333, -0.5068854689598083
11, 13, 501, 559, -0.9646600484848022
11, 14, 43, 509, -1.0374631881713867
11, 15, 435, 499, -2.049694061279297
11, 16, 191, 508, -2.0419750213623047
11, 17, 448, 500, -2.236881732940674
11, 18, 225, 495, -2.244232177734375
11, 19, 421, 440, -2.2079570293426514
11, 20, 238, 465, -2.188671588897705
11, 21, 410, 441, -2.064183473587036
11, 22, 230, 465, -2.0398361682891846
11, 23, 376, 724, -0.014008216559886932
11, 24, 169, 722, 0.01905152201652527
11, 25, 368, 1014, -0.30114254355430603
11, 26, 181, 1000, -0.47899699211120605
11, 27, 381, 1307, 0.13521738350391388
11, 28, 192, 1299, -0.2204931676387787
11, 29, 383, 1351, 0.13845381140708923
11, 30, 191, 1347, -0.22422897815704346
11, 31, 355, 1400, -0.545395016670227
11, 32, 221, 1383, -0.9282552599906921
12, 0, 275, 154, -1.4106284379959106
12, 1, 294, 128, -1.3286932706832886
12, 2, 304, 128, -1.3290504217147827
12, 3, 313, 129, -1.328824758529663
12, 4, 256, 129, -1.3347313404083252
12, 5, 244, 131, -1.3349515199661255
12, 6, 233, 133, -1.3357770442962646
12, 7, 331, 148, -0.7904328107833862
12, 8, 220, 153, -0.8002452850341797
12, 9, 300, 189, -1.2072681188583374
12, 10, 253, 189, -1.214930772781372
12, 11, 435, 335, -0.37552303075790405
12, 12, 124, 324, -0.4826820492744446
12, 13, 498, 556, -0.990388035774231
12, 14, 35, 489, -1.009852647781372
12, 15, 427, 471, -2.0170435905456543
12, 16, 177, 499, -2.0612854957580566
12, 17, 402, 440, -2.1948750019073486
12, 18, 201, 480, -2.2647995948791504
12, 19, 393, 404, -2.1464836597442627
12, 20, 214, 450, -2.2093348503112793
12, 21, 391, 410, -2.020681858062744
12, 22, 208, 448, -2.0614094734191895
12, 23, 375, 715, -0.014524117112159729
12, 24, 171, 711, 0.01955270767211914
12, 25, 367, 1007, -0.21316909790039062
12, 26, 183, 988, -0.3488656282424927
12, 27, 381, 1296, 0.2649286985397339
12, 28, 193, 1285, -0.06129585951566696
12, 29, 384, 1338, 0.2722776234149933
12, 30, 192, 1332, -0.05979016423225403
12, 31, 353, 1387, -0.3986729085445404
12, 32, 220, 1369, -0.7492335438728333
13, 0, 275, 154, -1.133643388748169
13, 1, 294, 128, -1.0597751140594482
13, 2, 304, 128, -1.0599318742752075
13, 3, 313, 129, -1.059302568435669
13, 4, 257, 129, -1.0657732486724854
13, 5, 244, 131, -1.065509557723999
13, 6, 234, 133, -1.065995454788208
13, 7, 331, 148, -0.5662747025489807
13, 8, 220, 152, -0.5898073315620422
13, 9, 300, 189, -0.9474489092826843
13, 10, 253, 189, -0.9563166499137878
13, 11, 430, 329, -0.22868092358112335
13, 12, 126, 317, -0.3392847180366516
13, 13, 502, 538, -0.8738686442375183
13, 14, 37, 483, -0.9348708987236023
13, 15, 433, 423, -1.9075847864151
13, 16, 164, 464, -1.9810943603515625
13, 17, 403, 398, -2.0998589992523193
13, 18, 210, 441, -2.1772520542144775
13, 19, 395, 357, -2.0123016834259033
13, 20, 219, 408, -2.118124485015869
13, 21, 397, 364, -1.9003980159759521
13, 22, 212, 412, -1.9819591045379639
13, 23, 375, 708, -0.012103023007512093
13, 24, 172, 708, 0.01735107973217964
13, 25, 372, 1013, -0.1620243489742279
13, 26, 186, 997, -0.2781732976436615
13, 27, 385, 1301, 0.43093857169151306
13, 28, 205, 1291, 0.09218812733888626
13, 29, 390, 1344, 0.44508323073387146
13, 30, 202, 1336, 0.10556143522262573
13, 31, 363, 1390, -0.2330729067325592
13, 32, 240, 1375, -0.6183305978775024
14, 0, 275, 155, -1.0561972856521606
14, 1, 294, 128, -0.9763431549072266
14, 2, 304, 128, -0.9764025807380676
14, 3, 313, 129, -0.9757586717605591
14, 4, 257, 129, -0.9875267148017883
14, 5, 244, 131, -0.9870851635932922
14, 6, 233, 132, -0.9875051379203796
14, 7, 331, 148, -0.4747527241706848
14, 8, 219, 151, -0.5207838416099548
14, 9, 299, 189, -0.8690512776374817
14, 10, 252, 188, -0.8839317560195923
14, 11, 425, 323, -0.16811668872833252
14, 12, 128, 313, -0.3155312240123749
14, 13, 511, 529, -0.8402277231216431
14, 14, 38, 479, -0.9448131322860718
14, 15, 436, 387, -1.8313863277435303
14, 16, 162, 431, -1.9441341161727905
14, 17, 402, 363, -2.0254244804382324
14, 18, 213, 409, -2.138601064682007
14, 19, 388, 330, -1.9228284358978271
14, 20, 226, 376, -2.0686333179473877
14, 21, 392, 336, -1.8180036544799805
14, 22, 218, 380, -1.9399055242538452
14, 23, 376, 696, -0.005019570700824261
14, 24, 173, 699, 0.010474729351699352
14, 25, 379, 1010, -0.05916861444711685
14, 26, 193, 998, -0.2518652081489563
14, 27, 394, 1289, 0.4362214207649231
14, 28, 215, 1280, 0.17065396904945374
14, 29, 400, 1329, 0.4691268503665924
14, 30, 211, 1321, 0.18852874636650085
14, 31, 372, 1376, -0.19248159229755402
14, 32, 248, 1362, -0.5547709465026855
15, 0, 275, 155, -1.0738461017608643
15, 1, 294, 128, -0.9897812008857727
15, 2, 304, 129, -0.9898892641067505
15, 3, 313, 130, -0.9893190264701843
15, 4, 257, 130, -1.004095435142517
15, 5, 244, 131, -1.0037530660629272
15, 6, 233, 133, -1.0041999816894531
15, 7, 331, 148, -0.47673648595809937
15, 8, 219, 151, -0.5348476767539978
15, 9, 299, 190, -0.8827964663505554
15, 10, 252, 189, -0.9014127850532532
15, 11, 423, 322, -0.17023643851280212
15, 12, 130, 313, -0.35773056745529175
15, 13, 516, 510, -0.8885055780410767
15, 14, 38, 469, -1.0791244506835938
15, 15, 439, 378, -1.836195945739746
15, 16, 178, 388, -2.0350680351257324
15, 17, 409, 349, -2.019296169281006
15, 18, 227, 365, -2.227781057357788
15, 19, 391, 319, -1.8986972570419312
15, 20, 238, 339, -2.133129358291626
15, 21, 391, 328, -1.8152787685394287
15, 22, 230, 349, -2.0199344158172607
15, 23, 375, 691, -0.0015888584312051535
15, 24, 172, 694, 0.006949413567781448
15, 25, 378, 1009, -0.06010632589459419
15, 26, 192, 997, -0.23237331211566925
15, 27, 391, 1287, 0.46007847785949707
15, 28, 211, 1279, 0.1394239366054535
15, 29, 396, 1326, 0.47699418663978577
15, 30, 207, 1320, 0.1530773788690567
15, 31, 367, 1374, -0.18215449154376984
15, 32, 242, 1361, -0.5503084659576416
16, 0, 275, 156, -1.0889630317687988
16, 1, 294, 129, -1.0053517818450928
16, 2, 304, 129, -1.0054292678833008
16, 3, 313, 130, -1.004770278930664
16, 4, 256, 130, -1.0195733308792114
16, 5, 244, 132, -1.0192984342575073
16, 6, 233, 133, -1.019822120666504
16, 7, 331, 148, -0.4857223927974701
16, 8, 219, 151, -0.539816677570343
16, 9, 299, 190, -0.8955042958259583
16, 10, 252, 189, -0.9129248857498169
16, 11, 423, 321, -0.1722506284713745
16, 12, 132, 313, -0.3766212463378906
16, 13, 517, 500, -0.9227336049079895
16, 14, 40, 470, -1.1093769073486328
16, 15, 436, 373, -1.8926693201065063
16, 16, 187, 367, -2.027404546737671
16, 17, 404, 345, -2.079456090927124
16, 18, 232, 341, -2.2172741889953613
16, 19, 385, 313, -1.950138807296753
16, 20, 243, 317, -2.1198606491088867
16, 21, 386, 324, -1.870427131652832
16, 22, 234, 328, -2.010430335998535
16, 23, 375, 688, 0.0005963631556369364
16, 24, 172, 691, 0.004607382230460644
16, 25, 379, 1006, -0.010684766806662083
16, 26, 191, 995, -0.164235919713974
16, 27, 393, 1281, 0.5421558618545532
16, 28, 212, 1271, 0.21820728480815887
16, 29, 399, 1319, 0.5578312277793884
16, 30, 208, 1311, 0.23766808211803436
16, 31, 371, 1367, -0.0908316820859909
16, 32, 243, 1354, -0.44332751631736755
17, 0, 275, 156, -1.04148530960083
17, 1, 294, 129, -0.9584490060806274
17, 2, 304, 129, -0.9584906697273254
17, 3, 313, 130, -0.9578585624694824
17, 4, 256, 130, -0.9679610133171082
17, 5, 244, 132, -0.9675980806350708
17, 6, 233, 133, -0.9681037068367004
17, 7, 331, 148, -0.46224308013916016
17, 8, 218, 151, -0.4966251850128174
17, 9, 299, 190, -0.8592519760131836
17, 10, 252, 189, -0.8709092140197754
17, 11, 423, 319, -0.16721922159194946
17, 12, 133, 312, -0.33173131942749023
17, 13, 517, 497, -0.877794086933136
17, 14, 40, 471, -1.021885871887207
17, 15, 434, 370, -1.7972103357315063
17, 16, 182, 369, -1.9101336002349854
17, 17, 401, 338, -1.9740769863128662
17, 18, 226, 337, -2.092104911804199
17, 19, 384, 308, -1.8658615350723267
17, 20, 236, 311, -2.0178892612457275
17, 21, 385, 317, -1.7769159078598022
17, 22, 229, 321, -1.897810697555542
17, 23, 375, 682, -0.000491706479806453
17, 24, 172, 685, 0.005613585002720356
17, 25, 378, 999, -0.022320348769426346
17, 26, 191, 989, -0.11807191371917725
17, 27, 391, 1273, 0.5149030685424805
17, 28, 210, 1262, 0.24146409332752228
17, 29, 396, 1311, 0.5301696062088013
17, 30, 207, 1302, 0.2591736912727356
17, 31, 368, 1359, -0.11302725970745087
17, 32, 241, 1345, -0.4081403315067291
18, 0, 275, 156, -0.9257757067680359
18, 1, 294, 129, -0.8428024053573608
18, 2, 303, 129, -0.8428199887275696
18, 3, 313, 130, -0.8422296643257141
18, 4, 256, 131, -0.8553961515426636
18, 5, 244, 132, -0.8550364375114441
18, 6, 233, 133, -0.8555728197097778
18, 7, 331, 148, -0.35333698987960815
18, 8, 218, 151, -0.40032345056533813
18, 9, 299, 190, -0.7454310655593872
18, 10, 253, 190, -0.7606188058853149
18, 11, 423, 317, -0.06606432050466537
18, 12, 134, 309, -0.26495450735092163
18, 13, 517, 497, -0.8044434785842896
18, 14, 40, 473, -1.0030688047409058
18, 15, 433, 370, -1.7852987051010132
18, 16, 182, 357, -1.8673404455184937
18, 17, 399, 343, -1.9517675638198853
18, 18, 227, 325, -2.042149543762207
18, 19, 384, 308, -1.7685638666152954
18, 20, 235, 299, -1.8970012664794922
18, 21, 386, 315, -1.7177789211273193
18, 22, 228, 310, -1.8167502880096436
18, 23, 375, 676, 0.00924435630440712
18, 24, 172, 678, -0.00409225607290864
18, 25, 378, 990, -0.02504653111100197
18, 26, 190, 979, -0.15777592360973358
18, 27, 391, 1262, 0.4719223380088806
18, 28, 208, 1251, 0.14903484284877777
18, 29, 397, 1299, 0.4834451675415039
18, 30, 205, 1291, 0.16181963682174683
18, 31, 367, 1346, -0.15297460556030273
18, 32, 239, 1333, -0.4989052712917328
19, 0, 274, 156, -1.0213892459869385
19, 1, 293, 129, -0.9359594583511353
19, 2, 303, 129, -0.9363510012626648
19, 3, 313, 130, -0.9361823201179504
19, 4, 256, 130, -0.9537225961685181
19, 5, 244, 132, -0.9533275365829468
19, 6, 233, 133, -0.9540002942085266
19, 7, 331, 147, -0.3911588490009308
19, 8, 218, 150, -0.4734314978122711
19, 9, 299, 190, -0.8183838725090027
19, 10, 252, 190, -0.8449583053588867
19, 11, 423, 316, -0.19246788322925568
19, 12, 134, 309, -0.29653412103652954
19, 13, 515, 497, -0.9302190542221069
19, 14, 46, 475, -1.0311744213104248
19, 15, 422, 370, -1.8276287317276
19, 16, 183, 354, -1.8920644521713257
19, 17, 381, 336, -1.9878164529800415
19, 18, 226, 319, -2.067348003387451
19, 19, 365, 303, -1.843388319015503
19, 20, 233, 294, -1.9480997323989868
19, 21, 371, 314, -1.7938880920410156
19, 22, 227, 308, -1.8657300472259521
19, 23, 375, 674, 0.006649384740740061
19, 24, 172, 677, -0.0015041462611407042
19, 25, 378, 986, -0.026849770918488503
19, 26, 190, 975, -0.18502452969551086
19, 27, 391, 1258, 0.4829180836677551
19, 28, 207, 1249, 0.14853310585021973
19, 29, 396, 1297, 0.49683889746665955
19, 30, 204, 1291, 0.1635170727968216
19, 31, 367, 1343, -0.14682519435882568
19, 32, 238, 1329, -0.5116117596626282
20, 0, 274, 156, -1.044891119003296
20, 1, 293, 128, -0.9659152030944824
20, 2, 303, 129, -0.9659732580184937
20, 3, 312, 130, -0.9653704762458801
20, 4, 256, 130, -0.9759150743484497
20, 5, 244, 132, -0.9757241010665894
20, 6, 232, 133, -0.9762879610061646
20, 7, 331, 147, -0.4597620964050293
20, 8, 218, 150, -0.5158114433288574
20, 9, 299, 190, -0.8623995780944824
20, 10, 252, 189, -0.8767209053039551
20, 11, 423, 316, -0.2120809555053711
20, 12, 134, 308, -0.32999998331069946
20, 13, 507, 494, -0.9399104118347168
20, 14, 47, 475, -1.0593836307525635
20, 15, 399, 373, -1.7771915197372437
20, 16, 196, 348, -1.860050916671753
20, 17, 345, 322, -1.9390653371810913
20, 18, 241, 315, -2.0432655811309814
20, 19, 334, 293, -1.7996633052825928
20, 20, 247, 296, -1.9051748514175415
20, 21, 347, 314, -1.753565788269043
20, 22, 241, 310, -1.8535254001617432
20, 23, 373, 675, 0.010538059286773205
20, 24, 169, 677, -0.005551899317651987
20, 25, 375, 987, -0.024843167513608932
20, 26, 189, 973, -0.22781889140605927
20, 27, 389, 1258, 0.48907169699668884
20, 28, 203, 1248, 0.10745614767074585
20, 29, 395, 1298, 0.5032745599746704
20, 30, 199, 1290, 0.12188180536031723
20, 31, 364, 1345, -0.1422400176525116
20, 32, 233, 1329, -0.55144202709198
21, 0, 274, 156, -1.179398536682129
21, 1, 293, 128, -1.1046149730682373
21, 2, 303, 129, -1.1047465801239014
21, 3, 312, 130, -1.1040960550308228
21, 4, 256, 130, -1.113065481185913
21, 5, 243, 132, -1.113116979598999
21, 6, 232, 132, -1.113797903060913
21, 7, 330, 147, -0.602581262588501
21, 8, 217, 150, -0.6363881826400757
21, 9, 298, 190, -0.9887693524360657
21, 10, 252, 189, -0.9994953274726868
21, 11, 423, 318, -0.2591373026371002
21, 12, 134, 308, -0.41360488533973694
21, 13, 491, 494, -0.9517254829406738
21, 14, 48, 475, -1.0699599981307983
21, 15, 401, 390, -1.8851792812347412
21, 16, 192, 369, -1.9385610818862915
21, 17, 362, 355, -2.0425868034362793
21, 18, 235, 335, -2.1158154010772705
21, 19, 353, 325, -1.9339606761932373
21, 20, 242, 312, -2.0109949111938477
21, 21, 346, 333, -1.8680378198623657
21, 22, 236, 326, -1.9211740493774414
21, 23, 368, 678, 0.014049855060875416
21, 24, 164, 678, -0.009402751922607422
21, 25, 362, 989, -0.028355494141578674
21, 26, 178, 973, -0.29343196749687195
21, 27, 375, 1262, 0.48752737045288086
21, 28, 187, 1252, 0.07403234392404556
21, 29, 379, 1302, 0.5017432570457458
21, 30, 182, 1294, 0.08834920078516006
21, 31, 351, 1349, -0.1567445993423462
21, 32, 220, 1334, -0.6133540868759155
22, 0, 274, 156, -1.1738511323928833
22, 1, 293, 128, -1.0980703830718994
22, 2, 303, 129, -1.0981535911560059
22, 3, 312, 130, -1.0975357294082642
22, 4, 256, 130, -1.1102490425109863
22, 5, 243, 131, -1.1101840734481812
22, 6, 232, 132, -1.1108806133270264
22, 7, 331, 147, -0.5950438380241394
22, 8, 217, 149, -0.6431237459182739
22, 9, 298, 190, -0.9830532073974609
22, 10, 251, 189, -0.997584342956543
22, 11, 423, 321, -0.25030869245529175
22, 12, 133, 308, -0.4465438723564148
22, 13, 505, 538, -0.9129149317741394
22, 14, 41, 476, -1.0827850103378296
22, 15, 389, 392, -1.8808352947235107
22, 16, 190, 383, -1.9521713256835938
22, 17, 346, 367, -2.0532472133636475
22, 18, 231, 355, -2.131671190261841
22, 19, 361, 332, -1.958553671836853
22, 20, 240, 332, -2.0414586067199707
22, 21, 344, 344, -1.8707287311553955
22, 22, 236, 342, -1.9342625141143799
22, 23, 364, 678, 0.030905168503522873
22, 24, 156, 679, -0.026409631595015526
22, 25, 353, 991, 0.0583503320813179
22, 26, 166, 972, -0.27169618010520935
22, 27, 361, 1263, 0.624654233455658
22, 28, 170, 1251, 0.10298751294612885
22, 29, 365, 1302, 0.6420155167579651
22, 30, 163, 1292, 0.12722431123256683
22, 31, 334, 1351, -0.01232980564236641
22, 32, 201, 1335, -0.6050786375999451
23, 0, 274, 156, -1.2774345874786377
23, 1, 294, 128, -1.1973683834075928
23, 2, 304, 129, -1.197421669960022
23, 3, 314, 130, -1.1968356370925903
23, 4, 257, 130, -1.2101460695266724
23, 5, 244, 131, -1.2101893424987793
23, 6, 233, 132, -1.2109352350234985
23, 7, 333, 148, -0.6796159744262695
23, 8, 218, 149, -0.7315881848335266
23, 9, 299, 190, -1.0817816257476807
23, 10, 252, 189, -1.098289132118225
23, 11, 426, 324, -0.32547688484191895
23, 12, 131, 309, -0.5002739429473877
23, 13, 508, 567, -0.9690347909927368
23, 14, 29, 477, -1.1057530641555786
23, 15, 389, 428, -1.9718139171600342
23, 16, 177, 385, -2.0019705295562744
23, 17, 347, 406, -2.143017053604126
23, 18, 227, 363, -2.1844987869262695
23, 19, 353, 362, -2.0546696186065674
23, 20, 239, 336, -2.0912065505981445
23, 21, 349, 372, -1.9613940715789795
23, 22, 230, 347, -1.982264518737793
23, 23, 364, 684, 0.027337059378623962
23, 24, 154, 680, -0.02280314639210701
23, 25, 351, 995, 0.037034522742033005
23, 26, 158, 974, -0.31246328353881836
23, 27, 356, 1268, 0.6065658330917358
23, 28, 163, 1252, 0.10867060720920563
23, 29, 360, 1309, 0.6228232979774475
23, 30, 158, 1294, 0.12897060811519623
23, 31, 331, 1355, -0.04466075450181961
23, 32, 195, 1335, -0.6032432317733765
24, 0, 276, 156, -1.2862788438796997
24, 1, 295, 128, -1.2075092792510986
24, 2, 305, 129, -1.2075674533843994
24, 3, 316, 130, -1.2069989442825317
24, 4, 258, 130, -1.2243046760559082
24, 5, 245, 131, -1.2243247032165527
24, 6, 234, 132, -1.2250571250915527
24, 7, 336, 147, -0.6867209076881409
24, 8, 218, 149, -0.7574151754379272
24, 9, 300, 190, -1.088647723197937
24, 10, 253, 189, -1.1102714538574219
24, 11, 429, 325, -0.31226199865341187
24, 12, 131, 307, -0.521948516368866
24, 13, 494, 541, -0.9358690977096558
24, 14, 28, 477, -1.093871831893921
24, 15, 393, 446, -1.9671556949615479
24, 16, 176, 391, -2.0014822483062744
24, 17, 356, 430, -2.1509861946105957
24, 18, 226, 380, -2.1861300468444824
24, 19, 356, 391, -2.079941987991333
24, 20, 237, 344, -2.105985403060913
24, 21, 359, 392, -1.965325951576233
24, 22, 229, 348, -1.9860222339630127
24, 23, 364, 686, 0.03003193810582161
24, 24, 154, 681, -0.02553858980536461
24, 25, 351, 996, 0.03385349363088608
24, 26, 156, 975, -0.31429094076156616
24, 27, 355, 1269, 0.6044459939002991
24, 28, 163, 1254, 0.11578889191150665
24, 29, 359, 1309, 0.6200839281082153
24, 30, 158, 1296, 0.1346442550420761
24, 31, 331, 1355, -0.05248770862817764
24, 32, 195, 1337, -0.5978131294250488
25, 0, 277, 156, -1.2752307653427124
25, 1, 296, 128, -1.193422555923462
25, 2, 306, 129, -1.1935303211212158
25, 3, 318, 130, -1.1929857730865479
25, 4, 259, 130, -1.20882248878479
25, 5, 247, 131, -1.2088415622711182
25, 6, 236, 132, -1.2095385789871216
25, 7, 338, 147, -0.6670467257499695
25, 8, 219, 149, -0.7317253947257996
25, 9, 302, 190, -1.0759586095809937
25, 10, 255, 189, -1.0960843563079834
25, 11, 433, 327, -0.30205151438713074
25, 12, 130, 307, -0.49696117639541626
25, 13, 501, 583, -0.9308821558952332
25, 14, 27, 478, -1.0868208408355713
25, 15, 412, 453, -1.9749212265014648
25, 16, 173, 401, -1.9724136590957642
25, 17, 358, 434, -2.165067195892334
25, 18, 224, 388, -2.155597448348999
25, 19, 365, 394, -2.098893404006958
25, 20, 235, 346, -2.081768274307251
25, 21, 376, 396, -1.9755665063858032
25, 22, 226, 350, -1.9600324630737305
25, 23, 363, 692, 0.029771989211440086
25, 24, 155, 683, -0.025296470150351524
25, 25, 347, 998, 0.002464055782184005
25, 26, 152, 976, -0.30777257680892944
25, 27, 349, 1272, 0.5368420481681824
25, 28, 159, 1255, 0.09500468522310257
25, 29, 352, 1314, 0.5498620271682739
25, 30, 154, 1297, 0.1095539927482605
25, 31, 322, 1357, -0.12437846511602402
25, 32, 190, 1338, -0.6102744936943054
26, 0, 278, 157, -1.251417875289917
26, 1, 297, 129, -1.1706147193908691
26, 2, 307, 129, -1.170714259147644
26, 3, 319, 130, -1.1701613664627075
26, 4, 261, 130, -1.1854780912399292
26, 5, 248, 131, -1.1854431629180908
26, 6, 238, 132, -1.1861170530319214
26, 7, 339, 148, -0.654415488243103
26, 8, 220, 149, -0.717392086982727
26, 9, 302, 191, -1.0569288730621338
26, 10, 256, 190, -1.0739202499389648
26, 11, 433, 327, -0.2717021107673645
26, 12, 130, 305, -0.48751163482666016
26, 13, 496, 533, -0.9272671937942505
26, 14, 27, 478, -1.0708884000778198
26, 15, 420, 445, -2.0193276405334473
26, 16, 173, 406, -1.9568233489990234
26, 17, 365, 429, -2.2212626934051514
26, 18, 223, 392, -2.142897844314575
26, 19, 366, 387, -2.155442237854004
26, 20, 234, 347, -2.0620675086975098
26, 21, 377, 388, -2.0227670669555664
26, 22, 225, 353, -1.94534432888031
26, 23, 363, 688, 0.033766817301511765
26, 24, 155, 679, -0.02937958762049675
26, 25, 347, 987, 0.0008091977797448635
26, 26, 155, 966, -0.2825009822845459
26, 27, 351, 1260, 0.509931206703186
26, 28, 160, 1241, 0.10705240070819855
26, 29, 355, 1300, 0.5225863456726074
26, 30, 156, 1282, 0.12260954082012177
26, 31, 325, 1344, -0.1347237527370453
26, 32, 191, 1325, -0.6070941090583801
27, 0, 279, 158, -1.3495323657989502
27, 1, 298, 129, -1.269977331161499
27, 2, 308, 130, -1.2700093984603882
27, 3, 321, 131, -1.2694642543792725
27, 4, 263, 130, -1.2858283519744873
27, 5, 250, 131, -1.2857623100280762
27, 6, 239, 132, -1.286332368850708
27, 7, 341, 148, -0.7339829802513123
27, 8, 221, 148, -0.799911379814148
27, 9, 302, 192, -1.1450998783111572
27, 10, 256, 190, -1.1653672456741333
27, 11, 431, 326, -0.34585118293762207
27, 12, 130, 305, -0.5330685377120972
27, 13, 500, 511, -1.0319956541061401
27, 14, 27, 479, -1.1317944526672363
27, 15, 421, 425, -2.1374351978302
27, 16, 172, 407, -2.0668251514434814
27, 17, 368, 399, -2.334961414337158
27, 18, 223, 391, -2.2560524940490723
27, 19, 365, 366, -2.243372678756714
27, 20, 234, 350, -2.1755495071411133
27, 21, 371, 370, -2.1286184787750244
27, 22, 225, 356, -2.0514020919799805
27, 23, 363, 687, 0.028399918228387833
27, 24, 155, 679, -0.024051738902926445
27, 25, 348, 987, -0.00045436774962581694
27, 26, 157, 967, -0.2674109637737274
27, 27, 353, 1260, 0.5155092477798462
27, 28, 162, 1243, 0.1238948255777359
27, 29, 356, 1300, 0.5291181206703186
27, 30, 157, 1284, 0.14094828069210052
27, 31, 327, 1346, -0.1250612586736679
27, 32, 195, 1326, -0.5729774236679077
28, 0, 280, 160, -1.514841079711914
28, 1, 299, 132, -1.435742974281311
28, 2, 309, 132, -1.4356248378753662
28, 3, 322, 133, -1.4351099729537964
28, 4, 264, 131, -1.4463269710540771
28, 5, 251, 132, -1.446209192276001
28, 6, 241, 132, -1.4465795755386353
28, 7, 341, 151, -0.8837271928787231
28, 8, 221, 148, -0.9259611368179321
28, 9, 303, 194, -1.302931547164917
28, 10, 257, 191, -1.3167665004730225
28, 11, 429, 326, -0.47369593381881714
28, 12, 129, 305, -0.6119436025619507
28, 13, 512, 504, -1.1909239292144775
28, 14, 25, 482, -1.2328613996505737
28, 15, 428, 402, -2.2704849243164062
28, 16, 171, 404, -2.2230684757232666
28, 17, 376, 369, -2.463278293609619
28, 18, 223, 384, -2.419576406478882
28, 19, 366, 342, -2.346252918243408
28, 20, 234, 347, -2.32983136177063
28, 21, 371, 350, -2.2504210472106934
28, 22, 224, 353, -2.206169605255127
28, 23, 363, 687, 0.007547441869974136
28, 24, 155, 681, -0.0028402027674019337
28, 25, 352, 993, -0.030444908887147903
28, 26, 162, 975, -0.2660415470600128
28, 27, 356, 1268, 0.5182620286941528
28, 28, 165, 1253, 0.12974956631660461
28, 29, 358, 1311, 0.5325586795806885
28, 30, 159, 1299, 0.14899440109729767
28, 31, 332, 1355, -0.1393386721611023
28, 32, 198, 1337, -0.5686069130897522
29, 0, 283, 163, -1.422428846359253
29, 1, 301, 133, -1.3454258441925049
29, 2, 311, 134, -1.34528648853302
29, 3, 323, 135, -1.3447563648223877
29, 4, 267, 132, -1.3574244976043701
29, 5, 254, 132, -1.357240915298462
29, 6, 242, 132, -1.3576228618621826
29, 7, 342, 153, -0.8187028169631958
29, 8, 221, 148, -0.8669878840446472
29, 9, 304, 196, -1.2203633785247803
29, 10, 259, 192, -1.235838532447815
29, 11, 426, 325, -0.4292946755886078
29, 12, 128, 305, -0.5853209495544434
29, 13, 517, 498, -1.114593744277954
29, 14, 24, 485, -1.1987181901931763
29, 15, 434, 391, -2.141441583633423
29, 16, 172, 397, -2.1347970962524414
29, 17, 389, 359, -2.326880931854248
29, 18, 224, 372, -2.3202273845672607
29, 19, 372, 329, -2.211570978164673
29, 20, 234, 339, -2.2306411266326904
29, 21, 375, 337, -2.121453285217285
29, 22, 226, 346, -2.1178765296936035
29, 23, 364, 688, 0.002246769843623042
29, 24, 155, 683, 0.002952654380351305
29, 25, 352, 1001, -0.0880565419793129
29, 26, 162, 985, -0.2649901509284973
29, 27, 356, 1281, 0.45466527342796326
29, 28, 165, 1266, 0.1147758960723877
29, 29, 358, 1327, 0.46781134605407715
29, 30, 159, 1315, 0.1313120573759079
29, 31, 332, 1368, -0.21030227839946747
29, 32, 198, 1350, -0.5887196063995361
30, 0, 284, 163, -1.4153081178665161
30, 1, 301, 134, -1.3374130725860596
30, 2, 312, 135, -1.3372119665145874
30, 3, 323, 137, -1.3366371393203735
30, 4, 268, 132, -1.3479108810424805
30, 5, 255, 132, -1.347710371017456
30, 6, 243, 132, -1.3479903936386108
30, 7, 342, 154, -0.8117688894271851
30, 8, 221, 148, -0.8553292155265808
30, 9, 304, 197, -1.2140655517578125
30, 10, 260, 192, -1.2281930446624756
30, 11, 422, 323, -0.42756184935569763
30, 12, 128, 305, -0.5723497867584229
30, 13, 518, 498, -1.1182221174240112
30, 14, 24, 486, -1.1934646368026733
30, 15, 438, 386, -2.1443350315093994
30, 16, 172, 395, -2.1454615592956543
30, 17, 400, 357, -2.3347690105438232
30, 18, 223, 369, -2.3330118656158447
30, 19, 382, 323, -2.2089529037475586
30, 20, 234, 336, -2.2411551475524902
30, 21, 385, 331, -2.1226305961608887
30, 22, 225, 343, -2.1299195289611816
30, 23, 366, 689, -0.004477418959140778
30, 24, 157, 686, 0.010240490548312664
30, 25, 356, 1009, -0.14995983242988586
30, 26, 168, 995, -0.26909297704696655
30, 27, 359, 1294, 0.38889431953430176
30, 28, 170, 1282, 0.085106261074543
30, 29, 362, 1342, 0.40044236183166504
30, 30, 162, 1332, 0.0986342579126358
30, 31, 336, 1380, -0.2930820882320404
30, 32, 203, 1365, -0.636010468006134
31, 0, 285, 163, -1.3397910594940186
31, 1, 302, 134, -1.2589325904846191
31, 2, 313, 135, -1.2585992813110352
31, 3, 324, 137, -1.2579071521759033
31, 4, 269, 132, -1.2734062671661377
31, 5, 256, 132, -1.2731056213378906
31, 6, 244, 132, -1.273298978805542
31, 7, 342, 154, -0.7403495907783508
31, 8, 221, 147, -0.8029599189758301
31, 9, 305, 196, -1.1426961421966553
31, 10, 261, 192, -1.161942958831787
31, 11, 422, 322, -0.3815626800060272
31, 12, 128, 305, -0.5508861541748047
31, 13, 520, 499, -1.1066224575042725
31, 14, 24, 495, -1.1702759265899658
31, 15, 441, 387, -2.1233768463134766
31, 16, 175, 388, -2.1058878898620605
31, 17, 404, 358, -2.3265573978424072
31, 18, 229, 360, -2.293292284011841
31, 19, 390, 323, -2.160994052886963
31, 20, 238, 329, -2.210740089416504
31, 21, 393, 330, -2.0900261402130127
31, 22, 229, 337, -2.0912680625915527
31, 23, 369, 689, -0.003621751442551613
31, 24, 160, 687, 0.009803780354559422
31, 25, 363, 1008, -0.12399943917989731
31, 26, 174, 995, -0.261574387550354
31, 27, 365, 1292, 0.40067148208618164
31, 28, 173, 1279, 0.09693898260593414
31, 29, 368, 1338, 0.41237664222717285
31, 30, 164, 1328, 0.11243760585784912
31, 31, 341, 1378, -0.2773977220058441
31, 32, 204, 1363, -0.6206404566764832
32, 0, 286, 162, -1.3697245121002197
32, 1, 303, 134, -1.291407585144043
32, 2, 314, 135, -1.2911295890808105
32, 3, 324, 136, -1.2904002666473389
32, 4, 270, 132, -1.3006060123443604
32, 5, 256, 132, -1.3003559112548828
32, 6, 244, 132, -1.300624132156372
32, 7, 342, 154, -0.7682881355285645
32, 8, 221, 147, -0.8055024147033691
32, 9, 306, 196, -1.1707406044006348
32, 10, 262, 192, -1.182172417640686
32, 11, 422, 321, -0.40808647871017456
32, 12, 128, 305, -0.547446608543396
32, 13, 519, 500, -1.1121890544891357
32, 14, 24, 500, -1.1766173839569092
32, 15, 440, 390, -2.1369614601135254
32, 16, 178, 384, -2.1216180324554443
32, 17, 404, 361, -2.3311142921447754
32, 18, 231, 355, -2.3085803985595703
32, 19, 390, 324, -2.194883346557617
32, 20, 240, 325, -2.218886613845825
32, 21, 392, 333, -2.1134815216064453
32, 22, 231, 334, -2.106599807739258
32, 23, 376, 690, -0.010994082316756248
32, 24, 163, 690, 0.017344173043966293
32, 25, 374, 1011, -0.12187592685222626
32, 26, 184, 999, -0.2041345089673996
32, 27, 379, 1295, 0.5128157734870911
32, 28, 185, 1282, 0.22290284931659698
32, 29, 383, 1341, 0.531904935836792
32, 30, 175, 1331, 0.24640361964702606
32, 31, 355, 1382, -0.16697832942008972
32, 32, 217, 1366, -0.4911321699619293
33, 0, 286, 161, -1.3093241453170776
33, 1, 303, 133, -1.229624629020691
33, 2, 314, 134, -1.2295421361923218
33, 3, 324, 136, -1.228762149810791
33, 4, 269, 131, -1.2387559413909912
33, 5, 256, 131, -1.238577127456665
33, 6, 244, 131, -1.2391071319580078
33, 7, 342, 153, -0.7071655988693237
33, 8, 221, 147, -0.7407116889953613
33, 9, 305, 195, -1.1124522686004639
33, 10, 261, 191, -1.1232900619506836
33, 11, 423, 322, -0.3781713545322418
33, 12, 127, 306, -0.5248708128929138
33, 13, 506, 499, -1.0822672843933105
33, 14, 29, 498, -1.1723195314407349
33, 15, 419, 392, -2.108407497406006
33, 16, 178, 386, -2.122929096221924
33, 17, 378, 363, -2.2991831302642822
33, 18, 231, 358, -2.3134512901306152
33, 19, 365, 326, -2.178016185760498
33, 20, 239, 328, -2.2208356857299805
33, 21, 371, 335, -2.089860439300537
33, 22, 231, 337, -2.1064000129699707
33, 23, 373, 691, -0.010858071967959404
33, 24, 161, 690, 0.017045261338353157
33, 25, 371, 1011, 0.033623479306697845
33, 26, 180, 998, -0.15127752721309662
33, 27, 379, 1292, 0.6839398741722107
33, 28, 185, 1276, 0.3409924805164337
33, 29, 383, 1336, 0.7066128253936768
33, 30, 176, 1321, 0.36960166692733765
33, 31, 354, 1378, 0.033232346177101135
33, 32, 217, 1360, -0.3459084630012512
34, 0, 284, 158, -1.373776912689209
34, 1, 303, 130, -1.2869268655776978
34, 2, 313, 131, -1.2870287895202637
34, 3, 324, 133, -1.2863671779632568
34, 4, 267, 130, -1.297288179397583
34, 5, 254, 130, -1.2973862886428833
34, 6, 242, 131, -1.2980411052703857
34, 7, 342, 151, -0.7447472214698792
34, 8, 221, 146, -0.783312201499939
34, 9, 305, 194, -1.170332431793213
34, 10, 259, 190, -1.1831358671188354
34, 11, 425, 326, -0.3821660876274109
34, 12, 127, 307, -0.5411389470100403
34, 13, 511, 547, -1.0759212970733643
34, 14, 33, 497, -1.1696860790252686
34, 15, 420, 422, -2.103264570236206
34, 16, 179, 387, -2.114030361175537
34, 17, 379, 388, -2.276245355606079
34, 18, 231, 360, -2.3026649951934814
34, 19, 370, 350, -2.168302297592163
34, 20, 239, 330, -2.208775043487549
34, 21, 374, 358, -2.078824520111084
34, 22, 231, 338, -2.096219778060913
34, 23, 370, 694, -0.010323934257030487
34, 24, 159, 691, 0.01603330299258232
34, 25, 360, 1013, 0.011579873040318489
34, 26, 169, 997, -0.2239568680524826
34, 27, 365, 1293, 0.6222344636917114
34, 28, 175, 1277, 0.2987394630908966
34, 29, 369, 1337, 0.6413689851760864
34, 30, 169, 1322, 0.33007991313934326
34, 31, 341, 1379, -0.03484364598989487
34, 32, 209, 1363, -0.4350318908691406
35, 0, 284, 157, -1.3645730018615723
35, 1, 303, 128, -1.2800546884536743
35, 2, 313, 129, -1.2801061868667603
35, 3, 324, 130, -1.2794604301452637
35, 4, 267, 129, -1.2908706665039062
35, 5, 254, 130, -1.2909002304077148
35, 6, 242, 130, -1.2915040254592896
35, 7, 342, 149, -0.7425879240036011
35, 8, 221, 146, -0.7829375267028809
35, 9, 305, 193, -1.162809133529663
35, 10, 259, 190, -1.1761462688446045
35, 11, 428, 327, -0.35678616166114807
35, 12, 127, 308, -0.5392749309539795
35, 13, 515, 577, -0.9981592297554016
35, 14, 33, 497, -1.1646820306777954
35, 15, 420, 442, -2.083590507507324
35, 16, 178, 395, -2.108959913253784
35, 17, 378, 407, -2.2634775638580322
35, 18, 230, 367, -2.298065423965454
35, 19, 373, 366, -2.163076400756836
35, 20, 239, 335, -2.207935333251953
35, 21, 378, 376, -2.0712509155273438
35, 22, 229, 342, -2.0925424098968506
35, 23, 369, 699, 0.0007306154002435505
35, 24, 157, 694, 0.004760275594890118
35, 25, 354, 1019, 0.027049217373132706
35, 26, 160, 1001, -0.22355036437511444
35, 27, 356, 1298, 0.6579446792602539
35, 28, 167, 1280, 0.2709471881389618
35, 29, 360, 1343, 0.6778030395507812
35, 30, 162, 1325, 0.2964046597480774
35, 31, 331, 1383, -0.013107433915138245
35, 32, 201, 1366, -0.45099276304244995
36, 0, 284, 157, -1.317964792251587
36, 1, 303, 127, -1.2351717948913574
36, 2, 314, 128, -1.2352075576782227
36, 3, 325, 129, -1.2345553636550903
36, 4, 267, 129, -1.247070074081421
36, 5, 254, 130, -1.2470356225967407
36, 6, 242, 130, -1.247612714767456
36, 7, 343, 148, -0.7032461166381836
36, 8, 221, 146, -0.7501378059387207
36, 9, 306, 193, -1.1176517009735107
36, 10, 259, 190, -1.1324902772903442
36, 11, 432, 327, -0.3178439438343048
36, 12, 127, 308, -0.5094841718673706
36, 13, 520, 594, -0.9410926103591919
36, 14, 32, 497, -1.1214967966079712
36, 15, 420, 453, -2.015373468399048
36, 16, 177, 401, -2.10441255569458
36, 17, 378, 418, -2.1995811462402344
36, 18, 230, 374, -2.29190993309021
36, 19, 379, 378, -2.108339309692383
36, 20, 238, 339, -2.2023978233337402
36, 21, 383, 387, -2.0077455043792725
36, 22, 228, 345, -2.0874664783477783
36, 23, 370, 705, 0.008888163603842258
36, 24, 157, 699, -0.003223999170586467
36, 25, 354, 1028, 0.03346196189522743
36, 26, 159, 1008, -0.2472502887248993
36, 27, 356, 1309, 0.6624587774276733
36, 28, 167, 1290, 0.24671781063079834
36, 29, 360, 1355, 0.681472659111023
36, 30, 162, 1335, 0.26930537819862366
36, 31, 331, 1393, -0.01670180819928646
36, 32, 201, 1377, -0.4605478346347809
37, 0, 285, 156, -1.273714303970337
37, 1, 303, 127, -1.1940319538116455
37, 2, 314, 127, -1.1940478086471558
37, 3, 325, 128, -1.1934137344360352
37, 4, 267, 129, -1.2074697017669678
37, 5, 254, 130, -1.2073242664337158
37, 6, 242, 130, -1.2078742980957031
37, 7, 343, 147, -0.6746183633804321
37, 8, 221, 146, -0.7295156717300415
37, 9, 307, 192, -1.077533483505249
37, 10, 259, 190, -1.094537377357483
37, 11, 433, 327, -0.29587340354919434
37, 12, 127, 307, -0.4924616813659668
37, 13, 520, 598, -0.8925307989120483
37, 14, 32, 497, -1.0947201251983643
37, 15, 420, 452, -1.9403655529022217
37, 16, 177, 403, -2.0612595081329346
37, 17, 378, 416, -2.1226346492767334
37, 18, 229, 377, -2.243800163269043
37, 19, 380, 378, -2.033785820007324
37, 20, 238, 342, -2.1589179039001465
37, 21, 384, 386, -1.9327770471572876
37, 22, 228, 346, -2.0463786125183105
37, 23, 370, 705, 0.0146563071757555
37, 24, 157, 699, -0.009091966785490513
37, 25, 352, 1026, 0.02260526642203331
37, 26, 157, 1007, -0.24691438674926758
37, 27, 354, 1307, 0.6539500951766968
37, 28, 166, 1290, 0.23687760531902313
37, 29, 358, 1353, 0.6758745908737183
37, 30, 161, 1334, 0.25574982166290283
37, 31, 329, 1393, -0.029643312096595764
37, 32, 200, 1376, -0.46198493242263794
38, 0, 285, 156, -1.2509976625442505
38, 1, 303, 127, -1.173926830291748
38, 2, 314, 127, -1.1739178895950317
38, 3, 325, 128, -1.1732996702194214
38, 4, 267, 129, -1.1902542114257812
38, 5, 254, 129, -1.1901071071624756
38, 6, 242, 130, -1.1906955242156982
38, 7, 343, 147, -0.6574103832244873
38, 8, 221, 145, -0.7241758704185486
38, 9, 307, 192, -1.0550529956817627
38, 10, 260, 190, -1.075620412826538
38, 11, 433, 327, -0.28064244985580444
38, 12, 127, 306, -0.495328426361084
38, 13, 520, 585, -0.8947303891181946
38, 14, 31, 495, -1.1004388332366943
38, 15, 417, 448, -1.9425477981567383
38, 16, 177, 403, -2.030001640319824
38, 17, 374, 413, -2.125495433807373
38, 18, 229, 377, -2.2094178199768066
38, 19, 375, 375, -2.0311083793640137
38, 20, 238, 342, -2.1238996982574463
38, 21, 376, 383, -1.932663917541504
38, 22, 228, 346, -2.012573719024658
38, 23, 366, 703, 0.022835496813058853
38, 24, 154, 695, -0.017722969874739647
38, 25, 348, 1021, 0.08202110975980759
38, 26, 153, 1000, -0.19346453249454498
38, 27, 349, 1297, 0.7004476189613342
38, 28, 160, 1277, 0.2907258868217468
38, 29, 353, 1339, 0.7215861678123474
38, 30, 154, 1319, 0.3146001696586609
38, 31, 324, 1382, 0.05731908231973648
38, 32, 193, 1363, -0.3964456021785736
39, 0, 285, 156, -1.2476670742034912
39, 1, 303, 127, -1.1720893383026123
39, 2, 314, 128, -1.172080636024475
39, 3, 325, 129, -1.1714690923690796
39, 4, 267, 129, -1.1857078075408936
39, 5, 254, 130, -1.1855342388153076
39, 6, 242, 130, -1.1860917806625366
39, 7, 343, 147, -0.6628367900848389
39, 8, 221, 146, -0.7204980254173279
39, 9, 307, 192, -1.0546424388885498
39, 10, 260, 190, -1.0718680620193481
39, 11, 433, 327, -0.289370596408844
39, 12, 127, 306, -0.4937843680381775
39, 13, 519, 585, -0.9146267771720886
39, 14, 30, 495, -1.0982831716537476
39, 15, 416, 445, -1.955474615097046
39, 16, 176, 403, -2.012993097305298
39, 17, 374, 411, -2.136031150817871
39, 18, 227, 377, -2.19040584564209
39, 19, 375, 372, -2.038499593734741
39, 20, 237, 342, -2.10109281539917
39, 21, 376, 383, -1.9448587894439697
39, 22, 227, 346, -1.995486855506897
39, 23, 364, 702, 0.02295817993581295
39, 24, 153, 694, -0.017824936658143997
39, 25, 346, 1021, 0.0682225152850151
39, 26, 152, 999, -0.200118750333786
39, 27, 347, 1296, 0.6758040189743042
39, 28, 160, 1276, 0.28263503313064575
39, 29, 351, 1339, 0.6957288980484009
39, 30, 154, 1318, 0.3025283217430115
39, 31, 322, 1380, 0.03441252559423447
39, 32, 192, 1362, -0.42030954360961914
40, 0, 286, 158, -1.2270482778549194
40, 1, 304, 128, -1.1529242992401123
40, 2, 315, 129, -1.1529617309570312
40, 3, 326, 130, -1.1523919105529785
40, 4, 268, 130, -1.1680805683135986
40, 5, 255, 130, -1.1678905487060547
40, 6, 243, 131, -1.168426752090454
40, 7, 344, 148, -0.6528517007827759
40, 8, 222, 146, -0.7164109349250793
40, 9, 308, 193, -1.0362520217895508
40, 10, 261, 191, -1.0556294918060303
40, 11, 433, 327, -0.2613043189048767
40, 12, 127, 306, -0.48399996757507324
40, 13, 519, 596, -0.8431954383850098
40, 14, 25, 524, -1.0488277673721313
40, 15, 429, 444, -1.8885082006454468
40, 16, 174, 403, -1.9401028156280518
40, 17, 389, 409, -2.0671253204345703
40, 18, 226, 377, -2.1109495162963867
40, 19, 392, 371, -1.9750944375991821
40, 20, 236, 342, -2.027461528778076
40, 21, 396, 381, -1.8799813985824585
40, 22, 225, 346, -1.9235864877700806
40, 23, 361, 701, 0.03192027285695076
40, 24, 152, 692, -0.026816476136446
40, 25, 341, 1020, 0.021021736785769463
40, 26, 150, 996, -0.2703234553337097
40, 27, 338, 1295, 0.5532535314559937
40, 28, 154, 1275, 0.11904825270175934
40, 29, 341, 1337, 0.5669060945510864
40, 30, 147, 1317, 0.13306376338005066
40, 31, 313, 1378, -0.07811751216650009
40, 32, 186, 1359, -0.5707345008850098
41, 0, 287, 158, -1.2333216667175293
41, 1, 304, 129, -1.164283037185669
41, 2, 315, 129, -1.1643571853637695
41, 3, 327, 130, -1.1637511253356934
41, 4, 268, 130, -1.1792404651641846
41, 5, 255, 131, -1.1790025234222412
41, 6, 243, 131, -1.1795090436935425
41, 7, 344, 148, -0.6779284477233887
41, 8, 222, 146, -0.7396987676620483
41, 9, 308, 194, -1.0501338243484497
41, 10, 262, 191, -1.06974196434021
41, 11, 433, 328, -0.27563297748565674
41, 12, 127, 306, -0.5038460493087769
41, 13, 519, 597, -0.877471923828125
41, 14, 24, 520, -1.054474115371704
41, 15, 434, 443, -1.9206527471542358
41, 16, 175, 402, -1.9724231958389282
41, 17, 398, 408, -2.1011366844177246
41, 18, 228, 376, -2.1477253437042236
41, 19, 404, 371, -2.0063347816467285
41, 20, 239, 342, -2.059779167175293
41, 21, 408, 381, -1.91080641746521
41, 22, 228, 347, -1.9556686878204346
41, 23, 361, 701, 0.030867937952280045
41, 24, 151, 692, -0.025784600526094437
41, 25, 341, 1019, -0.019318807870149612
41, 26, 151, 997, -0.26699551939964294
41, 27, 338, 1295, 0.5333408117294312
41, 28, 155, 1275, 0.14145085215568542
41, 29, 341, 1337, 0.5486096143722534
41, 30, 148, 1317, 0.15806913375854492
41, 31, 313, 1378, -0.10539643466472626
41, 32, 187, 1359, -0.5515035390853882
42, 0, 287, 158, -1.2533999681472778
42, 1, 304, 129, -1.1787035465240479
42, 2, 315, 130, -1.1788899898529053
42, 3, 327, 131, -1.1783028841018677
42, 4, 268, 130, -1.1983642578125
42, 5, 255, 131, -1.1981147527694702
42, 6, 243, 131, -1.1987254619598389
42, 7, 344, 149, -0.6770014762878418
42, 8, 222, 146, -0.7399781346321106
42, 9, 309, 194, -1.0561301708221436
42, 10, 263, 191, -1.0799168348312378
42, 11, 432, 330, -0.2692015469074249
42, 12, 127, 307, -0.5142925977706909
42, 13, 499, 514, -0.7784433960914612
42, 14, 25, 503, -1.1039100885391235
42, 15, 436, 457, -1.7754316329956055
42, 16, 176, 406, -2.053318738937378
42, 17, 417, 429, -1.9551465511322021
42, 18, 228, 381, -2.237657308578491
42, 19, 418, 395, -1.8892192840576172
42, 20, 240, 345, -2.1710832118988037
42, 21, 410, 400, -1.7796857357025146
42, 22, 228, 352, -2.0448198318481445
42, 23, 362, 703, 0.02815203368663788
42, 24, 152, 695, -0.022989867255091667
42, 25, 345, 1021, 0.0664580687880516
42, 26, 152, 1002, -0.1345466673374176
42, 27, 341, 1297, 0.7479826211929321
42, 28, 156, 1279, 0.3937637209892273
42, 29, 343, 1339, 0.7728327512741089
42, 30, 149, 1321, 0.42505407333374023
42, 31, 318, 1382, 0.10117645561695099
42, 32, 189, 1364, -0.3111761212348938
43, 0, 287, 158, -1.59580659866333
43, 1, 304, 129, -1.5000718832015991
43, 2, 316, 130, -1.5004382133483887
43, 3, 327, 131, -1.499906301498413
43, 4, 269, 130, -1.515701413154602
43, 5, 256, 130, -1.5160471200942993
43, 6, 244, 131, -1.516845464706421
43, 7, 344, 149, -0.904598593711853
43, 8, 223, 146, -0.9650144577026367
43, 9, 309, 194, -1.3729952573776245
43, 10, 263, 191, -1.3935343027114868
43, 11, 432, 334, -0.4919734597206116
43, 12, 127, 308, -0.6609479188919067
43, 13, 496, 505, -1.089057207107544
43, 14, 27, 495, -1.2753419876098633
43, 15, 439, 469, -2.1175894737243652
43, 16, 175, 429, -2.295997142791748
43, 17, 412, 435, -2.2945070266723633
43, 18, 227, 403, -2.4984402656555176
43, 19, 415, 413, -2.2339773178100586
43, 20, 236, 369, -2.4160666465759277
43, 21, 410, 422, -2.1198830604553223
43, 22, 225, 380, -2.2826991081237793
43, 23, 362, 707, -0.0003799714322667569
43, 24, 153, 701, 0.004624905530363321
43, 25, 348, 1025, -0.02218841016292572
43, 26, 159, 1007, -0.24002668261528015
43, 27, 347, 1305, 0.6855440139770508
43, 28, 170, 1291, 0.29428717494010925
43, 29, 348, 1348, 0.7096134424209595
43, 30, 166, 1334, 0.32124119997024536
43, 31, 325, 1393, -0.027113640680909157
43, 32, 202, 1379, -0.47807639837265015
44, 0, 288, 158, -1.6931445598602295
44, 1, 305, 129, -1.5941002368927002
44, 2, 316, 129, -1.5945942401885986
44, 3, 327, 131, -1.5944734811782837
44, 4, 269, 130, -1.611057996749878
44, 5, 256, 130, -1.6114393472671509
44, 6, 245, 131, -1.612281084060669
44, 7, 344, 149, -0.9864269495010376
44, 8, 223, 146, -1.0538384914398193
44, 9, 310, 194, -1.4644423723220825
44, 10, 264, 191, -1.4863439798355103
44, 11, 433, 335, -0.5559827089309692
44, 12, 124, 316, -0.6785528659820557
44, 13, 499, 531, -1.1851286888122559
44, 14, 27, 494, -1.2501685619354248
44, 15, 435, 484, -2.3292970657348633
44, 16, 145, 483, -2.3438050746917725
44, 17, 428, 469, -2.532428026199341
44, 18, 194, 456, -2.567746639251709
44, 19, 415, 429, -2.4996883869171143
44, 20, 206, 425, -2.510749340057373
44, 21, 409, 434, -2.3459482192993164
44, 22, 199, 428, -2.3435051441192627
44, 23, 362, 712, -0.019047770649194717
44, 24, 154, 707, 0.022939492017030716
44, 25, 348, 1025, -0.315538227558136
44, 26, 161, 1007, -0.5652857422828674
44, 27, 347, 1305, 0.1941782534122467
44, 28, 169, 1297, -0.2382536381483078
44, 29, 349, 1349, 0.19847719371318817
44, 30, 166, 1345, -0.23907510936260223
44, 31, 324, 1395, -0.5325173735618591
44, 32, 199, 1381, -1.0142338275909424
45, 0, 289, 158, -1.5574501752853394
45, 1, 305, 129, -1.490712285041809
45, 2, 316, 129, -1.4899452924728394
45, 3, 327, 131, -1.4884779453277588
45, 4, 270, 130, -1.507739782333374
45, 5, 256, 130, -1.5079045295715332
45, 6, 245, 131, -1.5082149505615234
45, 7, 344, 149, -0.9821071624755859
45, 8, 224, 147, -1.038273572921753
45, 9, 310, 194, -1.3479936122894287
45, 10, 265, 192, -1.3697283267974854
45, 11, 433, 336, -0.48616671562194824
45, 12, 124, 321, -0.5801517367362976
45, 13, 464, 507, -0.860420823097229
45, 14, 38, 493, -0.9632731676101685
45, 15, 465, 551, -1.8047196865081787
45, 16, 148, 515, -1.9079859256744385
45, 17, 469, 559, -1.991869568824768
45, 18, 199, 521, -2.120198965072632
45, 19, 433, 473, -2.028871536254883
45, 20, 211, 484, -2.105463743209839
45, 21, 421, 468, -1.8476041555404663
45, 22, 202, 484, -1.9255540370941162
45, 23, 361, 712, -0.024650827050209045
45, 24, 155, 707, 0.029205817729234695
45, 25, 342, 1024, -0.2583988606929779
45, 26, 158, 1006, -0.5002812743186951
45, 27, 337, 1306, 0.22364267706871033
45, 28, 154, 1297, -0.21194703876972198
45, 29, 338, 1349, 0.2277073860168457
45, 30, 151, 1346, -0.2109345644712448
45, 31, 307, 1396, -0.4762614369392395
45, 32, 179, 1379, -0.9664743542671204
46, 0, 289, 157, -1.3365716934204102
46, 1, 305, 128, -1.2630527019500732
46, 2, 316, 129, -1.2633342742919922
46, 3, 327, 130, -1.2632700204849243
46, 4, 270, 129, -1.2774840593338013
46, 5, 256, 130, -1.2770812511444092
46, 6, 245, 131, -1.2778489589691162
46, 7, 343, 149, -0.8071349263191223
46, 8, 224, 147, -0.862808883190155
46, 9, 310, 194, -1.1554813385009766
46, 10, 265, 191, -1.172199010848999
46, 11, 433, 336, -0.476780503988266
46, 12, 124, 323, -0.5393446683883667
46, 13, 466, 487, -0.41348767280578613
46, 14, 37, 486, -0.5160536766052246
46, 15, 496, 678, -1.0118293762207031
46, 16, 60, 668, -1.0773367881774902
46, 17, 519, 729, -1.1762348413467407
46, 18, 60, 726, -1.2548866271972656
46, 19, 494, 720, -1.283458948135376
46, 20, 90, 715, -1.3523597717285156
46, 21, 476, 700, -1.0839093923568726
46, 22, 96, 694, -1.1384811401367188
46, 23, 361, 721, -0.024637985974550247
46, 24, 156, 718, 0.02975274994969368
46, 25, 342, 1037, -0.09858624637126923
46, 26, 158, 1024, -0.31352490186691284
46, 27, 337, 1322, 0.5375130772590637
46, 28, 153, 1316, 0.14955368638038635
46, 29, 339, 1368, 0.5582787394523621
46, 30, 150, 1366, 0.17088577151298523
46, 31, 307, 1414, -0.11433807760477066
46, 32, 177, 1399, -0.5727492570877075
47, 0, 288, 155, -1.1898666620254517
47, 1, 305, 127, -1.1152833700180054
47, 2, 315, 127, -1.1156164407730103
47, 3, 326, 129, -1.1157915592193604
47, 4, 269, 128, -1.132636547088623
47, 5, 256, 130, -1.1323381662368774
47, 6, 245, 131, -1.133104920387268
47, 7, 342, 149, -0.6658799648284912
47, 8, 224, 147, -0.7345676422119141
47, 9, 310, 192, -1.0179927349090576
47, 10, 264, 190, -1.0372943878173828
47, 11, 433, 336, -0.3599015474319458
47, 12, 124, 324, -0.5280892848968506
47, 13, 469, 483, -0.32926544547080994
47, 14, 34, 481, -0.5083940029144287
47, 15, 505, 691, -0.8938220739364624
47, 16, 31, 685, -0.9742082357406616
47, 17, 534, 744, -1.03438401222229
47, 18, 23, 744, -1.1266748905181885
47, 19, 507, 745, -1.1385014057159424
47, 20, 57, 745, -1.2186208963394165
47, 21, 490, 724, -0.9626259803771973
47, 22, 64, 723, -1.0297232866287231
47, 23, 361, 728, -0.010780534707009792
47, 24, 158, 727, 0.016028322279453278
47, 25, 342, 1046, 0.052056003361940384
47, 26, 158, 1039, -0.18016153573989868
47, 27, 338, 1335, 0.7310646772384644
47, 28, 153, 1332, 0.32486408948898315
47, 29, 340, 1386, 0.7600270509719849
47, 30, 151, 1385, 0.35056406259536743
47, 31, 308, 1427, 0.1278698444366455
47, 32, 178, 1416, -0.35441499948501587
48, 0, 288, 154, -1.1884911060333252
48, 1, 305, 126, -1.1140029430389404
48, 2, 314, 127, -1.1142606735229492
48, 3, 326, 128, -1.11442232131958
48, 4, 269, 128, -1.1286065578460693
48, 5, 256, 129, -1.1282559633255005
48, 6, 245, 130, -1.1289470195770264
48, 7, 342, 149, -0.6563383340835571
48, 8, 224, 147, -0.7118670344352722
48, 9, 309, 191, -1.015529751777649
48, 10, 264, 189, -1.0309522151947021
48, 11, 433, 336, -0.3502430021762848
48, 12, 124, 325, -0.5118845701217651
48, 13, 470, 481, -0.3147917687892914
48, 14, 33, 479, -0.46104222536087036
48, 15, 507, 692, -0.8398847579956055
48, 16, 25, 689, -0.91716468334198
48, 17, 537, 747, -0.9732475280761719
48, 18, 13, 747, -1.0605089664459229
48, 19, 511, 749, -1.0734533071517944
48, 20, 47, 750, -1.1593644618988037
48, 21, 494, 727, -0.9067891836166382
48, 22, 54, 727, -0.9750550985336304
48, 23, 361, 732, -0.016457591205835342
48, 24, 158, 731, 0.021730080246925354
48, 25, 342, 1051, 0.06277485936880112
48, 26, 158, 1046, -0.07442024350166321
48, 27, 338, 1341, 0.7772636413574219
48, 28, 154, 1338, 0.46968936920166016
48, 29, 340, 1394, 0.809968113899231
48, 30, 152, 1391, 0.4999716877937317
48, 31, 309, 1433, 0.16094163060188293
48, 32, 178, 1422, -0.21882405877113342
49, 0, 287, 153, -1.2453519105911255
49, 1, 304, 126, -1.167163372039795
49, 2, 314, 126, -1.1674236059188843
49, 3, 325, 128, -1.1673794984817505
49, 4, 269, 127, -1.1817657947540283
49, 5, 256, 129, -1.1815235614776611
49, 6, 245, 130, -1.1822153329849243
49, 7, 342, 148, -0.6580767631530762
49, 8, 225, 147, -0.735148012638092
49, 9, 309, 190, -1.0607919692993164
49, 10, 263, 188, -1.07760488986969
49, 11, 433, 336, -0.3781832158565521
49, 12, 124, 326, -0.5162369012832642
49, 13, 472, 479, -0.3779990077018738
49, 14, 33, 479, -0.46327805519104004
49, 15, 503, 698, -0.9291315078735352
49, 16, 31, 693, -0.9374111294746399
49, 17, 530, 753, -1.0755279064178467
49, 18, 23, 752, -1.0905710458755493
49, 19, 503, 755, -1.177940011024475
49, 20, 57, 753, -1.1927859783172607
49, 21, 487, 733, -0.9975822567939758
49, 22, 63, 730, -0.9975383877754211
49, 23, 361, 733, -0.02362416312098503
49, 24, 158, 731, 0.029046058654785156
49, 25, 342, 1053, 0.033592589199543
49, 26, 157, 1045, -0.13810953497886658
49, 27, 338, 1344, 0.7203729748725891
49, 28, 152, 1340, 0.38168656826019287
49, 29, 340, 1397, 0.7490168809890747
49, 30, 150, 1395, 0.4093058705329895
49, 31, 307, 1436, 0.07985223829746246
49, 32, 177, 1424, -0.33193105459213257
