0, 0, 558, 243, -0.5498902201652527
0, 1, 584, 199, -0.5186865925788879
0, 2, 603, 198, -0.518464982509613
0, 3, 617, 197, -0.51848304271698
0, 4, 531, 205, -0.5103310346603394
0, 5, 515, 207, -0.5100066661834717
0, 6, 503, 209, -0.5102679133415222
0, 7, 645, 218, -0.31096744537353516
0, 8, 494, 228, -0.26186081767082214
0, 9, 596, 287, -0.4738006591796875
0, 10, 531, 291, -0.4592694342136383
0, 11, 808, 466, -0.2250206023454666
0, 12, 374, 483, -0.18104496598243713
0, 13, 907, 705, -0.27591681480407715
0, 14, 246, 702, -0.22382064163684845
0, 15, 963, 953, -0.5003325939178467
0, 16, 176, 969, -0.5728732943534851
0, 17, 1000, 1019, -0.5740394592285156
0, 18, 141, 1041, -0.6424306631088257
0, 19, 962, 1012, -0.6095770001411438
0, 20, 185, 1032, -0.7071255445480347
0, 21, 938, 991, -0.5278856158256531
0, 22, 208, 1011, -0.6143178939819336
0, 23, 745, 1034, -0.03835465759038925
0, 24, 464, 1049, 0.04242917522788048
0, 25, 761, 1474, 0.030314559116959572
0, 26, 487, 1486, 0.08831929415464401
0, 27, 773, 1861, 0.4701522886753082
0, 28, 505, 1872, 0.36550891399383545
0, 29, 785, 1925, 0.49215278029441833
0, 30, 501, 1940, 0.3837948441505432
0, 31, 728, 1997, 0.13706466555595398
0, 32, 557, 2002, -0.01008351519703865
1, 0, 557, 243, -0.5491589307785034
1, 1, 584, 200, -0.5174752473831177
1, 2, 603, 198, -0.517332136631012
1, 3, 617, 198, -0.5173079371452332
1, 4, 531, 205, -0.5018782615661621
1, 5, 515, 207, -0.5012400150299072
1, 6, 502, 209, -0.5014788508415222
1, 7, 645, 219, -0.2978951334953308
1, 8, 494, 228, -0.20380720496177673
1, 9, 595, 287, -0.46948638558387756
1, 10, 530, 291, -0.4456440806388855
1, 11, 807, 467, -0.1714985966682434
1, 12, 376, 477, -0.0566151961684227
1, 13, 917, 784, -0.3586011230945587
1, 14, 218, 702, -0.1469409316778183
1, 15, 989, 726, -0.7725227475166321
1, 16, 228, 887, -0.537774920463562
1, 17, 1046, 696, -0.8420374989509583
1, 18, 239, 945, -0.5897217392921448
1, 19, 1039, 617, -0.8334334492683411
1, 20, 292, 912, -0.5844157338142395
1, 21, 994, 634, -0.7854007482528687
1, 22, 293, 896, -0.5501359701156616
1, 23, 725, 1040, -0.06465733796358109
1, 24, 434, 1047, 0.06958269327878952
1, 25, 723, 1489, -0.18347197771072388
1, 26, 444, 1493, 0.06199672818183899
1, 27, 714, 1886, 0.13350634276866913
1, 28, 438, 1886, 0.2135433405637741
1, 29, 725, 1947, 0.14332590997219086
1, 30, 427, 1949, 0.2169206440448761
1, 31, 659, 2020, -0.285753458738327
1, 32, 482, 2017, -0.22727899253368378
2, 0, 557, 243, -0.48200497031211853
2, 1, 584, 200, -0.4505731165409088
2, 2, 603, 198, -0.45051345229148865
2, 3, 617, 198, -0.45025330781936646
2, 4, 531, 205, -0.4273309111595154
2, 5, 515, 207, -0.4265627861022949
2, 6, 502, 209, -0.426675945520401
2, 7, 645, 219, -0.24990472197532654
2, 8, 494, 228, -0.14001479744911194
2, 9, 595, 288, -0.40803074836730957
2, 10, 530, 291, -0.3780772089958191
2, 11, 804, 467, -0.13859881460666656
2, 12, 376, 476, -0.016057122498750687
2, 13, 916, 760, -0.37170130014419556
2, 14, 204, 701, -0.2771175801753998
2, 15, 1009, 659, -0.7682759761810303
2, 16, 220, 737, -0.9132744669914246
2, 17, 1112, 603, -0.8287493586540222
2, 18, 218, 733, -0.9957359433174133
2, 19, 1086, 536, -0.82066810131073
2, 20, 263, 696, -0.9717705845832825
2, 21, 1035, 552, -0.78111332654953
2, 22, 274, 704, -0.9277194738388062
2, 23, 724, 1038, -0.07465557754039764
2, 24, 431, 1033, 0.07968856394290924
2, 25, 716, 1488, -0.20484121143817902
2, 26, 434, 1491, 0.08032900840044022
2, 27, 705, 1885, 0.09314413368701935
2, 28, 431, 1885, 0.2695244550704956
2, 29, 714, 1945, 0.10028079897165298
2, 30, 421, 1943, 0.2804305851459503
2, 31, 661, 2018, -0.33047524094581604
2, 32, 473, 2017, -0.14456892013549805
3, 0, 557, 243, -0.4981634020805359
3, 1, 584, 200, -0.46607333421707153
3, 2, 603, 199, -0.46596652269363403
3, 3, 617, 199, -0.46578335762023926
3, 4, 531, 205, -0.4476830065250397
3, 5, 515, 207, -0.44706082344055176
3, 6, 502, 208, -0.4472180902957916
3, 7, 644, 219, -0.25244009494781494
3, 8, 493, 226, -0.16444939374923706
3, 9, 595, 288, -0.42029350996017456
3, 10, 530, 291, -0.39601972699165344
3, 11, 797, 465, -0.1396707445383072
3, 12, 373, 483, -0.040207188576459885
3, 13, 908, 730, -0.4005853533744812
3, 14, 197, 746, -0.37220606207847595
3, 15, 1017, 592, -0.7981598377227783
3, 16, 249, 681, -0.9572887420654297
3, 17, 1121, 553, -0.863622784614563
3, 18, 274, 632, -1.0391261577606201
3, 19, 1107, 490, -0.8497950434684753
3, 20, 310, 594, -0.9829217195510864
3, 21, 1057, 504, -0.8097338676452637
3, 22, 319, 608, -0.9580613970756531
3, 23, 725, 1038, -0.07311266660690308
3, 24, 430, 1033, 0.0781908705830574
3, 25, 721, 1490, -0.13079586625099182
3, 26, 437, 1496, 0.24312686920166016
3, 27, 716, 1885, 0.17784476280212402
3, 28, 441, 1888, 0.6765688061714172
3, 29, 725, 1944, 0.17264482378959656
3, 30, 433, 1943, 0.7121846675872803
3, 31, 664, 2019, -0.1330597698688507
3, 32, 488, 2023, 0.2662625312805176
4, 0, 558, 244, -0.5902432203292847
4, 1, 585, 200, -0.5498018264770508
4, 2, 603, 200, -0.549660861492157
4, 3, 617, 200, -0.5492911338806152
4, 4, 531, 205, -0.5380975008010864
4, 5, 515, 207, -0.5375412702560425
4, 6, 502, 208, -0.5377331972122192
4, 7, 644, 220, -0.2541959881782532
4, 8, 493, 225, -0.19239738583564758
4, 9, 595, 290, -0.4829082489013672
4, 10, 530, 292, -0.4679887294769287
4, 11, 793, 463, -0.0912141501903534
4, 12, 371, 482, -0.06683216243982315
4, 13, 905, 707, -0.3800162076950073
4, 14, 161, 728, -0.5561959147453308
4, 15, 1015, 554, -0.7966856360435486
4, 16, 299, 588, -1.157196283340454
4, 17, 1102, 506, -0.8672446012496948
4, 18, 340, 542, -1.2569632530212402
4, 19, 1091, 448, -0.8300014734268188
4, 20, 381, 507, -1.1606957912445068
4, 21, 1048, 473, -0.7998142838478088
4, 22, 380, 523, -1.1403180360794067
4, 23, 724, 1039, -0.07143918424844742
4, 24, 420, 1034, 0.07608065754175186
4, 25, 722, 1493, -0.10662487894296646
4, 26, 432, 1502, 0.23187176883220673
4, 27, 722, 1888, 0.2576214075088501
4, 28, 447, 1889, 0.6324895620346069
4, 29, 732, 1946, 0.2680897116661072
4, 30, 440, 1944, 0.6657271981239319
4, 31, 668, 2023, -0.15517474710941315
4, 32, 496, 2025, 0.21364133059978485
5, 0, 559, 246, -0.5928181409835815
5, 1, 587, 202, -0.553015410900116
5, 2, 605, 202, -0.552871823310852
5, 3, 619, 202, -0.5525124669075012
5, 4, 533, 205, -0.5444431304931641
5, 5, 517, 207, -0.5439662933349609
5, 6, 503, 208, -0.5441684722900391
5, 7, 646, 221, -0.262226402759552
5, 8, 493, 225, -0.20886871218681335
5, 9, 595, 292, -0.48663657903671265
5, 10, 531, 294, -0.4758075177669525
5, 11, 788, 460, -0.07362822443246841
5, 12, 371, 472, -0.08125333487987518
5, 13, 904, 683, -0.36682939529418945
5, 14, 165, 689, -0.55492103099823
5, 15, 1011, 538, -0.7737574577331543
5, 16, 273, 520, -1.127008318901062
5, 17, 1092, 468, -0.8442118763923645
5, 18, 296, 447, -1.2185266017913818
5, 19, 1083, 419, -0.8039559125900269
5, 20, 330, 416, -1.1416994333267212
5, 21, 1040, 451, -0.7754753828048706
5, 22, 339, 448, -1.1188514232635498
5, 23, 724, 1038, -0.06597299873828888
5, 24, 423, 1034, 0.07064555585384369
5, 25, 722, 1492, -0.15816035866737366
5, 26, 435, 1502, 0.19142208993434906
5, 27, 725, 1888, 0.156155526638031
5, 28, 451, 1890, 0.5790734887123108
5, 29, 735, 1947, 0.1634875237941742
5, 30, 444, 1945, 0.6054141521453857
5, 31, 673, 2022, -0.2711424231529236
5, 32, 499, 2025, 0.11224637180566788
6, 0, 569, 249, -0.5820040106773376
6, 1, 597, 204, -0.5501188635826111
6, 2, 612, 204, -0.5500632524490356
6, 3, 626, 205, -0.5498224496841431
6, 4, 546, 205, -0.5369639992713928
6, 5, 527, 207, -0.5365189909934998
6, 6, 512, 208, -0.53671795129776
6, 7, 648, 226, -0.2389948070049286
6, 8, 493, 223, -0.25749242305755615
6, 9, 600, 295, -0.4794883728027344
6, 10, 539, 295, -0.4747990071773529
6, 11, 774, 459, -0.047156866639852524
6, 12, 356, 471, -0.13773933053016663
6, 13, 896, 673, -0.31574147939682007
6, 14, 152, 675, -0.6328426599502563
6, 15, 1008, 515, -0.7344210147857666
6, 16, 254, 431, -1.161433219909668
6, 17, 1096, 441, -0.8020009994506836
6, 18, 272, 347, -1.2597415447235107
6, 19, 1088, 401, -0.7679449915885925
6, 20, 311, 329, -1.1803816556930542
6, 21, 1042, 434, -0.7544765472412109
6, 22, 333, 369, -1.1525893211364746
6, 23, 713, 1039, -0.03404276445508003
6, 24, 416, 1038, 0.03859712556004524
6, 25, 713, 1492, -0.11593445390462875
6, 26, 434, 1503, 0.1202225312590599
6, 27, 716, 1891, 0.22213228046894073
6, 28, 444, 1893, 0.4070986807346344
6, 29, 721, 1951, 0.23700670897960663
6, 30, 434, 1951, 0.4269641041755676
6, 31, 679, 2023, -0.20799489319324493
6, 32, 490, 2025, -0.003527927678078413
7, 0, 578, 253, -0.6028589606285095
7, 1, 606, 208, -0.5540217161178589
7, 2, 621, 209, -0.5537742972373962
7, 3, 636, 210, -0.5534707307815552
7, 4, 557, 209, -0.5556865930557251
7, 5, 537, 209, -0.5552228689193726
7, 6, 521, 209, -0.555383026599884
7, 7, 658, 230, -0.2350638210773468
7, 8, 494, 223, -0.25819700956344604
7, 9, 606, 299, -0.48782244324684143
7, 10, 546, 298, -0.49387723207473755
7, 11, 771, 460, -0.014894789084792137
7, 12, 353, 471, -0.15548460185527802
7, 13, 893, 660, -0.2773718237876892
7, 14, 157, 676, -0.6772339344024658
7, 15, 1007, 482, -0.713070809841156
7, 16, 249, 394, -1.2213315963745117
7, 17, 1104, 407, -0.7837417125701904
7, 18, 262, 301, -1.3288674354553223
7, 19, 1094, 368, -0.711898684501648
7, 20, 304, 285, -1.238287329673767
7, 21, 1049, 401, -0.7138379812240601
7, 22, 318, 322, -1.208725094795227
7, 23, 706, 1044, -0.029341641813516617
7, 24, 411, 1040, 0.03378169238567352
7, 25, 696, 1493, -0.1058446392416954
7, 26, 428, 1504, 0.12107288837432861
7, 27, 692, 1895, 0.24919292330741882
7, 28, 423, 1893, 0.40879306197166443
7, 29, 695, 1955, 0.2623361349105835
7, 30, 409, 1951, 0.42842036485671997
7, 31, 662, 2026, -0.15519461035728455
7, 32, 465, 2025, -0.00033244933001697063
8, 0, 588, 255, -0.5934620499610901
8, 1, 616, 211, -0.5523663759231567
8, 2, 631, 212, -0.5519593954086304
8, 3, 645, 214, -0.5514828562736511
8, 4, 568, 209, -0.5465640425682068
8, 5, 548, 209, -0.5460978746414185
8, 6, 531, 209, -0.5462712645530701
8, 7, 666, 236, -0.22314231097698212
8, 8, 496, 223, -0.2614169418811798
8, 9, 612, 301, -0.48009198904037476
8, 10, 553, 298, -0.48640546202659607
8, 11, 764, 459, -0.01174203958362341
8, 12, 352, 466, -0.1500197798013687
8, 13, 883, 659, -0.25754427909851074
8, 14, 163, 674, -0.61866694688797
8, 15, 1004, 488, -0.6846052408218384
8, 16, 224, 386, -1.1504689455032349
8, 17, 1098, 426, -0.7638313174247742
8, 18, 260, 294, -1.254030704498291
8, 19, 1085, 379, -0.6971257925033569
8, 20, 303, 270, -1.1754714250564575
8, 21, 1043, 412, -0.6838338375091553
8, 22, 309, 306, -1.142313838005066
8, 23, 698, 1044, -0.02013937570154667
8, 24, 408, 1040, 0.024655401706695557
8, 25, 690, 1493, -0.09784509241580963
8, 26, 428, 1503, 0.07759900391101837
8, 27, 687, 1894, 0.2589709758758545
8, 28, 426, 1893, 0.32630619406700134
8, 29, 689, 1954, 0.27113527059555054
8, 30, 412, 1951, 0.3436499536037445
8, 31, 662, 2026, -0.13469067215919495
8, 32, 468, 2025, -0.07468479126691818
9, 0, 595, 256, -0.5877341032028198
9, 1, 622, 214, -0.5518513917922974
9, 2, 637, 216, -0.5514298677444458
9, 3, 651, 218, -0.5507040619850159
9, 4, 574, 209, -0.5419667959213257
9, 5, 555, 209, -0.5415108799934387
9, 6, 537, 209, -0.5416824221611023
9, 7, 670, 240, -0.2124420404434204
9, 8, 499, 222, -0.2581418752670288
9, 9, 617, 303, -0.4774404466152191
9, 10, 559, 299, -0.48284712433815
9, 11, 761, 459, -0.016482623293995857
9, 12, 349, 466, -0.14648839831352234
9, 13, 881, 650, -0.2718481421470642
9, 14, 185, 673, -0.6642362475395203
9, 15, 1003, 482, -0.7425466775894165
9, 16, 223, 405, -1.2566100358963013
9, 17, 1094, 423, -0.8240818977355957
9, 18, 255, 309, -1.3665522336959839
9, 19, 1081, 375, -0.7672972679138184
9, 20, 302, 286, -1.2920074462890625
9, 21, 1038, 407, -0.7443191409111023
9, 22, 303, 320, -1.250817060470581
9, 23, 700, 1044, -0.021815387532114983
9, 24, 410, 1040, 0.026222119107842445
9, 25, 694, 1493, -0.0931398943066597
9, 26, 433, 1505, 0.12422151863574982
9, 27, 691, 1895, 0.2531323730945587
9, 28, 428, 1898, 0.4105941355228424
9, 29, 694, 1955, 0.26271599531173706
9, 30, 418, 1955, 0.43156948685646057
9, 31, 666, 2027, -0.1438995748758316
9, 32, 474, 2032, -0.0038181610871106386
10, 0, 601, 259, -0.5575233697891235
10, 1, 628, 217, -0.5099901556968689
10, 2, 642, 219, -0.5096182823181152
10, 3, 655, 222, -0.5089893937110901
10, 4, 582, 211, -0.5179536938667297
10, 5, 563, 209, -0.5174843072891235
10, 6, 544, 209, -0.517569899559021
10, 7, 672, 244, -0.19372093677520752
10, 8, 505, 222, -0.2559935450553894
10, 9, 621, 305, -0.44676241278648376
10, 10, 566, 299, -0.46451258659362793
10, 11, 759, 460, -0.002592697273939848
10, 12, 349, 466, -0.14961262047290802
10, 13, 881, 647, -0.2693440914154053
10, 14, 208, 673, -0.6564127206802368
10, 15, 1003, 480, -0.729668915271759
10, 16, 223, 427, -1.223787546157837
10, 17, 1092, 427, -0.804442286491394
10, 18, 248, 351, -1.3327646255493164
10, 19, 1080, 379, -0.7631343603134155
10, 20, 288, 322, -1.2692371606826782
10, 21, 1038, 409, -0.7359681129455566
10, 22, 292, 353, -1.222181797027588
10, 23, 702, 1045, -0.009902033023536205
10, 24, 411, 1042, 0.014389276504516602
10, 25, 696, 1495, -0.007868802174925804
10, 26, 434, 1507, 0.07309897243976593
10, 27, 694, 1898, 0.362549364566803
10, 28, 430, 1901, 0.3232170641422272
10, 29, 698, 1957, 0.37499096989631653
10, 30, 417, 1958, 0.3396960496902466
10, 31, 668, 2029, -0.007881148718297482
10, 32, 473, 2036, -0.09320304542779922
11, 0, 606, 261, -0.5093784928321838
11, 1, 632, 220, -0.4671119153499603
11, 2, 645, 222, -0.4670904576778412
11, 3, 659, 225, -0.4667387902736664
11, 4, 588, 213, -0.4790648818016052
11, 5, 569, 210, -0.4787580966949463
11, 6, 551, 209, -0.4787914752960205
11, 7, 676, 245, -0.1835479438304901
11, 8, 511, 222, -0.24493153393268585
11, 9, 624, 307, -0.40663209557533264
11, 10, 572, 300, -0.42429637908935547
11, 11, 760, 460, -0.012408463284373283
11, 12, 355, 466, -0.11717363446950912
11, 13, 874, 647, -0.3736380934715271
11, 14, 251, 707, -0.5653439164161682
11, 15, 989, 493, -0.817224383354187
11, 16, 233, 470, -1.1423544883728027
11, 17, 1088, 440, -0.8998520970344543
11, 18, 226, 401, -1.2468641996383667
11, 19, 1079, 386, -0.86161869764328
11, 20, 262, 365, -1.1879689693450928
11, 21, 1033, 415, -0.8209711909294128
11, 22, 281, 396, -1.1416994333267212
11, 23, 708, 1040, -0.015576248988509178
11, 24, 433, 1042, 0.019116777926683426
11, 25, 710, 1487, -0.0242263525724411
11, 26, 464, 1505, 0.08461254090070724
11, 27, 715, 1891, 0.33152326941490173
11, 28, 479, 1896, 0.32935458421707153
11, 29, 718, 1948, 0.340492308139801
11, 30, 472, 1948, 0.3465789258480072
11, 31, 699, 2022, -0.036351412534713745
11, 32, 518, 2029, -0.026080403476953506
12, 0, 612, 263, -0.5181723237037659
12, 1, 638, 222, -0.4704967141151428
12, 2, 652, 224, -0.4703511595726013
12, 3, 667, 226, -0.4702107310295105
12, 4, 594, 215, -0.49333828687667847
12, 5, 576, 211, -0.4928446412086487
12, 6, 557, 209, -0.49304357171058655
12, 7, 682, 246, -0.21567833423614502
12, 8, 519, 221, -0.3015410304069519
12, 9, 628, 309, -0.40766191482543945
12, 10, 579, 301, -0.4446377158164978
12, 11, 759, 462, -0.051924217492341995
12, 12, 360, 454, -0.16487815976142883
12, 13, 866, 647, -0.36848151683807373
12, 14, 301, 707, -0.29198116064071655
12, 15, 966, 508, -0.8674160242080688
12, 16, 247, 957, -0.6415039300918579
12, 17, 1061, 455, -0.9759424328804016
12, 18, 227, 1036, -0.6977103352546692
12, 19, 1054, 390, -0.9523338079452515
12, 20, 261, 1015, -0.7675184011459351
12, 21, 1007, 420, -0.8818448781967163
12, 22, 281, 990, -0.6805424094200134
12, 23, 697, 1034, -0.014110078103840351
12, 24, 428, 1028, 0.0178133063018322
12, 25, 692, 1485, -0.031986333429813385
12, 26, 446, 1494, 0.007006998173892498
12, 27, 684, 1891, 0.32337743043899536
12, 28, 444, 1889, 0.2270660698413849
12, 29, 683, 1948, 0.33367031812667847
12, 30, 433, 1945, 0.23774376511573792
12, 31, 660, 2021, -0.04354375973343849
12, 32, 491, 2019, -0.17907896637916565
13, 0, 614, 262, -0.5185221433639526
13, 1, 641, 222, -0.47485795617103577
13, 2, 655, 224, -0.47477617859840393
13, 3, 670, 226, -0.4745386242866516
13, 4, 594, 214, -0.48575687408447266
13, 5, 575, 211, -0.48525530099868774
13, 6, 557, 209, -0.48546546697616577
13, 7, 689, 245, -0.21086528897285461
13, 8, 520, 219, -0.261277973651886
13, 9, 631, 309, -0.41375207901000977
13, 10, 580, 301, -0.43108931183815
13, 11, 766, 462, -0.04301416128873825
13, 12, 373, 450, -0.1328558474779129
13, 13, 857, 648, -0.37619519233703613
13, 14, 300, 705, -0.3299764394760132
13, 15, 940, 517, -0.9197338223457336
13, 16, 350, 757, -1.0613347291946411
13, 17, 1011, 467, -1.0295560359954834
13, 18, 359, 752, -1.173301100730896
13, 19, 1015, 398, -1.006466269493103
13, 20, 381, 727, -1.1740493774414062
13, 21, 977, 425, -0.931662917137146
13, 22, 391, 734, -1.0793927907943726
13, 23, 697, 1023, -0.007419273257255554
13, 24, 428, 1011, 0.011219533160328865
13, 25, 677, 1474, -0.03520353138446808
13, 26, 425, 1466, -0.07044331729412079
13, 27, 659, 1879, 0.2138034552335739
13, 28, 409, 1870, 0.024891814216971397
13, 29, 662, 1936, 0.21483998000621796
13, 30, 395, 1927, 0.02211100608110428
13, 31, 618, 2008, -0.1574130654335022
13, 32, 456, 2000, -0.3935929834842682
14, 0, 612, 263, -0.5207189321517944
14, 1, 640, 222, -0.47644153237342834
14, 2, 655, 224, -0.47628918290138245
14, 3, 670, 226, -0.4758763909339905
14, 4, 593, 215, -0.48655644059181213
14, 5, 574, 212, -0.48611098527908325
14, 6, 556, 209, -0.4863166809082031
14, 7, 692, 245, -0.19197317957878113
14, 8, 520, 219, -0.24538537859916687
14, 9, 631, 308, -0.4123074412345886
14, 10, 578, 301, -0.4275376796722412
14, 11, 770, 462, 0.044218748807907104
14, 12, 375, 440, -0.14622265100479126
14, 13, 855, 657, -0.2819063067436218
14, 14, 299, 706, -0.540824830532074
14, 15, 943, 504, -0.8586694598197937
14, 16, 459, 729, -1.1247507333755493
14, 17, 1013, 449, -0.9629274606704712
14, 18, 540, 735, -1.2327531576156616
14, 19, 1019, 392, -0.9333246350288391
14, 20, 562, 644, -1.1748530864715576
14, 21, 982, 417, -0.8694801330566406
14, 22, 545, 625, -1.1117513179779053
14, 23, 694, 1015, 0.018570002168416977
14, 24, 415, 998, -0.014634189195930958
14, 25, 671, 1454, -0.029317930340766907
14, 26, 410, 1440, -0.046350520104169846
14, 27, 650, 1847, 0.2300659716129303
14, 28, 391, 1829, 0.11606667190790176
14, 29, 652, 1904, 0.23232252895832062
14, 30, 374, 1886, 0.12190960347652435
14, 31, 606, 1980, -0.1498245894908905
14, 32, 433, 1960, -0.30616649985313416
15, 0, 612, 262, -0.5229854583740234
15, 1, 641, 221, -0.47869426012039185
15, 2, 655, 223, -0.47850918769836426
15, 3, 670, 225, -0.47817468643188477
15, 4, 593, 214, -0.48822155594825745
15, 5, 575, 210, -0.4878069758415222
15, 6, 556, 208, -0.48801153898239136
15, 7, 692, 244, -0.1960718184709549
15, 8, 520, 217, -0.23578853905200958
15, 9, 631, 308, -0.4169138967990875
15, 10, 578, 299, -0.4305265545845032
15, 11, 775, 465, 0.009366712532937527
15, 12, 375, 439, -0.1450301557779312
15, 13, 852, 658, -0.3523321747779846
15, 14, 281, 705, -0.5935117602348328
15, 15, 913, 509, -0.9059982299804688
15, 16, 439, 717, -1.2048826217651367
15, 17, 973, 457, -1.0130468606948853
15, 18, 508, 671, -1.3184529542922974
15, 19, 975, 394, -0.9751512408256531
15, 20, 530, 577, -1.2508132457733154
15, 21, 942, 427, -0.9119043350219727
15, 22, 520, 571, -1.190800428390503
15, 23, 695, 1016, 0.013167408294975758
15, 24, 414, 999, -0.009189488366246223
15, 25, 672, 1457, -0.09593594819307327
15, 26, 412, 1448, -0.02880857326090336
15, 27, 652, 1852, 0.17095990478992462
15, 28, 398, 1839, 0.12462860345840454
15, 29, 654, 1909, 0.17139920592308044
15, 30, 382, 1895, 0.1282341331243515
15, 31, 610, 1985, -0.23947003483772278
15, 32, 441, 1971, -0.3083641529083252
16, 0, 616, 258, -0.6515069603919983
16, 1, 644, 218, -0.6041595339775085
16, 2, 658, 219, -0.6041089296340942
16, 3, 673, 221, -0.6037216186523438
16, 4, 597, 211, -0.6156719923019409
16, 5, 578, 207, -0.6151949167251587
16, 6, 558, 204, -0.6154862642288208
16, 7, 692, 240, -0.3057880997657776
16, 8, 521, 215, -0.36450037360191345
16, 9, 635, 304, -0.5416527986526489
16, 10, 581, 296, -0.5588178634643555
16, 11, 772, 466, -0.1352585256099701
16, 12, 376, 441, -0.20715507864952087
16, 13, 839, 658, -0.5346558094024658
16, 14, 275, 703, -0.4485214650630951
16, 15, 904, 515, -1.159568428993225
16, 16, 249, 914, -0.9467970132827759
16, 17, 971, 474, -1.286230206489563
16, 18, 220, 985, -1.0289398431777954
16, 19, 965, 398, -1.255997896194458
16, 20, 262, 956, -1.0837738513946533
16, 21, 931, 431, -1.171215534210205
16, 22, 284, 935, -0.9816334843635559
16, 23, 690, 1025, 0.012419642880558968
16, 24, 410, 1003, -0.00817297212779522
16, 25, 664, 1481, -0.09449367225170135
16, 26, 407, 1467, -0.06183581426739693
16, 27, 642, 1885, 0.24090810120105743
16, 28, 384, 1873, 0.13464036583900452
16, 29, 642, 1948, 0.24730101227760315
16, 30, 367, 1937, 0.14157214760780334
16, 31, 602, 2018, -0.17918284237384796
16, 32, 434, 2003, -0.30242881178855896
17, 0, 615, 257, -0.6158497929573059
17, 1, 643, 217, -0.5701236128807068
17, 2, 657, 218, -0.570019006729126
17, 3, 672, 220, -0.5696383714675903
17, 4, 596, 210, -0.5788525342941284
17, 5, 577, 206, -0.5783919095993042
17, 6, 557, 203, -0.5786250829696655
17, 7, 691, 239, -0.287031888961792
17, 8, 521, 211, -0.32335197925567627
17, 9, 633, 304, -0.5093088746070862
17, 10, 580, 296, -0.5216745138168335
17, 11, 765, 466, -0.10963164269924164
17, 12, 376, 441, -0.18949061632156372
17, 13, 839, 652, -0.4596070647239685
17, 14, 247, 687, -0.6178280115127563
17, 15, 916, 517, -0.9897536039352417
17, 16, 302, 521, -1.213531732559204
17, 17, 984, 474, -1.0936923027038574
17, 18, 345, 453, -1.3166778087615967
17, 19, 978, 408, -1.0603457689285278
17, 20, 377, 417, -1.2636535167694092
17, 21, 942, 438, -0.997133731842041
17, 22, 375, 448, -1.2090681791305542
17, 23, 680, 1025, 0.007143077440559864
17, 24, 408, 1004, -0.0027632771525532007
17, 25, 660, 1482, -0.02623988687992096
17, 26, 409, 1469, -0.03240343928337097
17, 27, 638, 1886, 0.3304961621761322
17, 28, 389, 1877, 0.17061981558799744
17, 29, 638, 1948, 0.3413105010986328
17, 30, 372, 1941, 0.1801934540271759
17, 31, 607, 2018, -0.04396688565611839
17, 32, 438, 2004, -0.2517555356025696
18, 0, 614, 257, -0.5890913009643555
18, 1, 642, 216, -0.5325577855110168
18, 2, 656, 217, -0.5324534177780151
18, 3, 671, 219, -0.5319110155105591
18, 4, 595, 209, -0.5475559830665588
18, 5, 576, 205, -0.5471774339675903
18, 6, 557, 202, -0.5472627878189087
18, 7, 691, 239, -0.2184896022081375
18, 8, 521, 210, -0.28073650598526
18, 9, 633, 304, -0.4740847647190094
18, 10, 579, 296, -0.49481678009033203
18, 11, 765, 466, -0.0509328655898571
18, 12, 364, 455, -0.18358688056468964
18, 13, 841, 656, -0.3756759762763977
18, 14, 230, 687, -0.6736464500427246
18, 15, 919, 525, -0.7800078988075256
18, 16, 297, 468, -1.3001244068145752
18, 17, 989, 477, -0.8621734380722046
18, 18, 346, 364, -1.4080650806427002
18, 19, 984, 414, -0.8013437390327454
18, 20, 383, 336, -1.3409382104873657
18, 21, 947, 441, -0.7738872766494751
18, 22, 390, 362, -1.2938859462738037
18, 23, 680, 1031, 0.002150124404579401
18, 24, 407, 1017, 0.0023554121144115925
18, 25, 663, 1493, -0.035332392901182175
18, 26, 410, 1490, 0.006877177860587835
18, 27, 644, 1902, 0.31287962198257446
18, 28, 391, 1892, 0.21531300246715546
18, 29, 645, 1964, 0.3225170075893402
18, 30, 372, 1953, 0.22784113883972168
18, 31, 611, 2030, -0.06425416469573975
18, 32, 442, 2021, -0.20069923996925354
19, 0, 614, 256, -0.5189658403396606
19, 1, 642, 215, -0.4565702974796295
19, 2, 656, 216, -0.45646944642066956
19, 3, 670, 218, -0.45593589544296265
19, 4, 595, 208, -0.4694068431854248
19, 5, 577, 205, -0.4691368639469147
19, 6, 558, 202, -0.46932849287986755
19, 7, 690, 238, -0.13879522681236267
19, 8, 521, 210, -0.19307051599025726
19, 9, 633, 304, -0.4076293110847473
19, 10, 579, 296, -0.4258224368095398
19, 11, 763, 466, 0.014834919944405556
19, 12, 362, 459, -0.12081962823867798
19, 13, 840, 656, -0.2200573980808258
19, 14, 213, 678, -0.6457252502441406
19, 15, 922, 527, -0.5290980935096741
19, 16, 287, 420, -1.2184385061264038
19, 17, 993, 477, -0.5892842411994934
19, 18, 319, 331, -1.3238815069198608
19, 19, 989, 417, -0.5372841954231262
19, 20, 376, 308, -1.2572009563446045
19, 21, 951, 443, -0.5259714126586914
19, 22, 386, 340, -1.2126835584640503
19, 23, 687, 1031, -0.007852869108319283
19, 24, 408, 1018, 0.012219088152050972
19, 25, 668, 1493, -0.03021954372525215
19, 26, 419, 1492, 0.13432994484901428
19, 27, 652, 1902, 0.3345000147819519
19, 28, 414, 1891, 0.4711384177207947
19, 29, 650, 1960, 0.3452189564704895
19, 30, 400, 1951, 0.49933499097824097
19, 31, 632, 2028, -0.04982835426926613
19, 32, 463, 2023, 0.06666193157434464
20, 0, 614, 256, -0.49394527077674866
20, 1, 641, 214, -0.43736037611961365
20, 2, 655, 216, -0.437213659286499
20, 3, 670, 218, -0.4366518557071686
20, 4, 595, 208, -0.44788795709609985
20, 5, 577, 204, -0.44761666655540466
20, 6, 558, 201, -0.4477720260620117
20, 7, 690, 238, -0.13750430941581726
20, 8, 521, 210, -0.18295469880104065
20, 9, 632, 304, -0.38940027356147766
20, 10, 579, 296, -0.4040685296058655
20, 11, 762, 466, -0.0003923630283679813
20, 12, 358, 463, -0.10007278621196747
20, 13, 842, 657, -0.27781322598457336
20, 14, 209, 679, -0.6507253050804138
20, 15, 923, 536, -0.6879194974899292
20, 16, 275, 433, -1.2953013181686401
20, 17, 996, 478, -0.7694611549377441
20, 18, 299, 340, -1.4113552570343018
20, 19, 991, 418, -0.7216883897781372
20, 20, 357, 317, -1.3343226909637451
20, 21, 952, 447, -0.688510537147522
20, 22, 373, 352, -1.288784384727478
20, 23, 702, 1032, -0.01375156082212925
20, 24, 412, 1027, 0.01823463849723339
20, 25, 687, 1493, -0.01669386960566044
20, 26, 430, 1504, 0.21964505314826965
20, 27, 679, 1900, 0.3624747395515442
20, 28, 435, 1895, 0.6245311498641968
20, 29, 678, 1959, 0.37473055720329285
20, 30, 423, 1952, 0.6593295931816101
20, 31, 663, 2028, -0.019805224612355232
20, 32, 488, 2031, 0.2340712547302246
21, 0, 614, 257, -0.5038529634475708
21, 1, 641, 215, -0.4546305239200592
21, 2, 655, 216, -0.45448246598243713
21, 3, 670, 218, -0.45396631956100464
21, 4, 595, 208, -0.4627285897731781
21, 5, 577, 205, -0.4623331129550934
21, 6, 558, 203, -0.46250733733177185
21, 7, 689, 239, -0.15441831946372986
21, 8, 521, 212, -0.20139987766742706
21, 9, 632, 306, -0.4030191898345947
21, 10, 579, 298, -0.4150528013706207
21, 11, 759, 466, 4.547699791146442e-05
21, 12, 358, 464, -0.10934404283761978
21, 13, 843, 657, -0.28916606307029724
21, 14, 206, 679, -0.6669110059738159
21, 15, 924, 536, -0.706389307975769
21, 16, 271, 429, -1.307266354560852
21, 17, 997, 478, -0.7861900329589844
21, 18, 295, 339, -1.4187328815460205
21, 19, 993, 420, -0.7299404740333557
21, 20, 351, 316, -1.3460595607757568
21, 21, 953, 448, -0.7033349275588989
21, 22, 363, 351, -1.2996412515640259
21, 23, 703, 1033, -0.019705520942807198
21, 24, 415, 1031, 0.023721355944871902
21, 25, 689, 1493, -0.04999229311943054
21, 26, 439, 1507, 0.14929790794849396
21, 27, 681, 1902, 0.30212581157684326
21, 28, 442, 1902, 0.4734194874763489
21, 29, 681, 1959, 0.3113582134246826
21, 30, 430, 1956, 0.4954313635826111
21, 31, 664, 2029, -0.08785159885883331
21, 32, 489, 2036, 0.08024951815605164
22, 0, 614, 259, -0.5161528587341309
22, 1, 642, 215, -0.4574567675590515
22, 2, 656, 217, -0.45740145444869995
22, 3, 671, 220, -0.4568985104560852
22, 4, 596, 209, -0.472717821598053
22, 5, 577, 206, -0.4724411070346832
22, 6, 558, 204, -0.4725669026374817
22, 7, 689, 240, -0.16414649784564972
22, 8, 521, 213, -0.20321448147296906
22, 9, 632, 310, -0.4069332182407379
22, 10, 579, 301, -0.425997793674469
22, 11, 758, 467, -0.005537028424441814
22, 12, 357, 467, -0.11114619672298431
22, 13, 842, 662, -0.30124491453170776
22, 14, 204, 680, -0.6730722188949585
22, 15, 923, 539, -0.7314823865890503
22, 16, 261, 441, -1.3484177589416504
22, 17, 999, 478, -0.8152137994766235
22, 18, 286, 354, -1.4632307291030884
22, 19, 994, 420, -0.7625554800033569
22, 20, 340, 325, -1.4023783206939697
22, 21, 953, 449, -0.730227530002594
22, 22, 349, 361, -1.3461793661117554
22, 23, 703, 1035, -0.021116355434060097
22, 24, 416, 1033, 0.024972382932901382
22, 25, 686, 1494, -0.04787612706422806
22, 26, 438, 1506, 0.12325853109359741
22, 27, 671, 1903, 0.30621084570884705
22, 28, 434, 1901, 0.419588178396225
22, 29, 670, 1959, 0.3151088356971741
22, 30, 420, 1955, 0.4412152171134949
22, 31, 652, 2031, -0.08167734742164612
22, 32, 471, 2035, 0.013232369907200336
23, 0, 614, 263, -0.5624344348907471
23, 1, 642, 218, -0.5049710273742676
23, 2, 656, 220, -0.504848062992096
23, 3, 671, 223, -0.5043570399284363
23, 4, 596, 213, -0.5159386396408081
23, 5, 578, 210, -0.5157420039176941
23, 6, 559, 207, -0.5158820748329163
23, 7, 689, 242, -0.1870255470275879
23, 8, 521, 218, -0.22513499855995178
23, 9, 632, 314, -0.4473797678947449
23, 10, 580, 305, -0.4618864059448242
23, 11, 758, 468, -0.006346265785396099
23, 12, 360, 469, -0.11503298580646515
23, 13, 843, 665, -0.3055061995983124
23, 14, 202, 680, -0.6638931632041931
23, 15, 923, 539, -0.7158566117286682
23, 16, 260, 457, -1.2963650226593018
23, 17, 1001, 478, -0.7915411591529846
23, 18, 283, 363, -1.4034569263458252
23, 19, 994, 421, -0.7322437763214111
23, 20, 338, 334, -1.339778184890747
23, 21, 954, 450, -0.7110207676887512
23, 22, 345, 373, -1.2914230823516846
23, 23, 703, 1038, -0.025056129321455956
23, 24, 416, 1036, 0.02876100316643715
23, 25, 686, 1497, -0.057447828352451324
23, 26, 437, 1507, 0.11001589149236679
23, 27, 671, 1908, 0.2985624074935913
23, 28, 430, 1905, 0.3632596433162689
23, 29, 670, 1965, 0.30829983949661255
23, 30, 417, 1962, 0.3823305666446686
23, 31, 650, 2037, -0.09241031855344772
23, 32, 466, 2037, -0.05578778311610222
24, 0, 614, 263, -0.5655145645141602
24, 1, 642, 218, -0.5103864073753357
24, 2, 656, 220, -0.510285496711731
24, 3, 671, 223, -0.5098106265068054
24, 4, 596, 213, -0.517722487449646
24, 5, 578, 210, -0.5175073146820068
24, 6, 559, 208, -0.5176613926887512
24, 7, 689, 242, -0.19254916906356812
24, 8, 521, 220, -0.22183549404144287
24, 9, 632, 314, -0.45191890001296997
24, 10, 580, 306, -0.46212276816368103
24, 11, 761, 468, -0.013309468515217304
24, 12, 370, 471, -0.11375167220830917
24, 13, 843, 665, -0.3292147219181061
24, 14, 203, 681, -0.6553976535797119
24, 15, 929, 538, -0.7306301593780518
24, 16, 261, 465, -1.2825533151626587
24, 17, 1008, 478, -0.7974585890769958
24, 18, 285, 365, -1.3914364576339722
24, 19, 996, 422, -0.7486186623573303
24, 20, 339, 338, -1.320753812789917
24, 21, 957, 450, -0.7182639837265015
24, 22, 348, 376, -1.2756386995315552
24, 23, 704, 1045, -0.035348691046237946
24, 24, 417, 1041, 0.03890048712491989
24, 25, 686, 1502, -0.046415384858846664
24, 26, 437, 1512, 0.16744068264961243
24, 27, 671, 1912, 0.33357179164886475
24, 28, 430, 1910, 0.4885883927345276
24, 29, 671, 1969, 0.34660211205482483
24, 30, 417, 1965, 0.5157986283302307
24, 31, 647, 2043, -0.05690603330731392
24, 32, 466, 2044, 0.08525827527046204
25, 0, 614, 263, -0.5642062425613403
25, 1, 641, 219, -0.5094739198684692
25, 2, 655, 220, -0.5093706846237183
25, 3, 670, 223, -0.5089015364646912
25, 4, 596, 213, -0.5173221230506897
25, 5, 578, 211, -0.5171083211898804
25, 6, 559, 208, -0.5172622799873352
25, 7, 689, 242, -0.19096580147743225
25, 8, 522, 220, -0.21937277913093567
25, 9, 632, 314, -0.4516984820365906
25, 10, 580, 306, -0.4604228138923645
25, 11, 762, 466, -0.001079242443665862
25, 12, 379, 468, -0.1134089007973671
25, 13, 843, 669, -0.2791723310947418
25, 14, 204, 678, -0.6667162775993347
25, 15, 937, 535, -0.6868311166763306
25, 16, 264, 473, -1.3756283521652222
25, 17, 1010, 479, -0.7624830007553101
25, 18, 299, 377, -1.4909908771514893
25, 19, 1004, 424, -0.7097280621528625
25, 20, 346, 350, -1.4339163303375244
25, 21, 973, 450, -0.68220055103302
25, 22, 355, 382, -1.373246431350708
25, 23, 712, 1025, -0.03469391539692879
25, 24, 430, 1022, 0.03803228214383125
25, 25, 691, 1480, -0.046341896057128906
25, 26, 439, 1488, 0.14958657324314117
25, 27, 676, 1887, 0.3085772395133972
25, 28, 432, 1884, 0.47099757194519043
25, 29, 677, 1941, 0.31731727719306946
25, 30, 419, 1936, 0.4990921914577484
25, 31, 650, 2017, -0.0795540064573288
25, 32, 469, 2017, 0.06746770441532135
26, 0, 614, 264, -0.6273702383041382
26, 1, 641, 219, -0.573935866355896
26, 2, 655, 221, -0.5738277435302734
26, 3, 670, 223, -0.5732923746109009
26, 4, 596, 215, -0.5792438983917236
26, 5, 578, 212, -0.5789405107498169
26, 6, 559, 210, -0.5790871381759644
26, 7, 689, 243, -0.24275732040405273
26, 8, 522, 221, -0.2705703377723694
26, 9, 632, 314, -0.5082923173904419
26, 10, 580, 306, -0.5167776346206665
26, 11, 763, 466, -0.023171188309788704
26, 12, 384, 458, -0.12140388786792755
26, 13, 842, 674, -0.3567338287830353
26, 14, 204, 662, -0.659066379070282
26, 15, 938, 539, -0.8993732333183289
26, 16, 270, 477, -1.3392255306243896
26, 17, 1010, 494, -0.9984539151191711
26, 18, 315, 386, -1.455407738685608
26, 19, 1004, 437, -0.9383182525634766
26, 20, 353, 360, -1.3924229145050049
26, 21, 972, 458, -0.8966590166091919
26, 22, 362, 390, -1.333952784538269
26, 23, 703, 1018, -0.033896178007125854
26, 24, 426, 1004, 0.03730221837759018
26, 25, 673, 1473, -0.0811498686671257
26, 26, 418, 1459, -0.016475223004817963
26, 27, 647, 1879, 0.25175905227661133
26, 28, 395, 1859, 0.1620035171508789
26, 29, 648, 1933, 0.25790077447891235
26, 30, 379, 1914, 0.171219140291214
26, 31, 608, 2005, -0.16235603392124176
26, 32, 433, 1988, -0.28457552194595337
27, 0, 612, 263, -0.6346889734268188
27, 1, 640, 219, -0.5820401906967163
27, 2, 654, 221, -0.5819699764251709
27, 3, 669, 223, -0.5815790891647339
27, 4, 594, 215, -0.5867098569869995
27, 5, 577, 212, -0.5863250494003296
27, 6, 559, 210, -0.5864641070365906
27, 7, 689, 242, -0.2431657612323761
27, 8, 522, 221, -0.2669858932495117
27, 9, 630, 313, -0.5119181275367737
27, 10, 579, 306, -0.5187185406684875
27, 11, 765, 465, -0.02280430868268013
27, 12, 385, 445, -0.12421462684869766
27, 13, 842, 674, -0.3518713712692261
27, 14, 204, 651, -0.6696574091911316
27, 15, 944, 543, -0.8885284662246704
27, 16, 283, 492, -1.4123599529266357
27, 17, 1015, 505, -0.985647976398468
27, 18, 325, 395, -1.5362961292266846
27, 19, 1009, 449, -0.9367091059684753
27, 20, 359, 378, -1.4775986671447754
27, 21, 976, 466, -0.8898266553878784
27, 22, 368, 403, -1.407765507698059
27, 23, 699, 1013, -0.033456478267908096
27, 24, 422, 995, 0.03691668063402176
27, 25, 666, 1467, -0.08761398494243622
27, 26, 409, 1451, 0.03800841048359871
27, 27, 638, 1871, 0.22371380031108856
27, 28, 387, 1848, 0.24907031655311584
27, 29, 640, 1926, 0.2270144522190094
27, 30, 371, 1900, 0.2584139406681061
27, 31, 597, 1995, -0.2026226967573166
27, 32, 425, 1981, -0.24084365367889404
28, 0, 611, 263, -0.5926340818405151
28, 1, 639, 219, -0.5562812089920044
28, 2, 654, 221, -0.5560986399650574
28, 3, 668, 223, -0.5556787252426147
28, 4, 593, 214, -0.5546486973762512
28, 5, 575, 212, -0.5540851354598999
28, 6, 557, 209, -0.5542506575584412
28, 7, 689, 242, -0.23544080555438995
28, 8, 522, 220, -0.25928160548210144
28, 9, 629, 313, -0.48176103830337524
28, 10, 577, 306, -0.4831836223602295
28, 11, 766, 467, -0.012961131520569324
28, 12, 382, 440, -0.11416064202785492
28, 13, 842, 682, -0.29900601506233215
28, 14, 203, 705, -0.6195134520530701
28, 15, 948, 554, -0.8682085871696472
28, 16, 294, 550, -1.3610907793045044
28, 17, 1018, 518, -0.980059802532196
28, 18, 325, 479, -1.4772627353668213
28, 19, 1013, 464, -0.9014595150947571
28, 20, 359, 448, -1.4175602197647095
28, 21, 979, 480, -0.8869711756706238
28, 22, 368, 467, -1.3568313121795654
28, 23, 693, 1013, -0.021583853289484978
28, 24, 413, 993, 0.025359103456139565
28, 25, 654, 1464, -0.06970424950122833
28, 26, 390, 1447, 0.04858497530221939
28, 27, 626, 1863, 0.23462998867034912
28, 28, 371, 1837, 0.28219106793403625
28, 29, 628, 1917, 0.2378397285938263
28, 30, 353, 1887, 0.2964863181114197
28, 31, 585, 1989, -0.17114469408988953
28, 32, 412, 1973, -0.1619061827659607
29, 0, 609, 263, -0.6085354089736938
29, 1, 636, 218, -0.5674269795417786
29, 2, 652, 220, -0.5673367381095886
29, 3, 666, 222, -0.5669596195220947
29, 4, 590, 213, -0.5676615238189697
29, 5, 572, 211, -0.5671647787094116
29, 6, 554, 209, -0.567326009273529
29, 7, 688, 242, -0.25760596990585327
29, 8, 521, 220, -0.2702273428440094
29, 9, 627, 311, -0.4961166977882385
29, 10, 574, 303, -0.4977602958679199
29, 11, 769, 467, -0.027171975001692772
29, 12, 382, 442, -0.1263163983821869
29, 13, 839, 686, -0.31195932626724243
29, 14, 227, 700, -0.6178933382034302
29, 15, 953, 567, -0.8827756643295288
29, 16, 313, 612, -1.3760124444961548
29, 17, 1022, 535, -0.9849292039871216
29, 18, 337, 569, -1.4959384202957153
29, 19, 1022, 482, -0.9533055424690247
29, 20, 365, 520, -1.4584949016571045
29, 21, 988, 497, -0.8958940505981445
29, 22, 372, 532, -1.3804196119308472
29, 23, 693, 1014, -0.02096066251397133
29, 24, 413, 996, 0.024893486872315407
29, 25, 656, 1465, -0.08423539251089096
29, 26, 394, 1452, -0.0020550694316625595
29, 27, 630, 1865, 0.2246135026216507
29, 28, 378, 1843, 0.17267145216464996
29, 29, 630, 1921, 0.22764237225055695
29, 30, 361, 1895, 0.17885304987430573
29, 31, 593, 1991, -0.18807843327522278
29, 32, 418, 1978, -0.27578026056289673
30, 0, 608, 260, -0.5603917837142944
30, 1, 635, 215, -0.5277224183082581
30, 2, 651, 216, -0.5276417136192322
30, 3, 665, 218, -0.5273603200912476
30, 4, 588, 212, -0.5299471020698547
30, 5, 570, 210, -0.5295254588127136
30, 6, 552, 208, -0.5297357439994812
30, 7, 687, 238, -0.24832753837108612
30, 8, 521, 219, -0.266382098197937
30, 9, 627, 309, -0.4601522386074066
30, 10, 573, 300, -0.46402472257614136
30, 11, 771, 467, -0.026637528091669083
30, 12, 385, 443, -0.15117095410823822
30, 13, 836, 688, -0.23261091113090515
30, 14, 247, 699, -0.6105117201805115
30, 15, 963, 583, -0.6562978625297546
30, 16, 320, 659, -1.2421910762786865
30, 17, 1031, 548, -0.7269296050071716
30, 18, 345, 626, -1.334181547164917
30, 19, 1028, 501, -0.7158067226409912
30, 20, 374, 575, -1.3079911470413208
30, 21, 999, 511, -0.6687905192375183
30, 22, 391, 588, -1.246295690536499
30, 23, 689, 1014, -0.007183843292295933
30, 24, 409, 998, 0.010880745016038418
30, 25, 657, 1466, 0.008750399574637413
30, 26, 396, 1455, 0.005343867931514978
30, 27, 631, 1867, 0.34608253836631775
30, 28, 380, 1847, 0.21814672648906708
30, 29, 632, 1923, 0.35382917523384094
30, 30, 365, 1900, 0.22980399429798126
30, 31, 604, 1993, -0.014641955494880676
30, 32, 430, 1981, -0.20427289605140686
31, 0, 607, 258, -0.6749364137649536
31, 1, 634, 214, -0.6245019435882568
31, 2, 651, 215, -0.6245001554489136
31, 3, 665, 217, -0.6241064071655273
31, 4, 585, 210, -0.6293521523475647
31, 5, 566, 208, -0.6288900375366211
31, 6, 549, 206, -0.6292378306388855
31, 7, 686, 237, -0.29957565665245056
31, 8, 519, 219, -0.3183129131793976
31, 9, 627, 308, -0.5544120669364929
31, 10, 570, 299, -0.5600372552871704
31, 11, 773, 472, -0.05116278678178787
31, 12, 383, 456, -0.19731713831424713
31, 13, 824, 701, -0.25915125012397766
31, 14, 268, 700, -0.5981338620185852
31, 15, 963, 614, -0.6827142238616943
31, 16, 366, 687, -1.196351170539856
31, 17, 1031, 579, -0.7477443218231201
31, 18, 398, 691, -1.29140305519104
31, 19, 1027, 538, -0.8137043118476868
31, 20, 416, 639, -1.2775968313217163
31, 21, 998, 549, -0.7353731393814087
31, 22, 417, 645, -1.2069532871246338
31, 23, 681, 1040, 8.956521924119443e-05
31, 24, 394, 1020, 0.004056199453771114
31, 25, 660, 1490, -0.0016703351866453886
31, 26, 397, 1475, -0.057521142065525055
31, 27, 651, 1898, 0.3473515510559082
31, 28, 392, 1876, 0.1890115737915039
31, 29, 653, 1962, 0.35517656803131104
31, 30, 373, 1939, 0.20004551112651825
31, 31, 631, 2022, -0.04602580517530441
31, 32, 454, 1998, -0.2874264121055603
32, 0, 605, 256, -0.756433367729187
32, 1, 634, 212, -0.7056268453598022
32, 2, 650, 213, -0.7056062817573547
32, 3, 665, 215, -0.7053108811378479
32, 4, 582, 210, -0.7056323289871216
32, 5, 562, 208, -0.7051400542259216
32, 6, 545, 206, -0.7054907083511353
32, 7, 686, 236, -0.3672930598258972
32, 8, 517, 219, -0.36771300435066223
32, 9, 626, 307, -0.6298266649246216
32, 10, 567, 298, -0.6302381753921509
32, 11, 780, 478, -0.1005215048789978
32, 12, 378, 456, -0.1898346245288849
32, 13, 823, 719, -0.2655270993709564
32, 14, 268, 699, -0.5302896499633789
32, 15, 967, 656, -0.7879592180252075
32, 16, 351, 714, -1.1935290098190308
32, 17, 1030, 630, -0.8783556818962097
32, 18, 387, 711, -1.304884910583496
32, 19, 1030, 592, -0.9117130041122437
32, 20, 408, 658, -1.2911478281021118
32, 21, 999, 593, -0.8267449140548706
32, 22, 409, 663, -1.2065401077270508
32, 23, 670, 1042, -0.0050612096674740314
32, 24, 382, 1019, 0.009881814941763878
32, 25, 638, 1490, -0.1277051866054535
32, 26, 365, 1471, -0.15622957050800323
32, 27, 622, 1900, 0.22205977141857147
32, 28, 353, 1876, 0.028456399217247963
32, 29, 623, 1964, 0.22623023390769958
32, 30, 338, 1939, 0.029006045311689377
32, 31, 583, 2024, -0.2534993290901184
32, 32, 399, 1998, -0.48884516954421997
33, 0, 604, 255, -0.7837568521499634
33, 1, 633, 212, -0.7321141362190247
33, 2, 650, 213, -0.7322056889533997
33, 3, 664, 214, -0.7319493889808655
33, 4, 581, 209, -0.7302742004394531
33, 5, 561, 208, -0.7298045754432678
33, 6, 544, 206, -0.7300599217414856
33, 7, 686, 236, -0.3834473192691803
33, 8, 517, 219, -0.3690928518772125
33, 9, 626, 306, -0.6546839475631714
33, 10, 566, 297, -0.6510032415390015
33, 11, 784, 479, -0.14516374468803406
33, 12, 374, 458, -0.18372955918312073
33, 13, 880, 808, -0.3408464789390564
33, 14, 234, 702, -0.4534413814544678
33, 15, 917, 744, -0.9290744662284851
33, 16, 348, 740, -1.178534746170044
33, 17, 930, 735, -1.047860860824585
33, 18, 378, 758, -1.3056213855743408
33, 19, 975, 660, -1.0508549213409424
33, 20, 402, 703, -1.2965365648269653
33, 21, 901, 698, -0.9515849351882935
33, 22, 406, 686, -1.193454384803772
33, 23, 672, 1047, -0.03897393122315407
33, 24, 384, 1027, 0.04360416531562805
33, 25, 642, 1496, -0.17012277245521545
33, 26, 372, 1482, -0.025284061208367348
33, 27, 624, 1912, 0.19497469067573547
33, 28, 360, 1892, 0.22760185599327087
33, 29, 625, 1977, 0.19988137483596802
33, 30, 351, 1955, 0.23135563731193542
33, 31, 589, 2039, -0.31229349970817566
33, 32, 404, 2019, -0.39219194650650024
34, 0, 605, 253, -0.6877645254135132
34, 1, 634, 210, -0.6506449580192566
34, 2, 651, 211, -0.6505597233772278
34, 3, 665, 212, -0.6510353088378906
34, 4, 582, 208, -0.6586209535598755
34, 5, 561, 207, -0.6582297682762146
34, 6, 545, 205, -0.6588563323020935
34, 7, 687, 234, -0.3419197201728821
34, 8, 517, 219, -0.35056349635124207
34, 9, 627, 304, -0.6181631684303284
34, 10, 567, 296, -0.6220651865005493
34, 11, 794, 479, -0.18956488370895386
34, 12, 366, 463, -0.23669683933258057
34, 13, 879, 801, -0.28247442841529846
34, 14, 221, 705, -0.26105964183807373
34, 15, 876, 921, -0.6053974628448486
34, 16, 188, 965, -0.5703102350234985
34, 17, 883, 978, -0.6981884241104126
34, 18, 165, 1037, -0.6510331034660339
34, 19, 847, 956, -0.7207788825035095
34, 20, 218, 1026, -0.7030254006385803
34, 21, 830, 937, -0.6304079294204712
34, 22, 233, 1000, -0.6019625663757324
34, 23, 679, 1060, -0.03694484382867813
34, 24, 389, 1055, 0.04154352843761444
34, 25, 662, 1516, -0.06042523309588432
34, 26, 386, 1518, -0.0006631065043620765
34, 27, 657, 1931, 0.34697338938713074
34, 28, 389, 1925, 0.24078409373760223
34, 29, 662, 1999, 0.3657340407371521
34, 30, 385, 1992, 0.24809913337230682
34, 31, 611, 2065, -0.0254347063601017
34, 32, 425, 2052, -0.2052287757396698
35, 0, 605, 251, -0.6196816563606262
35, 1, 634, 207, -0.5832828283309937
35, 2, 651, 208, -0.5830692052841187
35, 3, 665, 210, -0.5834593772888184
35, 4, 582, 206, -0.5904642939567566
35, 5, 561, 205, -0.590150773525238
35, 6, 545, 205, -0.5905086994171143
35, 7, 687, 232, -0.325504332780838
35, 8, 517, 219, -0.33835530281066895
35, 9, 627, 302, -0.5502305626869202
35, 10, 567, 295, -0.5541700124740601
35, 11, 800, 480, -0.21319679915905
35, 12, 361, 469, -0.24733491241931915
35, 13, 886, 797, -0.2494676560163498
35, 14, 209, 705, -0.2273777276277542
35, 15, 916, 1045, -0.4960973262786865
35, 16, 132, 1009, -0.48004475235939026
35, 17, 930, 1124, -0.5751039981842041
35, 18, 92, 1082, -0.5420973896980286
35, 19, 905, 1125, -0.6178971529006958
35, 20, 146, 1087, -0.6134532690048218
35, 21, 874, 1097, -0.5277954936027527
35, 22, 167, 1063, -0.5198341608047485
35, 23, 689, 1090, -0.03508949279785156
35, 24, 395, 1087, 0.03956570103764534
35, 25, 676, 1559, 0.023441817611455917
35, 26, 394, 1561, 0.0687171220779419
35, 27, 669, 1974, 0.5165334939956665
35, 28, 397, 1970, 0.38755422830581665
35, 29, 674, 2047, 0.5445308089256287
35, 30, 392, 2042, 0.40880751609802246
35, 31, 624, 2110, 0.18476714193820953
35, 32, 436, 2104, 0.000371849222574383
36, 0, 606, 251, -0.5649288296699524
36, 1, 634, 207, -0.5263474583625793
36, 2, 651, 208, -0.5262079238891602
36, 3, 665, 210, -0.526425838470459
36, 4, 582, 206, -0.5332987308502197
36, 5, 562, 205, -0.5328587889671326
36, 6, 545, 204, -0.5331835150718689
36, 7, 687, 232, -0.2920352816581726
36, 8, 517, 219, -0.316037654876709
36, 9, 627, 302, -0.48124203085899353
36, 10, 567, 295, -0.48788395524024963
36, 11, 798, 482, -0.1743868738412857
36, 12, 356, 470, -0.2311089038848877
36, 13, 885, 793, -0.17718544602394104
36, 14, 205, 704, -0.19844400882720947
36, 15, 933, 1020, -0.4060954451560974
36, 16, 129, 1015, -0.4393581449985504
36, 17, 956, 1088, -0.4794189929962158
36, 18, 92, 1090, -0.5049099922180176
36, 19, 927, 1084, -0.5300287008285522
36, 20, 145, 1092, -0.5721678733825684
36, 21, 891, 1060, -0.44154292345046997
36, 22, 168, 1067, -0.4773344397544861
36, 23, 690, 1096, -0.029643798246979713
36, 24, 395, 1094, 0.03406386822462082
36, 25, 678, 1561, -0.007281149737536907
36, 26, 394, 1565, 0.042481474578380585
36, 27, 672, 1977, 0.4157732427120209
36, 28, 398, 1972, 0.264698326587677
36, 29, 676, 2047, 0.43066054582595825
36, 30, 392, 2040, 0.2741064727306366
36, 31, 626, 2111, 0.03205694258213043
36, 32, 436, 2103, -0.0677846223115921
37, 0, 607, 251, -0.5775030851364136
37, 1, 635, 208, -0.542152464389801
37, 2, 652, 209, -0.5420482158660889
37, 3, 665, 210, -0.5428081154823303
37, 4, 585, 206, -0.5553501844406128
37, 5, 565, 205, -0.555099606513977
37, 6, 547, 204, -0.5554556846618652
37, 7, 687, 232, -0.30810824036598206
37, 8, 517, 218, -0.33966466784477234
37, 9, 628, 302, -0.5014115571975708
37, 10, 569, 295, -0.5113920569419861
37, 11, 798, 482, -0.21179422736167908
37, 12, 354, 471, -0.25435078144073486
37, 13, 881, 763, -0.21367719769477844
37, 14, 200, 704, -0.23841318488121033
37, 15, 933, 1023, -0.5313658714294434
37, 16, 125, 1020, -0.4813779294490814
37, 17, 963, 1100, -0.6153825521469116
37, 18, 88, 1094, -0.5464876294136047
37, 19, 930, 1105, -0.6547243595123291
37, 20, 140, 1104, -0.6201573610305786
37, 21, 900, 1077, -0.5646331906318665
37, 22, 160, 1078, -0.5203662514686584
37, 23, 695, 1093, -0.03144720941781998
37, 24, 407, 1094, 0.03538765013217926
37, 25, 691, 1556, 0.007391634397208691
37, 26, 416, 1564, 0.07678130269050598
37, 27, 692, 1973, 0.464257150888443
37, 28, 426, 1975, 0.3610139489173889
37, 29, 698, 2044, 0.48842349648475647
37, 30, 419, 2045, 0.3779172897338867
37, 31, 649, 2108, 0.10861168056726456
37, 32, 462, 2105, -0.032631341367959976
38, 0, 608, 251, -0.5875407457351685
38, 1, 636, 208, -0.5484186410903931
38, 2, 653, 209, -0.5483499765396118
38, 3, 666, 210, -0.5487490296363831
38, 4, 586, 206, -0.5574809312820435
38, 5, 566, 204, -0.5571728348731995
38, 6, 548, 203, -0.5575064420700073
38, 7, 687, 232, -0.30622127652168274
38, 8, 519, 217, -0.335139662027359
38, 9, 628, 302, -0.5005773305892944
38, 10, 570, 295, -0.5081140995025635
38, 11, 797, 482, -0.2033277302980423
38, 12, 355, 472, -0.243913933634758
38, 13, 881, 743, -0.23102104663848877
38, 14, 201, 705, -0.23184342682361603
38, 15, 934, 1027, -0.5397515892982483
38, 16, 133, 1033, -0.47098368406295776
38, 17, 965, 1104, -0.6251185536384583
38, 18, 97, 1108, -0.5361915826797485
38, 19, 934, 1110, -0.6709988117218018
38, 20, 150, 1116, -0.6078086495399475
38, 21, 906, 1082, -0.5751839876174927
38, 22, 170, 1091, -0.5091472268104553
38, 23, 696, 1094, -0.032155655324459076
38, 24, 412, 1096, 0.035876233130693436
38, 25, 696, 1560, -0.006821273826062679
38, 26, 427, 1570, 0.06771884858608246
38, 27, 700, 1979, 0.4279007315635681
38, 28, 439, 1982, 0.3351265788078308
38, 29, 707, 2048, 0.4496963620185852
38, 30, 431, 2051, 0.3505668044090271
38, 31, 659, 2113, 0.07072833925485611
38, 32, 474, 2110, -0.06845225393772125
39, 0, 610, 250, -0.5874532461166382
39, 1, 638, 207, -0.5444780588150024
39, 2, 655, 208, -0.5443915724754333
39, 3, 668, 210, -0.5446521043777466
39, 4, 589, 204, -0.554792046546936
39, 5, 569, 203, -0.5543961524963379
39, 6, 550, 202, -0.5547250509262085
39, 7, 689, 232, -0.2911255359649658
39, 8, 520, 216, -0.33162814378738403
39, 9, 630, 302, -0.49392732977867126
39, 10, 572, 295, -0.5048240423202515
39, 11, 797, 482, -0.18402113020420074
39, 12, 355, 472, -0.2568305730819702
39, 13, 888, 737, -0.2241896390914917
39, 14, 198, 706, -0.2523682713508606
39, 15, 937, 1029, -0.5311633348464966
39, 16, 142, 1035, -0.4838320314884186
39, 17, 967, 1106, -0.6140838861465454
39, 18, 111, 1112, -0.5542151927947998
39, 19, 936, 1106, -0.665262758731842
39, 20, 166, 1119, -0.6134448647499084
39, 21, 909, 1080, -0.5685808658599854
39, 22, 185, 1093, -0.5173326134681702
39, 23, 696, 1096, -0.01830384135246277
39, 24, 412, 1098, 0.02201346680521965
39, 25, 693, 1565, -0.025462418794631958
39, 26, 421, 1574, -0.03020637296140194
39, 27, 697, 1988, 0.30622923374176025
39, 28, 433, 1988, 0.13139064610004425
39, 29, 704, 2058, 0.3175444006919861
39, 30, 430, 2057, 0.13249005377292633
39, 31, 651, 2122, -0.06842465698719025
39, 32, 462, 2116, -0.2888340651988983
