0, 0, 362, 183, -0.9054726362228394
0, 1, 381, 150, -0.8681085705757141
0, 2, 393, 150, -0.8679255247116089
0, 3, 404, 151, -0.8680232167243958
0, 4, 339, 152, -0.8602398037910461
0, 5, 324, 153, -0.859406590461731
0, 6, 311, 155, -0.8597084879875183
0, 7, 424, 167, -0.5525152087211609
0, 8, 295, 173, -0.493663489818573
0, 9, 384, 214, -0.7803834080696106
0, 10, 335, 218, -0.7637002468109131
0, 11, 528, 327, -0.38689088821411133
0, 12, 206, 343, -0.34825435280799866
0, 13, 562, 470, -0.4517979025840759
0, 14, 105, 490, -0.37083449959754944
0, 15, 562, 705, -0.7620039582252502
0, 16, 96, 724, -0.8111414909362793
0, 17, 578, 761, -0.881955623626709
0, 18, 78, 784, -0.9280644655227661
0, 19, 540, 759, -0.9114352464675903
0, 20, 118, 779, -1.004496693611145
0, 21, 528, 738, -0.7949351668357849
0, 22, 131, 758, -0.8634711503982544
0, 23, 473, 741, -0.055522333830595016
0, 24, 262, 750, 0.06174418330192566
0, 25, 471, 1061, 0.10897441953420639
0, 26, 275, 1069, 0.18622255325317383
0, 27, 477, 1340, 0.854761004447937
0, 28, 292, 1347, 0.7386070489883423
0, 29, 485, 1389, 0.8964675068855286
0, 30, 292, 1399, 0.7798462510108948
0, 31, 444, 1438, 0.3289746642112732
0, 32, 324, 1441, 0.15103204548358917
1, 0, 359, 184, -1.10945463180542
1, 1, 378, 151, -1.0603901147842407
1, 2, 391, 151, -1.0607041120529175
1, 3, 401, 151, -1.0610759258270264
1, 4, 337, 152, -1.0553350448608398
1, 5, 323, 153, -1.0547995567321777
1, 6, 310, 155, -1.0552873611450195
1, 7, 420, 167, -0.652983546257019
1, 8, 295, 173, -0.6076772809028625
1, 9, 383, 216, -0.9469214677810669
1, 10, 333, 219, -0.9340835809707642
1, 11, 528, 327, -0.38433197140693665
1, 12, 206, 343, -0.37281081080436707
1, 13, 573, 465, -0.4268738329410553
1, 14, 105, 488, -0.37078338861465454
1, 15, 601, 681, -0.8634141683578491
1, 16, 91, 713, -0.8360499143600464
1, 17, 624, 734, -0.9951164126396179
1, 18, 75, 768, -0.9719334840774536
1, 19, 592, 736, -1.0714097023010254
1, 20, 112, 766, -1.0624492168426514
1, 21, 577, 716, -0.9179155230522156
1, 22, 123, 746, -0.8921400904655457
1, 23, 475, 740, -0.05761107802391052
1, 24, 272, 749, 0.06342801451683044
1, 25, 477, 1061, -0.042140476405620575
1, 26, 289, 1069, 0.05730363726615906
1, 27, 491, 1344, 0.5820797085762024
1, 28, 313, 1350, 0.47888779640197754
1, 29, 499, 1394, 0.6087929606437683
1, 30, 314, 1400, 0.501006543636322
1, 31, 459, 1439, -0.037440791726112366
1, 32, 345, 1442, -0.18053457140922546
2, 0, 357, 185, -1.1532951593399048
2, 1, 376, 151, -1.1025274991989136
2, 2, 389, 151, -1.1028838157653809
2, 3, 398, 151, -1.1031538248062134
2, 4, 335, 152, -1.0978893041610718
2, 5, 321, 153, -1.0973985195159912
2, 6, 310, 155, -1.0979562997817993
2, 7, 418, 167, -0.6926165223121643
2, 8, 295, 173, -0.6498827338218689
2, 9, 381, 217, -0.9913524389266968
2, 10, 332, 220, -0.9792906045913696
2, 11, 529, 327, -0.39672455191612244
2, 12, 205, 344, -0.4032438397407532
2, 13, 576, 463, -0.4294864237308502
2, 14, 105, 486, -0.3868646025657654
2, 15, 601, 673, -0.9099825024604797
2, 16, 84, 708, -0.8610091209411621
2, 17, 624, 727, -1.0436612367630005
2, 18, 68, 761, -1.001373291015625
2, 19, 591, 729, -1.1206963062286377
2, 20, 104, 758, -1.0920523405075073
2, 21, 576, 709, -0.9651025533676147
2, 22, 115, 739, -0.9171948432922363
2, 23, 475, 739, -0.05985504388809204
2, 24, 274, 748, 0.06539703160524368
2, 25, 479, 1061, -0.070670947432518
2, 26, 294, 1069, 0.044665705412626266
2, 27, 494, 1346, 0.5562398433685303
2, 28, 319, 1351, 0.4675983786582947
2, 29, 502, 1396, 0.5825163722038269
2, 30, 320, 1401, 0.4901143014431
2, 31, 462, 1440, -0.06968190521001816
2, 32, 349, 1442, -0.19091841578483582
3, 0, 354, 185, -1.156225323677063
3, 1, 373, 151, -1.104830265045166
3, 2, 387, 151, -1.1051092147827148
3, 3, 396, 151, -1.1053974628448486
3, 4, 333, 152, -1.0985615253448486
3, 5, 320, 153, -1.0979621410369873
3, 6, 309, 155, -1.0984985828399658
3, 7, 416, 167, -0.6941428780555725
3, 8, 295, 173, -0.6442450284957886
3, 9, 379, 218, -0.9949695467948914
3, 10, 329, 220, -0.9804781675338745
3, 11, 529, 327, -0.39652079343795776
3, 12, 203, 344, -0.41180071234703064
3, 13, 582, 461, -0.4402615427970886
3, 14, 101, 486, -0.4438818395137787
3, 15, 628, 663, -0.9728466272354126
3, 16, 66, 708, -0.9633539915084839
3, 17, 658, 715, -1.1071507930755615
3, 18, 47, 763, -1.105377435684204
3, 19, 627, 718, -1.1894876956939697
3, 20, 82, 760, -1.2019256353378296
3, 21, 609, 700, -1.031482458114624
3, 22, 95, 740, -1.0233505964279175
3, 23, 476, 740, -0.059758253395557404
3, 24, 275, 749, 0.06529493629932404
3, 25, 480, 1062, -0.06341733783483505
3, 26, 294, 1069, 0.037669021636247635
3, 27, 496, 1350, 0.5675104260444641
3, 28, 318, 1354, 0.4650574326515198
3, 29, 505, 1401, 0.5926132202148438
3, 30, 318, 1404, 0.48699966073036194
3, 31, 464, 1442, -0.07223258912563324
3, 32, 349, 1445, -0.20625749230384827
4, 0, 353, 185, -1.1438698768615723
4, 1, 372, 151, -1.0897798538208008
4, 2, 385, 150, -1.0900055170059204
4, 3, 395, 151, -1.0902231931686401
4, 4, 332, 152, -1.0838863849639893
4, 5, 319, 153, -1.0832042694091797
4, 6, 309, 155, -1.083674430847168
4, 7, 415, 167, -0.6820656061172485
4, 8, 295, 173, -0.6315557956695557
4, 9, 378, 218, -0.9851768612861633
4, 10, 328, 220, -0.9708182215690613
4, 11, 530, 329, -0.40021830797195435
4, 12, 201, 346, -0.41324329376220703
4, 13, 587, 460, -0.49521511793136597
4, 14, 101, 486, -0.45185524225234985
4, 15, 631, 669, -1.039626955986023
4, 16, 65, 709, -0.9863405227661133
4, 17, 661, 721, -1.1802419424057007
4, 18, 45, 763, -1.1304576396942139
4, 19, 626, 723, -1.2562564611434937
4, 20, 81, 761, -1.2257792949676514
4, 21, 608, 704, -1.096512794494629
4, 22, 94, 741, -1.0470554828643799
4, 23, 479, 742, -0.059794604778289795
4, 24, 276, 752, 0.06537368148565292
4, 25, 484, 1066, -0.07754243910312653
4, 26, 296, 1074, -0.0010895967716351151
4, 27, 503, 1358, 0.5497492551803589
4, 28, 319, 1362, 0.4233243465423584
4, 29, 511, 1410, 0.5734879374504089
4, 30, 319, 1413, 0.44443631172180176
4, 31, 467, 1451, -0.10022149980068207
4, 32, 350, 1452, -0.25991111993789673
5, 0, 353, 186, -1.1025437116622925
5, 1, 372, 151, -1.0530450344085693
5, 2, 385, 150, -1.053173542022705
5, 3, 394, 151, -1.053364634513855
5, 4, 331, 152, -1.0470167398452759
5, 5, 318, 153, -1.0462825298309326
5, 6, 309, 155, -1.046696662902832
5, 7, 414, 167, -0.668221116065979
5, 8, 295, 173, -0.6201367378234863
5, 9, 378, 218, -0.9535859227180481
5, 10, 328, 220, -0.9394488334655762
5, 11, 534, 332, -0.3889780640602112
5, 12, 200, 346, -0.39875146746635437
5, 13, 596, 521, -0.4396509528160095
5, 14, 99, 484, -0.4046669006347656
5, 15, 620, 676, -0.8548714518547058
5, 16, 67, 707, -0.9021073579788208
5, 17, 642, 731, -0.9709652662277222
5, 18, 47, 761, -1.0400352478027344
5, 19, 608, 731, -1.0387855768203735
5, 20, 84, 759, -1.1289663314819336
5, 21, 593, 710, -0.9041040539741516
5, 22, 97, 740, -0.9598219990730286
5, 23, 479, 744, -0.05979793146252632
5, 24, 275, 753, 0.06538716703653336
5, 25, 483, 1068, -0.09399771690368652
5, 26, 292, 1074, -0.021066460758447647
5, 27, 498, 1362, 0.5126641988754272
5, 28, 312, 1365, 0.3734845817089081
5, 29, 507, 1414, 0.5378235578536987
5, 30, 312, 1417, 0.39365169405937195
5, 31, 462, 1458, -0.09891166538000107
5, 32, 341, 1455, -0.2827984690666199
6, 0, 352, 186, -1.1863425970077515
6, 1, 371, 150, -1.1294324398040771
6, 2, 384, 150, -1.1296489238739014
6, 3, 394, 151, -1.129660964012146
6, 4, 330, 152, -1.1250015497207642
6, 5, 316, 153, -1.1245037317276
6, 6, 307, 155, -1.1250383853912354
6, 7, 413, 167, -0.7066595554351807
6, 8, 294, 173, -0.6655858755111694
6, 9, 377, 219, -1.0210282802581787
6, 10, 326, 220, -1.0100480318069458
6, 11, 539, 339, -0.40603774785995483
6, 12, 197, 349, -0.42186564207077026
6, 13, 598, 550, -0.4364597201347351
6, 14, 96, 484, -0.4395269453525543
6, 15, 600, 696, -0.8516518473625183
6, 16, 78, 699, -1.0260103940963745
6, 17, 612, 753, -0.9716066122055054
6, 18, 71, 752, -1.1819127798080444
6, 19, 576, 749, -1.038561224937439
6, 20, 109, 744, -1.2504774332046509
6, 21, 566, 724, -0.9009188413619995
6, 22, 116, 723, -1.0770739316940308
6, 23, 478, 749, -0.05856155604124069
6, 24, 271, 757, 0.06424000859260559
6, 25, 482, 1073, -0.07336081564426422
6, 26, 290, 1077, -0.08206811547279358
6, 27, 498, 1370, 0.5675222277641296
6, 28, 311, 1372, 0.35594528913497925
6, 29, 506, 1423, 0.5947562456130981
6, 30, 311, 1425, 0.3791775405406952
6, 31, 460, 1470, -0.06345085054636002
6, 32, 339, 1463, -0.3366088569164276
7, 0, 350, 186, -1.340179443359375
7, 1, 369, 150, -1.2870519161224365
7, 2, 383, 150, -1.2872974872589111
7, 3, 393, 151, -1.287273645401001
7, 4, 327, 152, -1.2724974155426025
7, 5, 314, 153, -1.2718383073806763
7, 6, 305, 155, -1.2721635103225708
7, 7, 413, 166, -0.8291837573051453
7, 8, 291, 173, -0.7421139478683472
7, 9, 376, 219, -1.161641240119934
7, 10, 324, 221, -1.1377289295196533
7, 11, 541, 339, -0.4910098910331726
7, 12, 195, 351, -0.42889848351478577
7, 13, 612, 553, -0.5850741267204285
7, 14, 88, 488, -0.8013339042663574
7, 15, 599, 680, -1.0950615406036377
7, 16, 166, 531, -1.838944435119629
7, 17, 610, 721, -1.2296117544174194
7, 18, 195, 515, -2.0416207313537598
7, 19, 577, 703, -1.2682092189788818
7, 20, 216, 489, -2.001660108566284
7, 21, 567, 690, -1.1312541961669922
7, 22, 214, 492, -1.8504356145858765
7, 23, 478, 749, -0.07481689006090164
7, 24, 267, 757, 0.08018849790096283
7, 25, 481, 1077, -0.004508314188569784
7, 26, 284, 1079, 0.07459400594234467
7, 27, 491, 1372, 0.8300178647041321
7, 28, 304, 1372, 0.7075812816619873
7, 29, 497, 1421, 0.8664277195930481
7, 30, 305, 1424, 0.7505517601966858
7, 31, 458, 1470, 0.11604686826467514
7, 32, 331, 1467, -0.05052383616566658
8, 0, 347, 188, -1.3893802165985107
8, 1, 367, 151, -1.346160888671875
8, 2, 381, 151, -1.346165418624878
8, 3, 392, 151, -1.346152663230896
8, 4, 324, 153, -1.333084225654602
8, 5, 311, 154, -1.332600474357605
8, 6, 302, 156, -1.332879900932312
8, 7, 411, 166, -0.8992257118225098
8, 8, 289, 174, -0.8142182230949402
8, 9, 374, 221, -1.2106122970581055
8, 10, 322, 223, -1.1876721382141113
8, 11, 541, 339, -0.5329862833023071
8, 12, 194, 352, -0.4769669473171234
8, 13, 619, 553, -0.6714302897453308
8, 14, 73, 488, -0.8352712392807007
8, 15, 556, 626, -1.1849960088729858
8, 16, 178, 521, -1.756381630897522
8, 17, 543, 651, -1.306656002998352
8, 18, 226, 498, -1.9289840459823608
8, 19, 521, 624, -1.2936666011810303
8, 20, 239, 474, -1.869121789932251
8, 21, 518, 617, -1.1963629722595215
8, 22, 234, 475, -1.752380609512329
8, 23, 478, 743, -0.08146528899669647
8, 24, 264, 748, 0.0861813873052597
8, 25, 476, 1077, 0.14400750398635864
8, 26, 275, 1078, 0.2802107632160187
8, 27, 476, 1371, 1.06385338306427
8, 28, 293, 1370, 1.0417958498001099
8, 29, 481, 1416, 1.1134940385818481
8, 30, 294, 1412, 1.1021068096160889
8, 31, 448, 1468, 0.3988059163093567
8, 32, 322, 1466, 0.3249976336956024
9, 0, 343, 191, -1.323952555656433
9, 1, 363, 152, -1.2771503925323486
9, 2, 378, 152, -1.2772560119628906
9, 3, 389, 152, -1.277285099029541
9, 4, 321, 155, -1.2630499601364136
9, 5, 309, 156, -1.2625465393066406
9, 6, 300, 158, -1.2629390954971313
9, 7, 409, 167, -0.8286134004592896
9, 8, 288, 175, -0.7474448680877686
9, 9, 370, 223, -1.1436196565628052
9, 10, 320, 225, -1.1214215755462646
9, 11, 541, 339, -0.5049786567687988
9, 12, 194, 352, -0.3837817311286926
9, 13, 614, 559, -0.8064214587211609
9, 14, 67, 479, -0.735897421836853
9, 15, 469, 569, -1.3891727924346924
9, 16, 158, 518, -1.6942989826202393
9, 17, 432, 580, -1.5187199115753174
9, 18, 184, 528, -1.8689069747924805
9, 19, 389, 513, -1.4565904140472412
9, 20, 215, 480, -1.8218082189559937
9, 21, 393, 499, -1.3802869319915771
9, 22, 212, 480, -1.7022497653961182
9, 23, 476, 742, -0.09092202037572861
9, 24, 261, 746, 0.09558385610580444
9, 25, 471, 1076, 0.0981350690126419
9, 26, 270, 1073, 0.15933991968631744
9, 27, 473, 1370, 0.9390665888786316
9, 28, 290, 1366, 0.794755220413208
9, 29, 479, 1412, 0.9673835039138794
9, 30, 291, 1406, 0.8410364985466003
9, 31, 442, 1467, 0.13505998253822327
9, 32, 319, 1465, -0.023088350892066956
10, 0, 340, 193, -1.2115757465362549
10, 1, 360, 154, -1.1647374629974365
10, 2, 374, 153, -1.1647474765777588
10, 3, 387, 153, -1.1646133661270142
10, 4, 318, 157, -1.1360926628112793
10, 5, 307, 159, -1.1355926990509033
10, 6, 297, 161, -1.1360613107681274
10, 7, 407, 167, -0.7283790707588196
10, 8, 287, 176, -0.599875807762146
10, 9, 368, 224, -1.0391509532928467
10, 10, 318, 228, -1.0015084743499756
10, 11, 540, 339, -0.49814552068710327
10, 12, 198, 352, -0.24034316837787628
10, 13, 601, 555, -0.8373515009880066
10, 14, 71, 469, -0.7283343076705933
10, 15, 401, 535, -1.364235758781433
10, 16, 127, 523, -1.545759916305542
10, 17, 352, 542, -1.4946577548980713
10, 18, 172, 559, -1.718584418296814
10, 19, 313, 490, -1.4194557666778564
10, 20, 214, 530, -1.6975778341293335
10, 21, 335, 485, -1.3496582508087158
10, 22, 207, 525, -1.5678552389144897
10, 23, 476, 741, -0.09533123672008514
10, 24, 262, 744, 0.10019371658563614
10, 25, 469, 1071, -0.04606008902192116
10, 26, 269, 1066, 0.015121635980904102
10, 27, 472, 1365, 0.5590615272521973
10, 28, 287, 1360, 0.4204438626766205
10, 29, 479, 1406, 0.5770769715309143
10, 30, 289, 1401, 0.4399181306362152
10, 31, 436, 1460, -0.15597671270370483
10, 32, 315, 1457, -0.31411999464035034
11, 0, 336, 195, -1.1022192239761353
11, 1, 356, 156, -1.0619161128997803
11, 2, 370, 155, -1.0620676279067993
11, 3, 383, 155, -1.0622036457061768
11, 4, 315, 160, -1.036839246749878
11, 5, 304, 161, -1.036095380783081
11, 6, 295, 163, -1.036546230316162
11, 7, 404, 167, -0.6546379923820496
11, 8, 287, 177, -0.5292184948921204
11, 9, 364, 226, -0.9420326352119446
11, 10, 316, 230, -0.906507670879364
11, 11, 540, 339, -0.39946413040161133
11, 12, 200, 352, -0.24341139197349548
11, 13, 604, 559, -0.6353774070739746
11, 14, 72, 462, -0.6610490083694458
11, 15, 429, 607, -1.1091774702072144
11, 16, 96, 524, -1.5004658699035645
11, 17, 415, 643, -1.2340558767318726
11, 18, 110, 576, -1.675371766090393
11, 19, 353, 614, -1.2112505435943604
11, 20, 137, 514, -1.6861721277236938
11, 21, 366, 602, -1.1164798736572266
11, 22, 141, 500, -1.5353071689605713
11, 23, 475, 741, -0.09313137084245682
11, 24, 262, 743, 0.09812682121992111
11, 25, 465, 1071, -0.07259424775838852
11, 26, 263, 1065, 0.03256769850850105
11, 27, 465, 1365, 0.5448187589645386
11, 28, 276, 1359, 0.45597344636917114
11, 29, 472, 1406, 0.5661363005638123
11, 30, 277, 1400, 0.47752657532691956
11, 31, 426, 1460, -0.13070766627788544
11, 32, 304, 1456, -0.2530311048030853
12, 0, 335, 197, -1.135725736618042
12, 1, 355, 158, -1.0936932563781738
12, 2, 369, 157, -1.093786597251892
12, 3, 382, 157, -1.0939642190933228
12, 4, 314, 162, -1.0650465488433838
12, 5, 303, 163, -1.0642839670181274
12, 6, 294, 165, -1.0648432970046997
12, 7, 402, 168, -0.6573876142501831
12, 8, 286, 178, -0.5629429817199707
12, 9, 363, 228, -0.9601461291313171
12, 10, 315, 232, -0.9156491160392761
12, 11, 540, 338, -0.4041989743709564
12, 12, 200, 351, -0.25728583335876465
12, 13, 602, 560, -0.670871913433075
12, 14, 68, 464, -0.6316406726837158
12, 15, 421, 569, -1.0902785062789917
12, 16, 166, 546, -1.4717109203338623
12, 17, 382, 582, -1.192918300628662
12, 18, 196, 581, -1.6350314617156982
12, 19, 367, 552, -1.1174603700637817
12, 20, 224, 542, -1.6152315139770508
12, 21, 377, 552, -1.0684360265731812
12, 22, 218, 533, -1.484368920326233
12, 23, 474, 740, -0.09575596451759338
12, 24, 262, 742, 0.10094424337148666
12, 25, 465, 1071, -0.1230514645576477
12, 26, 264, 1065, -0.010705478489398956
12, 27, 465, 1364, 0.4730290472507477
12, 28, 278, 1359, 0.3585192561149597
12, 29, 473, 1405, 0.4911523759365082
12, 30, 279, 1400, 0.37516674399375916
12, 31, 426, 1460, -0.24210350215435028
12, 32, 306, 1457, -0.38262325525283813
13, 0, 334, 198, -1.1367360353469849
13, 1, 354, 160, -1.0902491807937622
13, 2, 367, 159, -1.0904417037963867
13, 3, 381, 158, -1.090529203414917
13, 4, 313, 163, -1.0684927701950073
13, 5, 302, 164, -1.067873477935791
13, 6, 293, 166, -1.0683715343475342
13, 7, 401, 169, -0.6464763283729553
13, 8, 285, 178, -0.5553975105285645
13, 9, 362, 229, -0.9611565470695496
13, 10, 314, 232, -0.9294315576553345
13, 11, 539, 338, -0.40818890929222107
13, 12, 199, 351, -0.2048005312681198
13, 13, 579, 553, -0.8346043825149536
13, 14, 63, 463, -0.644292950630188
13, 15, 413, 516, -1.4590893983840942
13, 16, 129, 517, -1.687211036682129
13, 17, 375, 526, -1.6103084087371826
13, 18, 145, 545, -1.8810360431671143
13, 19, 364, 492, -1.5487918853759766
13, 20, 176, 515, -1.8537156581878662
13, 21, 372, 494, -1.451812982559204
13, 22, 173, 510, -1.7096946239471436
13, 23, 470, 739, -0.09495341032743454
13, 24, 260, 741, 0.10013283789157867
13, 25, 464, 1066, -0.0948764905333519
13, 26, 264, 1059, -0.017398573458194733
13, 27, 466, 1353, 0.5510312914848328
13, 28, 279, 1349, 0.39273422956466675
13, 29, 473, 1394, 0.5740730166435242
13, 30, 280, 1391, 0.4142177104949951
13, 31, 427, 1448, -0.1309562623500824
13, 32, 307, 1444, -0.3203694224357605
14, 0, 333, 199, -1.2579867839813232
14, 1, 353, 161, -1.182440996170044
14, 2, 367, 160, -1.1828621625900269
14, 3, 381, 159, -1.182698130607605
14, 4, 312, 164, -1.1662795543670654
14, 5, 302, 165, -1.165708065032959
14, 6, 292, 166, -1.1660912036895752
14, 7, 401, 170, -0.6570409536361694
14, 8, 285, 179, -0.5645174384117126
14, 9, 362, 230, -1.058274507522583
14, 10, 314, 234, -1.0343557596206665
14, 11, 538, 336, -0.4146685004234314
14, 12, 199, 351, -0.239665225148201
14, 13, 575, 542, -1.044966697692871
14, 14, 65, 463, -0.8135384321212769
14, 15, 445, 488, -1.871010184288025
14, 16, 163, 498, -1.9219725131988525
14, 17, 414, 484, -2.060042381286621
14, 18, 186, 511, -2.1372928619384766
14, 19, 391, 466, -2.0069384574890137
14, 20, 203, 471, -2.1026225090026855
14, 21, 397, 461, -1.8732805252075195
14, 22, 200, 470, -1.9418655633926392
14, 23, 470, 738, -0.09488992393016815
14, 24, 261, 741, 0.100087009370327
14, 25, 464, 1062, -0.07609812915325165
14, 26, 266, 1052, -0.065858855843544
14, 27, 471, 1349, 0.5346802473068237
14, 28, 282, 1343, 0.31533676385879517
14, 29, 478, 1391, 0.5486783981323242
14, 30, 283, 1387, 0.3304678797721863
14, 31, 437, 1442, -0.19120930135250092
14, 32, 316, 1436, -0.4267471730709076
15, 0, 333, 200, -1.0833014249801636
15, 1, 354, 162, -1.0044195652008057
15, 2, 368, 161, -1.0047498941421509
15, 3, 381, 161, -1.004326581954956
15, 4, 312, 164, -0.9982897639274597
15, 5, 302, 165, -0.9976384043693542
15, 6, 292, 167, -0.9980391263961792
15, 7, 401, 171, -0.5169030427932739
15, 8, 285, 180, -0.4670952260494232
15, 9, 361, 231, -0.9008957147598267
15, 10, 313, 234, -0.8895837664604187
15, 11, 536, 335, -0.27280762791633606
15, 12, 199, 359, -0.21920666098594666
15, 13, 606, 523, -0.9059594869613647
15, 14, 66, 471, -0.8608764410018921
15, 15, 496, 472, -1.7503197193145752
15, 16, 187, 477, -1.9305680990219116
15, 17, 453, 475, -1.9243793487548828
15, 18, 202, 478, -2.1332736015319824
15, 19, 410, 454, -1.8557512760162354
15, 20, 228, 453, -2.0743324756622314
15, 21, 411, 450, -1.748464822769165
15, 22, 227, 455, -1.9348201751708984
15, 23, 472, 739, -0.08240101486444473
15, 24, 261, 742, 0.08794256299734116
15, 25, 465, 1062, -0.17406347393989563
15, 26, 267, 1052, -0.1564864069223404
15, 27, 472, 1350, 0.3170229494571686
15, 28, 279, 1344, 0.11428900808095932
15, 29, 479, 1392, 0.32102832198143005
15, 30, 278, 1388, 0.1161903515458107
15, 31, 439, 1443, -0.4017837643623352
15, 32, 314, 1435, -0.6235328912734985
16, 0, 332, 201, -1.0570995807647705
16, 1, 353, 164, -0.9878028035163879
16, 2, 367, 163, -0.9880236387252808
16, 3, 380, 163, -0.9877175092697144
16, 4, 312, 167, -0.976922869682312
16, 5, 301, 167, -0.9764643907546997
16, 6, 292, 169, -0.9767845273017883
16, 7, 401, 173, -0.5149587988853455
16, 8, 285, 181, -0.44895511865615845
16, 9, 360, 233, -0.8804994821548462
16, 10, 313, 235, -0.8632785677909851
16, 11, 528, 333, -0.27406033873558044
16, 12, 211, 359, -0.21280916035175323
16, 13, 606, 445, -0.9544832110404968
16, 14, 76, 471, -0.9090250134468079
16, 15, 511, 446, -1.843498945236206
16, 16, 173, 465, -2.0824129581451416
16, 17, 475, 439, -2.0309815406799316
16, 18, 202, 449, -2.2998833656311035
16, 19, 427, 419, -1.948793649673462
16, 20, 234, 422, -2.2425825595855713
16, 21, 422, 421, -1.835837721824646
16, 22, 233, 427, -2.0902388095855713
16, 23, 472, 740, -0.0863589271903038
16, 24, 267, 742, 0.09143467247486115
16, 25, 469, 1064, -0.08863688260316849
16, 26, 276, 1054, 0.05773191899061203
16, 27, 477, 1352, 0.5220345258712769
16, 28, 288, 1345, 0.45501360297203064
16, 29, 483, 1393, 0.5349189639091492
16, 30, 287, 1388, 0.47396478056907654
16, 31, 450, 1443, -0.14693672955036163
16, 32, 317, 1436, -0.2305731475353241
17, 0, 332, 203, -1.0514655113220215
17, 1, 353, 167, -0.9785860776901245
17, 2, 367, 165, -0.9786720275878906
17, 3, 380, 164, -0.9783008694648743
17, 4, 312, 169, -0.9739869236946106
17, 5, 301, 170, -0.9736912846565247
17, 6, 292, 171, -0.9739920496940613
17, 7, 400, 174, -0.5019522905349731
17, 8, 284, 182, -0.46940430998802185
17, 9, 359, 234, -0.8747729063034058
17, 10, 313, 237, -0.8666611909866333
17, 11, 512, 327, -0.25329113006591797
17, 12, 214, 355, -0.2293701469898224
17, 13, 607, 417, -1.019958734512329
17, 14, 73, 470, -0.9990833401679993
17, 15, 522, 416, -1.9116290807724
17, 16, 173, 431, -2.070957660675049
17, 17, 486, 411, -2.0900168418884277
17, 18, 209, 406, -2.2721338272094727
17, 19, 442, 393, -1.9755163192749023
17, 20, 237, 388, -2.1848888397216797
17, 21, 438, 396, -1.8916900157928467
17, 22, 237, 399, -2.0625412464141846
17, 23, 471, 736, -0.08257607370615005
17, 24, 271, 739, 0.08739973604679108
17, 25, 472, 1060, -0.14909736812114716
17, 26, 286, 1050, -0.039697058498859406
17, 27, 482, 1348, 0.36171507835388184
17, 28, 299, 1339, 0.22927482426166534
17, 29, 487, 1389, 0.3684275448322296
17, 30, 297, 1381, 0.23580631613731384
17, 31, 458, 1437, -0.29852718114852905
17, 32, 325, 1429, -0.4520421624183655
18, 0, 332, 207, -1.2692227363586426
18, 1, 353, 170, -1.2000095844268799
18, 2, 367, 168, -1.1998497247695923
18, 3, 380, 167, -1.199408769607544
18, 4, 312, 173, -1.1960618495941162
18, 5, 301, 174, -1.1957560777664185
18, 6, 292, 174, -1.1958894729614258
18, 7, 400, 176, -0.7119477987289429
18, 8, 284, 185, -0.6844179630279541
18, 9, 359, 238, -1.0883123874664307
18, 10, 313, 240, -1.0818430185317993
18, 11, 506, 327, -0.4066859781742096
18, 12, 213, 354, -0.38555529713630676
18, 13, 612, 441, -1.1656410694122314
18, 14, 68, 474, -1.0928269624710083
18, 15, 523, 411, -1.9985157251358032
18, 16, 192, 417, -2.1075644493103027
18, 17, 492, 391, -2.1654632091522217
18, 18, 215, 383, -2.2886078357696533
18, 19, 452, 370, -2.0108351707458496
18, 20, 237, 368, -2.1864967346191406
18, 21, 447, 381, -1.9604942798614502
18, 22, 242, 382, -2.0904810428619385
18, 23, 468, 726, -0.09896960109472275
18, 24, 271, 733, 0.10340376943349838
18, 25, 470, 1056, -0.2738189995288849
18, 26, 285, 1051, -0.03288552910089493
18, 27, 481, 1348, 0.24200809001922607
18, 28, 299, 1339, 0.2493683397769928
18, 29, 487, 1388, 0.24943169951438904
18, 30, 298, 1382, 0.2576181888580322
18, 31, 457, 1436, -0.4561447501182556
18, 32, 325, 1431, -0.4590508043766022
19, 0, 332, 208, -1.3050285577774048
19, 1, 353, 171, -1.2389352321624756
19, 2, 367, 169, -1.2386142015457153
19, 3, 380, 168, -1.2381476163864136
19, 4, 312, 175, -1.2376904487609863
19, 5, 302, 175, -1.237309217453003
19, 6, 292, 176, -1.2374519109725952
19, 7, 400, 177, -0.755446195602417
19, 8, 284, 186, -0.7358383536338806
19, 9, 359, 240, -1.124794602394104
19, 10, 313, 242, -1.1207846403121948
19, 11, 500, 326, -0.43930354714393616
19, 12, 212, 353, -0.43716302514076233
19, 13, 641, 450, -1.1705783605575562
19, 14, 56, 475, -1.1198772192001343
19, 15, 521, 395, -1.9345296621322632
19, 16, 205, 407, -2.0329062938690186
19, 17, 491, 363, -2.0826752185821533
19, 18, 220, 367, -2.194833278656006
19, 19, 454, 347, -1.9070279598236084
19, 20, 243, 354, -2.07789945602417
19, 21, 449, 360, -1.885068655014038
19, 22, 251, 372, -2.0040087699890137
19, 23, 464, 721, -0.0990421399474144
19, 24, 266, 730, 0.10335715115070343
19, 25, 465, 1055, -0.2350769340991974
19, 26, 280, 1051, -0.014454332180321217
19, 27, 474, 1347, 0.30294087529182434
19, 28, 295, 1339, 0.2924523651599884
19, 29, 480, 1387, 0.313137024641037
19, 30, 294, 1383, 0.30510908365249634
19, 31, 451, 1437, -0.3898460268974304
19, 32, 320, 1432, -0.4166698455810547
20, 0, 332, 212, -1.221880555152893
20, 1, 353, 175, -1.1798547506332397
20, 2, 367, 173, -1.178701639175415
20, 3, 380, 172, -1.1779520511627197
20, 4, 313, 178, -1.1884154081344604
20, 5, 302, 178, -1.187830924987793
20, 6, 292, 179, -1.18751859664917
20, 7, 400, 181, -0.7411614060401917
20, 8, 283, 189, -0.6812670826911926
20, 9, 359, 244, -1.056938886642456
20, 10, 313, 246, -1.0627532005310059
20, 11, 491, 323, -0.3746381402015686
20, 12, 212, 345, -0.3907741904258728
20, 13, 640, 446, -1.1320927143096924
20, 14, 54, 475, -0.9985979199409485
20, 15, 521, 391, -1.6936010122299194
20, 16, 209, 407, -1.834093451499939
20, 17, 493, 361, -1.8073704242706299
20, 18, 226, 373, -1.9599134922027588
20, 19, 457, 344, -1.6103756427764893
20, 20, 247, 356, -1.8255987167358398
20, 21, 450, 357, -1.6229560375213623
20, 22, 253, 371, -1.7871627807617188
20, 23, 456, 709, -0.09513161331415176
20, 24, 257, 715, 0.09934156388044357
20, 25, 455, 1041, -0.22325126826763153
20, 26, 268, 1041, 0.04212073236703873
20, 27, 459, 1335, 0.2753932774066925
20, 28, 281, 1331, 0.32166191935539246
20, 29, 465, 1373, 0.28476324677467346
20, 30, 279, 1372, 0.3323433995246887
20, 31, 434, 1428, -0.3898841142654419
20, 32, 306, 1423, -0.3560008406639099
21, 0, 332, 214, -1.2235610485076904
21, 1, 353, 176, -1.1742393970489502
21, 2, 367, 175, -1.1736271381378174
21, 3, 380, 174, -1.1730483770370483
21, 4, 313, 179, -1.1729909181594849
21, 5, 302, 180, -1.1724927425384521
21, 6, 292, 181, -1.1725610494613647
21, 7, 400, 182, -0.7291415333747864
21, 8, 283, 190, -0.6840769052505493
21, 9, 359, 246, -1.0543193817138672
21, 10, 313, 248, -1.049848198890686
21, 11, 495, 323, -0.3910457491874695
21, 12, 213, 343, -0.3949889838695526
21, 13, 636, 453, -1.0831644535064697
21, 14, 54, 473, -1.043821930885315
21, 15, 518, 401, -1.7485265731811523
21, 16, 209, 408, -1.8696027994155884
21, 17, 493, 362, -1.8650968074798584
21, 18, 228, 369, -1.9778563976287842
21, 19, 457, 346, -1.6376616954803467
21, 20, 251, 355, -1.8680379390716553
21, 21, 451, 363, -1.6890968084335327
21, 22, 259, 375, -1.8149802684783936
21, 23, 456, 711, -0.09487827122211456
21, 24, 256, 716, 0.09917954355478287
21, 25, 455, 1042, -0.21379569172859192
21, 26, 264, 1039, 0.021281734108924866
21, 27, 459, 1334, 0.28091174364089966
21, 28, 276, 1328, 0.2674981951713562
21, 29, 464, 1373, 0.28887712955474854
21, 30, 274, 1369, 0.27741739153862
21, 31, 432, 1427, -0.3873065412044525
21, 32, 304, 1420, -0.4084800183773041
22, 0, 333, 215, -1.2769300937652588
22, 1, 354, 177, -1.2261974811553955
22, 2, 368, 175, -1.2257252931594849
22, 3, 380, 174, -1.2252081632614136
22, 4, 313, 180, -1.2238919734954834
22, 5, 302, 181, -1.2235064506530762
22, 6, 292, 182, -1.2236974239349365
22, 7, 401, 182, -0.7790674567222595
22, 8, 283, 191, -0.7519222497940063
22, 9, 360, 247, -1.1036615371704102
22, 10, 314, 250, -1.0986371040344238
22, 11, 495, 323, -0.4324913024902344
22, 12, 213, 342, -0.4625842571258545
22, 13, 640, 455, -1.1150758266448975
22, 14, 55, 473, -1.1293110847473145
22, 15, 516, 402, -1.810509443283081
22, 16, 218, 407, -1.9562498331069946
22, 17, 492, 363, -1.931932806968689
22, 18, 230, 363, -2.0843498706817627
22, 19, 457, 349, -1.7327407598495483
22, 20, 254, 353, -1.9372427463531494
22, 21, 450, 365, -1.755533218383789
22, 22, 264, 374, -1.9105561971664429
22, 23, 457, 711, -0.08669139444828033
22, 24, 256, 717, 0.09076263010501862
22, 25, 456, 1041, -0.21196618676185608
22, 26, 267, 1039, -0.02248995192348957
22, 27, 459, 1331, 0.2737700045108795
22, 28, 279, 1328, 0.21142084896564484
22, 29, 465, 1369, 0.28200918436050415
22, 30, 276, 1369, 0.21909324824810028
22, 31, 434, 1425, -0.38085323572158813
22, 32, 305, 1418, -0.4601345956325531
23, 0, 333, 216, -1.3102409839630127
23, 1, 354, 178, -1.2596182823181152
23, 2, 368, 176, -1.2591602802276611
23, 3, 380, 175, -1.2586097717285156
23, 4, 313, 181, -1.2511351108551025
23, 5, 302, 182, -1.250791311264038
23, 6, 292, 183, -1.2509748935699463
23, 7, 401, 183, -0.815211296081543
23, 8, 283, 192, -0.760895848274231
23, 9, 360, 248, -1.138912558555603
23, 10, 314, 251, -1.1249027252197266
23, 11, 497, 323, -0.47348809242248535
23, 12, 214, 342, -0.46542343497276306
23, 13, 650, 458, -1.1631808280944824
23, 14, 56, 473, -1.1264824867248535
23, 15, 515, 402, -1.858536720275879
23, 16, 221, 406, -1.9966541528701782
23, 17, 492, 364, -1.9826195240020752
23, 18, 229, 364, -2.1353344917297363
23, 19, 456, 350, -1.7910369634628296
23, 20, 253, 352, -1.992763876914978
23, 21, 450, 366, -1.801757574081421
23, 22, 264, 373, -1.9584648609161377
23, 23, 457, 712, -0.08679676055908203
23, 24, 257, 718, 0.09087046980857849
23, 25, 456, 1042, -0.20516566932201385
23, 26, 268, 1040, 0.03222203999757767
23, 27, 460, 1332, 0.3005678951740265
23, 28, 278, 1329, 0.34938284754753113
23, 29, 466, 1371, 0.3170270025730133
23, 30, 276, 1370, 0.3672073483467102
23, 31, 433, 1426, -0.3308994770050049
23, 32, 304, 1420, -0.32010209560394287
24, 0, 333, 217, -1.3024955987930298
24, 1, 354, 179, -1.2484444379806519
24, 2, 368, 177, -1.2482339143753052
24, 3, 380, 176, -1.2479692697525024
24, 4, 313, 182, -1.2433068752288818
24, 5, 302, 183, -1.2427200078964233
24, 6, 292, 184, -1.2430191040039062
24, 7, 400, 183, -0.7795671224594116
24, 8, 283, 192, -0.7283739447593689
24, 9, 360, 248, -1.1300256252288818
24, 10, 314, 251, -1.117229700088501
24, 11, 498, 324, -0.46717485785484314
24, 12, 214, 341, -0.437310129404068
24, 13, 646, 456, -1.12223482131958
24, 14, 56, 471, -1.0833042860031128
24, 15, 515, 403, -1.8536818027496338
24, 16, 218, 410, -1.9859815835952759
24, 17, 491, 363, -1.986254334449768
24, 18, 226, 371, -2.1317267417907715
24, 19, 459, 350, -1.8138360977172852
24, 20, 250, 355, -2.0071873664855957
24, 21, 452, 364, -1.8045212030410767
24, 22, 261, 375, -1.9553890228271484
24, 23, 457, 712, -0.08536051958799362
24, 24, 257, 717, 0.08943003416061401
24, 25, 456, 1041, -0.23096342384815216
24, 26, 268, 1037, -0.03707362711429596
24, 27, 458, 1330, 0.23782411217689514
24, 28, 278, 1327, 0.1946289986371994
24, 29, 464, 1368, 0.24558977782726288
24, 30, 276, 1369, 0.2006724625825882
24, 31, 430, 1423, -0.4113820195198059
24, 32, 304, 1416, -0.4806150496006012
25, 0, 333, 217, -1.036325216293335
25, 1, 354, 179, -0.9895426034927368
25, 2, 368, 177, -0.9890740513801575
25, 3, 380, 176, -0.9884896278381348
25, 4, 313, 182, -0.9809039831161499
25, 5, 302, 183, -0.9802659153938293
25, 6, 292, 184, -0.9804185628890991
25, 7, 400, 184, -0.5901103019714355
25, 8, 283, 193, -0.5374219417572021
25, 9, 359, 249, -0.8847938776016235
25, 10, 314, 251, -0.870936393737793
25, 11, 498, 324, -0.31080958247184753
25, 12, 214, 340, -0.2977787256240845
25, 13, 636, 456, -0.9025362133979797
25, 14, 57, 470, -0.9102119207382202
25, 15, 515, 402, -1.5037178993225098
25, 16, 216, 409, -1.6848373413085938
25, 17, 492, 366, -1.6134788990020752
25, 18, 225, 371, -1.8100181818008423
25, 19, 459, 350, -1.4417692422866821
25, 20, 250, 355, -1.6757888793945312
25, 21, 454, 363, -1.4523680210113525
25, 22, 260, 374, -1.648510217666626
25, 23, 457, 709, -0.08366037905216217
25, 24, 257, 714, 0.08796902000904083
25, 25, 456, 1038, -0.21797728538513184
25, 26, 268, 1035, -0.03380018100142479
25, 27, 459, 1326, 0.26868322491645813
25, 28, 279, 1322, 0.2158888876438141
25, 29, 465, 1364, 0.27826130390167236
25, 30, 277, 1363, 0.22363623976707458
25, 31, 430, 1419, -0.37793388962745667
25, 32, 305, 1413, -0.4502946436405182
26, 0, 333, 217, -0.9081795811653137
26, 1, 354, 179, -0.8625338673591614
26, 2, 368, 177, -0.8621934652328491
26, 3, 380, 176, -0.8617072105407715
26, 4, 313, 182, -0.8556901216506958
26, 5, 302, 183, -0.8550459146499634
26, 6, 292, 184, -0.8552097082138062
26, 7, 400, 184, -0.47520461678504944
26, 8, 283, 193, -0.4323063790798187
26, 9, 360, 248, -0.7589644193649292
26, 10, 314, 251, -0.747607946395874
26, 11, 498, 321, -0.2200736254453659
26, 12, 214, 338, -0.2254425585269928
26, 13, 615, 439, -0.8161843419075012
26, 14, 57, 470, -0.8460409045219421
26, 15, 515, 402, -1.442986011505127
26, 16, 216, 408, -1.6356256008148193
26, 17, 491, 367, -1.5574086904525757
26, 18, 226, 372, -1.7652814388275146
26, 19, 460, 350, -1.409108281135559
26, 20, 251, 357, -1.642753005027771
26, 21, 454, 362, -1.4021551609039307
26, 22, 261, 375, -1.6030231714248657
26, 23, 458, 704, -0.07556445896625519
26, 24, 260, 709, 0.08006217330694199
26, 25, 457, 1028, -0.2084743082523346
26, 26, 271, 1027, -0.03660476952791214
26, 27, 462, 1315, 0.26473742723464966
26, 28, 283, 1312, 0.1741907149553299
26, 29, 468, 1352, 0.2728935182094574
26, 30, 281, 1351, 0.17946994304656982
26, 31, 432, 1407, -0.3635125756263733
26, 32, 310, 1402, -0.4642460346221924
27, 0, 333, 218, -1.0127267837524414
27, 1, 354, 179, -0.950412929058075
27, 2, 368, 177, -0.950081467628479
27, 3, 380, 176, -0.9495841264724731
27, 4, 313, 183, -0.9412609934806824
27, 5, 302, 183, -0.9404287338256836
27, 6, 292, 184, -0.9406957626342773
27, 7, 400, 184, -0.49463725090026855
27, 8, 284, 193, -0.5007292032241821
27, 9, 360, 248, -0.8490115404129028
27, 10, 315, 251, -0.8325961828231812
27, 11, 498, 321, -0.260165810585022
27, 12, 215, 335, -0.24064815044403076
27, 13, 604, 442, -0.8758578300476074
27, 14, 58, 469, -0.8817337155342102
27, 15, 514, 406, -1.5701533555984497
27, 16, 214, 409, -1.726369857788086
27, 17, 491, 373, -1.6724882125854492
27, 18, 226, 376, -1.8638108968734741
27, 19, 461, 353, -1.5414528846740723
27, 20, 250, 360, -1.7506736516952515
27, 21, 456, 365, -1.5315645933151245
27, 22, 259, 376, -1.6985728740692139
27, 23, 457, 700, -0.07185939699411392
27, 24, 261, 703, 0.07605116069316864
27, 25, 454, 1024, -0.2042197734117508
27, 26, 270, 1020, -0.04872038587927818
27, 27, 456, 1309, 0.2582928240299225
27, 28, 283, 1306, 0.16860786080360413
27, 29, 462, 1346, 0.26716339588165283
27, 30, 281, 1346, 0.17328929901123047
27, 31, 429, 1400, -0.357577383518219
27, 32, 309, 1396, -0.4741012156009674
28, 0, 334, 218, -1.0488333702087402
28, 1, 354, 179, -0.9977346658706665
28, 2, 368, 177, -0.9974988102912903
28, 3, 380, 176, -0.9971221685409546
28, 4, 314, 183, -0.9892166256904602
28, 5, 302, 183, -0.9886534810066223
28, 6, 293, 184, -0.9888304471969604
28, 7, 400, 183, -0.5637058615684509
28, 8, 284, 193, -0.5321658849716187
28, 9, 360, 248, -0.8852012753486633
28, 10, 315, 251, -0.8709543943405151
28, 11, 498, 321, -0.28789955377578735
28, 12, 217, 335, -0.2681843042373657
28, 13, 582, 439, -0.8940814733505249
28, 14, 62, 468, -0.8851996660232544
28, 15, 514, 406, -1.5918359756469727
28, 16, 214, 410, -1.757563591003418
28, 17, 489, 374, -1.6989929676055908
28, 18, 228, 377, -1.8947312831878662
28, 19, 460, 353, -1.616491675376892
28, 20, 250, 360, -1.7677390575408936
28, 21, 455, 368, -1.5457086563110352
28, 22, 258, 375, -1.7305160760879517
28, 23, 457, 698, -0.07192645221948624
28, 24, 262, 701, 0.076169453561306
28, 25, 455, 1022, -0.1695452481508255
28, 26, 271, 1018, 0.037659741938114166
28, 27, 457, 1306, 0.3360784351825714
28, 28, 286, 1302, 0.3530978560447693
28, 29, 463, 1343, 0.3498615622520447
28, 30, 283, 1340, 0.36960476636886597
28, 31, 429, 1397, -0.2832900881767273
28, 32, 311, 1394, -0.3022216558456421
29, 0, 334, 217, -1.062493085861206
29, 1, 354, 179, -1.0142982006072998
29, 2, 368, 177, -1.0141799449920654
29, 3, 380, 176, -1.0138450860977173
29, 4, 314, 183, -0.997848391532898
29, 5, 302, 183, -0.9972370266914368
29, 6, 293, 184, -0.9973725080490112
29, 7, 400, 183, -0.5826447010040283
29, 8, 284, 193, -0.4894375205039978
29, 9, 360, 248, -0.8970521688461304
29, 10, 316, 251, -0.8716232180595398
29, 11, 499, 322, -0.29456108808517456
29, 12, 221, 333, -0.1527683287858963
29, 13, 588, 507, -0.921286940574646
29, 14, 65, 467, -0.7677506804466248
29, 15, 515, 415, -1.70284104347229
29, 16, 213, 411, -1.751278281211853
29, 17, 499, 391, -1.8490946292877197
29, 18, 229, 379, -1.9018919467926025
29, 19, 465, 365, -1.7484159469604492
29, 20, 251, 362, -1.7882106304168701
29, 21, 477, 369, -1.6770470142364502
29, 22, 258, 375, -1.7304210662841797
29, 23, 457, 703, -0.13279595971107483
29, 24, 262, 701, 0.13715384900569916
29, 25, 455, 1026, -0.15741002559661865
29, 26, 271, 1021, 0.24234504997730255
29, 27, 457, 1306, 0.42903774976730347
29, 28, 286, 1304, 0.6628111600875854
29, 29, 463, 1343, 0.4479850232601166
29, 30, 284, 1343, 0.6917535662651062
29, 31, 429, 1398, -0.22288140654563904
29, 32, 310, 1395, 0.011477738618850708
30, 0, 334, 217, -1.244296669960022
30, 1, 354, 179, -1.1931722164154053
30, 2, 368, 177, -1.192908525466919
30, 3, 380, 176, -1.1925097703933716
30, 4, 314, 182, -1.1769304275512695
30, 5, 302, 183, -1.1763654947280884
30, 6, 293, 184, -1.176419734954834
30, 7, 401, 183, -0.7464287877082825
30, 8, 284, 193, -0.6557877659797668
30, 9, 360, 248, -1.072571873664856
30, 10, 316, 251, -1.0482498407363892
30, 11, 506, 332, -0.4621097445487976
30, 12, 221, 336, -0.3087621033191681
30, 13, 591, 540, -1.0302191972732544
30, 14, 62, 468, -0.9411070942878723
30, 15, 516, 445, -1.7177083492279053
30, 16, 213, 421, -1.8692432641983032
30, 17, 492, 423, -1.8522093296051025
30, 18, 234, 389, -2.012939453125
30, 19, 467, 397, -1.7385313510894775
30, 20, 257, 372, -1.8841663599014282
30, 21, 482, 395, -1.690572738647461
30, 22, 260, 384, -1.8399980068206787
30, 23, 458, 716, -0.1302565336227417
30, 24, 262, 714, 0.13499018549919128
30, 25, 455, 1040, -0.17692533135414124
30, 26, 269, 1035, 0.21073493361473083
30, 27, 458, 1327, 0.4055761694908142
30, 28, 286, 1316, 0.6533710956573486
30, 29, 464, 1369, 0.42285093665122986
30, 30, 284, 1357, 0.6831235885620117
30, 31, 430, 1419, -0.24283786118030548
30, 32, 310, 1411, -0.019301321357488632
31, 0, 334, 217, -1.2135096788406372
31, 1, 354, 179, -1.162259578704834
31, 2, 368, 177, -1.1621825695037842
31, 3, 380, 175, -1.1618678569793701
31, 4, 313, 182, -1.1444897651672363
31, 5, 302, 183, -1.1439813375473022
31, 6, 292, 184, -1.144148349761963
31, 7, 401, 183, -0.7155488729476929
31, 8, 284, 193, -0.6221921443939209
31, 9, 361, 248, -1.0406396389007568
31, 10, 316, 251, -1.0153833627700806
31, 11, 528, 334, -0.43090325593948364
31, 12, 221, 343, -0.2932949662208557
31, 13, 599, 539, -0.9922705888748169
31, 14, 62, 468, -0.9401750564575195
31, 15, 523, 478, -1.696449637413025
31, 16, 205, 435, -1.9075953960418701
31, 17, 506, 471, -1.8323806524276733
31, 18, 235, 409, -2.073195457458496
31, 19, 468, 446, -1.7274320125579834
31, 20, 258, 392, -1.9522371292114258
31, 21, 492, 447, -1.6855475902557373
31, 22, 260, 401, -1.883101463317871
31, 23, 468, 733, -0.12387504428625107
31, 24, 264, 732, 0.12848350405693054
31, 25, 461, 1059, -0.048914749175310135
31, 26, 269, 1055, 0.20374155044555664
31, 27, 466, 1344, 0.6312569379806519
31, 28, 288, 1337, 0.6909498572349548
31, 29, 472, 1386, 0.6570812463760376
31, 30, 287, 1376, 0.723762571811676
31, 31, 439, 1436, -0.04260930046439171
31, 32, 316, 1437, 0.0024886303581297398
32, 0, 334, 217, -1.0979100465774536
32, 1, 354, 179, -1.056883692741394
32, 2, 368, 177, -1.0571835041046143
32, 3, 380, 175, -1.0571911334991455
32, 4, 314, 182, -1.0284368991851807
32, 5, 302, 183, -1.0278359651565552
32, 6, 293, 184, -1.0282208919525146
32, 7, 402, 182, -0.6377973556518555
32, 8, 285, 193, -0.49371853470802307
32, 9, 362, 248, -0.9303140640258789
32, 10, 316, 251, -0.8904255032539368
32, 11, 535, 335, -0.40776094794273376
32, 12, 221, 347, -0.14536023139953613
32, 13, 569, 493, -0.8835470080375671
32, 14, 76, 467, -0.587506890296936
32, 15, 484, 493, -1.5461808443069458
32, 16, 196, 487, -1.582044005393982
32, 17, 462, 492, -1.684798240661621
32, 18, 225, 500, -1.7516508102416992
32, 19, 433, 467, -1.6264688968658447
32, 20, 249, 468, -1.7001817226409912
32, 21, 440, 460, -1.5419337749481201
32, 22, 246, 468, -1.589148759841919
32, 23, 468, 737, -0.12066994607448578
32, 24, 265, 735, 0.125240296125412
32, 25, 462, 1060, -0.030752912163734436
32, 26, 270, 1054, 0.15152348577976227
32, 27, 466, 1343, 0.5933917760848999
32, 28, 289, 1337, 0.5599654912948608
32, 29, 473, 1385, 0.6145791411399841
32, 30, 289, 1377, 0.5826957821846008
32, 31, 438, 1436, -0.07499726116657257
32, 32, 317, 1436, -0.10199260711669922
33, 0, 334, 217, -1.1040215492248535
33, 1, 354, 179, -1.061385154724121
33, 2, 368, 177, -1.0615805387496948
33, 3, 380, 175, -1.061509132385254
33, 4, 313, 182, -1.0365177392959595
33, 5, 302, 183, -1.0359135866165161
33, 6, 293, 184, -1.036266565322876
33, 7, 402, 182, -0.6387354135513306
33, 8, 286, 193, -0.5036011934280396
33, 9, 362, 248, -0.9358999133110046
33, 10, 316, 251, -0.8994137644767761
33, 11, 536, 337, -0.3838725984096527
33, 12, 217, 348, -0.17856380343437195
33, 13, 573, 480, -0.7810655832290649
33, 14, 76, 466, -0.6437326669692993
33, 15, 516, 548, -1.4638441801071167
33, 16, 167, 493, -1.6527303457260132
33, 17, 503, 564, -1.600732445716858
33, 18, 189, 503, -1.8246408700942993
33, 19, 487, 535, -1.5654323101043701
33, 20, 214, 471, -1.7565441131591797
33, 21, 483, 534, -1.4696314334869385
33, 22, 211, 474, -1.6573566198349
33, 23, 468, 738, -0.11829300969839096
33, 24, 263, 735, 0.12281157076358795
33, 25, 461, 1062, -0.04212460666894913
33, 26, 264, 1053, 0.13122418522834778
33, 27, 462, 1345, 0.6149858236312866
33, 28, 276, 1338, 0.5608729124069214
33, 29, 468, 1387, 0.6388506293296814
33, 30, 275, 1378, 0.5871902704238892
33, 31, 431, 1438, -0.06627179682254791
33, 32, 305, 1437, -0.1399809718132019
34, 0, 334, 216, -1.093835473060608
34, 1, 354, 178, -1.056121826171875
34, 2, 368, 176, -1.0563454627990723
34, 3, 380, 175, -1.0564227104187012
34, 4, 313, 181, -1.0316863059997559
34, 5, 302, 181, -1.0309338569641113
34, 6, 293, 182, -1.031292200088501
34, 7, 402, 181, -0.6397467255592346
34, 8, 286, 191, -0.5113860368728638
34, 9, 362, 247, -0.9297987818717957
34, 10, 316, 249, -0.8933353424072266
34, 11, 535, 336, -0.38048869371414185
34, 12, 213, 347, -0.19726189970970154
34, 13, 575, 473, -0.5754439830780029
34, 14, 66, 465, -0.5809093117713928
34, 15, 553, 596, -1.0941903591156006
34, 16, 150, 520, -1.5355876684188843
34, 17, 553, 628, -1.21933114528656
34, 18, 176, 542, -1.7077423334121704
34, 19, 533, 605, -1.228270173072815
34, 20, 209, 486, -1.6723864078521729
34, 21, 525, 598, -1.116049885749817
34, 22, 203, 480, -1.5475621223449707
34, 23, 468, 737, -0.11662368476390839
34, 24, 262, 735, 0.12114544957876205
34, 25, 461, 1060, -0.024612998589873314
34, 26, 263, 1054, 0.2075546681880951
34, 27, 462, 1344, 0.6795310974121094
34, 28, 276, 1337, 0.7516330480575562
34, 29, 469, 1385, 0.7080397009849548
34, 30, 276, 1377, 0.7902400493621826
34, 31, 431, 1437, 0.004600920714437962
34, 32, 305, 1436, 0.054233651608228683
35, 0, 335, 215, -1.0986860990524292
35, 1, 354, 177, -1.0580875873565674
35, 2, 369, 175, -1.0582947731018066
35, 3, 381, 174, -1.0582292079925537
35, 4, 314, 180, -1.035660982131958
35, 5, 302, 180, -1.0350277423858643
35, 6, 293, 181, -1.0353552103042603
35, 7, 403, 181, -0.6422927975654602
35, 8, 287, 189, -0.5204949378967285
35, 9, 362, 246, -0.9338445663452148
35, 10, 316, 249, -0.9004683494567871
35, 11, 535, 336, -0.3810383677482605
35, 12, 213, 346, -0.22136950492858887
35, 13, 576, 470, -0.49509096145629883
35, 14, 63, 459, -0.5726598501205444
35, 15, 562, 647, -0.9131821393966675
35, 16, 98, 548, -1.4744536876678467
35, 17, 564, 695, -1.0300776958465576
35, 18, 103, 588, -1.6434361934661865
35, 19, 539, 680, -1.050257921218872
35, 20, 141, 562, -1.6526187658309937
35, 21, 532, 665, -0.9403523206710815
35, 22, 142, 553, -1.5064303874969482
35, 23, 473, 738, -0.11570410430431366
35, 24, 264, 737, 0.12068082392215729
35, 25, 470, 1060, -0.004850536119192839
35, 26, 267, 1059, 0.3419404923915863
35, 27, 471, 1344, 0.7103647589683533
35, 28, 280, 1342, 0.9986475706100464
35, 29, 479, 1386, 0.7405455112457275
35, 30, 279, 1382, 1.0488348007202148
35, 31, 434, 1440, 0.022312862798571587
35, 32, 311, 1442, 0.2979223132133484
36, 0, 336, 212, -1.0710997581481934
36, 1, 356, 174, -1.0309879779815674
36, 2, 371, 173, -1.0309576988220215
36, 3, 382, 172, -1.0311434268951416
36, 4, 315, 178, -1.0184733867645264
36, 5, 303, 178, -1.0176341533660889
36, 6, 294, 179, -1.0179420709609985
36, 7, 405, 180, -0.626622200012207
36, 8, 287, 188, -0.5237282514572144
36, 9, 365, 244, -0.9097169637680054
36, 10, 316, 247, -0.8868471384048462
36, 11, 535, 336, -0.35112231969833374
36, 12, 209, 346, -0.2921648621559143
36, 13, 576, 467, -0.3037028908729553
36, 14, 56, 457, -0.4288765490055084
36, 15, 587, 665, -0.5907228589057922
36, 16, 50, 607, -1.0463447570800781
36, 17, 600, 717, -0.6788034439086914
36, 18, 42, 660, -1.1777899265289307
36, 19, 572, 711, -0.7187758684158325
36, 20, 83, 648, -1.2277681827545166
36, 21, 563, 693, -0.6256827712059021
36, 22, 88, 632, -1.0894347429275513
36, 23, 476, 742, -0.10371880233287811
36, 24, 265, 745, 0.10916639864444733
36, 25, 474, 1062, 0.04037471488118172
36, 26, 269, 1066, 0.3724748492240906
36, 27, 479, 1348, 0.782571017742157
36, 28, 286, 1347, 1.0757386684417725
36, 29, 487, 1392, 0.8175789713859558
36, 30, 286, 1389, 1.132373332977295
36, 31, 440, 1445, 0.12459518760442734
36, 32, 324, 1447, 0.4042680263519287
37, 0, 337, 210, -1.0484744310379028
37, 1, 358, 172, -1.008195161819458
37, 2, 373, 170, -1.0080478191375732
37, 3, 384, 170, -1.0082714557647705
37, 4, 316, 175, -0.9998486638069153
37, 5, 304, 176, -0.9989047050476074
37, 6, 295, 177, -0.9992558360099792
37, 7, 406, 179, -0.6082594394683838
37, 8, 287, 187, -0.5275803804397583
37, 9, 365, 242, -0.8877782821655273
37, 10, 317, 245, -0.8697272539138794
37, 11, 535, 337, -0.31347814202308655
37, 12, 205, 346, -0.30875054001808167
37, 13, 576, 464, -0.23844870924949646
37, 14, 56, 457, -0.33768171072006226
37, 15, 588, 669, -0.5348302125930786
37, 16, 57, 637, -0.8659809231758118
37, 17, 601, 721, -0.6229696273803711
37, 18, 51, 695, -0.9904882311820984
37, 19, 572, 716, -0.6666299104690552
37, 20, 92, 682, -1.0481207370758057
37, 21, 562, 697, -0.571563720703125
37, 22, 97, 665, -0.9090161323547363
37, 23, 475, 747, -0.09330689162015915
37, 24, 263, 750, 0.09901373833417892
37, 25, 474, 1066, 0.05026889592409134
37, 26, 268, 1070, 0.29420772194862366
37, 27, 478, 1350, 0.7958012223243713
37, 28, 283, 1349, 0.9127449989318848
37, 29, 487, 1395, 0.8314892649650574
37, 30, 284, 1392, 0.9602435231208801
37, 31, 439, 1448, 0.1549506038427353
37, 32, 323, 1448, 0.23982712626457214
38, 0, 338, 209, -0.9581621885299683
38, 1, 359, 170, -0.9260013699531555
38, 2, 374, 168, -0.9257181882858276
38, 3, 385, 168, -0.9258626103401184
38, 4, 316, 173, -0.9131832122802734
38, 5, 305, 174, -0.9122562408447266
38, 6, 296, 175, -0.9126542806625366
38, 7, 407, 178, -0.5792847871780396
38, 8, 287, 185, -0.49084869027137756
38, 9, 366, 240, -0.817596435546875
38, 10, 317, 243, -0.7933481335639954
38, 11, 537, 339, -0.3145733177661896
38, 12, 202, 346, -0.3014364540576935
38, 13, 574, 464, -0.2098695933818817
38, 14, 57, 457, -0.21435661613941193
38, 15, 588, 693, -0.3982732892036438
38, 16, 59, 667, -0.5591365098953247
38, 17, 603, 747, -0.47085994482040405
38, 18, 50, 728, -0.6520479917526245
38, 19, 574, 746, -0.5132063031196594
38, 20, 91, 719, -0.7150391340255737
38, 21, 564, 726, -0.43334946036338806
38, 22, 98, 700, -0.601495623588562
38, 23, 475, 756, -0.0890764445066452
38, 24, 262, 759, 0.09483421593904495
38, 25, 473, 1076, 0.09107181429862976
38, 26, 267, 1082, 0.2931169867515564
38, 27, 478, 1360, 0.8934443593025208
38, 28, 281, 1361, 0.9505519866943359
38, 29, 486, 1406, 0.9373064041137695
38, 30, 282, 1407, 1.0041999816894531
38, 31, 439, 1460, 0.3012740910053253
38, 32, 319, 1460, 0.31383630633354187
39, 0, 338, 207, -0.9699254035949707
39, 1, 360, 169, -0.9326074719429016
39, 2, 375, 167, -0.9324062466621399
39, 3, 385, 167, -0.9326502680778503
39, 4, 317, 172, -0.919632077217102
39, 5, 305, 172, -0.9187289476394653
39, 6, 296, 173, -0.9191174507141113
39, 7, 408, 178, -0.5704776048660278
39, 8, 288, 184, -0.4823981821537018
39, 9, 366, 239, -0.8235052227973938
39, 10, 317, 241, -0.7989832162857056
39, 11, 538, 341, -0.29818201065063477
39, 12, 200, 346, -0.2980498671531677
39, 13, 575, 464, -0.22347350418567657
39, 14, 59, 458, -0.21105992794036865
39, 15, 595, 697, -0.5026134252548218
39, 16, 50, 668, -0.6202691197395325
39, 17, 612, 753, -0.5810258388519287
39, 18, 37, 725, -0.7224637269973755
39, 19, 581, 754, -0.628872275352478
39, 20, 75, 718, -0.7901149392127991
39, 21, 570, 732, -0.540859580039978
39, 22, 83, 700, -0.665867030620575
39, 23, 474, 757, -0.08180107176303864
39, 24, 259, 759, 0.08765443414449692
39, 25, 468, 1078, 0.05571861192584038
39, 26, 260, 1081, 0.27994057536125183
39, 27, 468, 1361, 0.7953411936759949
39, 28, 269, 1362, 0.9034562110900879
39, 29, 476, 1408, 0.8321927189826965
39, 30, 269, 1409, 0.9502028226852417
39, 31, 427, 1460, 0.18049156665802002
39, 32, 305, 1460, 0.25161269307136536
40, 0, 339, 205, -0.9767241477966309
40, 1, 360, 166, -0.9329293370246887
40, 2, 375, 165, -0.9328300356864929
40, 3, 386, 165, -0.9331021308898926
40, 4, 317, 170, -0.9235022664070129
40, 5, 305, 170, -0.9226676225662231
40, 6, 297, 171, -0.9231616258621216
40, 7, 408, 177, -0.5583003759384155
40, 8, 288, 183, -0.48568883538246155
40, 9, 366, 236, -0.8285471796989441
40, 10, 317, 238, -0.808286190032959
40, 11, 538, 341, -0.27048709988594055
40, 12, 198, 346, -0.29947495460510254
40, 13, 575, 464, -0.2036963701248169
40, 14, 62, 458, -0.25942665338516235
40, 15, 605, 680, -0.5259890556335449
40, 16, 48, 666, -0.6783016920089722
40, 17, 627, 733, -0.5994312763214111
40, 18, 34, 721, -0.7772893905639648
40, 19, 599, 732, -0.6553652882575989
40, 20, 71, 713, -0.8468517065048218
40, 21, 586, 712, -0.5689266920089722
40, 22, 79, 695, -0.7225631475448608
40, 23, 474, 755, -0.07403538376092911
40, 24, 259, 757, 0.07972126454114914
40, 25, 468, 1076, -0.06007765606045723
40, 26, 260, 1079, 0.16862456500530243
40, 27, 469, 1360, 0.5665633678436279
40, 28, 270, 1360, 0.6243440508842468
40, 29, 476, 1406, 0.5906971096992493
40, 30, 270, 1407, 0.6510154008865356
40, 31, 428, 1458, -0.06172821670770645
40, 32, 306, 1458, -0.03932987526059151
41, 0, 339, 204, -0.9374249577522278
41, 1, 360, 166, -0.8950495719909668
41, 2, 375, 165, -0.894994854927063
41, 3, 386, 165, -0.8951966166496277
41, 4, 318, 169, -0.8831963539123535
41, 5, 306, 169, -0.882360577583313
41, 6, 297, 170, -0.8828730583190918
41, 7, 408, 177, -0.5400739312171936
41, 8, 288, 183, -0.46117502450942993
41, 9, 367, 235, -0.7984610199928284
41, 10, 317, 236, -0.7761565446853638
41, 11, 537, 341, -0.2676229178905487
41, 12, 197, 347, -0.29166775941848755
41, 13, 575, 460, -0.26059967279434204
41, 14, 72, 460, -0.26886463165283203
41, 15, 611, 669, -0.6090589761734009
41, 16, 54, 679, -0.7071472406387329
41, 17, 636, 716, -0.6902258992195129
41, 18, 39, 736, -0.8079331517219543
41, 19, 609, 715, -0.7408503890037537
41, 20, 76, 728, -0.8748487234115601
41, 21, 593, 698, -0.650840699672699
41, 22, 86, 709, -0.7515364289283752
41, 23, 474, 754, -0.07225792109966278
41, 24, 259, 756, 0.07797016203403473
41, 25, 468, 1076, -0.16689379513263702
41, 26, 263, 1077, 0.06737847626209259
41, 27, 469, 1359, 0.37096530199050903
41, 28, 273, 1359, 0.3844738006591797
41, 29, 478, 1405, 0.38723599910736084
41, 30, 272, 1406, 0.39701420068740845
41, 31, 428, 1457, -0.2527307868003845
41, 32, 308, 1456, -0.2693380117416382
42, 0, 339, 203, -0.923035740852356
42, 1, 361, 165, -0.8862159848213196
42, 2, 375, 164, -0.8862054944038391
42, 3, 386, 164, -0.8864167928695679
42, 4, 318, 168, -0.8739000558853149
42, 5, 306, 168, -0.8731288909912109
42, 6, 297, 169, -0.8736165761947632
42, 7, 408, 176, -0.5482908487319946
42, 8, 288, 182, -0.46795302629470825
42, 9, 367, 234, -0.7905080318450928
42, 10, 317, 235, -0.767581582069397
42, 11, 537, 341, -0.2768661379814148
42, 12, 197, 347, -0.2999918460845947
42, 13, 576, 460, -0.27606526017189026
42, 14, 81, 467, -0.2684118151664734
42, 15, 607, 675, -0.5712939500808716
42, 16, 54, 694, -0.6172901391983032
42, 17, 630, 723, -0.6540605425834656
42, 18, 37, 750, -0.7108073830604553
42, 19, 604, 723, -0.7078433036804199
42, 20, 72, 745, -0.7899996042251587
42, 21, 589, 706, -0.6135562062263489
42, 22, 84, 726, -0.6654394268989563
42, 23, 474, 754, -0.06872433423995972
42, 24, 261, 755, 0.07413481920957565
42, 25, 468, 1075, -0.13375964760780334
42, 26, 268, 1076, 0.06404740363359451
42, 27, 472, 1358, 0.43935665488243103
42, 28, 284, 1359, 0.41105538606643677
42, 29, 480, 1404, 0.4613012671470642
42, 30, 283, 1405, 0.4293302893638611
42, 31, 434, 1456, -0.15787866711616516
42, 32, 317, 1455, -0.2168685644865036
43, 0, 340, 201, -0.892216682434082
43, 1, 362, 163, -0.8549515604972839
43, 2, 376, 163, -0.8549453020095825
43, 3, 387, 163, -0.8550863265991211
43, 4, 320, 166, -0.8443195223808289
43, 5, 307, 166, -0.8435689806938171
43, 6, 299, 167, -0.8440462946891785
43, 7, 409, 176, -0.5345374941825867
43, 8, 289, 181, -0.4606970250606537
43, 9, 367, 232, -0.7660719156265259
43, 10, 317, 233, -0.7454081773757935
43, 11, 537, 340, -0.28148651123046875
43, 12, 197, 348, -0.3033965528011322
43, 13, 576, 461, -0.316090852022171
43, 14, 85, 474, -0.27479004859924316
43, 15, 605, 677, -0.6383748650550842
43, 16, 57, 700, -0.6264957189559937
43, 17, 626, 724, -0.7292990684509277
43, 18, 39, 755, -0.7223281264305115
43, 19, 599, 724, -0.7706121206283569
43, 20, 75, 749, -0.7987601161003113
43, 21, 584, 707, -0.6769735217094421
43, 22, 87, 731, -0.6743557453155518
43, 23, 474, 753, -0.06668658554553986
43, 24, 263, 754, 0.0720355361700058
43, 25, 468, 1075, -0.1397337019443512
43, 26, 272, 1076, 0.022290902212262154
43, 27, 474, 1358, 0.4023556113243103
43, 28, 289, 1361, 0.3458455204963684
43, 29, 482, 1405, 0.4210982322692871
43, 30, 288, 1407, 0.3610181212425232
43, 31, 437, 1455, -0.18666806817054749
43, 32, 321, 1455, -0.28362584114074707
44, 0, 341, 198, -0.8767287135124207
44, 1, 363, 161, -0.8370532989501953
44, 2, 377, 160, -0.8370640873908997
44, 3, 387, 161, -0.8372073173522949
44, 4, 321, 163, -0.8278589248657227
44, 5, 308, 164, -0.8270719647407532
44, 6, 299, 165, -0.8275416493415833
44, 7, 409, 175, -0.5170040130615234
44, 8, 289, 180, -0.4499720633029938
44, 9, 368, 231, -0.7508940100669861
44, 10, 318, 231, -0.7322513461112976
44, 11, 536, 340, -0.2858528196811676
44, 12, 197, 348, -0.30371060967445374
44, 13, 576, 458, -0.31674718856811523
44, 14, 89, 476, -0.27239781618118286
44, 15, 609, 673, -0.6314768195152283
44, 16, 61, 697, -0.6404438018798828
44, 17, 631, 718, -0.7256392240524292
44, 18, 46, 753, -0.7443318963050842
44, 19, 603, 717, -0.7701650857925415
44, 20, 82, 745, -0.8203580975532532
44, 21, 587, 701, -0.6719507575035095
44, 22, 93, 726, -0.6894949674606323
44, 23, 473, 751, -0.064193494617939
44, 24, 263, 754, 0.06959472596645355
44, 25, 469, 1072, -0.1421073079109192
44, 26, 274, 1075, 0.009124557487666607
44, 27, 478, 1358, 0.38863590359687805
44, 28, 294, 1360, 0.32794806361198425
44, 29, 487, 1404, 0.405985027551651
44, 30, 294, 1406, 0.34202152490615845
44, 31, 443, 1454, -0.2065207064151764
44, 32, 325, 1453, -0.3024061918258667
45, 0, 341, 197, -0.8404310345649719
45, 1, 363, 159, -0.8025126457214355
45, 2, 378, 159, -0.8024834394454956
45, 3, 387, 159, -0.8025978207588196
45, 4, 321, 161, -0.7928649187088013
45, 5, 308, 162, -0.7920430898666382
45, 6, 300, 163, -0.7925150990486145
45, 7, 409, 174, -0.49447742104530334
45, 8, 289, 179, -0.42611581087112427
45, 9, 369, 229, -0.7189518809318542
45, 10, 318, 230, -0.6998854875564575
45, 11, 536, 338, -0.28323906660079956
45, 12, 196, 348, -0.301268994808197
45, 13, 576, 455, -0.3230884373188019
45, 14, 96, 480, -0.2546834945678711
45, 15, 607, 667, -0.6306172609329224
45, 16, 65, 707, -0.6184684038162231
45, 17, 628, 712, -0.7272964715957642
45, 18, 51, 764, -0.724918007850647
45, 19, 599, 709, -0.7661170959472656
45, 20, 85, 757, -0.79887855052948
45, 21, 584, 694, -0.668641209602356
45, 22, 95, 737, -0.6666463017463684
45, 23, 475, 748, -0.0621456578373909
45, 24, 265, 754, 0.06762699037790298
45, 25, 471, 1068, -0.13673950731754303
45, 26, 276, 1075, -0.0010067278053611517
45, 27, 481, 1356, 0.3784028887748718
45, 28, 297, 1359, 0.30325326323509216
45, 29, 490, 1404, 0.39446261525154114
45, 30, 297, 1406, 0.31576675176620483
45, 31, 446, 1451, -0.21268543601036072
45, 32, 328, 1450, -0.3180030286312103
46, 0, 342, 196, -0.8647940754890442
46, 1, 364, 158, -0.8268401026725769
46, 2, 378, 157, -0.8268489837646484
46, 3, 388, 158, -0.8269768953323364
46, 4, 322, 161, -0.8162192106246948
46, 5, 309, 162, -0.8154133558273315
46, 6, 300, 163, -0.8158809542655945
46, 7, 410, 173, -0.5059047341346741
46, 8, 289, 179, -0.4335349500179291
46, 9, 370, 229, -0.7376989126205444
46, 10, 318, 230, -0.7174142003059387
46, 11, 536, 338, -0.2842617928981781
46, 12, 196, 348, -0.30024415254592896
46, 13, 576, 455, -0.33114317059516907
46, 14, 100, 481, -0.26758137345314026
46, 15, 602, 681, -0.6582736372947693
46, 16, 67, 706, -0.6606834530830383
46, 17, 621, 730, -0.7544741034507751
46, 18, 52, 762, -0.770535945892334
46, 19, 590, 729, -0.7874860763549805
46, 20, 87, 755, -0.8475532531738281
46, 21, 575, 711, -0.6941622495651245
46, 22, 98, 736, -0.7110589146614075
46, 23, 475, 747, -0.06237100437283516
46, 24, 266, 753, 0.06781145930290222
46, 25, 471, 1067, -0.12801435589790344
46, 26, 276, 1074, 0.014418485574424267
46, 27, 481, 1356, 0.414792001247406
46, 28, 296, 1359, 0.3524586260318756
46, 29, 490, 1403, 0.4337344765663147
46, 30, 297, 1405, 0.3686692416667938
46, 31, 446, 1451, -0.18178239464759827
46, 32, 328, 1450, -0.2779114842414856
