0, 0, 346, 227, -0.9381059408187866
0, 1, 366, 203, -0.9005049467086792
0, 2, 377, 204, -0.9003990292549133
0, 3, 386, 205, -0.9005669355392456
0, 4, 329, 201, -0.895866870880127
0, 5, 319, 201, -0.8954750895500183
0, 6, 311, 201, -0.895661473274231
0, 7, 403, 219, -0.5932148098945618
0, 8, 297, 214, -0.5471528768539429
0, 9, 369, 262, -0.8185293078422546
0, 10, 325, 256, -0.8061376810073853
0, 11, 472, 361, -0.3737418055534363
0, 12, 229, 342, -0.3982009291648865
0, 13, 492, 536, -0.354427695274353
0, 14, 155, 479, -0.44395288825035095
0, 15, 505, 658, -0.6829225420951843
0, 16, 140, 637, -0.9253129959106445
0, 17, 526, 701, -0.764962911605835
0, 18, 122, 679, -1.0290286540985107
0, 19, 504, 704, -0.8183408975601196
0, 20, 144, 674, -1.0965220928192139
0, 21, 492, 689, -0.7185537815093994
0, 22, 155, 661, -0.9674922227859497
0, 23, 404, 644, -0.04419306293129921
0, 24, 244, 634, 0.04868755862116814
0, 25, 386, 878, 0.2592146694660187
0, 26, 237, 871, 0.5616885423660278
0, 27, 374, 1071, 1.0598831176757812
0, 28, 233, 1065, 1.3815165758132935
0, 29, 376, 1110, 1.113714575767517
0, 30, 227, 1100, 1.455763578414917
0, 31, 341, 1146, 0.6256211996078491
0, 32, 264, 1153, 0.9262840151786804
1, 0, 346, 228, -1.0287504196166992
1, 1, 366, 204, -0.9831984639167786
1, 2, 376, 205, -0.9829776883125305
1, 3, 385, 205, -0.9831520318984985
1, 4, 329, 203, -0.9866992831230164
1, 5, 319, 203, -0.9863919019699097
1, 6, 311, 203, -0.9865927696228027
1, 7, 400, 219, -0.6277222633361816
1, 8, 297, 215, -0.621421217918396
1, 9, 369, 262, -0.8900562524795532
1, 10, 325, 257, -0.8886262774467468
1, 11, 472, 361, -0.3631403148174286
1, 12, 229, 343, -0.4536285996437073
1, 13, 495, 537, -0.19408825039863586
1, 14, 153, 479, -0.37900713086128235
1, 15, 504, 664, -0.42014917731285095
1, 16, 141, 638, -0.7191522717475891
1, 17, 523, 709, -0.48591533303260803
1, 18, 124, 680, -0.8154796361923218
1, 19, 500, 714, -0.5491676330566406
1, 20, 146, 680, -0.8946748971939087
1, 21, 489, 695, -0.45906591415405273
1, 22, 156, 666, -0.7630890607833862
1, 23, 405, 657, -0.042735256254673004
1, 24, 244, 648, 0.04717586934566498
1, 25, 387, 897, 0.22887301445007324
1, 26, 238, 892, 0.5339664816856384
1, 27, 374, 1105, 1.00991690158844
1, 28, 232, 1100, 1.3678220510482788
1, 29, 376, 1145, 1.0615301132202148
1, 30, 226, 1137, 1.4405604600906372
1, 31, 343, 1179, 0.5473530292510986
1, 32, 261, 1182, 0.8782437443733215
2, 0, 345, 228, -1.0147948265075684
2, 1, 364, 204, -0.9720956087112427
2, 2, 374, 205, -0.9718720316886902
2, 3, 383, 205, -0.9720220565795898
2, 4, 328, 203, -0.9719557762145996
2, 5, 318, 203, -0.9715874791145325
2, 6, 311, 203, -0.97178715467453
2, 7, 398, 219, -0.6256023645401001
2, 8, 296, 216, -0.6063258051872253
2, 9, 368, 262, -0.8796596527099609
2, 10, 325, 257, -0.8740480542182922
2, 11, 473, 362, -0.36207759380340576
2, 12, 228, 344, -0.44188255071640015
2, 13, 496, 542, -0.2138422429561615
2, 14, 147, 477, -0.3419230580329895
2, 15, 501, 674, -0.44360581040382385
2, 16, 117, 636, -0.7146061062812805
2, 17, 520, 720, -0.5144323110580444
2, 18, 95, 677, -0.8140691518783569
2, 19, 493, 724, -0.573361337184906
2, 20, 119, 680, -0.894402801990509
2, 21, 483, 704, -0.48167338967323303
2, 22, 130, 665, -0.7625365257263184
2, 23, 405, 665, -0.042795777320861816
2, 24, 242, 655, 0.04727616906166077
2, 25, 387, 909, 0.23238186538219452
2, 26, 236, 902, 0.5161423683166504
2, 27, 373, 1120, 1.0241440534591675
2, 28, 226, 1113, 1.35317862033844
2, 29, 375, 1161, 1.079252004623413
2, 30, 220, 1152, 1.4260623455047607
2, 31, 342, 1194, 0.5650506019592285
2, 32, 254, 1194, 0.8557705879211426
3, 0, 345, 229, -1.1459261178970337
3, 1, 364, 204, -1.102423906326294
3, 2, 374, 205, -1.1021968126296997
3, 3, 382, 206, -1.1022814512252808
3, 4, 328, 203, -1.101804494857788
3, 5, 318, 203, -1.1015278100967407
3, 6, 311, 203, -1.1017746925354004
3, 7, 397, 219, -0.7270107865333557
3, 8, 296, 216, -0.7061792612075806
3, 9, 368, 261, -0.9988055229187012
3, 10, 325, 257, -0.9925472140312195
3, 11, 473, 361, -0.4227685332298279
3, 12, 228, 347, -0.4913405478000641
3, 13, 496, 542, -0.22248587012290955
3, 14, 147, 481, -0.3494078516960144
3, 15, 490, 673, -0.5044034123420715
3, 16, 135, 641, -0.7835304737091064
3, 17, 505, 718, -0.6320959329605103
3, 18, 119, 683, -0.8813046216964722
3, 19, 481, 719, -0.7086890935897827
3, 20, 143, 684, -0.9464941024780273
3, 21, 472, 698, -0.5643612146377563
3, 22, 151, 669, -0.8286157846450806
3, 23, 407, 666, -0.045618686825037
3, 24, 243, 658, 0.050097472965717316
3, 25, 389, 910, 0.22971782088279724
3, 26, 237, 905, 0.5171091556549072
3, 27, 375, 1121, 1.029510259628296
3, 28, 227, 1116, 1.4013227224349976
3, 29, 376, 1160, 1.0840728282928467
3, 30, 221, 1153, 1.4769364595413208
3, 31, 344, 1195, 0.5540968775749207
3, 32, 254, 1197, 0.8614600896835327
4, 0, 344, 229, -1.2304023504257202
4, 1, 362, 204, -1.1975620985031128
4, 2, 373, 205, -1.197255253791809
4, 3, 381, 206, -1.1973284482955933
4, 4, 327, 203, -1.1934432983398438
4, 5, 317, 203, -1.193130612373352
4, 6, 310, 203, -1.1933660507202148
4, 7, 396, 219, -0.8371349573135376
4, 8, 296, 216, -0.7982696294784546
4, 9, 367, 261, -1.0856201648712158
4, 10, 324, 257, -1.0740509033203125
4, 11, 473, 358, -0.5129396915435791
4, 12, 228, 347, -0.5646618604660034
4, 13, 497, 545, -0.4276367127895355
4, 14, 147, 481, -0.44162678718566895
4, 15, 482, 654, -0.7849447131156921
4, 16, 135, 642, -0.8083575367927551
4, 17, 493, 691, -0.8927322626113892
4, 18, 119, 685, -0.909009575843811
4, 19, 469, 686, -0.9399967193603516
4, 20, 143, 684, -0.9945660829544067
4, 21, 461, 670, -0.8222966194152832
4, 22, 151, 669, -0.8552945852279663
4, 23, 410, 664, -0.04630810767412186
4, 24, 245, 656, 0.050833601504564285
4, 25, 391, 910, 0.23078294098377228
4, 26, 237, 904, 0.5224635601043701
4, 27, 377, 1122, 1.0298527479171753
4, 28, 227, 1115, 1.3775174617767334
4, 29, 379, 1161, 1.0834332704544067
4, 30, 221, 1151, 1.4504263401031494
4, 31, 345, 1198, 0.5474884510040283
4, 32, 255, 1198, 0.8487644195556641
5, 0, 343, 228, -1.2035787105560303
5, 1, 361, 204, -1.119124412536621
5, 2, 372, 205, -1.119385004043579
5, 3, 380, 205, -1.1207953691482544
5, 4, 326, 203, -1.1474097967147827
5, 5, 316, 203, -1.1467902660369873
5, 6, 308, 203, -1.1468950510025024
5, 7, 395, 219, -0.7519950270652771
5, 8, 294, 216, -0.7879174947738647
5, 9, 367, 261, -1.0396848917007446
5, 10, 323, 257, -1.0610193014144897
5, 11, 473, 355, -0.46829015016555786
5, 12, 228, 346, -0.3978385329246521
5, 13, 500, 551, -0.7902892827987671
5, 14, 147, 480, -0.37126097083091736
5, 15, 392, 428, -1.4429900646209717
5, 16, 131, 640, -0.8131879568099976
5, 17, 373, 387, -1.5766127109527588
5, 18, 114, 684, -0.9017176628112793
5, 19, 381, 365, -1.5017627477645874
5, 20, 135, 679, -0.962073028087616
5, 21, 383, 381, -1.432243824005127
5, 22, 146, 664, -0.8535135984420776
5, 23, 410, 663, -0.05374886840581894
5, 24, 245, 655, 0.05839608237147331
5, 25, 391, 909, 0.13350558280944824
5, 26, 236, 904, 0.43149060010910034
5, 27, 378, 1124, 0.8494494557380676
5, 28, 228, 1116, 1.1930879354476929
5, 29, 380, 1163, 0.8942511677742004
5, 30, 223, 1152, 1.254874587059021
5, 31, 347, 1201, 0.36110585927963257
5, 32, 255, 1199, 0.6797305941581726
6, 0, 343, 227, -0.9711533784866333
6, 1, 361, 203, -0.9350608587265015
6, 2, 371, 204, -0.9347702264785767
6, 3, 379, 204, -0.9345448613166809
6, 4, 326, 201, -0.9291089177131653
6, 5, 316, 201, -0.9287170171737671
6, 6, 308, 202, -0.9289700388908386
6, 7, 394, 218, -0.6169706583023071
6, 8, 293, 215, -0.5659984946250916
6, 9, 366, 259, -0.8433449864387512
6, 10, 322, 256, -0.8304252624511719
6, 11, 473, 354, -0.38011330366134644
6, 12, 228, 345, -0.3084802031517029
6, 13, 507, 551, -0.7150586843490601
6, 14, 148, 479, -0.3495824933052063
6, 15, 393, 417, -1.374620795249939
6, 16, 125, 636, -0.8362391591072083
6, 17, 375, 384, -1.5106920003890991
6, 18, 105, 682, -0.923100471496582
6, 19, 381, 359, -1.4452141523361206
6, 20, 126, 673, -0.9676768183708191
6, 21, 384, 368, -1.3698402643203735
6, 22, 139, 658, -0.8747268915176392
6, 23, 410, 663, -0.05593477934598923
6, 24, 244, 654, 0.060742639005184174
6, 25, 391, 910, 0.09503007680177689
6, 26, 235, 905, 0.3978680372238159
6, 27, 378, 1125, 0.7676721215248108
6, 28, 228, 1116, 1.1192227602005005
6, 29, 380, 1163, 0.8083098530769348
6, 30, 224, 1152, 1.1779518127441406
6, 31, 348, 1202, 0.28583788871765137
6, 32, 255, 1199, 0.6159828901290894
7, 0, 340, 228, -0.8921171426773071
7, 1, 358, 203, -0.8530993461608887
7, 2, 369, 204, -0.8528952598571777
7, 3, 378, 204, -0.8530371785163879
7, 4, 323, 202, -0.8483904600143433
7, 5, 313, 202, -0.8478137254714966
7, 6, 303, 202, -0.8480014801025391
7, 7, 393, 218, -0.524175763130188
7, 8, 290, 215, -0.48107782006263733
7, 9, 364, 259, -0.763546347618103
7, 10, 318, 256, -0.7513914704322815
7, 11, 471, 354, -0.2863491177558899
7, 12, 227, 347, -0.3155277669429779
7, 13, 502, 550, -0.18391908705234528
7, 14, 147, 479, -0.24976415932178497
7, 15, 470, 641, -0.40997618436813354
7, 16, 113, 634, -0.6249656081199646
7, 17, 484, 685, -0.47542935609817505
7, 18, 88, 676, -0.7177404761314392
7, 19, 462, 688, -0.5343518257141113
7, 20, 110, 673, -0.7961758375167847
7, 21, 454, 668, -0.4481937885284424
7, 22, 123, 659, -0.6734350919723511
7, 23, 410, 663, -0.05530424043536186
7, 24, 244, 654, 0.060056108981370926
7, 25, 391, 909, 0.1136171817779541
7, 26, 237, 904, 0.408817857503891
7, 27, 378, 1124, 0.8035143613815308
7, 28, 229, 1116, 1.125809669494629
7, 29, 380, 1162, 0.8448824882507324
7, 30, 224, 1153, 1.1855136156082153
7, 31, 348, 1199, 0.32831427454948425
7, 32, 255, 1197, 0.6201721429824829
8, 0, 335, 228, -1.1798218488693237
8, 1, 352, 203, -1.1498674154281616
8, 2, 364, 204, -1.149715542793274
8, 3, 374, 204, -1.1497617959976196
8, 4, 318, 202, -1.1328593492507935
8, 5, 308, 202, -1.1323038339614868
8, 6, 298, 202, -1.132585883140564
8, 7, 389, 217, -0.8004450798034668
8, 8, 287, 215, -0.7032812833786011
8, 9, 358, 259, -1.0417205095291138
8, 10, 314, 256, -1.0136371850967407
8, 11, 469, 351, -0.4887818396091461
8, 12, 227, 336, -0.4327170252799988
8, 13, 506, 550, -0.4233148694038391
8, 14, 150, 474, -0.3783762753009796
8, 15, 477, 631, -0.7381153106689453
8, 16, 116, 609, -0.9239659309387207
8, 17, 485, 666, -0.8642413020133972
8, 18, 91, 647, -1.0475327968597412
8, 19, 464, 659, -0.9238666296005249
8, 20, 114, 637, -1.132973074913025
8, 21, 456, 645, -0.7818264961242676
8, 22, 127, 625, -0.9761484265327454
8, 23, 409, 658, -0.0666532889008522
8, 24, 244, 649, 0.07132302224636078
8, 25, 390, 908, 0.06946936249732971
8, 26, 235, 903, 0.349265992641449
8, 27, 376, 1122, 0.7396503686904907
8, 28, 224, 1115, 0.984422504901886
8, 29, 379, 1159, 0.7749031782150269
8, 30, 221, 1151, 1.0342347621917725
8, 31, 341, 1197, 0.21593698859214783
8, 32, 245, 1195, 0.43297848105430603
9, 0, 331, 230, -1.216111421585083
9, 1, 348, 204, -1.1980533599853516
9, 2, 361, 204, -1.1976234912872314
9, 3, 372, 205, -1.1971135139465332
9, 4, 314, 202, -1.1858817338943481
9, 5, 305, 202, -1.1854171752929688
9, 6, 294, 202, -1.1854472160339355
9, 7, 387, 217, -0.8771982192993164
9, 8, 283, 214, -0.8060643076896667
9, 9, 356, 259, -1.082855224609375
9, 10, 312, 257, -1.063010334968567
9, 11, 465, 347, -0.539009690284729
9, 12, 224, 337, -0.5136051774024963
9, 13, 510, 561, -0.8632281422615051
9, 14, 119, 537, -0.8529656529426575
9, 15, 424, 481, -1.4726086854934692
9, 16, 172, 442, -1.5942232608795166
9, 17, 415, 452, -1.5709784030914307
9, 18, 188, 404, -1.7064094543457031
9, 19, 416, 419, -1.4754410982131958
9, 20, 193, 382, -1.6365470886230469
9, 21, 397, 431, -1.4492169618606567
9, 22, 197, 394, -1.5801794528961182
9, 23, 408, 656, -0.06467278301715851
9, 24, 239, 648, 0.0695827305316925
9, 25, 389, 907, 0.0027821091935038567
9, 26, 233, 904, 0.3034058213233948
9, 27, 379, 1122, 0.570582926273346
9, 28, 230, 1117, 0.8544504046440125
9, 29, 384, 1159, 0.596977949142456
9, 30, 228, 1151, 0.8974553942680359
9, 31, 352, 1197, 0.07436288893222809
9, 32, 249, 1199, 0.36116325855255127
10, 0, 329, 235, -1.3252421617507935
10, 1, 347, 207, -1.3185408115386963
10, 2, 360, 207, -1.3180259466171265
10, 3, 370, 207, -1.3175194263458252
10, 4, 312, 207, -1.3054158687591553
10, 5, 303, 207, -1.3050976991653442
10, 6, 293, 207, -1.3050612211227417
10, 7, 387, 217, -0.9973104596138
10, 8, 281, 216, -0.9233967661857605
10, 9, 354, 263, -1.186266541481018
10, 10, 310, 260, -1.1657507419586182
10, 11, 462, 339, -0.6273429989814758
10, 12, 222, 337, -0.5884279608726501
10, 13, 512, 560, -0.9443097114562988
10, 14, 103, 521, -0.9344371557235718
10, 15, 407, 458, -1.5357954502105713
10, 16, 190, 405, -1.681668996810913
10, 17, 375, 422, -1.6356713771820068
10, 18, 210, 374, -1.7954425811767578
10, 19, 378, 393, -1.5391781330108643
10, 20, 217, 350, -1.721187949180603
10, 21, 379, 401, -1.509431004524231
10, 22, 219, 360, -1.6638818979263306
10, 23, 408, 645, -0.060476649552583694
10, 24, 238, 640, 0.0649314895272255
10, 25, 392, 904, 0.0628012865781784
10, 26, 237, 904, 0.32561996579170227
10, 27, 388, 1119, 0.7003713846206665
10, 28, 244, 1115, 0.907220184803009
10, 29, 393, 1152, 0.7347934246063232
10, 30, 242, 1151, 0.9560223817825317
10, 31, 366, 1196, 0.22346314787864685
10, 32, 264, 1197, 0.4201188087463379
11, 0, 327, 235, -1.2512073516845703
11, 1, 346, 207, -1.2305771112442017
11, 2, 358, 207, -1.2302292585372925
11, 3, 369, 207, -1.2298557758331299
11, 4, 310, 207, -1.2207425832748413
11, 5, 300, 207, -1.220414400100708
11, 6, 290, 207, -1.2204205989837646
11, 7, 385, 217, -0.8863995671272278
11, 8, 279, 216, -0.8234652280807495
11, 9, 353, 262, -1.1090995073318481
11, 10, 308, 261, -1.0916351079940796
11, 11, 458, 337, -0.5506600141525269
11, 12, 222, 338, -0.5364178419113159
11, 13, 514, 511, -0.8859160542488098
11, 14, 100, 513, -0.9051377177238464
11, 15, 419, 439, -1.5446844100952148
11, 16, 194, 402, -1.6581213474273682
11, 17, 396, 410, -1.661076307296753
11, 18, 219, 370, -1.7801189422607422
11, 19, 388, 387, -1.5763863325119019
11, 20, 229, 351, -1.711359977722168
11, 21, 388, 393, -1.52836275100708
11, 22, 231, 363, -1.644142746925354
11, 23, 411, 646, -0.060110677033662796
11, 24, 240, 643, 0.06436160206794739
11, 25, 402, 906, 0.08448223024606705
11, 26, 247, 911, 0.35912710428237915
11, 27, 406, 1125, 0.7436638474464417
11, 28, 263, 1127, 1.0134150981903076
11, 29, 411, 1159, 0.778877854347229
11, 30, 261, 1160, 1.0689162015914917
11, 31, 389, 1201, 0.24967122077941895
11, 32, 288, 1211, 0.5092368125915527
12, 0, 326, 236, -1.2243386507034302
12, 1, 345, 208, -1.1819483041763306
12, 2, 357, 207, -1.1818645000457764
12, 3, 367, 207, -1.1819162368774414
12, 4, 309, 209, -1.171337366104126
12, 5, 300, 209, -1.171134352684021
12, 6, 290, 210, -1.171385407447815
12, 7, 383, 216, -0.8376547694206238
12, 8, 278, 219, -0.7762987613677979
12, 9, 351, 262, -1.0902869701385498
12, 10, 307, 262, -1.062899112701416
12, 11, 455, 334, -0.528211772441864
12, 12, 222, 336, -0.5356543660163879
12, 13, 513, 526, -0.8587536811828613
12, 14, 102, 505, -0.8712252378463745
12, 15, 426, 409, -1.4161053895950317
12, 16, 208, 420, -1.5632641315460205
12, 17, 408, 390, -1.5106098651885986
12, 18, 225, 396, -1.6640961170196533
12, 19, 395, 362, -1.408483862876892
12, 20, 240, 381, -1.5844337940216064
12, 21, 394, 369, -1.38771653175354
12, 22, 242, 389, -1.5445570945739746
12, 23, 411, 646, -0.05623670667409897
12, 24, 240, 645, 0.06074507161974907
12, 25, 405, 909, 0.060722410678863525
12, 26, 248, 914, 0.34732162952423096
12, 27, 410, 1129, 0.6258350610733032
12, 28, 264, 1131, 0.9115883708000183
12, 29, 416, 1163, 0.6537570953369141
12, 30, 262, 1163, 0.9594923257827759
12, 31, 392, 1206, 0.14500491321086884
12, 32, 290, 1214, 0.42908161878585815
13, 0, 324, 237, -0.8378006815910339
13, 1, 343, 208, -0.8171811103820801
13, 2, 355, 207, -0.8168329000473022
13, 3, 366, 207, -0.8164044618606567
13, 4, 308, 209, -0.8025789260864258
13, 5, 299, 209, -0.8019441366195679
13, 6, 289, 209, -0.8020114898681641
13, 7, 382, 215, -0.5256716012954712
13, 8, 278, 219, -0.44755110144615173
13, 9, 348, 262, -0.7192544341087341
13, 10, 305, 262, -0.6969273090362549
13, 11, 453, 333, -0.2874648869037628
13, 12, 222, 323, -0.22661514580249786
13, 13, 511, 488, -0.6950147151947021
13, 14, 104, 483, -0.6353039145469666
13, 15, 429, 405, -1.2352136373519897
13, 16, 196, 416, -1.4128077030181885
13, 17, 414, 392, -1.3148661851882935
13, 18, 209, 423, -1.5167372226715088
13, 19, 400, 363, -1.1791056394577026
13, 20, 233, 411, -1.4225833415985107
13, 21, 400, 368, -1.1801092624664307
13, 22, 235, 409, -1.5207349061965942
13, 23, 407, 641, -0.05594025179743767
13, 24, 237, 637, 0.060458969324827194
13, 25, 403, 899, 0.000815686653368175
13, 26, 245, 897, 0.2670581638813019
13, 27, 410, 1119, 0.48030972480773926
13, 28, 258, 1115, 0.7319782972335815
13, 29, 414, 1150, 0.5002109408378601
13, 30, 255, 1145, 0.7683511972427368
13, 31, 391, 1196, -0.00304654729552567
13, 32, 280, 1195, 0.24552926421165466
14, 0, 323, 236, -1.1458284854888916
14, 1, 343, 207, -1.1272090673446655
14, 2, 355, 207, -1.126741886138916
14, 3, 365, 206, -1.1263020038604736
14, 4, 308, 209, -1.1139799356460571
14, 5, 298, 209, -1.1134790182113647
14, 6, 289, 209, -1.1134684085845947
14, 7, 382, 214, -0.7765262722969055
14, 8, 278, 218, -0.7008735537528992
14, 9, 348, 261, -1.0019712448120117
14, 10, 305, 262, -0.9806345105171204
14, 11, 454, 334, -0.43677979707717896
14, 12, 222, 323, -0.3924722969532013
14, 13, 510, 481, -0.8352692723274231
14, 14, 103, 478, -0.7866077423095703
14, 15, 432, 404, -1.512703537940979
14, 16, 192, 436, -1.5494416952133179
14, 17, 415, 391, -1.635178565979004
14, 18, 210, 429, -1.6686561107635498
14, 19, 403, 364, -1.5601484775543213
14, 20, 226, 404, -1.6194913387298584
14, 21, 403, 371, -1.5009450912475586
14, 22, 231, 410, -1.5520434379577637
14, 23, 406, 642, -0.06129397824406624
14, 24, 237, 637, 0.06570583581924438
14, 25, 402, 899, -0.0018804490100592375
14, 26, 244, 897, 0.30571895837783813
14, 27, 408, 1120, 0.5642921924591064
14, 28, 257, 1116, 0.8566763997077942
14, 29, 411, 1152, 0.5895125865936279
14, 30, 254, 1146, 0.9006180763244629
14, 31, 388, 1196, 0.04026011750102043
14, 32, 277, 1196, 0.32998305559158325
15, 0, 324, 235, -1.1095527410507202
15, 1, 343, 206, -1.0740982294082642
15, 2, 355, 206, -1.0736902952194214
15, 3, 365, 205, -1.0730812549591064
15, 4, 308, 208, -1.0671679973602295
15, 5, 299, 208, -1.0667386054992676
15, 6, 289, 208, -1.066779613494873
15, 7, 382, 214, -0.7062270641326904
15, 8, 278, 218, -0.6610144376754761
15, 9, 348, 260, -0.9630236625671387
15, 10, 305, 261, -0.9508529901504517
15, 11, 454, 334, -0.4069282114505768
15, 12, 222, 327, -0.3942856192588806
15, 13, 523, 533, -0.8340023159980774
15, 14, 93, 479, -0.8349091410636902
15, 15, 434, 412, -1.5191713571548462
15, 16, 193, 420, -1.586242914199829
15, 17, 409, 397, -1.6414315700531006
15, 18, 221, 393, -1.7067791223526
15, 19, 400, 364, -1.5373581647872925
15, 20, 234, 371, -1.6281707286834717
15, 21, 403, 370, -1.4949506521224976
15, 22, 235, 382, -1.5702245235443115
15, 23, 406, 653, -0.052608292549848557
15, 24, 236, 651, 0.05709679052233696
15, 25, 402, 911, 0.020460784435272217
15, 26, 243, 912, 0.3217596411705017
15, 27, 407, 1133, 0.6220943927764893
15, 28, 255, 1130, 0.9047325849533081
15, 29, 412, 1167, 0.6546152234077454
15, 30, 252, 1162, 0.9507607221603394
15, 31, 387, 1209, 0.1245543584227562
15, 32, 279, 1210, 0.3883243203163147
16, 0, 324, 234, -0.9769579768180847
16, 1, 344, 205, -0.9464276432991028
16, 2, 356, 205, -0.9461511373519897
16, 3, 365, 204, -0.9455541372299194
16, 4, 308, 207, -0.9367456436157227
16, 5, 299, 207, -0.936240017414093
16, 6, 290, 207, -0.9363588094711304
16, 7, 382, 212, -0.6153218150138855
16, 8, 280, 216, -0.5603665709495544
16, 9, 348, 258, -0.8456549644470215
16, 10, 305, 259, -0.8303819894790649
16, 11, 455, 332, -0.359054833650589
16, 12, 227, 328, -0.3083688020706177
16, 13, 522, 513, -0.7642255425453186
16, 14, 95, 480, -0.8159425854682922
16, 15, 419, 427, -1.4627882242202759
16, 16, 207, 409, -1.4715254306793213
16, 17, 385, 416, -1.5523043870925903
16, 18, 234, 378, -1.5891119241714478
16, 19, 376, 380, -1.454100251197815
16, 20, 241, 355, -1.5325037240982056
16, 21, 382, 384, -1.4365293979644775
16, 22, 243, 366, -1.4637504816055298
16, 23, 407, 644, -0.04858352616429329
16, 24, 237, 641, 0.0529913604259491
16, 25, 402, 895, 0.03529440611600876
16, 26, 244, 893, 0.241433784365654
16, 27, 406, 1114, 0.5761735439300537
16, 28, 256, 1107, 0.7261742949485779
16, 29, 410, 1146, 0.5998775362968445
16, 30, 253, 1138, 0.7622612118721008
16, 31, 384, 1187, 0.08855332434177399
16, 32, 279, 1184, 0.23435792326927185
17, 0, 325, 230, -0.9963935613632202
17, 1, 344, 203, -0.9776700735092163
17, 2, 356, 203, -0.9771259427070618
17, 3, 365, 202, -0.976828396320343
17, 4, 309, 204, -0.9711179733276367
17, 5, 299, 204, -0.9704706072807312
17, 6, 291, 205, -0.9705073237419128
17, 7, 382, 211, -0.652427613735199
17, 8, 280, 214, -0.5990638136863708
17, 9, 348, 255, -0.8653987050056458
17, 10, 305, 255, -0.8549874424934387
17, 11, 455, 329, -0.4135042726993561
17, 12, 230, 327, -0.34450894594192505
17, 13, 512, 522, -0.8398191332817078
17, 14, 137, 519, -0.7923510670661926
17, 15, 357, 422, -1.4092180728912354
17, 16, 231, 412, -1.5613809823989868
17, 17, 316, 389, -1.510141134262085
17, 18, 248, 377, -1.6897354125976562
17, 19, 316, 358, -1.4142245054244995
17, 20, 253, 353, -1.6229482889175415
17, 21, 332, 371, -1.3836196660995483
17, 22, 255, 366, -1.5528699159622192
17, 23, 409, 643, -0.05348818749189377
17, 24, 242, 641, 0.05763905495405197
17, 25, 403, 896, -0.014060410670936108
17, 26, 250, 894, 0.14181116223335266
17, 27, 409, 1114, 0.49933844804763794
17, 28, 268, 1109, 0.5418456792831421
17, 29, 415, 1147, 0.518668532371521
17, 30, 267, 1139, 0.5668350458145142
17, 31, 386, 1187, -0.020524563267827034
17, 32, 291, 1186, 0.012100102379918098
18, 0, 326, 229, -0.901336669921875
18, 1, 345, 203, -0.8752967119216919
18, 2, 356, 202, -0.8749950528144836
18, 3, 365, 202, -0.8745994567871094
18, 4, 311, 203, -0.867926299571991
18, 5, 301, 204, -0.8673742413520813
18, 6, 293, 204, -0.8676034212112427
18, 7, 382, 211, -0.5462278127670288
18, 8, 282, 213, -0.499076783657074
18, 9, 349, 253, -0.7682445645332336
18, 10, 306, 253, -0.7558466196060181
18, 11, 454, 328, -0.30904990434646606
18, 12, 230, 319, -0.2678273022174835
18, 13, 493, 495, -0.6816400289535522
18, 14, 151, 513, -0.6829149127006531
18, 15, 357, 429, -1.267533302307129
18, 16, 238, 419, -1.470847487449646
18, 17, 320, 395, -1.382781744003296
18, 18, 256, 390, -1.636675238609314
18, 19, 318, 364, -1.2987984418869019
18, 20, 260, 362, -1.577026128768921
18, 21, 336, 384, -1.2474334239959717
18, 22, 261, 373, -1.4672167301177979
18, 23, 403, 639, -0.040163904428482056
18, 24, 237, 632, 0.04435155540704727
18, 25, 389, 883, 0.023200828582048416
18, 26, 233, 875, 0.12417247146368027
18, 27, 388, 1097, 0.5388560891151428
18, 28, 239, 1089, 0.5074738264083862
18, 29, 393, 1128, 0.5581768155097961
18, 30, 235, 1119, 0.5292194485664368
18, 31, 361, 1172, 0.040404062718153
18, 32, 259, 1166, -0.010933948680758476
19, 0, 327, 229, -0.9659598469734192
19, 1, 345, 202, -0.9370238184928894
19, 2, 356, 202, -0.9367469549179077
19, 3, 365, 202, -0.9363328814506531
19, 4, 312, 203, -0.927903950214386
19, 5, 301, 204, -0.927440345287323
19, 6, 294, 204, -0.9275776147842407
19, 7, 382, 210, -0.6061486005783081
19, 8, 283, 213, -0.5507856607437134
19, 9, 349, 253, -0.832165539264679
19, 10, 308, 253, -0.8176739811897278
19, 11, 454, 328, -0.34705299139022827
19, 12, 230, 312, -0.3089018762111664
19, 13, 475, 494, -0.6897139549255371
19, 14, 164, 509, -0.6869186162948608
19, 15, 350, 434, -1.268064260482788
19, 16, 244, 420, -1.4540961980819702
19, 17, 316, 402, -1.381293773651123
19, 18, 261, 392, -1.5906339883804321
19, 19, 319, 371, -1.3040465116500854
19, 20, 263, 363, -1.5463387966156006
19, 21, 331, 386, -1.2506386041641235
19, 22, 264, 373, -1.4534709453582764
19, 23, 402, 634, -0.03594605252146721
19, 24, 236, 626, 0.04013262316584587
19, 25, 387, 876, 0.04814504086971283
19, 26, 233, 869, 0.1671983003616333
19, 27, 385, 1090, 0.5565858483314514
19, 28, 237, 1085, 0.5856785774230957
19, 29, 390, 1120, 0.5764755606651306
19, 30, 234, 1116, 0.6105358004570007
19, 31, 357, 1165, 0.05946870520710945
19, 32, 255, 1163, 0.06598129868507385
20, 0, 327, 227, -1.000864028930664
20, 1, 345, 201, -0.9728778600692749
20, 2, 356, 201, -0.9725179672241211
20, 3, 365, 201, -0.9719458818435669
20, 4, 312, 202, -0.9694947004318237
20, 5, 301, 202, -0.9690462350845337
20, 6, 294, 203, -0.9692603945732117
20, 7, 382, 210, -0.6353918313980103
20, 8, 283, 212, -0.6069949269294739
20, 9, 349, 252, -0.8645291328430176
20, 10, 308, 252, -0.857387363910675
20, 11, 452, 328, -0.3838573396205902
20, 12, 230, 315, -0.3600781559944153
20, 13, 478, 533, -0.7176785469055176
20, 14, 170, 515, -0.7458230257034302
20, 15, 347, 437, -1.2982715368270874
20, 16, 261, 424, -1.4826685190200806
20, 17, 315, 404, -1.410254716873169
20, 18, 276, 392, -1.6085361242294312
20, 19, 327, 379, -1.336931824684143
20, 20, 275, 364, -1.5647245645523071
20, 21, 333, 391, -1.2820119857788086
20, 22, 276, 374, -1.4804648160934448
20, 23, 402, 634, -0.03428274020552635
20, 24, 236, 627, 0.038475215435028076
20, 25, 386, 877, 0.04747892916202545
20, 26, 233, 872, 0.1651105284690857
20, 27, 382, 1091, 0.5416905879974365
20, 28, 237, 1088, 0.588360607624054
20, 29, 386, 1121, 0.5604773759841919
20, 30, 233, 1118, 0.6136597394943237
20, 31, 354, 1166, 0.04321663826704025
20, 32, 253, 1164, 0.07029591500759125
21, 0, 327, 225, -0.9933506846427917
21, 1, 345, 200, -0.969620406627655
21, 2, 356, 199, -0.9693398475646973
21, 3, 366, 199, -0.9688073396682739
21, 4, 312, 201, -0.9518640637397766
21, 5, 301, 201, -0.9514058828353882
21, 6, 294, 201, -0.9515961408615112
21, 7, 382, 209, -0.6445404291152954
21, 8, 283, 211, -0.5517423152923584
21, 9, 349, 252, -0.8636230230331421
21, 10, 308, 251, -0.8384653329849243
21, 11, 452, 328, -0.4183955788612366
21, 12, 231, 316, -0.2750641405582428
21, 13, 478, 552, -0.7979623079299927
21, 14, 172, 489, -0.6763618588447571
21, 15, 338, 438, -1.3051800727844238
21, 16, 259, 419, -1.4653558731079102
21, 17, 310, 402, -1.4096877574920654
21, 18, 269, 393, -1.5900590419769287
21, 19, 327, 376, -1.3268603086471558
21, 20, 273, 363, -1.5518606901168823
21, 21, 330, 390, -1.28314208984375
21, 22, 279, 374, -1.4641358852386475
21, 23, 402, 636, -0.047182079404592514
21, 24, 236, 627, 0.05163987725973129
21, 25, 386, 885, -0.06994839012622833
21, 26, 233, 874, 0.1259913146495819
21, 27, 380, 1107, 0.3637896180152893
21, 28, 236, 1101, 0.48007839918136597
21, 29, 385, 1141, 0.3758586049079895
21, 30, 232, 1135, 0.4979972243309021
21, 31, 350, 1181, -0.17078332602977753
21, 32, 253, 1178, -0.06124737858772278
22, 0, 328, 226, -1.0580065250396729
22, 1, 345, 199, -1.0415560007095337
22, 2, 357, 199, -1.041109561920166
22, 3, 366, 199, -1.0403718948364258
22, 4, 312, 200, -1.0214964151382446
22, 5, 301, 200, -1.021194577217102
22, 6, 294, 201, -1.0213494300842285
22, 7, 383, 209, -0.7440747618675232
22, 8, 283, 210, -0.6428957581520081
22, 9, 349, 252, -0.936429500579834
22, 10, 308, 251, -0.9075345993041992
22, 11, 457, 330, -0.513320803642273
22, 12, 233, 318, -0.37200286984443665
22, 13, 471, 560, -0.8883334994316101
22, 14, 189, 497, -0.7886474132537842
22, 15, 351, 425, -1.3689675331115723
22, 16, 253, 406, -1.494880199432373
22, 17, 322, 387, -1.4492766857147217
22, 18, 262, 353, -1.600698471069336
22, 19, 335, 354, -1.351952314376831
22, 20, 266, 332, -1.5390597581863403
22, 21, 338, 371, -1.3418405055999756
22, 22, 271, 348, -1.4848288297653198
22, 23, 409, 639, -0.051522642374038696
22, 24, 242, 632, 0.05597418546676636
22, 25, 392, 892, -0.08906365931034088
22, 26, 241, 888, 0.11075284332036972
22, 27, 388, 1118, 0.38072001934051514
22, 28, 247, 1114, 0.43092697858810425
22, 29, 394, 1153, 0.39860156178474426
22, 30, 244, 1149, 0.4479118883609772
22, 31, 360, 1191, -0.11596868187189102
22, 32, 264, 1192, -0.08365315198898315
23, 0, 328, 225, -1.1048921346664429
23, 1, 345, 199, -1.0888288021087646
23, 2, 357, 198, -1.0884071588516235
23, 3, 366, 198, -1.087684154510498
23, 4, 312, 200, -1.0725553035736084
23, 5, 301, 200, -1.0722897052764893
23, 6, 294, 201, -1.0724427700042725
23, 7, 383, 208, -0.7901325821876526
23, 8, 283, 210, -0.7056273818016052
23, 9, 349, 252, -0.9813711047172546
23, 10, 308, 251, -0.9572569727897644
23, 11, 459, 331, -0.5410096645355225
23, 12, 234, 319, -0.43259239196777344
23, 13, 471, 564, -0.8943233489990234
23, 14, 178, 529, -0.8247801661491394
23, 15, 357, 428, -1.3786321878433228
23, 16, 249, 403, -1.5157372951507568
23, 17, 327, 393, -1.4563250541687012
23, 18, 258, 348, -1.6188163757324219
23, 19, 339, 359, -1.3608734607696533
23, 20, 262, 328, -1.548812747001648
23, 21, 342, 375, -1.3529794216156006
23, 22, 266, 343, -1.5050947666168213
23, 23, 412, 639, -0.051452942192554474
23, 24, 243, 633, 0.05589938163757324
23, 25, 394, 894, -0.0868634432554245
23, 26, 244, 891, 0.024371236562728882
23, 27, 391, 1120, 0.3802388310432434
23, 28, 252, 1117, 0.2973301112651825
23, 29, 397, 1155, 0.39742833375930786
23, 30, 250, 1151, 0.309417724609375
23, 31, 364, 1193, -0.10752908140420914
23, 32, 270, 1195, -0.2211288958787918
24, 0, 328, 225, -1.0913053750991821
24, 1, 345, 198, -1.068828821182251
24, 2, 357, 198, -1.0684723854064941
24, 3, 366, 198, -1.0678945779800415
24, 4, 312, 200, -1.0568960905075073
24, 5, 301, 200, -1.0565428733825684
24, 6, 294, 201, -1.0566767454147339
24, 7, 383, 208, -0.7732783555984497
24, 8, 283, 210, -0.6836089491844177
24, 9, 350, 251, -0.9626260995864868
24, 10, 308, 251, -0.944488525390625
24, 11, 459, 332, -0.4851866662502289
24, 12, 234, 325, -0.4797949194908142
24, 13, 475, 556, -0.44238513708114624
24, 14, 182, 524, -0.8370949029922485
24, 15, 458, 630, -0.7695088386535645
24, 16, 246, 400, -1.554734468460083
24, 17, 465, 666, -0.8486812710762024
24, 18, 255, 353, -1.6956332921981812
24, 19, 448, 655, -0.8745406270027161
24, 20, 262, 330, -1.6616281270980835
24, 21, 438, 641, -0.7953810691833496
24, 22, 265, 343, -1.5572677850723267
24, 23, 414, 639, -0.049824174493551254
24, 24, 249, 635, 0.054033707827329636
24, 25, 396, 894, -0.04374673217535019
24, 26, 248, 895, 0.10986471176147461
24, 27, 391, 1119, 0.5830123424530029
24, 28, 254, 1120, 0.6109822988510132
24, 29, 397, 1154, 0.6111008524894714
24, 30, 252, 1152, 0.6494749784469604
24, 31, 365, 1193, 0.09691907465457916
24, 32, 270, 1200, 0.07584003359079361
25, 0, 328, 227, -1.0121937990188599
25, 1, 346, 199, -0.9866248965263367
25, 2, 357, 199, -0.9863990545272827
25, 3, 366, 198, -0.986244797706604
25, 4, 313, 201, -0.9812660217285156
25, 5, 302, 202, -0.980840802192688
25, 6, 295, 202, -0.9808778762817383
25, 7, 383, 208, -0.6728719472885132
25, 8, 285, 211, -0.6265828013420105
25, 9, 352, 253, -0.885059654712677
25, 10, 311, 253, -0.8731953501701355
25, 11, 461, 337, -0.41357311606407166
25, 12, 234, 331, -0.45084792375564575
25, 13, 477, 553, -0.32297226786613464
25, 14, 129, 508, -0.8351085782051086
25, 15, 491, 679, -0.532507061958313
25, 16, 223, 402, -1.4964110851287842
25, 17, 507, 725, -0.5903136730194092
25, 18, 238, 359, -1.6481128931045532
25, 19, 487, 721, -0.6286628246307373
25, 20, 248, 336, -1.6291815042495728
25, 21, 473, 704, -0.559773325920105
25, 22, 252, 349, -1.4966399669647217
25, 23, 414, 645, -0.049765754491090775
25, 24, 249, 642, 0.05399231240153313
25, 25, 395, 902, -0.03636287525296211
25, 26, 246, 904, 0.14171648025512695
25, 27, 386, 1127, 0.5841962099075317
25, 28, 247, 1128, 0.6447195410728455
25, 29, 390, 1160, 0.6111504435539246
25, 30, 245, 1159, 0.683363139629364
25, 31, 360, 1204, 0.10505706071853638
25, 32, 264, 1209, 0.12213270366191864
26, 0, 329, 229, -1.0190989971160889
26, 1, 346, 202, -0.9945977330207825
26, 2, 357, 201, -0.994346022605896
26, 3, 366, 201, -0.994097888469696
26, 4, 313, 203, -0.987296462059021
26, 5, 302, 203, -0.9868892431259155
26, 6, 295, 203, -0.9869714975357056
26, 7, 384, 209, -0.6691211462020874
26, 8, 285, 212, -0.6240431666374207
26, 9, 353, 258, -0.8913425207138062
26, 10, 311, 256, -0.8773255348205566
26, 11, 463, 342, -0.4163898527622223
26, 12, 231, 345, -0.43511971831321716
26, 13, 487, 552, -0.34793567657470703
26, 14, 112, 507, -0.7965962886810303
26, 15, 507, 684, -0.5700086355209351
26, 16, 201, 414, -1.4944713115692139
26, 17, 525, 730, -0.6412113904953003
26, 18, 218, 360, -1.6289939880371094
26, 19, 502, 726, -0.683914065361023
26, 20, 229, 341, -1.5943059921264648
26, 21, 487, 710, -0.5999531149864197
26, 22, 232, 357, -1.492531418800354
26, 23, 414, 658, -0.05254808068275452
26, 24, 249, 656, 0.05663594603538513
26, 25, 394, 916, 0.048145174980163574
26, 26, 244, 920, 0.2864093482494354
26, 27, 384, 1139, 0.7098835110664368
26, 28, 244, 1141, 0.8897061347961426
26, 29, 388, 1172, 0.7424440979957581
26, 30, 241, 1171, 0.9398835301399231
26, 31, 358, 1217, 0.2210731953382492
26, 32, 261, 1224, 0.36937177181243896
27, 0, 330, 230, -1.0542261600494385
27, 1, 346, 203, -1.022415280342102
27, 2, 358, 202, -1.0222053527832031
27, 3, 366, 202, -1.022046685218811
27, 4, 313, 203, -1.0165975093841553
27, 5, 303, 203, -1.0160610675811768
27, 6, 295, 203, -1.0160832405090332
27, 7, 384, 210, -0.6728041768074036
27, 8, 285, 212, -0.6293277740478516
27, 9, 354, 259, -0.9152124524116516
27, 10, 312, 257, -0.9032294154167175
27, 11, 464, 347, -0.4127870202064514
27, 12, 229, 346, -0.4281323552131653
27, 13, 486, 551, -0.33783453702926636
27, 14, 110, 500, -0.7889684438705444
27, 15, 499, 679, -0.6211398243904114
27, 16, 178, 437, -1.594520092010498
27, 17, 516, 722, -0.7005818486213684
27, 18, 197, 387, -1.7482229471206665
27, 19, 497, 714, -0.7464962005615234
27, 20, 209, 372, -1.7265722751617432
27, 21, 482, 699, -0.6539905667304993
27, 22, 211, 385, -1.6041431427001953
27, 23, 411, 668, -0.053190868347883224
27, 24, 243, 663, 0.05726512148976326
27, 25, 388, 927, 0.09093569219112396
27, 26, 231, 926, 0.3422917127609253
27, 27, 373, 1150, 0.7719572186470032
27, 28, 227, 1148, 1.0052889585494995
27, 29, 377, 1184, 0.8060806393623352
27, 30, 223, 1180, 1.061469316482544
27, 31, 345, 1228, 0.269096702337265
27, 32, 244, 1231, 0.47315090894699097
28, 0, 330, 230, -1.1038122177124023
28, 1, 346, 202, -1.0656062364578247
28, 2, 358, 201, -1.0655155181884766
28, 3, 366, 201, -1.065489649772644
28, 4, 314, 203, -1.0540271997451782
28, 5, 303, 203, -1.0534013509750366
28, 6, 295, 203, -1.0536062717437744
28, 7, 385, 209, -0.691392183303833
28, 8, 285, 212, -0.6312749981880188
28, 9, 354, 259, -0.9591854810714722
28, 10, 312, 257, -0.9397271871566772
28, 11, 468, 348, -0.4133017957210541
28, 12, 231, 345, -0.42778462171554565
28, 13, 488, 550, -0.3536725640296936
28, 14, 130, 481, -0.5491359829902649
28, 15, 502, 676, -0.6700042486190796
28, 16, 125, 553, -1.247239351272583
28, 17, 518, 721, -0.7666405439376831
28, 18, 113, 579, -1.39601469039917
28, 19, 500, 717, -0.8338631391525269
28, 20, 129, 563, -1.4794379472732544
28, 21, 487, 700, -0.7147188782691956
28, 22, 139, 557, -1.3031927347183228
28, 23, 411, 666, -0.06427869200706482
28, 24, 246, 660, 0.0686119869351387
28, 25, 388, 923, 0.08964064717292786
28, 26, 231, 922, 0.2938932180404663
28, 27, 375, 1147, 0.7084768414497375
28, 28, 228, 1143, 0.871780276298523
28, 29, 378, 1181, 0.739744246006012
28, 30, 225, 1175, 0.9159053564071655
28, 31, 345, 1223, 0.19031210243701935
28, 32, 247, 1225, 0.3174954950809479
29, 0, 332, 229, -0.9333931803703308
29, 1, 348, 201, -0.9047918319702148
29, 2, 359, 200, -0.9045241475105286
29, 3, 368, 200, -0.9045912027359009
29, 4, 315, 202, -0.9016815423965454
29, 5, 304, 202, -0.9009886980056763
29, 6, 296, 203, -0.9011767506599426
29, 7, 388, 209, -0.597364068031311
29, 8, 286, 212, -0.5675684809684753
29, 9, 356, 258, -0.8093956708908081
29, 10, 313, 257, -0.8007149696350098
29, 11, 472, 348, -0.33512982726097107
29, 12, 230, 344, -0.4163230061531067
29, 13, 487, 549, -0.1544909030199051
29, 14, 153, 482, -0.27371320128440857
29, 15, 496, 672, -0.2923872470855713
29, 16, 149, 641, -0.5146484971046448
29, 17, 513, 717, -0.3442874252796173
29, 18, 136, 688, -0.585895836353302
29, 19, 495, 718, -0.4018786549568176
29, 20, 156, 689, -0.661823034286499
29, 21, 484, 699, -0.3284151256084442
29, 22, 166, 672, -0.5559667348861694
29, 23, 412, 665, -0.054069679230451584
29, 24, 246, 658, 0.05834750458598137
29, 25, 388, 921, 0.07361166924238205
29, 26, 231, 919, 0.29020029306411743
29, 27, 375, 1145, 0.6838958859443665
29, 28, 229, 1141, 0.8296433687210083
29, 29, 378, 1180, 0.7165852785110474
29, 30, 226, 1175, 0.8676978349685669
29, 31, 345, 1222, 0.21936580538749695
29, 32, 248, 1222, 0.2760563790798187
30, 0, 337, 229, -0.9556374549865723
30, 1, 352, 201, -0.9252438545227051
30, 2, 362, 201, -0.924935519695282
30, 3, 372, 200, -0.9249458312988281
30, 4, 319, 202, -0.9232938885688782
30, 5, 309, 202, -0.9226771593093872
30, 6, 299, 203, -0.922864556312561
30, 7, 392, 210, -0.6055415868759155
30, 8, 289, 212, -0.5805195569992065
30, 9, 359, 259, -0.8266739845275879
30, 10, 318, 257, -0.8195594549179077
30, 11, 475, 351, -0.33343029022216797
30, 12, 229, 345, -0.41834408044815063
30, 13, 488, 548, -0.1699819713830948
30, 14, 158, 480, -0.2915767431259155
30, 15, 502, 677, -0.3642943203449249
30, 16, 154, 640, -0.5656182765960693
30, 17, 522, 722, -0.4283767640590668
30, 18, 140, 685, -0.6462602615356445
30, 19, 502, 723, -0.4878474175930023
30, 20, 162, 685, -0.7220600843429565
30, 21, 490, 704, -0.4030011296272278
30, 22, 171, 668, -0.6077988147735596
30, 23, 412, 669, -0.046988390386104584
30, 24, 246, 660, 0.05144224688410759
30, 25, 388, 924, 0.10854759067296982
30, 26, 232, 919, 0.3016226589679718
30, 27, 375, 1149, 0.7697230577468872
30, 28, 226, 1143, 0.9082173109054565
30, 29, 378, 1187, 0.808954119682312
30, 30, 222, 1179, 0.9570453763008118
30, 31, 345, 1226, 0.30993205308914185
30, 32, 249, 1223, 0.3934130370616913
31, 0, 341, 229, -0.9777745008468628
31, 1, 356, 201, -0.9434351921081543
31, 2, 365, 200, -0.9431235194206238
31, 3, 376, 200, -0.9430945515632629
31, 4, 323, 202, -0.9435595273971558
31, 5, 313, 202, -0.9429939985275269
31, 6, 302, 202, -0.9431724548339844
31, 7, 395, 211, -0.6065112352371216
31, 8, 291, 212, -0.5903816819190979
31, 9, 363, 259, -0.845606803894043
31, 10, 321, 257, -0.8370116949081421
31, 11, 477, 354, -0.3137269616127014
31, 12, 228, 349, -0.44751352071762085
31, 13, 491, 548, -0.12283860146999359
31, 14, 158, 481, -0.31813234090805054
31, 15, 508, 677, -0.3301836848258972
31, 16, 154, 641, -0.5955642461776733
31, 17, 527, 721, -0.39218398928642273
31, 18, 140, 687, -0.6838728785514832
31, 19, 508, 723, -0.4561317563056946
31, 20, 163, 687, -0.7583029866218567
31, 21, 495, 703, -0.37171226739883423
31, 22, 172, 670, -0.6369786262512207
31, 23, 412, 672, -0.03566127270460129
31, 24, 245, 661, 0.040125522762537
31, 25, 388, 927, 0.14429238438606262
31, 26, 232, 920, 0.28501829504966736
31, 27, 373, 1153, 0.8500135540962219
31, 28, 224, 1144, 0.8860471844673157
31, 29, 374, 1191, 0.8917763829231262
31, 30, 219, 1180, 0.9342492818832397
31, 31, 345, 1228, 0.3800414204597473
31, 32, 248, 1223, 0.3567337095737457
32, 0, 344, 227, -0.9736572504043579
32, 1, 358, 200, -0.933056652545929
32, 2, 367, 199, -0.9327292442321777
32, 3, 377, 199, -0.9327552914619446
32, 4, 326, 200, -0.9401434063911438
32, 5, 316, 201, -0.9396171569824219
32, 6, 305, 201, -0.9398064613342285
32, 7, 396, 211, -0.5932824611663818
32, 8, 293, 212, -0.5945942401885986
32, 9, 365, 258, -0.8408514857292175
32, 10, 324, 255, -0.842698872089386
32, 11, 478, 358, -0.3030683696269989
32, 12, 226, 351, -0.4609493613243103
32, 13, 493, 548, -0.10350320488214493
32, 14, 155, 480, -0.33311331272125244
32, 15, 510, 682, -0.2745082974433899
32, 16, 130, 636, -0.5851867198944092
32, 17, 529, 727, -0.3245658278465271
32, 18, 112, 679, -0.6601173877716064
32, 19, 509, 729, -0.3875208795070648
32, 20, 138, 682, -0.7334915399551392
32, 21, 497, 709, -0.3138693869113922
32, 22, 148, 666, -0.6250876188278198
32, 23, 409, 678, -0.028006305918097496
32, 24, 240, 665, 0.03229440376162529
32, 25, 382, 933, 0.1331479400396347
32, 26, 225, 924, 0.2209993153810501
32, 27, 365, 1160, 0.7801722884178162
32, 28, 215, 1149, 0.7631054520606995
32, 29, 365, 1200, 0.8131492733955383
32, 30, 210, 1187, 0.8031824827194214
32, 31, 339, 1233, 0.290303111076355
32, 32, 240, 1226, 0.24354922771453857
33, 0, 348, 226, -0.9770736694335938
33, 1, 361, 199, -0.944043755531311
33, 2, 369, 198, -0.9437441825866699
33, 3, 380, 199, -0.9436300992965698
33, 4, 330, 199, -0.9445282220840454
33, 5, 319, 199, -0.9439790844917297
33, 6, 308, 200, -0.9442116022109985
33, 7, 397, 211, -0.6023564338684082
33, 8, 294, 212, -0.6205572485923767
33, 9, 368, 257, -0.8473244905471802
33, 10, 327, 254, -0.8563381433486938
33, 11, 477, 358, -0.3082009255886078
33, 12, 226, 350, -0.46577054262161255
33, 13, 495, 548, -0.1065577045083046
33, 14, 149, 475, -0.3324013352394104
33, 15, 515, 684, -0.28997302055358887
33, 16, 109, 624, -0.5910614132881165
33, 17, 535, 730, -0.33732035756111145
33, 18, 87, 664, -0.6644151210784912
33, 19, 515, 733, -0.4077046811580658
33, 20, 111, 669, -0.744430661201477
33, 21, 503, 713, -0.3321216106414795
33, 22, 122, 654, -0.6341720819473267
33, 23, 408, 678, -0.02477320469915867
33, 24, 239, 666, 0.029070386663079262
33, 25, 382, 934, 0.08537837117910385
33, 26, 225, 927, 0.1889844834804535
33, 27, 366, 1162, 0.7146386504173279
33, 28, 215, 1153, 0.6914724111557007
33, 29, 366, 1202, 0.7486389875411987
33, 30, 210, 1192, 0.7259094715118408
33, 31, 340, 1235, 0.24387991428375244
33, 32, 240, 1229, 0.15480300784111023
34, 0, 351, 226, -1.0842523574829102
34, 1, 363, 198, -1.043495774269104
34, 2, 372, 198, -1.0431309938430786
34, 3, 382, 198, -1.0432299375534058
34, 4, 332, 199, -1.0514791011810303
34, 5, 321, 199, -1.0509498119354248
34, 6, 310, 200, -1.0511443614959717
34, 7, 400, 210, -0.6805678606033325
34, 8, 295, 212, -0.7101870179176331
34, 9, 371, 257, -0.9416414499282837
34, 10, 329, 254, -0.9504281878471375
34, 11, 478, 358, -0.3597250282764435
34, 12, 226, 350, -0.5289718508720398
34, 13, 495, 550, -0.17554524540901184
34, 14, 147, 477, -0.38660046458244324
34, 15, 511, 691, -0.3677560091018677
34, 16, 110, 638, -0.6598798036575317
34, 17, 529, 739, -0.4200534224510193
34, 18, 88, 681, -0.7369971871376038
34, 19, 509, 744, -0.48839235305786133
34, 20, 113, 688, -0.8171404600143433
34, 21, 497, 722, -0.4089202284812927
34, 22, 124, 672, -0.7027605772018433
34, 23, 408, 680, -0.024004843086004257
34, 24, 238, 667, 0.028371840715408325
34, 25, 381, 939, 0.08360017836093903
34, 26, 223, 930, 0.19931180775165558
34, 27, 364, 1168, 0.7356342077255249
34, 28, 212, 1159, 0.7088265419006348
34, 29, 364, 1208, 0.7730609774589539
34, 30, 206, 1199, 0.7462602853775024
34, 31, 337, 1242, 0.2652212977409363
34, 32, 237, 1236, 0.18534724414348602
35, 0, 352, 225, -0.9510828256607056
35, 1, 365, 197, -0.9123170971870422
35, 2, 374, 196, -0.9119393229484558
35, 3, 384, 196, -0.9119736552238464
35, 4, 333, 198, -0.9176567196846008
35, 5, 322, 199, -0.9171104431152344
35, 6, 311, 199, -0.9173166155815125
35, 7, 402, 210, -0.5857442617416382
35, 8, 295, 212, -0.601190447807312
35, 9, 373, 257, -0.8231087923049927
35, 10, 331, 254, -0.826717734336853
35, 11, 479, 359, -0.31725314259529114
35, 12, 226, 349, -0.4739706516265869
35, 13, 497, 552, -0.1465269774198532
35, 14, 144, 477, -0.328016459941864
35, 15, 509, 696, -0.31288009881973267
35, 16, 98, 638, -0.5892371535301208
35, 17, 527, 743, -0.3627443313598633
35, 18, 72, 680, -0.6624609231948853
35, 19, 506, 746, -0.42459049820899963
35, 20, 98, 686, -0.7404236793518066
35, 21, 495, 726, -0.35177573561668396
35, 22, 111, 671, -0.6328862309455872
35, 23, 407, 684, -0.024157274514436722
35, 24, 236, 671, 0.028605440631508827
35, 25, 381, 944, 0.06739232689142227
35, 26, 222, 935, 0.19643540680408478
35, 27, 363, 1174, 0.7066994905471802
35, 28, 210, 1165, 0.706889808177948
35, 29, 363, 1215, 0.7444086074829102
35, 30, 204, 1206, 0.7444669008255005
35, 31, 336, 1250, 0.25408223271369934
35, 32, 234, 1243, 0.1891251802444458
36, 0, 353, 224, -0.8626415133476257
36, 1, 366, 195, -0.8241544961929321
36, 2, 375, 195, -0.8238118886947632
36, 3, 386, 195, -0.8237766027450562
36, 4, 334, 197, -0.8274720907211304
36, 5, 322, 198, -0.8269006013870239
36, 6, 311, 199, -0.827112078666687
36, 7, 404, 210, -0.5147945284843445
36, 8, 295, 212, -0.5194318890571594
36, 9, 375, 257, -0.7425914406776428
36, 10, 331, 253, -0.7431181073188782
36, 11, 479, 359, -0.28136569261550903
36, 12, 226, 349, -0.39879849553108215
36, 13, 497, 555, -0.14170154929161072
36, 14, 143, 478, -0.2861262559890747
36, 15, 511, 696, -0.32347553968429565
36, 16, 95, 637, -0.5491957664489746
36, 17, 530, 742, -0.37853071093559265
36, 18, 69, 679, -0.6196936368942261
36, 19, 509, 743, -0.4359545111656189
36, 20, 93, 682, -0.6981993913650513
36, 21, 497, 724, -0.36166301369667053
36, 22, 107, 668, -0.5939112901687622
36, 23, 407, 685, -0.023762432858347893
36, 24, 235, 672, 0.028269950300455093
36, 25, 380, 945, 0.052473925054073334
36, 26, 220, 937, 0.17985880374908447
36, 27, 362, 1177, 0.6671758890151978
36, 28, 208, 1168, 0.6684262156486511
36, 29, 363, 1218, 0.7017499804496765
36, 30, 201, 1208, 0.7037873864173889
36, 31, 335, 1254, 0.23599103093147278
36, 32, 232, 1246, 0.15916092693805695
37, 0, 355, 224, -0.8598204851150513
37, 1, 368, 195, -0.819841206073761
37, 2, 377, 195, -0.8195289373397827
37, 3, 387, 195, -0.8195188641548157
37, 4, 335, 197, -0.824485182762146
37, 5, 324, 198, -0.8238822221755981
37, 6, 313, 199, -0.8240826725959778
37, 7, 405, 210, -0.5023627281188965
37, 8, 296, 212, -0.512972354888916
37, 9, 376, 256, -0.7368021607398987
37, 10, 334, 253, -0.7391541600227356
37, 11, 480, 359, -0.265320748090744
37, 12, 226, 349, -0.3807688355445862
37, 13, 497, 557, -0.12238003313541412
37, 14, 143, 477, -0.28068792819976807
37, 15, 513, 695, -0.30654293298721313
37, 16, 96, 634, -0.5469070076942444
37, 17, 533, 740, -0.36093664169311523
37, 18, 70, 675, -0.6165452599525452
37, 19, 513, 741, -0.42178910970687866
37, 20, 94, 678, -0.6958056092262268
37, 21, 500, 722, -0.34619903564453125
37, 22, 107, 664, -0.591570258140564
37, 23, 407, 686, -0.023784074932336807
37, 24, 235, 673, 0.02829873003065586
37, 25, 380, 945, 0.01072409376502037
37, 26, 220, 938, 0.15458355844020844
37, 27, 362, 1178, 0.5898154973983765
37, 28, 208, 1169, 0.6080906391143799
37, 29, 363, 1218, 0.6200268268585205
37, 30, 202, 1209, 0.6393303871154785
37, 31, 335, 1254, 0.14523465931415558
37, 32, 232, 1246, 0.0937780886888504
38, 0, 356, 224, -0.844328761100769
38, 1, 368, 195, -0.8030191659927368
38, 2, 377, 195, -0.8027240633964539
38, 3, 387, 195, -0.8027310371398926
38, 4, 336, 197, -0.8093450665473938
38, 5, 325, 198, -0.8087322115898132
38, 6, 313, 198, -0.8089240789413452
38, 7, 405, 210, -0.4841547906398773
38, 8, 296, 212, -0.5019865036010742
38, 9, 376, 256, -0.7209784984588623
38, 10, 334, 253, -0.7255748510360718
38, 11, 480, 360, -0.24860945343971252
38, 12, 226, 348, -0.3742157220840454
38, 13, 497, 559, -0.10250820219516754
38, 14, 143, 475, -0.27717724442481995
38, 15, 511, 700, -0.2724102735519409
38, 16, 95, 634, -0.538845419883728
38, 17, 530, 746, -0.32354000210762024
38, 18, 69, 675, -0.6080681085586548
38, 19, 511, 748, -0.3833494484424591
38, 20, 92, 680, -0.6870707869529724
38, 21, 498, 728, -0.31129226088523865
38, 22, 106, 666, -0.5835965871810913
38, 23, 406, 686, -0.0232379287481308
38, 24, 235, 673, 0.02776816487312317
38, 25, 378, 946, -0.005766790825873613
38, 26, 219, 939, 0.13269513845443726
38, 27, 360, 1179, 0.5676843523979187
38, 28, 206, 1171, 0.5668104290962219
38, 29, 361, 1220, 0.5973065495491028
38, 30, 200, 1211, 0.5959311127662659
38, 31, 334, 1255, 0.12107078731060028
38, 32, 230, 1247, 0.0508943572640419
39, 0, 356, 224, -0.8280283808708191
39, 1, 369, 195, -0.7877294421195984
39, 2, 378, 195, -0.787441611289978
39, 3, 388, 195, -0.7874678373336792
39, 4, 337, 197, -0.7933030128479004
39, 5, 325, 198, -0.7926678657531738
39, 6, 314, 198, -0.7928479909896851
39, 7, 405, 210, -0.47076231241226196
39, 8, 297, 212, -0.4841741919517517
39, 9, 377, 256, -0.7048481702804565
39, 10, 335, 253, -0.7083088159561157
39, 11, 480, 361, -0.24033018946647644
39, 12, 226, 348, -0.3539096415042877
39, 13, 499, 559, -0.09292124211788177
39, 14, 143, 474, -0.24202272295951843
39, 15, 510, 701, -0.25457102060317993
39, 16, 94, 634, -0.4941633641719818
39, 17, 528, 747, -0.3062579929828644
39, 18, 68, 675, -0.5616294741630554
39, 19, 508, 749, -0.36377280950546265
39, 20, 91, 679, -0.6425958871841431
39, 21, 496, 729, -0.2922400236129761
39, 22, 105, 665, -0.539892315864563
39, 23, 406, 687, -0.023588981479406357
39, 24, 235, 674, 0.028112728148698807
39, 25, 379, 946, -0.01979377120733261
39, 26, 219, 940, 0.13655032217502594
39, 27, 361, 1181, 0.5499356985092163
39, 28, 207, 1172, 0.5792426466941833
39, 29, 362, 1221, 0.5789917707443237
39, 30, 201, 1212, 0.6093372702598572
39, 31, 334, 1256, 0.09686128795146942
39, 32, 230, 1248, 0.06197071820497513
40, 0, 356, 224, -0.8258506655693054
40, 1, 369, 195, -0.7835322618484497
40, 2, 378, 195, -0.7832187414169312
40, 3, 388, 195, -0.7832785844802856
40, 4, 337, 197, -0.7894085645675659
40, 5, 325, 198, -0.7887204885482788
40, 6, 314, 198, -0.7888621091842651
40, 7, 405, 210, -0.46084389090538025
40, 8, 297, 212, -0.47428885102272034
40, 9, 376, 256, -0.7010067105293274
40, 10, 335, 253, -0.7045699954032898
40, 11, 480, 361, -0.22818896174430847
40, 12, 226, 348, -0.3457799553871155
40, 13, 500, 559, -0.06389714032411575
40, 14, 144, 474, -0.2204088270664215
40, 15, 509, 702, -0.203078031539917
40, 16, 96, 635, -0.4668601453304291
40, 17, 527, 750, -0.2503749430179596
40, 18, 69, 677, -0.5341865420341492
40, 19, 508, 752, -0.3041423559188843
40, 20, 93, 683, -0.6174671053886414
40, 21, 496, 731, -0.23860108852386475
40, 22, 107, 668, -0.5135337114334106
40, 23, 406, 688, -0.02385186031460762
40, 24, 234, 675, 0.028362691402435303
40, 25, 378, 948, -0.0072069959715008736
40, 26, 219, 940, 0.141287699341774
40, 27, 360, 1182, 0.580036997795105
40, 28, 206, 1173, 0.5876097679138184
40, 29, 361, 1223, 0.6107044219970703
40, 30, 200, 1214, 0.6190608143806458
40, 31, 333, 1258, 0.12280650436878204
40, 32, 229, 1250, 0.07347084581851959
41, 0, 356, 223, -0.8494736552238464
41, 1, 369, 195, -0.8053973317146301
41, 2, 377, 195, -0.8050883412361145
41, 3, 388, 195, -0.8051595687866211
41, 4, 337, 197, -0.8114889860153198
41, 5, 325, 197, -0.8108010292053223
41, 6, 314, 198, -0.8109462857246399
41, 7, 405, 210, -0.47039079666137695
41, 8, 297, 212, -0.48512083292007446
41, 9, 376, 256, -0.7209007143974304
41, 10, 335, 253, -0.7245528101921082
41, 11, 480, 362, -0.22375497221946716
41, 12, 226, 348, -0.35022351145744324
41, 13, 500, 559, -0.040948957204818726
41, 14, 144, 474, -0.21189841628074646
41, 15, 509, 702, -0.1878335028886795
41, 16, 99, 638, -0.4686202108860016
41, 17, 526, 751, -0.23573777079582214
41, 18, 73, 679, -0.5405600666999817
41, 19, 505, 754, -0.29095324873924255
41, 20, 97, 686, -0.6254545450210571
41, 21, 495, 732, -0.22407011687755585
41, 22, 110, 671, -0.5159140825271606
41, 23, 406, 689, -0.024086780846118927
41, 24, 233, 676, 0.028675168752670288
41, 25, 378, 950, 0.011660792864859104
41, 26, 218, 941, 0.1921149343252182
41, 27, 359, 1184, 0.6497577428817749
41, 28, 203, 1175, 0.7317424416542053
41, 29, 359, 1226, 0.6846775412559509
41, 30, 197, 1216, 0.7714307308197021
41, 31, 331, 1260, 0.17753726243972778
41, 32, 227, 1252, 0.19722676277160645
42, 0, 356, 223, -0.8581080436706543
42, 1, 369, 195, -0.8192561268806458
42, 2, 378, 195, -0.8189395070075989
42, 3, 388, 195, -0.8189412355422974
42, 4, 337, 197, -0.8221961259841919
42, 5, 325, 197, -0.8215659856796265
42, 6, 314, 198, -0.8217378854751587
42, 7, 405, 210, -0.4860062599182129
42, 8, 297, 212, -0.49791377782821655
42, 9, 376, 256, -0.733110249042511
42, 10, 334, 252, -0.7326957583427429
42, 11, 481, 362, -0.2316618263721466
42, 12, 226, 348, -0.3510442078113556
42, 13, 501, 559, -0.037851132452487946
42, 14, 144, 474, -0.2403373420238495
42, 15, 508, 700, -0.17279832065105438
42, 16, 99, 642, -0.5041597485542297
42, 17, 525, 749, -0.2187168151140213
42, 18, 76, 685, -0.5785632729530334
42, 19, 505, 753, -0.2765001356601715
42, 20, 97, 692, -0.6608716249465942
42, 21, 494, 731, -0.20952880382537842
42, 22, 111, 676, -0.5497540235519409
42, 23, 406, 689, -0.024325160309672356
42, 24, 233, 676, 0.028883662074804306
42, 25, 378, 950, 0.03590252250432968
42, 26, 218, 942, 0.2072104662656784
42, 27, 359, 1184, 0.6887296438217163
42, 28, 204, 1175, 0.7580146193504333
42, 29, 359, 1226, 0.7246015667915344
42, 30, 198, 1216, 0.7986032962799072
42, 31, 331, 1260, 0.21670742332935333
42, 32, 228, 1253, 0.22268204391002655
43, 0, 356, 223, -0.8965083360671997
43, 1, 369, 195, -0.8487140536308289
43, 2, 377, 195, -0.8484393358230591
43, 3, 387, 195, -0.8486524820327759
43, 4, 337, 196, -0.8576794862747192
43, 5, 325, 197, -0.857072651386261
43, 6, 314, 198, -0.857257068157196
43, 7, 405, 210, -0.4911377429962158
43, 8, 297, 212, -0.5147038698196411
43, 9, 376, 256, -0.7585663795471191
43, 10, 334, 252, -0.7652090191841125
43, 11, 481, 362, -0.23187807202339172
43, 12, 226, 348, -0.35959571599960327
43, 13, 502, 556, -0.003631011815741658
43, 14, 144, 474, -0.23769184947013855
43, 15, 508, 700, -0.12643474340438843
43, 16, 100, 642, -0.49706053733825684
43, 17, 525, 746, -0.16703203320503235
43, 18, 78, 686, -0.573193371295929
43, 19, 504, 749, -0.2294493466615677
43, 20, 98, 694, -0.6551222205162048
43, 21, 493, 728, -0.16404038667678833
43, 22, 111, 677, -0.5416336059570312
43, 23, 407, 690, -0.024789530783891678
43, 24, 234, 677, 0.02929275669157505
43, 25, 379, 950, 0.0743492841720581
43, 26, 219, 942, 0.24452483654022217
43, 27, 360, 1184, 0.7596493363380432
43, 28, 204, 1175, 0.8535082936286926
43, 29, 361, 1225, 0.7984327077865601
43, 30, 198, 1215, 0.8997726440429688
43, 31, 333, 1260, 0.27973446249961853
43, 32, 230, 1253, 0.31032007932662964
44, 0, 356, 223, -0.9333117604255676
44, 1, 368, 195, -0.8831969499588013
44, 2, 377, 195, -0.8829171061515808
44, 3, 387, 195, -0.883171558380127
44, 4, 337, 196, -0.8943580389022827
44, 5, 325, 197, -0.8937660455703735
44, 6, 314, 198, -0.8939593434333801
44, 7, 405, 210, -0.5084291100502014
44, 8, 298, 212, -0.5461925268173218
44, 9, 376, 256, -0.7905052900314331
44, 10, 334, 252, -0.8002471923828125
44, 11, 481, 362, -0.2342914640903473
44, 12, 226, 348, -0.3771127164363861
44, 13, 503, 553, 0.014870816841721535
44, 14, 144, 474, -0.23340542614459991
44, 15, 508, 694, -0.10601320117712021
44, 16, 101, 640, -0.4836491048336029
44, 17, 525, 742, -0.14259417355060577
44, 18, 78, 682, -0.5578752160072327
44, 19, 504, 746, -0.20846673846244812
44, 20, 100, 689, -0.6399952173233032
44, 21, 493, 724, -0.14452065527439117
44, 22, 113, 672, -0.527472198009491
44, 23, 408, 690, -0.024846229702234268
44, 24, 234, 677, 0.029382547363638878
44, 25, 381, 950, 0.0698338970541954
44, 26, 220, 942, 0.2423996478319168
44, 27, 362, 1184, 0.7401753664016724
44, 28, 204, 1174, 0.8381615877151489
44, 29, 362, 1224, 0.7770536541938782
44, 30, 198, 1215, 0.8823199272155762
44, 31, 335, 1259, 0.2554619610309601
44, 32, 231, 1252, 0.28861141204833984
