0, 0, 320, 236, -1.0007425546646118
0, 1, 332, 210, -0.9801143407821655
0, 2, 340, 210, -0.9798983335494995
0, 3, 348, 211, -0.9800792932510376
0, 4, 303, 209, -0.9767889976501465
0, 5, 293, 210, -0.9766870737075806
0, 6, 285, 211, -0.9769999384880066
0, 7, 361, 218, -0.7319309711456299
0, 8, 271, 222, -0.7038926482200623
0, 9, 337, 259, -0.8991727828979492
0, 10, 302, 261, -0.8909915685653687
0, 11, 426, 330, -0.525206983089447
0, 12, 219, 322, -0.5020636916160583
0, 13, 451, 474, -0.458321750164032
0, 14, 151, 461, -0.4032306671142578
0, 15, 456, 593, -0.6124045848846436
0, 16, 134, 576, -0.6028619408607483
0, 17, 465, 624, -0.6647007465362549
0, 18, 125, 612, -0.642741858959198
0, 19, 446, 619, -0.6920878291130066
0, 20, 141, 607, -0.6982432007789612
0, 21, 439, 605, -0.6308241486549377
0, 22, 147, 595, -0.6307064294815063
0, 23, 388, 590, -0.047476768493652344
0, 24, 250, 590, 0.05070197582244873
0, 25, 386, 803, 0.056005656719207764
0, 26, 252, 803, 0.1820458322763443
0, 27, 378, 986, 0.6138432621955872
0, 28, 248, 988, 0.5817104578018188
0, 29, 382, 1018, 0.6494165062904358
0, 30, 245, 1023, 0.6112474799156189
0, 31, 351, 1060, 0.27401620149612427
0, 32, 263, 1058, 0.18605874478816986
1, 0, 316, 233, -0.9091846346855164
1, 1, 329, 208, -0.8891650438308716
1, 2, 338, 209, -0.8889656066894531
1, 3, 347, 209, -0.8891175389289856
1, 4, 301, 208, -0.8803884387016296
1, 5, 292, 208, -0.8802143335342407
1, 6, 284, 209, -0.8805317878723145
1, 7, 359, 217, -0.6568559408187866
1, 8, 271, 220, -0.6029139757156372
1, 9, 335, 256, -0.8148441314697266
1, 10, 299, 257, -0.7993847131729126
1, 11, 427, 330, -0.47365903854370117
1, 12, 220, 322, -0.432779461145401
1, 13, 459, 500, -0.39933767914772034
1, 14, 151, 461, -0.33594176173210144
1, 15, 449, 605, -0.5002875328063965
1, 16, 121, 575, -0.5273489952087402
1, 17, 456, 642, -0.543096125125885
1, 18, 109, 611, -0.5693771839141846
1, 19, 433, 639, -0.5696555376052856
1, 20, 128, 607, -0.6206472516059875
1, 21, 428, 622, -0.5178747773170471
1, 22, 136, 595, -0.5552123188972473
1, 23, 388, 597, -0.04757193103432655
1, 24, 249, 594, 0.05078652501106262
1, 25, 384, 815, 0.018631184473633766
1, 26, 248, 812, 0.16577813029289246
1, 27, 376, 1004, 0.5327588319778442
1, 28, 246, 1004, 0.5122025012969971
1, 29, 380, 1037, 0.5652384757995605
1, 30, 243, 1039, 0.5369375944137573
1, 31, 347, 1076, 0.1902078241109848
1, 32, 259, 1074, 0.1183590292930603
2, 0, 314, 230, -0.925082802772522
2, 1, 327, 206, -0.9145445823669434
2, 2, 337, 206, -0.9142686724662781
2, 3, 345, 207, -0.9144083857536316
2, 4, 299, 206, -0.9095934629440308
2, 5, 291, 206, -0.9094773530960083
2, 6, 283, 207, -0.9098017811775208
2, 7, 358, 216, -0.671078085899353
2, 8, 271, 218, -0.6236206293106079
2, 9, 334, 252, -0.838039755821228
2, 10, 298, 254, -0.8272520303726196
2, 11, 427, 328, -0.47166547179222107
2, 12, 220, 322, -0.43900632858276367
2, 13, 458, 477, -0.38110432028770447
2, 14, 149, 461, -0.33701005578041077
2, 15, 455, 613, -0.5282363891601562
2, 16, 120, 574, -0.5481893420219421
2, 17, 465, 656, -0.5812655687332153
2, 18, 108, 610, -0.580591082572937
2, 19, 439, 657, -0.6133530139923096
2, 20, 128, 607, -0.6475845575332642
2, 21, 433, 638, -0.5513221025466919
2, 22, 135, 595, -0.5738028287887573
2, 23, 388, 601, -0.048244036734104156
2, 24, 249, 599, 0.05142511799931526
2, 25, 384, 822, 0.06269462406635284
2, 26, 249, 822, 0.22093796730041504
2, 27, 378, 1013, 0.6547228097915649
2, 28, 247, 1017, 0.6695724725723267
2, 29, 383, 1048, 0.6936420202255249
2, 30, 245, 1053, 0.7043803930282593
2, 31, 350, 1085, 0.2871881127357483
2, 32, 261, 1086, 0.25163406133651733
3, 0, 313, 229, -0.9270383715629578
3, 1, 327, 205, -0.9040849804878235
3, 2, 336, 205, -0.9039093255996704
3, 3, 344, 206, -0.9041011929512024
3, 4, 299, 205, -0.8970307111740112
3, 5, 291, 205, -0.8968246579170227
3, 6, 283, 206, -0.8971182107925415
3, 7, 357, 215, -0.6412495374679565
3, 8, 271, 217, -0.5924098491668701
3, 9, 333, 251, -0.825525164604187
3, 10, 297, 252, -0.8120443224906921
3, 11, 426, 328, -0.4464712142944336
3, 12, 220, 322, -0.419033944606781
3, 13, 451, 471, -0.35873839259147644
3, 14, 149, 461, -0.3266938030719757
3, 15, 456, 614, -0.5130168795585632
3, 16, 119, 574, -0.5562446713447571
3, 17, 467, 656, -0.571388840675354
3, 18, 106, 610, -0.5920795202255249
3, 19, 440, 657, -0.6132471561431885
3, 20, 126, 609, -0.6492763757705688
3, 21, 434, 638, -0.5397196412086487
3, 22, 134, 596, -0.5850874185562134
3, 23, 388, 604, -0.048623211681842804
3, 24, 249, 602, 0.051817625761032104
3, 25, 385, 825, 0.07858988642692566
3, 26, 249, 825, 0.23790475726127625
3, 27, 380, 1017, 0.6700917482376099
3, 28, 248, 1021, 0.6974568367004395
3, 29, 385, 1052, 0.7087535858154297
3, 30, 246, 1057, 0.7334257364273071
3, 31, 353, 1090, 0.3065822720527649
3, 32, 264, 1090, 0.2843724191188812
4, 0, 313, 228, -0.9363560676574707
4, 1, 327, 204, -0.9164215326309204
4, 2, 336, 205, -0.9162431955337524
4, 3, 344, 205, -0.9164039492607117
4, 4, 299, 204, -0.9098128080368042
4, 5, 291, 204, -0.9096543192863464
4, 6, 283, 205, -0.9099962115287781
4, 7, 357, 215, -0.6588953137397766
4, 8, 271, 216, -0.6169880628585815
4, 9, 332, 250, -0.8385327458381653
4, 10, 296, 251, -0.8261518478393555
4, 11, 426, 328, -0.4607163965702057
4, 12, 219, 323, -0.4349244236946106
4, 13, 450, 469, -0.37000423669815063
4, 14, 149, 463, -0.3398948907852173
4, 15, 457, 618, -0.5236698389053345
4, 16, 122, 576, -0.5701748132705688
4, 17, 468, 661, -0.5847407579421997
4, 18, 111, 612, -0.6289363503456116
4, 19, 441, 662, -0.6256919503211975
4, 20, 134, 611, -0.6900451183319092
4, 21, 434, 643, -0.5502701997756958
4, 22, 140, 598, -0.6017028093338013
4, 23, 388, 605, -0.04892038553953171
4, 24, 249, 604, 0.05208314210176468
4, 25, 385, 827, 0.0896170362830162
4, 26, 250, 828, 0.2560972571372986
4, 27, 382, 1021, 0.6881951093673706
4, 28, 250, 1025, 0.7390551567077637
4, 29, 387, 1055, 0.7275469899177551
4, 30, 248, 1061, 0.7778345346450806
4, 31, 355, 1094, 0.32400843501091003
4, 32, 266, 1095, 0.325618177652359
5, 0, 312, 227, -0.8946256637573242
5, 1, 326, 203, -0.8674821853637695
5, 2, 336, 203, -0.8674076199531555
5, 3, 344, 204, -0.8676454424858093
5, 4, 298, 203, -0.8587177395820618
5, 5, 290, 203, -0.858476459980011
5, 6, 283, 204, -0.8587604761123657
5, 7, 357, 214, -0.6043306589126587
5, 8, 271, 215, -0.5498745441436768
5, 9, 332, 249, -0.7916879653930664
5, 10, 294, 251, -0.7758500576019287
5, 11, 426, 328, -0.418567419052124
5, 12, 218, 324, -0.3817274570465088
5, 13, 451, 468, -0.34197717905044556
5, 14, 149, 463, -0.2874642610549927
5, 15, 468, 619, -0.5126603245735168
5, 16, 118, 581, -0.5252764821052551
5, 17, 483, 661, -0.5754972696304321
5, 18, 104, 618, -0.5865775346755981
5, 19, 456, 664, -0.6218236684799194
5, 20, 126, 620, -0.6554291844367981
5, 21, 448, 645, -0.5412408113479614
5, 22, 134, 607, -0.5617879629135132
5, 23, 388, 607, -0.049575962126255035
5, 24, 248, 605, 0.05276960879564285
5, 25, 385, 829, 0.08661959320306778
5, 26, 249, 830, 0.25842201709747314
5, 27, 382, 1024, 0.6708446145057678
5, 28, 250, 1028, 0.7307100296020508
5, 29, 387, 1060, 0.7088569402694702
5, 30, 248, 1066, 0.7678149938583374
5, 31, 356, 1097, 0.3181975483894348
5, 32, 266, 1098, 0.31847554445266724
6, 0, 311, 225, -0.9326207041740417
6, 1, 326, 201, -0.9017027020454407
6, 2, 335, 202, -0.9018764495849609
6, 3, 344, 203, -0.901992678642273
6, 4, 298, 201, -0.891228973865509
6, 5, 289, 202, -0.8912079930305481
6, 6, 282, 202, -0.8916519284248352
6, 7, 357, 212, -0.6357136368751526
6, 8, 271, 214, -0.5779227018356323
6, 9, 332, 248, -0.8291128277778625
6, 10, 294, 250, -0.8132318258285522
6, 11, 426, 328, -0.41956210136413574
6, 12, 218, 324, -0.3941158354282379
6, 13, 453, 468, -0.39768844842910767
6, 14, 149, 462, -0.33436208963394165
6, 15, 453, 617, -0.617798388004303
6, 16, 116, 581, -0.5987545251846313
6, 17, 461, 659, -0.6895548701286316
6, 18, 103, 618, -0.6686462163925171
6, 19, 433, 661, -0.7328920960426331
6, 20, 123, 620, -0.7334567308425903
6, 21, 428, 640, -0.6448047757148743
6, 22, 132, 606, -0.6353371143341064
6, 23, 385, 606, -0.04401407018303871
6, 24, 246, 602, 0.04722268134355545
6, 25, 377, 827, -0.022720512002706528
6, 26, 243, 828, 0.08581123501062393
6, 27, 371, 1022, 0.4550004005432129
6, 28, 241, 1024, 0.39407798647880554
6, 29, 376, 1058, 0.4811437129974365
6, 30, 240, 1061, 0.4122215807437897
6, 31, 344, 1094, 0.07637213915586472
6, 32, 256, 1094, -0.030455932021141052
7, 0, 312, 224, -0.883417010307312
7, 1, 326, 200, -0.856039822101593
7, 2, 335, 201, -0.8560736775398254
7, 3, 344, 202, -0.8561661839485168
7, 4, 298, 200, -0.8564623594284058
7, 5, 289, 201, -0.856380820274353
7, 6, 282, 201, -0.8567603826522827
7, 7, 357, 212, -0.5900794267654419
7, 8, 270, 213, -0.5791750550270081
7, 9, 332, 248, -0.777505099773407
7, 10, 294, 249, -0.7748552560806274
7, 11, 422, 324, -0.3740193247795105
7, 12, 217, 324, -0.38493993878364563
7, 13, 469, 455, -0.36963945627212524
7, 14, 149, 460, -0.30574947595596313
7, 15, 441, 539, -0.6302323937416077
7, 16, 109, 570, -0.5914430618286133
7, 17, 439, 566, -0.7052088379859924
7, 18, 92, 607, -0.6601212620735168
7, 19, 418, 552, -0.7350543737411499
7, 20, 110, 602, -0.7229794263839722
7, 21, 415, 542, -0.6517136096954346
7, 22, 121, 590, -0.6312453746795654
7, 23, 382, 598, -0.03212428838014603
7, 24, 243, 594, 0.035146914422512054
7, 25, 372, 820, 0.0006063701002858579
7, 26, 237, 819, 0.06515197455883026
7, 27, 365, 1020, 0.4761010706424713
7, 28, 235, 1018, 0.36059659719467163
7, 29, 368, 1051, 0.5005272626876831
7, 30, 234, 1049, 0.37697044014930725
7, 31, 339, 1088, 0.10940521955490112
7, 32, 249, 1086, -0.06105226278305054
8, 0, 312, 224, -0.883015513420105
8, 1, 326, 200, -0.8566476106643677
8, 2, 335, 201, -0.8566451072692871
8, 3, 344, 201, -0.8567420840263367
8, 4, 297, 200, -0.8579859733581543
8, 5, 289, 200, -0.8578785061836243
8, 6, 282, 201, -0.8582375645637512
8, 7, 356, 212, -0.5912653207778931
8, 8, 269, 213, -0.5851653218269348
8, 9, 332, 247, -0.7768048644065857
8, 10, 294, 248, -0.7750297784805298
8, 11, 420, 322, -0.37499645352363586
8, 12, 217, 324, -0.3882639408111572
8, 13, 472, 451, -0.3663158118724823
8, 14, 149, 459, -0.304119735956192
8, 15, 434, 530, -0.638617753982544
8, 16, 107, 565, -0.5904184579849243
8, 17, 431, 556, -0.7148430347442627
8, 18, 91, 601, -0.6575795412063599
8, 19, 412, 541, -0.744072437286377
8, 20, 107, 594, -0.7213399410247803
8, 21, 409, 532, -0.6597648859024048
8, 22, 119, 582, -0.6281246542930603
8, 23, 380, 593, -0.027148250490427017
8, 24, 242, 589, 0.030146732926368713
8, 25, 370, 815, 0.00577227957546711
8, 26, 234, 813, 0.062138088047504425
8, 27, 362, 1016, 0.48956942558288574
8, 28, 232, 1012, 0.3629131317138672
8, 29, 365, 1045, 0.5139180421829224
8, 30, 232, 1040, 0.3796098232269287
8, 31, 337, 1082, 0.1217220276594162
8, 32, 247, 1080, -0.06167575716972351
9, 0, 312, 224, -0.9155108332633972
9, 1, 326, 200, -0.8665833473205566
9, 2, 335, 200, -0.8667348623275757
9, 3, 344, 201, -0.8659235835075378
9, 4, 297, 200, -0.8711692094802856
9, 5, 289, 200, -0.8708692789077759
9, 6, 282, 201, -0.8709328770637512
9, 7, 357, 212, -0.5894022583961487
9, 8, 269, 213, -0.5732163190841675
9, 9, 332, 248, -0.78954017162323
9, 10, 294, 248, -0.7809168100357056
9, 11, 420, 322, -0.3547022044658661
9, 12, 216, 330, -0.33313649892807007
9, 13, 476, 482, -0.468985378742218
9, 14, 145, 468, -0.5029877424240112
9, 15, 413, 511, -0.9382123947143555
9, 16, 178, 479, -1.1851838827133179
9, 17, 399, 527, -1.0445624589920044
9, 18, 192, 482, -1.3161063194274902
9, 19, 385, 504, -1.036500096321106
9, 20, 202, 455, -1.3106883764266968
9, 21, 385, 501, -0.9476585388183594
9, 22, 204, 457, -1.199434757232666
9, 23, 382, 597, -0.02797125279903412
9, 24, 241, 597, 0.03129302337765694
9, 25, 379, 822, 0.10233291238546371
9, 26, 245, 822, 0.0990268737077713
9, 27, 377, 1020, 0.707838773727417
9, 28, 250, 1018, 0.5304703712463379
9, 29, 379, 1049, 0.7398984432220459
9, 30, 249, 1046, 0.5643951892852783
9, 31, 358, 1087, 0.26978427171707153
9, 32, 270, 1087, 0.015829885378479958
10, 0, 311, 224, -1.025749921798706
10, 1, 326, 200, -0.9863383173942566
10, 2, 336, 201, -0.9863969683647156
10, 3, 344, 201, -0.9859603643417358
10, 4, 297, 200, -0.9764691591262817
10, 5, 288, 200, -0.9761268496513367
10, 6, 281, 201, -0.9761854410171509
10, 7, 357, 211, -0.6374940276145935
10, 8, 268, 213, -0.5837146043777466
10, 9, 332, 248, -0.8912234306335449
10, 10, 294, 249, -0.8723350763320923
10, 11, 421, 324, -0.38361865282058716
10, 12, 216, 331, -0.349311500787735
10, 13, 491, 510, -0.5434163808822632
10, 14, 138, 485, -0.672907292842865
10, 15, 443, 536, -1.044087290763855
10, 16, 194, 422, -1.469773530960083
10, 17, 432, 555, -1.1533452272415161
10, 18, 215, 387, -1.6104751825332642
10, 19, 424, 535, -1.1465110778808594
10, 20, 216, 365, -1.5737574100494385
10, 21, 418, 530, -1.056609869003296
10, 22, 218, 376, -1.4729636907577515
10, 23, 391, 604, -0.03794291242957115
10, 24, 241, 606, 0.0417710542678833
10, 25, 390, 834, 0.1174437552690506
10, 26, 252, 838, 0.29336196184158325
10, 27, 394, 1030, 0.768582284450531
10, 28, 263, 1034, 0.9052702188491821
10, 29, 398, 1061, 0.8033767938613892
10, 30, 262, 1063, 0.954565703868866
10, 31, 376, 1099, 0.30264803767204285
10, 32, 286, 1105, 0.40948858857154846
11, 0, 311, 224, -0.9544922709465027
11, 1, 325, 200, -0.9201971888542175
11, 2, 335, 201, -0.9203060865402222
11, 3, 343, 201, -0.9200218915939331
11, 4, 296, 200, -0.907812237739563
11, 5, 287, 201, -0.9074303507804871
11, 6, 280, 202, -0.9074831008911133
11, 7, 355, 211, -0.5882683992385864
11, 8, 268, 213, -0.5198763608932495
11, 9, 332, 248, -0.8221233487129211
11, 10, 294, 249, -0.800553023815155
11, 11, 421, 323, -0.338549941778183
11, 12, 218, 331, -0.31259381771087646
11, 13, 487, 487, -0.4977136552333832
11, 14, 134, 486, -0.6568171977996826
11, 15, 479, 546, -0.8427430391311646
11, 16, 210, 385, -1.3835417032241821
11, 17, 482, 570, -0.9310469627380371
11, 18, 235, 351, -1.5149571895599365
11, 19, 467, 554, -0.9407342672348022
11, 20, 238, 331, -1.4701162576675415
11, 21, 457, 547, -0.8591221570968628
11, 22, 240, 339, -1.3818670511245728
11, 23, 394, 605, -0.049140818417072296
11, 24, 241, 608, 0.05304386466741562
11, 25, 394, 834, 0.07247725129127502
11, 26, 254, 838, 0.30450722575187683
11, 27, 398, 1029, 0.7034059762954712
11, 28, 267, 1033, 0.8682190179824829
11, 29, 402, 1060, 0.7241607904434204
11, 30, 266, 1064, 0.9145386815071106
11, 31, 379, 1099, 0.1893155872821808
11, 32, 287, 1104, 0.412708044052124
12, 0, 310, 224, -0.8508626222610474
12, 1, 325, 200, -0.8216212391853333
12, 2, 335, 200, -0.8216058611869812
12, 3, 343, 201, -0.8214149475097656
12, 4, 295, 200, -0.8106359243392944
12, 5, 287, 201, -0.8102737665176392
12, 6, 279, 202, -0.8103558421134949
12, 7, 355, 210, -0.5298290252685547
12, 8, 268, 212, -0.4605604112148285
12, 9, 332, 248, -0.7363397479057312
12, 10, 293, 249, -0.7163890600204468
12, 11, 421, 323, -0.3028191030025482
12, 12, 219, 331, -0.2757450342178345
12, 13, 487, 477, -0.41802725195884705
12, 14, 132, 487, -0.6091232299804688
12, 15, 484, 548, -0.8232293128967285
12, 16, 210, 385, -1.2882742881774902
12, 17, 489, 569, -0.905775249004364
12, 18, 231, 351, -1.4070159196853638
12, 19, 472, 552, -0.8469206690788269
12, 20, 238, 331, -1.3574366569519043
12, 21, 463, 547, -0.8058183789253235
12, 22, 240, 340, -1.2834738492965698
12, 23, 395, 607, -0.050182510167360306
12, 24, 242, 609, 0.0541025772690773
12, 25, 395, 834, 0.05287264660000801
12, 26, 255, 838, 0.26513463258743286
12, 27, 398, 1031, 0.6349115371704102
12, 28, 267, 1033, 0.7776798009872437
12, 29, 402, 1062, 0.6566907167434692
12, 30, 266, 1064, 0.8190270662307739
12, 31, 379, 1100, 0.1687505543231964
12, 32, 287, 1104, 0.33502450585365295
13, 0, 310, 224, -0.8108144998550415
13, 1, 325, 199, -0.7818549275398254
13, 2, 335, 199, -0.7818643450737
13, 3, 343, 200, -0.7817456126213074
13, 4, 295, 200, -0.773729145526886
13, 5, 286, 200, -0.7733775973320007
13, 6, 279, 201, -0.773516058921814
13, 7, 355, 209, -0.48608189821243286
13, 8, 268, 210, -0.4263210892677307
13, 9, 331, 247, -0.6942941546440125
13, 10, 293, 248, -0.6774874925613403
13, 11, 421, 320, -0.2637573778629303
13, 12, 219, 329, -0.25484347343444824
13, 13, 485, 468, -0.37422600388526917
13, 14, 133, 486, -0.6079059839248657
13, 15, 482, 538, -0.811102569103241
13, 16, 223, 376, -1.2835675477981567
13, 17, 489, 558, -0.89164799451828
13, 18, 246, 343, -1.4064773321151733
13, 19, 472, 541, -0.8260680437088013
13, 20, 249, 323, -1.3546377420425415
13, 21, 462, 537, -0.7830860018730164
13, 22, 251, 332, -1.2764233350753784
13, 23, 395, 606, -0.050444595515728
13, 24, 242, 608, 0.054335951805114746
13, 25, 397, 833, 0.05363306403160095
13, 26, 257, 836, 0.2770818769931793
13, 27, 402, 1029, 0.6338859796524048
13, 28, 271, 1031, 0.8110781908035278
13, 29, 407, 1061, 0.6555736064910889
13, 30, 270, 1063, 0.8555096387863159
13, 31, 385, 1099, 0.18069396913051605
13, 32, 293, 1102, 0.3753264844417572
14, 0, 310, 224, -0.7811497449874878
14, 1, 325, 199, -0.7533460855484009
14, 2, 335, 200, -0.7532684206962585
14, 3, 343, 200, -0.7528841495513916
14, 4, 295, 200, -0.7371273636817932
14, 5, 286, 200, -0.736701250076294
14, 6, 279, 201, -0.7369821667671204
14, 7, 355, 208, -0.46035557985305786
14, 8, 268, 209, -0.3679337501525879
14, 9, 330, 247, -0.6665115356445312
14, 10, 293, 248, -0.6413363814353943
14, 11, 421, 316, -0.2675558626651764
14, 12, 220, 322, -0.1727498471736908
14, 13, 476, 468, -0.617408037185669
14, 14, 133, 484, -0.5724444389343262
14, 15, 385, 382, -1.1037980318069458
14, 16, 230, 376, -1.2015771865844727
14, 17, 355, 358, -1.1953762769699097
14, 18, 252, 344, -1.3130879402160645
14, 19, 356, 335, -1.1022840738296509
14, 20, 254, 325, -1.246261477470398
14, 21, 359, 343, -1.075984239578247
14, 22, 257, 334, -1.1874734163284302
14, 23, 393, 601, -0.051997970789670944
14, 24, 240, 601, 0.055771052837371826
14, 25, 396, 818, 0.0758303552865982
14, 26, 257, 820, 0.32649701833724976
14, 27, 405, 1005, 0.6330083012580872
14, 28, 270, 1006, 0.8549147844314575
14, 29, 410, 1033, 0.6541974544525146
14, 30, 269, 1034, 0.8999656438827515
14, 31, 387, 1074, 0.18429385125637054
14, 32, 292, 1075, 0.438067764043808
15, 0, 309, 224, -0.7663695812225342
15, 1, 325, 199, -0.7373345494270325
15, 2, 334, 200, -0.7371857762336731
15, 3, 342, 200, -0.7367662191390991
15, 4, 295, 200, -0.7166987657546997
15, 5, 286, 200, -0.7162470817565918
15, 6, 279, 201, -0.7165006399154663
15, 7, 355, 208, -0.45196476578712463
15, 8, 268, 209, -0.3407847285270691
15, 9, 329, 247, -0.6562857627868652
15, 10, 293, 248, -0.6258390545845032
15, 11, 421, 316, -0.27701157331466675
15, 12, 220, 321, -0.15376846492290497
15, 13, 476, 470, -0.6616292595863342
15, 14, 134, 484, -0.5630891919136047
15, 15, 372, 361, -1.0862089395523071
15, 16, 232, 374, -1.1740063428878784
15, 17, 342, 331, -1.1701303720474243
15, 18, 253, 338, -1.2810043096542358
15, 19, 344, 313, -1.0653835535049438
15, 20, 257, 321, -1.2068185806274414
15, 21, 347, 326, -1.052465558052063
15, 22, 260, 331, -1.1569817066192627
15, 23, 392, 602, -0.05579866096377373
15, 24, 239, 602, 0.05957861617207527
15, 25, 395, 819, 0.08204782009124756
15, 26, 255, 820, 0.33563995361328125
15, 27, 404, 1007, 0.6310416460037231
15, 28, 269, 1008, 0.8583409190177917
15, 29, 411, 1036, 0.656157910823822
15, 30, 267, 1037, 0.9029030799865723
15, 31, 387, 1076, 0.18536067008972168
15, 32, 290, 1077, 0.4433859884738922
16, 0, 306, 224, -0.7630200982093811
16, 1, 322, 199, -0.7338346242904663
16, 2, 332, 199, -0.7336463332176208
16, 3, 340, 200, -0.7331917881965637
16, 4, 294, 200, -0.7094129920005798
16, 5, 286, 200, -0.7090309858322144
16, 6, 279, 201, -0.7092592120170593
16, 7, 354, 207, -0.4561668038368225
16, 8, 269, 208, -0.3288189172744751
16, 9, 326, 246, -0.6570332050323486
16, 10, 292, 247, -0.6218360662460327
16, 11, 421, 315, -0.2897970676422119
16, 12, 222, 319, -0.1535162478685379
16, 13, 477, 470, -0.70330810546875
16, 14, 134, 483, -0.5708269476890564
16, 15, 368, 361, -1.1397572755813599
16, 16, 233, 366, -1.1957207918167114
16, 17, 345, 324, -1.2264060974121094
16, 18, 254, 320, -1.3056516647338867
16, 19, 345, 307, -1.1216322183609009
16, 20, 260, 306, -1.2186253070831299
16, 21, 346, 320, -1.1069284677505493
16, 22, 262, 320, -1.177417516708374
16, 23, 392, 602, -0.06005802005529404
16, 24, 239, 601, 0.06379267573356628
16, 25, 395, 819, 0.07997269928455353
16, 26, 255, 819, 0.3287261724472046
16, 27, 407, 1007, 0.6106066703796387
16, 28, 270, 1008, 0.8340376019477844
16, 29, 414, 1037, 0.6373934745788574
16, 30, 268, 1037, 0.876844584941864
16, 31, 388, 1076, 0.17677661776542664
16, 32, 290, 1076, 0.42218106985092163
17, 0, 301, 224, -0.7737292051315308
17, 1, 317, 199, -0.7484666109085083
17, 2, 327, 199, -0.748285174369812
17, 3, 336, 200, -0.7477886080741882
17, 4, 291, 200, -0.7184434533119202
17, 5, 283, 200, -0.7180891633033752
17, 6, 277, 201, -0.7183471918106079
17, 7, 353, 206, -0.4806273877620697
17, 8, 269, 208, -0.33043205738067627
17, 9, 322, 246, -0.6712912321090698
17, 10, 289, 247, -0.6289897561073303
17, 11, 421, 312, -0.3151306211948395
17, 12, 224, 317, -0.12353428453207016
17, 13, 475, 499, -0.7285119295120239
17, 14, 137, 482, -0.5336758494377136
17, 15, 359, 360, -1.1237767934799194
17, 16, 236, 368, -1.1556587219238281
17, 17, 343, 316, -1.1984474658966064
17, 18, 254, 325, -1.263249158859253
17, 19, 347, 301, -1.0975035429000854
17, 20, 261, 312, -1.1633621454238892
17, 21, 344, 316, -1.0897420644760132
17, 22, 264, 324, -1.1593859195709229
17, 23, 392, 599, -0.07575475424528122
17, 24, 240, 597, 0.07932975143194199
17, 25, 396, 818, 0.07935784757137299
17, 26, 257, 817, 0.33707597851753235
17, 27, 410, 1007, 0.6118840575218201
17, 28, 275, 1006, 0.8515037298202515
17, 29, 417, 1037, 0.6399275064468384
17, 30, 274, 1036, 0.8952657580375671
17, 31, 391, 1075, 0.18056774139404297
17, 32, 294, 1074, 0.43524855375289917
18, 0, 301, 224, -0.7231353521347046
18, 1, 317, 199, -0.6988622546195984
18, 2, 327, 199, -0.6985443234443665
18, 3, 336, 199, -0.6978393197059631
18, 4, 290, 200, -0.6737682819366455
18, 5, 283, 200, -0.6735103726387024
18, 6, 276, 201, -0.6736615896224976
18, 7, 353, 206, -0.45232105255126953
18, 8, 269, 208, -0.3270034193992615
18, 9, 322, 246, -0.6274815201759338
18, 10, 289, 246, -0.5923405885696411
18, 11, 422, 309, -0.28373655676841736
18, 12, 226, 312, -0.15172332525253296
18, 13, 472, 493, -0.6452039480209351
18, 14, 143, 482, -0.5344210863113403
18, 15, 363, 366, -1.0404406785964966
18, 16, 242, 365, -1.1418812274932861
18, 17, 349, 322, -1.1140170097351074
18, 18, 254, 318, -1.2572438716888428
18, 19, 353, 306, -1.0367558002471924
18, 20, 263, 306, -1.135375738143921
18, 21, 350, 319, -1.0143579244613647
18, 22, 267, 319, -1.146048665046692
18, 23, 393, 596, -0.05694423243403435
18, 24, 241, 594, 0.060744624584913254
18, 25, 398, 812, 0.07906094938516617
18, 26, 258, 812, 0.2897477447986603
18, 27, 412, 1000, 0.5657162666320801
18, 28, 276, 999, 0.7210485339164734
18, 29, 419, 1029, 0.5917019844055176
18, 30, 275, 1028, 0.756707489490509
18, 31, 395, 1067, 0.1642446666955948
18, 32, 296, 1066, 0.3291868567466736
19, 0, 301, 223, -0.7129008769989014
19, 1, 317, 199, -0.6874931454658508
19, 2, 327, 199, -0.6872278451919556
19, 3, 336, 199, -0.6865492463111877
19, 4, 290, 200, -0.6629432439804077
19, 5, 282, 200, -0.6626830697059631
19, 6, 276, 201, -0.6628556847572327
19, 7, 353, 206, -0.43961820006370544
19, 8, 269, 208, -0.3156319558620453
19, 9, 322, 246, -0.6170963048934937
19, 10, 289, 246, -0.5825182199478149
19, 11, 422, 308, -0.27780067920684814
19, 12, 227, 311, -0.1459205597639084
19, 13, 469, 485, -0.6307986974716187
19, 14, 145, 482, -0.5339495539665222
19, 15, 363, 367, -1.0272150039672852
19, 16, 243, 365, -1.1373192071914673
19, 17, 348, 323, -1.0990276336669922
19, 18, 255, 318, -1.2471226453781128
19, 19, 351, 307, -1.0155423879623413
19, 20, 263, 305, -1.1240062713623047
19, 21, 349, 319, -0.9990614056587219
19, 22, 268, 318, -1.1276443004608154
19, 23, 394, 595, -0.052988432347774506
19, 24, 242, 593, 0.056741006672382355
19, 25, 398, 809, 0.07862114906311035
19, 26, 259, 810, 0.28609055280685425
19, 27, 414, 997, 0.5598453879356384
19, 28, 278, 996, 0.719528317451477
19, 29, 421, 1026, 0.5861005783081055
19, 30, 276, 1025, 0.7560092210769653
19, 31, 397, 1064, 0.15988695621490479
19, 32, 298, 1064, 0.3246258497238159
20, 0, 300, 223, -0.6764885187149048
20, 1, 315, 199, -0.6478945016860962
20, 2, 326, 198, -0.6477240324020386
20, 3, 335, 198, -0.6471192836761475
20, 4, 289, 200, -0.6223849058151245
20, 5, 282, 200, -0.6221238374710083
20, 6, 275, 201, -0.6224273443222046
20, 7, 353, 205, -0.39493328332901
20, 8, 269, 208, -0.26366060972213745
20, 9, 322, 245, -0.5805303454399109
20, 10, 288, 245, -0.544029951095581
20, 11, 423, 308, -0.25797271728515625
20, 12, 228, 312, -0.11665557324886322
20, 13, 468, 475, -0.6412496566772461
20, 14, 148, 481, -0.5348633527755737
20, 15, 362, 363, -1.0301460027694702
20, 16, 244, 364, -1.1264793872833252
20, 17, 344, 315, -1.100879192352295
20, 18, 264, 322, -1.2262260913848877
20, 19, 348, 302, -1.007612943649292
20, 20, 271, 310, -1.1090705394744873
20, 21, 347, 317, -0.9988943338394165
20, 22, 272, 321, -1.1019237041473389
20, 23, 395, 595, -0.053244806826114655
20, 24, 243, 593, 0.056968022137880325
20, 25, 401, 810, 0.07821493595838547
20, 26, 261, 811, 0.27140510082244873
20, 27, 417, 998, 0.5667933225631714
20, 28, 281, 998, 0.7065289616584778
20, 29, 424, 1028, 0.5938504934310913
20, 30, 279, 1027, 0.7427462339401245
20, 31, 402, 1065, 0.1649218648672104
20, 32, 302, 1066, 0.3029187023639679
21, 0, 301, 223, -0.7131623029708862
21, 1, 316, 199, -0.6868562698364258
21, 2, 326, 198, -0.6866574287414551
21, 3, 336, 198, -0.6860998272895813
21, 4, 289, 199, -0.6656064987182617
21, 5, 282, 200, -0.6652719378471375
21, 6, 275, 200, -0.6655256152153015
21, 7, 353, 205, -0.42780327796936035
21, 8, 269, 207, -0.31336408853530884
21, 9, 322, 245, -0.6124377846717834
21, 10, 288, 245, -0.5816694498062134
21, 11, 423, 308, -0.2703344523906708
21, 12, 225, 313, -0.1467749923467636
21, 13, 469, 498, -0.627484917640686
21, 14, 149, 481, -0.541933000087738
21, 15, 363, 366, -1.0119848251342773
21, 16, 243, 371, -1.1230502128601074
21, 17, 340, 330, -1.0876696109771729
21, 18, 262, 335, -1.2252074480056763
21, 19, 342, 312, -0.982183575630188
21, 20, 268, 322, -1.1146823167800903
21, 21, 344, 322, -0.9937726855278015
21, 22, 269, 332, -1.1006853580474854
21, 23, 395, 595, -0.051569558680057526
21, 24, 243, 593, 0.05543787032365799
21, 25, 401, 811, 0.09079451858997345
21, 26, 261, 811, 0.265590637922287
21, 27, 415, 999, 0.6111246347427368
21, 28, 280, 999, 0.7129597067832947
21, 29, 422, 1029, 0.6416988372802734
21, 30, 278, 1029, 0.7500285506248474
21, 31, 399, 1067, 0.21652725338935852
21, 32, 301, 1067, 0.30786120891571045
22, 0, 301, 223, -0.7604538202285767
22, 1, 316, 199, -0.7408707737922668
22, 2, 327, 198, -0.7405548691749573
22, 3, 336, 198, -0.7398845553398132
22, 4, 289, 199, -0.7257110476493835
22, 5, 282, 200, -0.7253355979919434
22, 6, 275, 200, -0.7255600690841675
22, 7, 353, 206, -0.48456788063049316
22, 8, 268, 207, -0.3977324664592743
22, 9, 322, 245, -0.6548677682876587
22, 10, 288, 245, -0.6320950984954834
22, 11, 423, 308, -0.2893097698688507
22, 12, 222, 316, -0.21118119359016418
22, 13, 479, 487, -0.6356847882270813
22, 14, 151, 482, -0.5916484594345093
22, 15, 364, 374, -1.0088201761245728
22, 16, 242, 380, -1.148598551750183
22, 17, 338, 339, -1.079603910446167
22, 18, 262, 339, -1.2372710704803467
22, 19, 341, 317, -0.9720982313156128
22, 20, 265, 328, -1.1379364728927612
22, 21, 343, 327, -0.9840127229690552
22, 22, 266, 338, -1.125353455543518
22, 23, 396, 600, -0.048166535794734955
22, 24, 243, 600, 0.052233509719371796
22, 25, 401, 822, 0.09553063660860062
22, 26, 261, 823, 0.21198518574237823
22, 27, 415, 1012, 0.6352936625480652
22, 28, 279, 1013, 0.63542240858078
22, 29, 422, 1042, 0.6673095226287842
22, 30, 278, 1044, 0.6690906286239624
22, 31, 398, 1081, 0.24944929778575897
22, 32, 300, 1082, 0.22966614365577698
23, 0, 301, 223, -0.7618798017501831
23, 1, 316, 198, -0.7411099672317505
23, 2, 327, 198, -0.7408023476600647
23, 3, 336, 198, -0.7401590347290039
23, 4, 289, 199, -0.7256916761398315
23, 5, 282, 199, -0.7253133654594421
23, 6, 275, 200, -0.7255282998085022
23, 7, 354, 206, -0.4844198226928711
23, 8, 268, 207, -0.39586141705513
23, 9, 323, 245, -0.6567118763923645
23, 10, 288, 245, -0.6327958703041077
23, 11, 423, 309, -0.28964680433273315
23, 12, 221, 318, -0.20953086018562317
23, 13, 482, 480, -0.6293380856513977
23, 14, 153, 482, -0.5850481986999512
23, 15, 363, 375, -0.976453959941864
23, 16, 243, 385, -1.1547781229019165
23, 17, 337, 339, -1.0348180532455444
23, 18, 261, 341, -1.2418111562728882
23, 19, 339, 318, -0.916217029094696
23, 20, 265, 331, -1.1478989124298096
23, 21, 342, 327, -0.9362104535102844
23, 22, 265, 341, -1.13302743434906
23, 23, 396, 606, -0.04821821674704552
23, 24, 243, 607, 0.0523005910217762
23, 25, 401, 832, 0.09324546158313751
23, 26, 261, 834, 0.22132429480552673
23, 27, 414, 1024, 0.6378506422042847
23, 28, 279, 1025, 0.6614328026771545
23, 29, 421, 1056, 0.6700344681739807
23, 30, 277, 1057, 0.6968134045600891
23, 31, 397, 1094, 0.24710170924663544
23, 32, 299, 1095, 0.25220614671707153
24, 0, 301, 223, -0.8096616864204407
24, 1, 317, 198, -0.7907372713088989
24, 2, 328, 198, -0.7904009222984314
24, 3, 337, 199, -0.7897335290908813
24, 4, 289, 199, -0.7781373262405396
24, 5, 282, 199, -0.7777837514877319
24, 6, 275, 199, -0.7780221104621887
24, 7, 354, 207, -0.5281914472579956
24, 8, 268, 207, -0.45616036653518677
24, 9, 323, 245, -0.700269341468811
24, 10, 288, 245, -0.681132435798645
24, 11, 423, 309, -0.29932770133018494
24, 12, 219, 318, -0.2613741159439087
24, 13, 481, 507, -0.6349665522575378
24, 14, 153, 486, -0.6187446117401123
24, 15, 365, 377, -1.0651746988296509
24, 16, 243, 387, -1.1911295652389526
24, 17, 338, 342, -1.1372134685516357
24, 18, 264, 343, -1.2810925245285034
24, 19, 339, 320, -1.033355474472046
24, 20, 266, 332, -1.1949361562728882
24, 21, 342, 329, -1.0325238704681396
24, 22, 265, 342, -1.1689107418060303
24, 23, 395, 602, -0.0371876135468483
24, 24, 239, 602, 0.041343264281749725
24, 25, 397, 827, 0.1083500012755394
24, 26, 254, 826, 0.19585606455802917
24, 27, 407, 1016, 0.6385145783424377
24, 28, 269, 1014, 0.6154977083206177
24, 29, 413, 1045, 0.6694257855415344
24, 30, 267, 1043, 0.6480067372322083
24, 31, 389, 1086, 0.24826781451702118
24, 32, 289, 1085, 0.20344462990760803
25, 0, 301, 221, -0.7518231868743896
25, 1, 318, 198, -0.7264388203620911
25, 2, 328, 198, -0.726313591003418
25, 3, 337, 198, -0.7257161736488342
25, 4, 289, 197, -0.7182503342628479
25, 5, 282, 198, -0.7178038358688354
25, 6, 275, 198, -0.7181798219680786
25, 7, 354, 207, -0.44093307852745056
25, 8, 266, 207, -0.3900766372680664
25, 9, 323, 245, -0.635120153427124
25, 10, 288, 244, -0.6212983727455139
25, 11, 420, 309, -0.23056764900684357
25, 12, 216, 319, -0.20315983891487122
25, 13, 478, 485, -0.5804890394210815
25, 14, 152, 486, -0.6037245392799377
25, 15, 367, 380, -1.0450025796890259
25, 16, 241, 391, -1.1785093545913696
25, 17, 340, 346, -1.1255306005477905
25, 18, 265, 351, -1.2767735719680786
25, 19, 341, 321, -1.0320394039154053
25, 20, 271, 332, -1.1998851299285889
25, 21, 342, 331, -1.016841173171997
25, 22, 265, 344, -1.160091757774353
25, 23, 393, 601, -0.03690817579627037
25, 24, 236, 600, 0.04107429087162018
25, 25, 396, 822, 0.10693682730197906
25, 26, 252, 821, 0.1922934353351593
25, 27, 407, 1010, 0.6067434549331665
25, 28, 267, 1008, 0.6051830053329468
25, 29, 413, 1038, 0.6335686445236206
25, 30, 265, 1037, 0.6372879147529602
25, 31, 389, 1081, 0.2029179036617279
25, 32, 289, 1078, 0.19024910032749176
26, 0, 303, 222, -0.7392038106918335
26, 1, 319, 198, -0.7071212530136108
26, 2, 330, 199, -0.7068771123886108
26, 3, 338, 199, -0.7061810493469238
26, 4, 290, 198, -0.7008731961250305
26, 5, 282, 198, -0.7005299925804138
26, 6, 275, 198, -0.7007880210876465
26, 7, 354, 208, -0.43082666397094727
26, 8, 266, 209, -0.3892020285129547
26, 9, 324, 246, -0.6299853324890137
26, 10, 288, 246, -0.6185570955276489
26, 11, 420, 314, -0.23944544792175293
26, 12, 214, 330, -0.21210522949695587
26, 13, 469, 484, -0.5829872488975525
26, 14, 148, 487, -0.6066170930862427
26, 15, 357, 382, -1.0183542966842651
26, 16, 240, 399, -1.1714638471603394
26, 17, 332, 344, -1.0799129009246826
26, 18, 264, 357, -1.2667876482009888
26, 19, 335, 323, -0.9714916944503784
26, 20, 269, 334, -1.197953462600708
26, 21, 337, 334, -0.9854706525802612
26, 22, 266, 352, -1.1524266004562378
26, 23, 393, 606, -0.03481201454997063
26, 24, 236, 607, 0.03912452980875969
26, 25, 395, 829, 0.004457633476704359
26, 26, 252, 828, 0.03539253771305084
26, 27, 406, 1022, 0.4287562370300293
26, 28, 267, 1020, 0.307949036359787
26, 29, 412, 1051, 0.44708919525146484
26, 30, 265, 1050, 0.3232342302799225
26, 31, 387, 1090, 0.029288357123732567
26, 32, 289, 1087, -0.11978958547115326
27, 0, 303, 224, -1.2039225101470947
27, 1, 319, 200, -1.177184820175171
27, 2, 330, 200, -1.1768481731414795
27, 3, 338, 201, -1.1764955520629883
27, 4, 290, 199, -1.161765456199646
27, 5, 282, 200, -1.1617943048477173
27, 6, 275, 200, -1.1621510982513428
27, 7, 354, 209, -0.8693574666976929
27, 8, 266, 210, -0.792849600315094
27, 9, 324, 248, -1.079533338546753
27, 10, 288, 249, -1.0584629774093628
27, 11, 422, 322, -0.571769118309021
27, 12, 215, 328, -0.4697679579257965
27, 13, 472, 502, -0.9242266416549683
27, 14, 145, 476, -0.551982581615448
27, 15, 360, 383, -1.4604607820510864
27, 16, 174, 544, -1.0243518352508545
27, 17, 336, 345, -1.5540045499801636
27, 18, 175, 577, -1.0971667766571045
27, 19, 360, 335, -1.471161961555481
27, 20, 194, 559, -1.1078050136566162
27, 21, 341, 337, -1.4389674663543701
27, 22, 199, 550, -1.0379722118377686
27, 23, 392, 608, -0.048502206802368164
27, 24, 236, 607, 0.0519581064581871
27, 25, 392, 841, -0.01389328669756651
27, 26, 249, 832, -0.023240631446242332
27, 27, 391, 1044, 0.49508509039878845
27, 28, 253, 1034, 0.38361597061157227
27, 29, 396, 1078, 0.5188314914703369
27, 30, 251, 1069, 0.41023850440979004
27, 31, 366, 1118, 0.05389713495969772
27, 32, 275, 1106, -0.10397859662771225
28, 0, 303, 224, -1.1944620609283447
28, 1, 319, 200, -1.1797749996185303
28, 2, 330, 201, -1.179548740386963
28, 3, 338, 202, -1.1794285774230957
28, 4, 290, 199, -1.1689027547836304
28, 5, 282, 200, -1.168986201286316
28, 6, 275, 201, -1.169343113899231
28, 7, 354, 210, -0.901205837726593
28, 8, 266, 211, -0.8449865579605103
28, 9, 324, 249, -1.0771225690841675
28, 10, 288, 249, -1.061152696609497
28, 11, 421, 321, -0.601649820804596
28, 12, 217, 324, -0.5400561094284058
28, 13, 477, 464, -0.8178855180740356
28, 14, 142, 468, -0.5497949719429016
28, 15, 390, 423, -1.288137674331665
28, 16, 152, 560, -0.9304951429367065
28, 17, 370, 421, -1.3829222917556763
28, 18, 148, 602, -1.0026695728302002
28, 19, 370, 399, -1.335633397102356
28, 20, 168, 585, -1.0391112565994263
28, 21, 342, 381, -1.2790210247039795
28, 22, 175, 573, -0.9516155123710632
28, 23, 390, 591, -0.050467003136873245
28, 24, 238, 589, 0.05357243865728378
28, 25, 383, 830, -0.09889371693134308
28, 26, 243, 820, -0.03101818636059761
28, 27, 375, 1040, 0.31428956985473633
28, 28, 239, 1033, 0.23245377838611603
28, 29, 379, 1075, 0.32991671562194824
28, 30, 237, 1066, 0.2449755221605301
28, 31, 344, 1110, -0.11489935219287872
28, 32, 256, 1101, -0.24116507172584534
29, 0, 303, 224, -1.160111904144287
29, 1, 319, 200, -1.1506983041763306
29, 2, 330, 201, -1.1504309177398682
29, 3, 338, 202, -1.1504383087158203
29, 4, 291, 199, -1.1337435245513916
29, 5, 283, 199, -1.1337487697601318
29, 6, 276, 200, -1.1341350078582764
29, 7, 355, 211, -0.9204353094100952
29, 8, 268, 211, -0.8369024395942688
29, 9, 324, 248, -1.0637927055358887
29, 10, 288, 249, -1.0394997596740723
29, 11, 422, 327, -0.6590268015861511
29, 12, 219, 321, -0.5839377045631409
29, 13, 478, 466, -0.6363738775253296
29, 14, 142, 456, -0.495769202709198
29, 15, 467, 566, -0.7834914922714233
29, 16, 104, 567, -0.7185372710227966
29, 17, 474, 596, -0.8400100469589233
29, 18, 88, 607, -0.7682051062583923
29, 19, 454, 588, -0.8802518844604492
29, 20, 107, 604, -0.8362493515014648
29, 21, 444, 576, -0.8052279353141785
29, 22, 119, 592, -0.7526389360427856
29, 23, 383, 588, -0.050369538366794586
29, 24, 237, 581, 0.05353306978940964
29, 25, 368, 825, -0.09532599151134491
29, 26, 227, 811, 0.04091554135084152
29, 27, 355, 1037, 0.34328699111938477
29, 28, 219, 1027, 0.3273466229438782
29, 29, 359, 1070, 0.3635120093822479
29, 30, 217, 1061, 0.34244781732559204
29, 31, 324, 1106, -0.06428848206996918
29, 32, 231, 1096, -0.11536580324172974
30, 0, 305, 223, -0.9765748977661133
30, 1, 320, 200, -0.9775289297103882
30, 2, 330, 200, -0.9771807789802551
30, 3, 339, 202, -0.9781253933906555
30, 4, 292, 199, -0.9490689039230347
30, 5, 284, 199, -0.9487935304641724
30, 6, 277, 200, -0.9490833282470703
30, 7, 356, 211, -0.8481519818305969
30, 8, 270, 211, -0.6873429417610168
30, 9, 326, 248, -0.9084318280220032
30, 10, 289, 249, -0.8635174632072449
30, 11, 425, 329, -0.5309308171272278
30, 12, 225, 318, -0.5419380068778992
30, 13, 473, 466, -0.41809314489364624
30, 14, 144, 449, -0.2616599500179291
30, 15, 462, 611, -0.5105522871017456
30, 16, 91, 560, -0.48302769660949707
30, 17, 470, 650, -0.5628838539123535
30, 18, 67, 596, -0.5346347093582153
30, 19, 447, 650, -0.6013330221176147
30, 20, 85, 598, -0.6130716800689697
30, 21, 439, 633, -0.5332832932472229
30, 22, 98, 587, -0.5248255729675293
30, 23, 382, 589, -0.06163223832845688
30, 24, 240, 583, 0.064681775867939
30, 25, 366, 825, -0.06105988100171089
30, 26, 228, 812, 0.13198313117027283
30, 27, 353, 1034, 0.4163404405117035
30, 28, 219, 1026, 0.4269739091396332
30, 29, 357, 1066, 0.4396938681602478
30, 30, 217, 1059, 0.43921342492103577
30, 31, 321, 1103, -0.018226508051156998
30, 32, 229, 1095, -0.0011182812741026282
31, 0, 306, 223, -0.9442164301872253
31, 1, 320, 200, -0.9432708024978638
31, 2, 331, 201, -0.9428669810295105
31, 3, 340, 202, -0.9438331723213196
31, 4, 293, 199, -0.9117766618728638
31, 5, 286, 199, -0.9114477038383484
31, 6, 279, 200, -0.9117292165756226
31, 7, 357, 212, -0.7722657918930054
31, 8, 272, 211, -0.6219530701637268
31, 9, 327, 248, -0.8764397501945496
31, 10, 291, 249, -0.8242810368537903
31, 11, 428, 334, -0.5075497627258301
31, 12, 228, 318, -0.5016832947731018
31, 13, 473, 502, -0.44284820556640625
31, 14, 144, 451, -0.24232347309589386
31, 15, 451, 617, -0.5599750876426697
31, 16, 86, 561, -0.48750001192092896
31, 17, 456, 653, -0.6201300024986267
31, 18, 61, 595, -0.5441259145736694
31, 19, 433, 652, -0.645187497138977
31, 20, 79, 597, -0.6208418011665344
31, 21, 426, 636, -0.5786172151565552
31, 22, 92, 586, -0.5297678112983704
31, 23, 382, 597, -0.07244174927473068
31, 24, 240, 584, 0.07564316689968109
31, 25, 364, 831, -0.004324590787291527
31, 26, 226, 816, 0.2045496702194214
31, 27, 351, 1034, 0.5776134133338928
31, 28, 216, 1027, 0.6178369522094727
31, 29, 356, 1066, 0.6146735548973083
31, 30, 214, 1060, 0.6483559608459473
31, 31, 317, 1106, 0.1970532089471817
31, 32, 225, 1097, 0.18282563984394073
32, 0, 308, 222, -0.9154831767082214
32, 1, 322, 199, -0.9043885469436646
32, 2, 332, 200, -0.9040481448173523
32, 3, 341, 202, -0.9046266674995422
32, 4, 295, 199, -0.8790642619132996
32, 5, 287, 199, -0.8787389993667603
32, 6, 280, 200, -0.8790087699890137
32, 7, 357, 212, -0.7066487669944763
32, 8, 273, 211, -0.566834032535553
32, 9, 329, 247, -0.8324179649353027
32, 10, 292, 248, -0.7913049459457397
32, 11, 430, 334, -0.48915132880210876
32, 12, 229, 318, -0.44112199544906616
32, 13, 472, 513, -0.4268094003200531
32, 14, 144, 451, -0.2504647374153137
32, 15, 448, 616, -0.5668296217918396
32, 16, 86, 560, -0.5076359510421753
32, 17, 454, 650, -0.6330456733703613
32, 18, 62, 594, -0.5693004131317139
32, 19, 431, 649, -0.659201443195343
32, 20, 81, 596, -0.6435622572898865
32, 21, 425, 633, -0.5873098373413086
32, 22, 93, 586, -0.5493236780166626
32, 23, 382, 602, -0.07232984155416489
32, 24, 241, 588, 0.07559017091989517
32, 25, 367, 835, 0.07214132696390152
32, 26, 229, 821, 0.23507407307624817
32, 27, 357, 1036, 0.6900230050086975
32, 28, 221, 1030, 0.686883807182312
32, 29, 362, 1068, 0.7312257289886475
32, 30, 218, 1064, 0.7224547863006592
32, 31, 324, 1108, 0.3174891173839569
32, 32, 232, 1101, 0.2521155774593353
33, 0, 309, 222, -0.8067413568496704
33, 1, 322, 199, -0.7894617319107056
33, 2, 332, 200, -0.7891748547554016
33, 3, 342, 201, -0.7894822955131531
33, 4, 296, 198, -0.7683713436126709
33, 5, 288, 199, -0.768075168132782
33, 6, 281, 200, -0.7683496475219727
33, 7, 358, 212, -0.5649785399436951
33, 8, 273, 211, -0.4532812535762787
33, 9, 330, 247, -0.7164574861526489
33, 10, 294, 248, -0.6836086511611938
33, 11, 431, 333, -0.4077284336090088
33, 12, 229, 318, -0.2979665696620941
33, 13, 456, 484, -0.3456530272960663
33, 14, 145, 448, -0.18672619760036469
33, 15, 445, 616, -0.4789741039276123
33, 16, 87, 555, -0.44057536125183105
33, 17, 452, 654, -0.5426760911941528
33, 18, 62, 588, -0.5041066408157349
33, 19, 428, 654, -0.5742254853248596
33, 20, 81, 592, -0.5781666040420532
33, 21, 422, 637, -0.5011817216873169
33, 22, 94, 582, -0.4825976490974426
33, 23, 382, 603, -0.07183025032281876
33, 24, 242, 588, 0.07511523365974426
33, 25, 368, 834, 0.07158158719539642
33, 26, 230, 821, 0.25256162881851196
33, 27, 358, 1034, 0.6620727181434631
33, 28, 222, 1029, 0.713927149772644
33, 29, 363, 1067, 0.7016765475273132
33, 30, 219, 1063, 0.7505837082862854
33, 31, 325, 1107, 0.29516759514808655
33, 32, 234, 1100, 0.29037898778915405
34, 0, 309, 222, -0.8097606897354126
34, 1, 323, 199, -0.790178656578064
34, 2, 333, 200, -0.7899230718612671
34, 3, 342, 201, -0.7901536226272583
34, 4, 296, 198, -0.7710860967636108
34, 5, 288, 199, -0.7707920670509338
34, 6, 281, 200, -0.7710944414138794
34, 7, 358, 212, -0.555435299873352
34, 8, 274, 211, -0.45530375838279724
34, 9, 331, 246, -0.7161266207695007
34, 10, 294, 247, -0.6866617798805237
34, 11, 431, 332, -0.39319005608558655
34, 12, 230, 318, -0.2917458713054657
34, 13, 452, 471, -0.3412214517593384
34, 14, 145, 449, -0.2032707929611206
34, 15, 444, 612, -0.4797198176383972
34, 16, 89, 558, -0.4428524374961853
34, 17, 451, 651, -0.5412976145744324
34, 18, 66, 593, -0.5051099061965942
34, 19, 426, 650, -0.573034405708313
34, 20, 86, 597, -0.5735365748405457
34, 21, 421, 633, -0.5019950270652771
34, 22, 98, 586, -0.4819015860557556
34, 23, 382, 604, -0.0708637610077858
34, 24, 242, 589, 0.07418164610862732
34, 25, 369, 834, 0.08254517614841461
34, 26, 230, 822, 0.24698610603809357
34, 27, 360, 1033, 0.6754764914512634
34, 28, 223, 1028, 0.7028220891952515
34, 29, 365, 1066, 0.715760350227356
34, 30, 220, 1062, 0.7392643094062805
34, 31, 327, 1106, 0.31183627247810364
34, 32, 236, 1099, 0.2808995544910431
35, 0, 309, 221, -0.8338536024093628
35, 1, 323, 199, -0.8138476610183716
35, 2, 333, 200, -0.8135889768600464
35, 3, 342, 201, -0.8137843012809753
35, 4, 296, 198, -0.795779824256897
35, 5, 288, 198, -0.7955119609832764
35, 6, 282, 199, -0.7958105206489563
35, 7, 358, 212, -0.5765146613121033
35, 8, 274, 211, -0.4814682602882385
35, 9, 331, 246, -0.7391204237937927
35, 10, 294, 247, -0.711290180683136
35, 11, 432, 332, -0.4043605327606201
35, 12, 231, 318, -0.2946096658706665
35, 13, 451, 468, -0.3621511161327362
35, 14, 145, 449, -0.24200017750263214
35, 15, 442, 618, -0.4916435778141022
35, 16, 91, 560, -0.47146573662757874
35, 17, 448, 658, -0.5503559112548828
35, 18, 70, 597, -0.5316942930221558
35, 19, 424, 657, -0.5811348557472229
35, 20, 92, 601, -0.5939623117446899
35, 21, 418, 639, -0.5129355192184448
35, 22, 102, 590, -0.5072423219680786
35, 23, 383, 604, -0.06819356232881546
35, 24, 243, 590, 0.07142187654972076
35, 25, 369, 834, 0.0876457616686821
35, 26, 231, 822, 0.2374604195356369
35, 27, 361, 1033, 0.6771340370178223
35, 28, 224, 1028, 0.6799097657203674
35, 29, 366, 1066, 0.7174465656280518
35, 30, 221, 1062, 0.7150331735610962
35, 31, 328, 1105, 0.31905195116996765
35, 32, 237, 1099, 0.2615562677383423
36, 0, 310, 221, -0.8392036557197571
36, 1, 324, 198, -0.8180233836174011
36, 2, 334, 199, -0.8177784085273743
36, 3, 343, 200, -0.8179925084114075
36, 4, 296, 198, -0.8005908131599426
36, 5, 289, 198, -0.8003255724906921
36, 6, 282, 199, -0.8006248474121094
36, 7, 359, 212, -0.5793265104293823
36, 8, 275, 211, -0.4870643615722656
36, 9, 331, 246, -0.7443026304244995
36, 10, 294, 247, -0.7172461748123169
36, 11, 434, 335, -0.4078391492366791
36, 12, 231, 319, -0.2952641546726227
36, 13, 460, 503, -0.3608776926994324
36, 14, 144, 450, -0.2535794973373413
36, 15, 449, 626, -0.4875381588935852
36, 16, 92, 565, -0.48464933037757874
36, 17, 457, 666, -0.5462177991867065
36, 18, 72, 602, -0.5443308353424072
36, 19, 431, 666, -0.5776625275611877
36, 20, 95, 606, -0.6063776612281799
36, 21, 425, 648, -0.509297788143158
36, 22, 105, 595, -0.520262598991394
36, 23, 383, 610, -0.06725607812404633
36, 24, 243, 597, 0.0704881027340889
36, 25, 370, 840, 0.08634469658136368
36, 26, 231, 829, 0.24570214748382568
36, 27, 362, 1039, 0.676983654499054
36, 28, 224, 1034, 0.6993120908737183
36, 29, 367, 1073, 0.716917872428894
36, 30, 221, 1069, 0.7360996007919312
36, 31, 329, 1112, 0.31623023748397827
36, 32, 238, 1106, 0.2843190133571625
37, 0, 311, 221, -0.7648011445999146
37, 1, 325, 198, -0.7444010972976685
37, 2, 335, 199, -0.7441895604133606
37, 3, 345, 200, -0.7444241642951965
37, 4, 297, 198, -0.7256872057914734
37, 5, 289, 198, -0.7253966331481934
37, 6, 283, 199, -0.7257134914398193
37, 7, 361, 212, -0.5207878351211548
37, 8, 275, 211, -0.42278942465782166
37, 9, 332, 246, -0.6759682893753052
37, 10, 295, 247, -0.6472920775413513
37, 11, 435, 337, -0.3717135488986969
37, 12, 231, 319, -0.27468305826187134
37, 13, 461, 520, -0.3345499038696289
37, 14, 144, 450, -0.2115459144115448
37, 15, 446, 632, -0.44949549436569214
37, 16, 89, 566, -0.43693122267723083
37, 17, 453, 672, -0.5044151544570923
37, 18, 66, 602, -0.4923652708530426
37, 19, 428, 670, -0.5315954089164734
37, 20, 89, 606, -0.5534700751304626
37, 21, 422, 652, -0.4694666266441345
37, 22, 100, 595, -0.47295480966567993
37, 23, 383, 614, -0.06651301681995392
37, 24, 243, 601, 0.06977284699678421
37, 25, 369, 843, 0.06394462287425995
37, 26, 230, 832, 0.22295336425304413
37, 27, 360, 1043, 0.6138396859169006
37, 28, 221, 1036, 0.5958589911460876
37, 29, 365, 1077, 0.651033878326416
37, 30, 217, 1072, 0.6248353123664856
37, 31, 325, 1115, 0.2877059578895569
37, 32, 235, 1109, 0.1963057816028595
38, 0, 313, 221, -0.7382665872573853
38, 1, 326, 198, -0.7199631929397583
38, 2, 336, 199, -0.7196986675262451
38, 3, 346, 200, -0.7199363112449646
38, 4, 299, 198, -0.7015355229377747
38, 5, 291, 198, -0.7012646198272705
38, 6, 284, 199, -0.701583206653595
38, 7, 362, 212, -0.5051984190940857
38, 8, 275, 211, -0.4077579975128174
38, 9, 334, 247, -0.6526840329170227
38, 10, 297, 247, -0.6240837574005127
38, 11, 437, 337, -0.36331290006637573
38, 12, 231, 319, -0.2715007960796356
38, 13, 464, 523, -0.32756513357162476
38, 14, 143, 451, -0.21968045830726624
38, 15, 448, 629, -0.4332621693611145
38, 16, 90, 567, -0.4588925838470459
38, 17, 457, 665, -0.48795628547668457
38, 18, 68, 604, -0.5152499079704285
38, 19, 431, 663, -0.5118354558944702
38, 20, 91, 607, -0.5746572017669678
38, 21, 425, 647, -0.4520590305328369
38, 22, 102, 596, -0.49429553747177124
38, 23, 383, 615, -0.06598756462335587
38, 24, 243, 602, 0.0692596584558487
38, 25, 369, 844, 0.06951203942298889
38, 26, 229, 832, 0.21946564316749573
38, 27, 359, 1044, 0.6281501054763794
38, 28, 219, 1036, 0.6172326803207397
38, 29, 365, 1078, 0.6655374765396118
38, 30, 215, 1072, 0.6499027013778687
38, 31, 323, 1116, 0.28596118092536926
38, 32, 234, 1109, 0.22035829722881317
39, 0, 315, 221, -0.7421207427978516
39, 1, 328, 198, -0.7227872014045715
39, 2, 338, 199, -0.7225509285926819
39, 3, 347, 200, -0.722788393497467
39, 4, 301, 198, -0.7054661512374878
39, 5, 293, 198, -0.7052009105682373
39, 6, 286, 199, -0.7055386304855347
39, 7, 363, 212, -0.4981392025947571
39, 8, 276, 211, -0.4053795337677002
39, 9, 335, 247, -0.6523886322975159
39, 10, 300, 247, -0.6250306367874146
39, 11, 437, 337, -0.34286755323410034
39, 12, 232, 319, -0.26199203729629517
39, 13, 465, 520, -0.30137762427330017
39, 14, 144, 451, -0.1938801109790802
39, 15, 449, 618, -0.4302254617214203
39, 16, 90, 566, -0.4295269548892975
39, 17, 458, 652, -0.4864412248134613
39, 18, 67, 601, -0.4864721894264221
39, 19, 434, 649, -0.5107972621917725
39, 20, 89, 604, -0.5503349304199219
39, 21, 427, 634, -0.44976410269737244
39, 22, 100, 593, -0.4664901793003082
39, 23, 383, 615, -0.06542043387889862
39, 24, 242, 602, 0.06868278980255127
39, 25, 369, 844, 0.08379626274108887
39, 26, 228, 832, 0.2395191490650177
39, 27, 358, 1043, 0.65729820728302
39, 28, 217, 1036, 0.6903949975967407
39, 29, 363, 1077, 0.6959160566329956
39, 30, 213, 1071, 0.7278562784194946
39, 31, 323, 1116, 0.3037644028663635
39, 32, 233, 1108, 0.283466637134552
40, 0, 317, 221, -0.7560209035873413
40, 1, 330, 198, -0.7418240308761597
40, 2, 340, 199, -0.7415909171104431
40, 3, 349, 200, -0.7415952682495117
40, 4, 304, 198, -0.7119123935699463
40, 5, 296, 198, -0.7116338610649109
40, 6, 288, 199, -0.7119156122207642
40, 7, 364, 211, -0.5203911066055298
40, 8, 277, 212, -0.43447571992874146
40, 9, 337, 247, -0.6696106195449829
40, 10, 302, 247, -0.6265345215797424
40, 11, 437, 336, -0.3588041067123413
40, 12, 232, 319, -0.3070138692855835
40, 13, 458, 478, -0.3155832886695862
40, 14, 144, 451, -0.20499494671821594
40, 15, 457, 620, -0.44576483964920044
40, 16, 91, 569, -0.47384604811668396
40, 17, 469, 656, -0.5043554902076721
40, 18, 70, 606, -0.5328169465065002
40, 19, 445, 654, -0.5356323719024658
40, 20, 91, 609, -0.59349524974823
40, 21, 438, 639, -0.46839600801467896
40, 22, 102, 598, -0.5093213319778442
40, 23, 384, 616, -0.06031153351068497
40, 24, 242, 604, 0.06360308080911636
40, 25, 370, 844, 0.10524995625019073
40, 26, 228, 834, 0.24635156989097595
40, 27, 359, 1044, 0.7079901695251465
40, 28, 218, 1036, 0.7233925461769104
40, 29, 364, 1079, 0.7488686442375183
40, 30, 214, 1072, 0.7639124393463135
40, 31, 325, 1117, 0.35186105966567993
40, 32, 235, 1110, 0.3139822483062744
41, 0, 319, 221, -0.7770036458969116
41, 1, 331, 198, -0.7606085538864136
41, 2, 341, 199, -0.7603647112846375
41, 3, 350, 200, -0.7604330778121948
41, 4, 305, 198, -0.7349327802658081
41, 5, 297, 198, -0.7346636056900024
41, 6, 289, 199, -0.7349362969398499
41, 7, 364, 211, -0.530250608921051
41, 8, 277, 212, -0.4419647753238678
41, 9, 338, 247, -0.687442421913147
41, 10, 303, 247, -0.6503061652183533
41, 11, 437, 334, -0.3604268431663513
41, 12, 232, 319, -0.3092508912086487
41, 13, 454, 468, -0.307553768157959
41, 14, 144, 452, -0.22617638111114502
41, 15, 456, 616, -0.44935083389282227
41, 16, 92, 570, -0.4675139784812927
41, 17, 466, 650, -0.5086032152175903
41, 18, 71, 608, -0.5256792902946472
41, 19, 442, 647, -0.5370879173278809
41, 20, 92, 610, -0.5887776017189026
41, 21, 435, 632, -0.47088783979415894
41, 22, 103, 599, -0.5033940076828003
41, 23, 385, 616, -0.0574750080704689
41, 24, 243, 605, 0.06076589971780777
41, 25, 372, 844, 0.11522118747234344
41, 26, 229, 834, 0.24887247383594513
41, 27, 362, 1044, 0.7243324518203735
41, 28, 219, 1037, 0.7310160398483276
41, 29, 367, 1079, 0.7658504247665405
41, 30, 215, 1072, 0.7720264196395874
41, 31, 328, 1117, 0.3664892017841339
41, 32, 238, 1110, 0.31906789541244507
42, 0, 318, 221, -0.7331133484840393
42, 1, 331, 198, -0.7140393257141113
42, 2, 341, 199, -0.713812530040741
42, 3, 350, 200, -0.7140527367591858
42, 4, 305, 198, -0.6980029344558716
42, 5, 297, 198, -0.6977070569992065
42, 6, 289, 199, -0.6980075836181641
42, 7, 365, 211, -0.49004849791526794
42, 8, 277, 212, -0.4103851318359375
42, 9, 338, 247, -0.6439642906188965
42, 10, 303, 247, -0.6183537244796753
42, 11, 437, 334, -0.3420783579349518
42, 12, 232, 319, -0.2858891487121582
42, 13, 451, 467, -0.2883686423301697
42, 14, 144, 451, -0.2186238318681717
42, 15, 455, 625, -0.4092467725276947
42, 16, 90, 569, -0.44923752546310425
42, 17, 466, 664, -0.4671286642551422
42, 18, 67, 606, -0.5074115991592407
42, 19, 442, 663, -0.5021370649337769
42, 20, 89, 608, -0.5727216601371765
42, 21, 434, 646, -0.43358802795410156
42, 22, 101, 598, -0.486793577671051
42, 23, 385, 616, -0.056065648794174194
42, 24, 242, 605, 0.05935018137097359
42, 25, 371, 844, 0.11465102434158325
42, 26, 229, 834, 0.22128638625144958
42, 27, 362, 1044, 0.687209963798523
42, 28, 220, 1037, 0.6490696668624878
42, 29, 367, 1078, 0.7254465222358704
42, 30, 216, 1071, 0.6842062473297119
42, 31, 328, 1117, 0.3602723479270935
42, 32, 238, 1109, 0.24616281688213348
43, 0, 318, 221, -0.6461426019668579
43, 1, 331, 198, -0.6259254217147827
43, 2, 341, 199, -0.6257227659225464
43, 3, 350, 200, -0.6259673833847046
43, 4, 305, 197, -0.6116951704025269
43, 5, 297, 198, -0.611371636390686
43, 6, 289, 199, -0.6116828322410583
43, 7, 365, 211, -0.41584157943725586
43, 8, 278, 212, -0.3380756974220276
43, 9, 338, 246, -0.562757134437561
43, 10, 303, 247, -0.5396240949630737
43, 11, 437, 334, -0.29497796297073364
43, 12, 232, 319, -0.2345033884048462
43, 13, 456, 508, -0.2638329863548279
43, 14, 144, 452, -0.18551096320152283
43, 15, 454, 633, -0.37077075242996216
43, 16, 87, 572, -0.40252870321273804
43, 17, 465, 673, -0.4243899881839752
43, 18, 64, 609, -0.454475075006485
43, 19, 438, 671, -0.45126062631607056
43, 20, 86, 613, -0.515781044960022
43, 21, 432, 654, -0.3912298083305359
43, 22, 99, 601, -0.4384151101112366
43, 23, 385, 617, -0.05440746992826462
43, 24, 242, 607, 0.0576900951564312
43, 25, 371, 846, 0.06855941563844681
43, 26, 229, 836, 0.17120295763015747
43, 27, 361, 1047, 0.5821884274482727
43, 28, 220, 1039, 0.5315531492233276
43, 29, 367, 1081, 0.614860475063324
43, 30, 216, 1074, 0.5599430203437805
43, 31, 328, 1119, 0.2521817684173584
43, 32, 238, 1112, 0.13829419016838074
44, 0, 318, 221, -0.672162652015686
44, 1, 331, 198, -0.650607168674469
44, 2, 341, 198, -0.6503936052322388
44, 3, 350, 200, -0.6506366729736328
44, 4, 305, 197, -0.6379214525222778
44, 5, 296, 198, -0.6375898122787476
44, 6, 289, 199, -0.637884259223938
44, 7, 365, 211, -0.4345051348209381
44, 8, 278, 212, -0.3626630902290344
44, 9, 338, 246, -0.586867094039917
44, 10, 303, 247, -0.5655787587165833
44, 11, 437, 334, -0.3093286454677582
44, 12, 232, 320, -0.25045788288116455
44, 13, 461, 512, -0.28412431478500366
44, 14, 143, 452, -0.204025536775589
44, 15, 457, 633, -0.41401487588882446
44, 16, 87, 577, -0.43311190605163574
44, 17, 470, 674, -0.47275346517562866
44, 18, 64, 614, -0.48853302001953125
44, 19, 444, 673, -0.4993959069252014
44, 20, 87, 617, -0.5493248701095581
44, 21, 436, 656, -0.43554753065109253
44, 22, 100, 606, -0.46871453523635864
44, 23, 385, 619, -0.053761404007673264
44, 24, 242, 609, 0.05705419182777405
44, 25, 371, 848, 0.05659521371126175
44, 26, 229, 839, 0.1781579703092575
44, 27, 362, 1049, 0.5782318115234375
44, 28, 221, 1043, 0.5659167170524597
44, 29, 367, 1084, 0.6112577319145203
44, 30, 216, 1078, 0.597305953502655
44, 31, 328, 1122, 0.23755279183387756
44, 32, 238, 1115, 0.1670743227005005
45, 0, 318, 220, -0.6777011156082153
45, 1, 331, 198, -0.6558432579040527
45, 2, 341, 198, -0.6556445360183716
45, 3, 350, 200, -0.6558916568756104
45, 4, 305, 197, -0.6423378586769104
45, 5, 296, 198, -0.6419969797134399
45, 6, 289, 199, -0.6422899961471558
45, 7, 365, 211, -0.4378708004951477
45, 8, 277, 212, -0.3618268668651581
45, 9, 338, 246, -0.5918687582015991
45, 10, 303, 246, -0.5694009065628052
45, 11, 437, 335, -0.31327566504478455
45, 12, 231, 321, -0.24784108996391296
45, 13, 465, 514, -0.2923837900161743
45, 14, 143, 453, -0.20043706893920898
45, 15, 460, 633, -0.4306044578552246
45, 16, 86, 575, -0.4351539611816406
45, 17, 473, 673, -0.4911855161190033
45, 18, 62, 612, -0.49194636940956116
45, 19, 446, 672, -0.5174643993377686
45, 20, 86, 615, -0.5554082989692688
45, 21, 438, 655, -0.45249515771865845
45, 22, 98, 604, -0.4722101092338562
45, 23, 385, 620, -0.05403529852628708
45, 24, 242, 611, 0.05735711008310318
45, 25, 371, 850, 0.048616137355566025
45, 26, 230, 841, 0.18326221406459808
45, 27, 363, 1051, 0.578685998916626
45, 28, 222, 1045, 0.5803860425949097
45, 29, 369, 1085, 0.612130880355835
45, 30, 218, 1080, 0.6124067306518555
45, 31, 330, 1123, 0.23055878281593323
45, 32, 241, 1117, 0.17871108651161194
