0, 0, 341, 159, -1.3228819370269775
0, 1, 358, 134, -1.2538561820983887
0, 2, 368, 133, -1.254133701324463
0, 3, 377, 134, -1.2542747259140015
0, 4, 322, 136, -1.2554134130477905
0, 5, 309, 138, -1.255133032798767
0, 6, 297, 140, -1.2557443380355835
0, 7, 393, 151, -0.7833188772201538
0, 8, 286, 157, -0.7883848547935486
0, 9, 364, 191, -1.1468957662582397
0, 10, 321, 194, -1.1482295989990234
0, 11, 483, 318, -0.4405842423439026
0, 12, 220, 308, -0.5054918527603149
0, 13, 515, 501, -0.31120792031288147
0, 14, 115, 461, -0.4546918272972107
0, 15, 541, 724, -0.6857773661613464
0, 16, 56, 654, -0.9302069544792175
0, 17, 561, 777, -0.7916887998580933
0, 18, 35, 706, -1.0666801929473877
0, 19, 544, 781, -0.9050300717353821
0, 20, 64, 711, -1.1770594120025635
0, 21, 528, 761, -0.7511759400367737
0, 22, 78, 695, -0.9941538572311401
0, 23, 435, 683, -0.04866255819797516
0, 24, 260, 682, 0.05303787440061569
0, 25, 421, 988, -0.08818064630031586
0, 26, 256, 983, -0.06714247167110443
0, 27, 422, 1253, 0.5664398074150085
0, 28, 265, 1251, 0.3836614787578583
0, 29, 427, 1294, 0.588743269443512
0, 30, 265, 1291, 0.40416067838668823
0, 31, 394, 1332, -0.07440723478794098
0, 32, 287, 1332, -0.32334932684898376
1, 0, 340, 160, -1.4998838901519775
1, 1, 358, 135, -1.4349656105041504
1, 2, 368, 134, -1.4353561401367188
1, 3, 377, 135, -1.4355658292770386
1, 4, 322, 137, -1.446114182472229
1, 5, 309, 139, -1.4464209079742432
1, 6, 297, 141, -1.447186827659607
1, 7, 393, 151, -0.9366586804389954
1, 8, 285, 158, -0.9831346273422241
1, 9, 364, 193, -1.306240200996399
1, 10, 320, 196, -1.320039987564087
1, 11, 483, 318, -0.5232797861099243
1, 12, 221, 308, -0.6508704423904419
1, 13, 516, 500, -0.39620956778526306
1, 14, 116, 461, -0.5791247487068176
1, 15, 544, 721, -0.800515353679657
1, 16, 52, 650, -1.0570170879364014
1, 17, 565, 773, -0.9047158360481262
1, 18, 30, 702, -1.1930359601974487
1, 19, 549, 775, -1.0260334014892578
1, 20, 56, 704, -1.3078157901763916
1, 21, 532, 756, -0.8679922819137573
1, 22, 70, 689, -1.1213300228118896
1, 23, 436, 686, -0.033616792410612106
1, 24, 260, 684, 0.03738094121217728
1, 25, 421, 989, -0.08779479563236237
1, 26, 255, 982, -0.168900728225708
1, 27, 422, 1257, 0.5359835624694824
1, 28, 263, 1251, 0.25751909613609314
1, 29, 427, 1298, 0.5542453527450562
1, 30, 263, 1292, 0.27409106492996216
1, 31, 394, 1336, -0.099932961165905
1, 32, 285, 1333, -0.442562997341156
2, 0, 340, 163, -1.4855929613113403
2, 1, 358, 137, -1.4212113618850708
2, 2, 368, 137, -1.4216029644012451
2, 3, 377, 137, -1.4218424558639526
2, 4, 322, 139, -1.4307435750961304
2, 5, 309, 141, -1.4310054779052734
2, 6, 297, 143, -1.4317582845687866
2, 7, 394, 154, -0.9272096753120422
2, 8, 285, 159, -0.9672654271125793
2, 9, 364, 196, -1.2935903072357178
2, 10, 320, 198, -1.3055379390716553
2, 11, 483, 319, -0.5214316844940186
2, 12, 221, 308, -0.629601240158081
2, 13, 516, 500, -0.39317044615745544
2, 14, 116, 461, -0.5580419301986694
2, 15, 544, 717, -0.7957654595375061
2, 16, 53, 647, -1.043017029762268
2, 17, 562, 768, -0.9034638404846191
2, 18, 33, 698, -1.1806285381317139
2, 19, 546, 767, -1.0212459564208984
2, 20, 57, 698, -1.2922637462615967
2, 21, 530, 748, -0.861645519733429
2, 22, 71, 683, -1.106012225151062
2, 23, 436, 689, -0.031751301139593124
2, 24, 259, 685, 0.035539254546165466
2, 25, 420, 990, -0.1160215362906456
2, 26, 251, 980, -0.19863492250442505
2, 27, 420, 1259, 0.46028581261634827
2, 28, 256, 1251, 0.19836196303367615
2, 29, 424, 1300, 0.4754759669303894
2, 30, 255, 1292, 0.21235649287700653
2, 31, 392, 1338, -0.1717188060283661
2, 32, 276, 1333, -0.4952712059020996
3, 0, 341, 164, -1.4599144458770752
3, 1, 358, 138, -1.3965036869049072
3, 2, 368, 138, -1.396756887435913
3, 3, 377, 139, -1.396864652633667
3, 4, 322, 140, -1.4046005010604858
3, 5, 309, 142, -1.404805302619934
3, 6, 297, 143, -1.4054559469223022
3, 7, 394, 155, -0.9044106602668762
3, 8, 285, 160, -0.938878059387207
3, 9, 364, 197, -1.2671282291412354
3, 10, 321, 200, -1.2777684926986694
3, 11, 483, 318, -0.5072793364524841
3, 12, 221, 308, -0.6138441562652588
3, 13, 518, 498, -0.42538079619407654
3, 14, 115, 458, -0.5649830102920532
3, 15, 492, 654, -0.8638677597045898
3, 16, 127, 589, -1.1653788089752197
3, 17, 485, 696, -0.9834026098251343
3, 18, 138, 635, -1.319817066192627
3, 19, 468, 680, -1.0586265325546265
3, 20, 160, 614, -1.3731377124786377
3, 21, 464, 662, -0.9098746180534363
3, 22, 159, 599, -1.2060762643814087
3, 23, 432, 685, -0.031791023910045624
3, 24, 257, 679, 0.035715632140636444
3, 25, 414, 950, -0.20696833729743958
3, 26, 246, 933, -0.22922348976135254
3, 27, 417, 1230, 0.330876886844635
3, 28, 246, 1222, 0.10524080693721771
3, 29, 420, 1272, 0.3460911810398102
3, 30, 244, 1267, 0.11228956282138824
3, 31, 391, 1314, -0.2882400155067444
3, 32, 268, 1308, -0.5719982385635376
4, 0, 341, 165, -1.345747470855713
4, 1, 358, 139, -1.2709777355194092
4, 2, 369, 139, -1.2712057828903198
4, 3, 378, 139, -1.2709909677505493
4, 4, 322, 141, -1.283677577972412
4, 5, 309, 142, -1.2839845418930054
4, 6, 297, 144, -1.2845560312271118
4, 7, 395, 155, -0.7391085624694824
4, 8, 286, 162, -0.795529842376709
4, 9, 365, 198, -1.1376235485076904
4, 10, 321, 201, -1.155994176864624
4, 11, 483, 317, -0.3222399353981018
4, 12, 221, 312, -0.47551727294921875
4, 13, 522, 497, -0.4216032922267914
4, 14, 109, 465, -0.8882218599319458
4, 15, 479, 601, -0.8940938115119934
4, 16, 185, 447, -1.8159157037734985
4, 17, 462, 634, -1.0003974437713623
4, 18, 234, 427, -1.9990723133087158
4, 19, 449, 609, -1.0453799962997437
4, 20, 244, 404, -1.9517996311187744
4, 21, 447, 598, -0.924085795879364
4, 22, 236, 408, -1.8166110515594482
4, 23, 428, 682, -0.03098245896399021
4, 24, 257, 676, 0.03470105305314064
4, 25, 403, 919, -0.17675404250621796
4, 26, 247, 906, -0.09936138242483139
4, 27, 418, 1204, 0.40424948930740356
4, 28, 257, 1200, 0.2212405949831009
4, 29, 422, 1247, 0.4225032925605774
4, 30, 259, 1243, 0.21419017016887665
4, 31, 395, 1285, -0.22072824835777283
4, 32, 269, 1289, -0.370909720659256
5, 0, 342, 165, -1.1895643472671509
5, 1, 359, 139, -1.107388973236084
5, 2, 370, 139, -1.1076619625091553
5, 3, 379, 139, -1.107283115386963
5, 4, 323, 141, -1.123009443283081
5, 5, 310, 142, -1.1231777667999268
5, 6, 298, 144, -1.1237504482269287
5, 7, 396, 155, -0.564380407333374
5, 8, 286, 162, -0.6292411088943481
5, 9, 367, 198, -0.9810386896133423
5, 10, 323, 201, -1.001995325088501
5, 11, 483, 316, -0.19732993841171265
5, 12, 223, 317, -0.33665937185287476
5, 13, 534, 499, -0.5813302397727966
5, 14, 108, 482, -0.8654502034187317
5, 15, 426, 516, -1.4048020839691162
5, 16, 211, 407, -1.7837467193603516
5, 17, 383, 512, -1.55176842212677
5, 18, 258, 383, -1.9637483358383179
5, 19, 371, 467, -1.5079014301300049
5, 20, 271, 366, -1.89766526222229
5, 21, 385, 464, -1.4047783613204956
5, 22, 265, 369, -1.7752180099487305
5, 23, 426, 682, -0.023764528334140778
5, 24, 254, 676, 0.02740003727376461
5, 25, 399, 925, -0.12193087488412857
5, 26, 238, 909, -0.07562486827373505
5, 27, 417, 1199, 0.4210777282714844
5, 28, 256, 1193, 0.2531079649925232
5, 29, 422, 1242, 0.44384151697158813
5, 30, 259, 1235, 0.23927457630634308
5, 31, 394, 1279, -0.19989264011383057
5, 32, 268, 1282, -0.34460753202438354
6, 0, 343, 166, -1.2051469087600708
6, 1, 360, 139, -1.1213281154632568
6, 2, 371, 139, -1.1216521263122559
6, 3, 380, 140, -1.1213797330856323
6, 4, 324, 141, -1.1330947875976562
6, 5, 310, 142, -1.1331984996795654
6, 6, 299, 144, -1.13356614112854
6, 7, 397, 155, -0.574874758720398
6, 8, 287, 162, -0.622576892375946
6, 9, 368, 199, -0.9960318803787231
6, 10, 323, 201, -1.011764645576477
6, 11, 482, 316, -0.2284693419933319
6, 12, 223, 318, -0.2722100615501404
6, 13, 551, 501, -0.7155581116676331
6, 14, 105, 492, -0.8059424161911011
6, 15, 445, 484, -1.6215951442718506
6, 16, 220, 385, -1.7772703170776367
6, 17, 400, 457, -1.7854044437408447
6, 18, 265, 349, -1.9585529565811157
6, 19, 390, 430, -1.728234887123108
6, 20, 275, 326, -1.8930295705795288
6, 21, 395, 431, -1.6164766550064087
6, 22, 270, 333, -1.7692372798919678
6, 23, 423, 681, -0.04609871655702591
6, 24, 254, 677, 0.04949752241373062
6, 25, 393, 893, -0.17937877774238586
6, 26, 227, 864, -0.0876842588186264
6, 27, 415, 1168, 0.3755493760108948
6, 28, 256, 1162, 0.25505322217941284
6, 29, 421, 1212, 0.3957044780254364
6, 30, 261, 1204, 0.2563707232475281
6, 31, 394, 1245, -0.19958670437335968
6, 32, 264, 1257, -0.3346033990383148
7, 0, 346, 167, -1.1090906858444214
7, 1, 362, 141, -1.0213489532470703
7, 2, 372, 141, -1.021540880203247
7, 3, 382, 141, -1.0210660696029663
7, 4, 327, 142, -1.0402357578277588
7, 5, 313, 143, -1.0402557849884033
7, 6, 302, 144, -1.0406837463378906
7, 7, 399, 157, -0.4716509282588959
7, 8, 288, 162, -0.556330680847168
7, 9, 369, 200, -0.9003316760063171
7, 10, 325, 202, -0.9269099235534668
7, 11, 481, 317, -0.11070873588323593
7, 12, 223, 315, -0.27065229415893555
7, 13, 562, 501, -0.6514706015586853
7, 14, 95, 488, -0.8112831115722656
7, 15, 452, 451, -1.61984384059906
7, 16, 227, 369, -1.7267717123031616
7, 17, 407, 417, -1.790654182434082
7, 18, 267, 332, -1.9036976099014282
7, 19, 401, 387, -1.7191261053085327
7, 20, 279, 307, -1.8287007808685303
7, 21, 405, 391, -1.6133581399917603
7, 22, 273, 317, -1.7136844396591187
7, 23, 417, 677, -0.023224864155054092
7, 24, 245, 674, 0.027005231007933617
7, 25, 392, 913, -0.103050097823143
7, 26, 222, 892, -0.06123428791761398
7, 27, 412, 1184, 0.40979689359664917
7, 28, 246, 1177, 0.25904297828674316
7, 29, 416, 1226, 0.4278063178062439
7, 30, 250, 1217, 0.26019352674484253
7, 31, 392, 1262, -0.13540352880954742
7, 32, 260, 1265, -0.32776474952697754
8, 0, 348, 168, -0.8241063952445984
8, 1, 365, 142, -0.7313348054885864
8, 2, 374, 142, -0.7315235137939453
8, 3, 384, 142, -0.7309077978134155
8, 4, 329, 143, -0.750514566898346
8, 5, 316, 143, -0.7505401372909546
8, 6, 304, 144, -0.7511324286460876
8, 7, 400, 158, -0.21637053787708282
8, 8, 288, 162, -0.29690033197402954
8, 9, 370, 201, -0.6330374479293823
8, 10, 325, 202, -0.6591257452964783
8, 11, 479, 316, 0.06271234154701233
8, 12, 223, 313, -0.1400797814130783
8, 13, 568, 493, -0.577501654624939
8, 14, 87, 488, -0.760002851486206
8, 15, 446, 398, -1.3960440158843994
8, 16, 250, 346, -1.67055344581604
8, 17, 407, 357, -1.5489474534988403
8, 18, 289, 303, -1.7893871068954468
8, 19, 403, 330, -1.4634785652160645
8, 20, 298, 285, -1.5187169313430786
8, 21, 406, 341, -1.380881428718567
8, 22, 293, 299, -1.484606385231018
8, 23, 420, 672, -0.004667303524911404
8, 24, 246, 673, 0.00879264809191227
8, 25, 410, 921, -0.07713015377521515
8, 26, 233, 901, -0.06382691115140915
8, 27, 434, 1190, 0.4262448847293854
8, 28, 261, 1184, 0.21996811032295227
8, 29, 440, 1232, 0.4444686472415924
8, 30, 263, 1225, 0.2272929698228836
8, 31, 417, 1270, -0.12943890690803528
8, 32, 282, 1270, -0.3564140498638153
9, 0, 352, 168, -0.9055101275444031
9, 1, 367, 142, -0.8075702786445618
9, 2, 377, 142, -0.8078668713569641
9, 3, 386, 142, -0.8071917295455933
9, 4, 333, 143, -0.8214131593704224
9, 5, 319, 143, -0.8214747309684753
9, 6, 307, 144, -0.8221685290336609
9, 7, 402, 158, -0.2811400890350342
9, 8, 288, 161, -0.33162471652030945
9, 9, 372, 201, -0.7169829607009888
9, 10, 328, 202, -0.7347835898399353
9, 11, 479, 315, -0.04175984486937523
9, 12, 222, 313, -0.18687768280506134
9, 13, 590, 488, -0.7220118641853333
9, 14, 80, 477, -0.8826352953910828
9, 15, 451, 374, -1.532347559928894
9, 16, 262, 336, -1.6618099212646484
9, 17, 413, 327, -1.6946868896484375
9, 18, 299, 290, -1.825359582901001
9, 19, 408, 309, -1.5685698986053467
9, 20, 311, 281, -1.6809768676757812
9, 21, 413, 325, -1.5050203800201416
9, 22, 308, 297, -1.6157697439193726
9, 23, 440, 673, -0.006425349973142147
9, 24, 250, 677, 0.010248781181871891
9, 25, 446, 955, -0.05071759223937988
9, 26, 258, 948, -0.04384329915046692
9, 27, 459, 1211, 0.4690938889980316
9, 28, 280, 1205, 0.26369187235832214
9, 29, 464, 1247, 0.4855493903160095
9, 30, 278, 1243, 0.2781616747379303
9, 31, 440, 1295, -0.10538247972726822
9, 32, 308, 1288, -0.32961320877075195
10, 0, 354, 168, -1.027358889579773
10, 1, 370, 142, -0.9331277012825012
10, 2, 379, 142, -0.9333728551864624
10, 3, 389, 142, -0.9327276945114136
10, 4, 334, 142, -0.9452493786811829
10, 5, 320, 142, -0.9452711939811707
10, 6, 307, 143, -0.945898175239563
10, 7, 404, 158, -0.395901620388031
10, 8, 288, 161, -0.4390088617801666
10, 9, 373, 201, -0.834164023399353
10, 10, 329, 202, -0.8497961759567261
10, 11, 480, 311, -0.1240212470293045
10, 12, 221, 313, -0.2556649446487427
10, 13, 607, 485, -0.8575276136398315
10, 14, 68, 474, -1.0180704593658447
10, 15, 457, 354, -1.7065032720565796
10, 16, 245, 323, -1.8451125621795654
10, 17, 421, 306, -1.8817552328109741
10, 18, 286, 275, -2.023664951324463
10, 19, 414, 290, -1.7438459396362305
10, 20, 302, 264, -1.8929815292358398
10, 21, 419, 306, -1.6766316890716553
10, 22, 295, 285, -1.8146781921386719
10, 23, 445, 676, -0.009994475170969963
10, 24, 250, 682, 0.01426564622670412
10, 25, 452, 975, 0.0036424703430384398
10, 26, 262, 972, 0.04929548501968384
10, 27, 459, 1229, 0.6289125084877014
10, 28, 281, 1225, 0.4736819863319397
10, 29, 464, 1265, 0.6530585289001465
10, 30, 278, 1263, 0.5005794763565063
10, 31, 441, 1315, 0.03492123261094093
10, 32, 309, 1309, -0.14853337407112122
11, 0, 355, 168, -1.0540683269500732
11, 1, 372, 142, -0.9486082792282104
11, 2, 381, 142, -0.9496367573738098
11, 3, 390, 142, -0.9502047300338745
11, 4, 335, 141, -0.9833756685256958
11, 5, 320, 141, -0.9834284782409668
11, 6, 307, 142, -0.9842322468757629
11, 7, 406, 159, -0.43162041902542114
11, 8, 288, 161, -0.495626837015152
11, 9, 374, 201, -0.8801787495613098
11, 10, 329, 203, -0.8521825075149536
11, 11, 480, 309, -0.2286158800125122
11, 12, 220, 309, -0.2859881818294525
11, 13, 611, 480, -1.0305163860321045
11, 14, 69, 471, -1.0913195610046387
11, 15, 460, 326, -1.842437744140625
11, 16, 239, 308, -1.8810268640518188
11, 17, 423, 263, -2.012575626373291
11, 18, 278, 257, -2.059492588043213
11, 19, 413, 257, -1.8557904958724976
11, 20, 293, 245, -1.9176552295684814
11, 21, 417, 281, -1.8060678243637085
11, 22, 289, 267, -1.8485292196273804
11, 23, 445, 678, -0.03548877313733101
11, 24, 250, 683, 0.040063872933387756
11, 25, 447, 983, 0.03897494450211525
11, 26, 262, 977, 0.09812025725841522
11, 27, 453, 1239, 0.7371498346328735
11, 28, 279, 1233, 0.5862438082695007
11, 29, 458, 1276, 0.7695015668869019
11, 30, 278, 1272, 0.6211632490158081
11, 31, 434, 1324, 0.15191873908042908
11, 32, 305, 1319, -0.04445819929242134
12, 0, 358, 169, -1.0783940553665161
12, 1, 372, 142, -0.9799038171768188
12, 2, 381, 142, -0.980232834815979
12, 3, 390, 142, -0.9799326062202454
12, 4, 337, 141, -0.9895655512809753
12, 5, 322, 142, -0.9895778894424438
12, 6, 309, 143, -0.9901479482650757
12, 7, 407, 159, -0.4693323075771332
12, 8, 288, 162, -0.48256534337997437
12, 9, 375, 203, -0.9000828862190247
12, 10, 333, 204, -0.8924716711044312
12, 11, 479, 311, -0.2802678346633911
12, 12, 220, 310, -0.28754478693008423
12, 13, 608, 475, -1.080674409866333
12, 14, 72, 467, -1.1092467308044434
12, 15, 462, 293, -1.7919390201568604
12, 16, 230, 289, -1.8691056966781616
12, 17, 428, 233, -1.9379069805145264
12, 18, 262, 236, -2.0387351512908936
12, 19, 418, 229, -1.7809242010116577
12, 20, 278, 230, -1.8943856954574585
12, 21, 420, 252, -1.7524244785308838
12, 22, 277, 250, -1.8378320932388306
12, 23, 444, 684, -0.048549070954322815
12, 24, 249, 686, 0.05316127464175224
12, 25, 445, 989, -0.01212859433144331
12, 26, 261, 979, 0.07928736507892609
12, 27, 438, 1246, 0.5882860422134399
12, 28, 261, 1238, 0.4426633417606354
12, 29, 441, 1284, 0.6135205626487732
12, 30, 257, 1279, 0.470914751291275
12, 31, 414, 1331, 0.02126055210828781
12, 32, 285, 1323, -0.1419478952884674
13, 0, 357, 171, -1.130316138267517
13, 1, 372, 142, -1.0445340871810913
13, 2, 381, 142, -1.0444834232330322
13, 3, 390, 143, -1.0440248250961304
13, 4, 337, 143, -1.0190086364746094
13, 5, 322, 144, -1.0193111896514893
13, 6, 309, 145, -1.019405722618103
13, 7, 406, 159, -0.5910959243774414
13, 8, 289, 165, -0.5058842301368713
13, 9, 375, 204, -0.9732658267021179
13, 10, 333, 206, -0.9389740228652954
13, 11, 480, 312, -0.4347798824310303
13, 12, 220, 312, -0.2977835237979889
13, 13, 609, 474, -1.2181341648101807
13, 14, 74, 466, -1.0687373876571655
13, 15, 484, 289, -1.9020112752914429
13, 16, 224, 275, -1.894026517868042
13, 17, 457, 221, -2.057133197784424
13, 18, 234, 215, -2.063023090362549
13, 19, 439, 220, -1.8932430744171143
13, 20, 266, 215, -1.923577070236206
13, 21, 433, 247, -1.8599450588226318
13, 22, 270, 241, -1.871429204940796
13, 23, 444, 694, -0.1191994771361351
13, 24, 254, 695, 0.12318406254053116
13, 25, 442, 1000, -0.2505303919315338
13, 26, 262, 998, 0.216136172413826
13, 27, 438, 1262, 0.4921484589576721
13, 28, 263, 1261, 0.7013865113258362
13, 29, 440, 1301, 0.5342724919319153
13, 30, 259, 1303, 0.7377098798751831
13, 31, 414, 1352, -0.08854841440916061
13, 32, 286, 1349, 0.10049591213464737
14, 0, 354, 171, -1.2852195501327515
14, 1, 369, 143, -1.209596037864685
14, 2, 379, 143, -1.2094104290008545
14, 3, 387, 143, -1.2089078426361084
14, 4, 335, 144, -1.180995225906372
14, 5, 321, 145, -1.181314468383789
14, 6, 308, 147, -1.1813081502914429
14, 7, 404, 160, -0.7560089230537415
14, 8, 289, 167, -0.61976557970047
14, 9, 373, 205, -1.123815655708313
14, 10, 331, 206, -1.0872387886047363
14, 11, 480, 312, -0.5712023377418518
14, 12, 220, 312, -0.3267422020435333
14, 13, 604, 473, -1.3302992582321167
14, 14, 75, 466, -1.0192668437957764
14, 15, 500, 285, -1.9937317371368408
14, 16, 222, 269, -1.814345359802246
14, 17, 482, 216, -2.1432852745056152
14, 18, 212, 210, -1.9771966934204102
14, 19, 457, 216, -1.9802274703979492
14, 20, 252, 212, -1.8496729135513306
14, 21, 444, 246, -1.952417016029358
14, 22, 266, 238, -1.7931900024414062
14, 23, 446, 695, -0.14479881525039673
14, 24, 258, 697, 0.14869683980941772
14, 25, 445, 1003, -0.18103812634944916
14, 26, 271, 1004, 0.3228895962238312
14, 27, 443, 1268, 0.5772726535797119
14, 28, 277, 1271, 0.8487429618835449
14, 29, 447, 1307, 0.6204555034637451
14, 30, 273, 1312, 0.8905767202377319
14, 31, 420, 1359, -0.02944019064307213
14, 32, 299, 1359, 0.22840464115142822
15, 0, 352, 172, -1.2970001697540283
15, 1, 367, 143, -1.2217533588409424
15, 2, 376, 144, -1.2216851711273193
15, 3, 384, 144, -1.2211272716522217
15, 4, 333, 145, -1.1981890201568604
15, 5, 320, 146, -1.1984531879425049
15, 6, 307, 148, -1.1986080408096313
15, 7, 401, 161, -0.7629419565200806
15, 8, 289, 167, -0.6469098925590515
15, 9, 370, 206, -1.1322240829467773
15, 10, 329, 207, -1.102653980255127
15, 11, 480, 312, -0.5738196969032288
15, 12, 220, 312, -0.35285037755966187
15, 13, 601, 472, -1.3636319637298584
15, 14, 78, 464, -1.0844700336456299
15, 15, 502, 285, -2.0803170204162598
15, 16, 219, 276, -1.9630197286605835
15, 17, 486, 216, -2.2435810565948486
15, 18, 209, 216, -2.1382665634155273
15, 19, 461, 217, -2.0900187492370605
15, 20, 247, 216, -2.0073142051696777
15, 21, 447, 247, -2.0444300174713135
15, 22, 264, 243, -1.946541428565979
15, 23, 445, 695, -0.150894433259964
15, 24, 260, 696, 0.1547509878873825
15, 25, 443, 998, -0.17392535507678986
15, 26, 271, 997, 0.2601146697998047
15, 27, 442, 1263, 0.5290656089782715
15, 28, 280, 1263, 0.7052644491195679
15, 29, 446, 1301, 0.5655047297477722
15, 30, 277, 1304, 0.7358163595199585
15, 31, 419, 1350, -0.09397527575492859
15, 32, 301, 1350, 0.08054567128419876
16, 0, 352, 172, -1.263858675956726
16, 1, 367, 143, -1.2014352083206177
16, 2, 376, 143, -1.2007077932357788
16, 3, 384, 144, -1.1999340057373047
16, 4, 333, 145, -1.1482303142547607
16, 5, 320, 146, -1.1480286121368408
16, 6, 307, 148, -1.1477795839309692
16, 7, 401, 161, -0.7060244083404541
16, 8, 289, 167, -0.5675326585769653
16, 9, 370, 206, -1.120147466659546
16, 10, 329, 207, -1.054303765296936
16, 11, 479, 313, -0.4818824231624603
16, 12, 220, 309, -0.32827848196029663
16, 13, 604, 473, -1.2456140518188477
16, 14, 83, 463, -1.0311338901519775
16, 15, 502, 295, -2.004286289215088
16, 16, 218, 284, -1.853009581565857
16, 17, 486, 227, -2.1742868423461914
16, 18, 212, 223, -2.0231995582580566
16, 19, 462, 226, -2.0194554328918457
16, 20, 252, 223, -1.9335054159164429
16, 21, 448, 254, -1.9695494174957275
16, 22, 267, 248, -1.8387506008148193
16, 23, 445, 694, -0.142911896109581
16, 24, 259, 696, 0.1472059190273285
16, 25, 443, 998, -0.07957185059785843
16, 26, 271, 998, 0.4715009331703186
16, 27, 439, 1263, 0.6641120314598083
16, 28, 275, 1262, 1.1129330396652222
16, 29, 443, 1302, 0.7033191919326782
16, 30, 271, 1302, 1.16926109790802
16, 31, 415, 1350, 0.04972485080361366
16, 32, 295, 1350, 0.5059627294540405
17, 0, 352, 172, -1.147373914718628
17, 1, 367, 143, -1.069923996925354
17, 2, 376, 143, -1.0695469379425049
17, 3, 384, 144, -1.068648099899292
17, 4, 333, 145, -1.0436936616897583
17, 5, 320, 146, -1.0435303449630737
17, 6, 307, 148, -1.0436006784439087
17, 7, 401, 161, -0.5974819660186768
17, 8, 289, 167, -0.4910241961479187
17, 9, 370, 206, -0.9899689555168152
17, 10, 329, 207, -0.9532493352890015
17, 11, 480, 311, -0.4280168116092682
17, 12, 220, 309, -0.2962152361869812
17, 13, 602, 478, -1.1498111486434937
17, 14, 88, 464, -1.00142502784729
17, 15, 500, 299, -1.916583776473999
17, 16, 218, 293, -1.7479759454727173
17, 17, 482, 235, -2.084789276123047
17, 18, 218, 233, -1.923174262046814
17, 19, 460, 230, -1.9408369064331055
17, 20, 253, 228, -1.7873790264129639
17, 21, 448, 255, -1.8863372802734375
17, 22, 267, 252, -1.7265326976776123
17, 23, 450, 694, -0.13621269166469574
17, 24, 259, 695, 0.13990747928619385
17, 25, 449, 997, 0.08206336200237274
17, 26, 270, 997, 0.3841424286365509
17, 27, 449, 1260, 0.8866273164749146
17, 28, 277, 1259, 1.008203387260437
17, 29, 453, 1299, 0.9318305253982544
17, 30, 273, 1299, 1.0626113414764404
17, 31, 429, 1347, 0.30472737550735474
17, 32, 299, 1346, 0.4017466604709625
18, 0, 352, 172, -1.1308486461639404
18, 1, 367, 143, -1.0473829507827759
18, 2, 376, 143, -1.0471432209014893
18, 3, 384, 143, -1.0463135242462158
18, 4, 333, 145, -1.0338250398635864
18, 5, 320, 146, -1.033745288848877
18, 6, 307, 148, -1.0339434146881104
18, 7, 401, 160, -0.5690504312515259
18, 8, 289, 167, -0.5015419721603394
18, 9, 370, 205, -0.9657875299453735
18, 10, 329, 207, -0.9454266428947449
18, 11, 480, 311, -0.3799798786640167
18, 12, 221, 309, -0.30065828561782837
18, 13, 601, 481, -1.1164766550064087
18, 14, 87, 471, -0.9926406145095825
18, 15, 501, 313, -1.8687795400619507
18, 16, 218, 300, -1.7556833028793335
18, 17, 480, 250, -2.034972667694092
18, 18, 218, 240, -1.9334328174591064
18, 19, 461, 241, -1.8976646661758423
18, 20, 253, 233, -1.7956206798553467
18, 21, 449, 266, -1.8405078649520874
18, 22, 266, 257, -1.7344239950180054
18, 23, 455, 694, -0.11206881701946259
18, 24, 260, 695, 0.11670814454555511
18, 25, 459, 996, 0.11060978472232819
18, 26, 275, 997, 0.2970573604106903
18, 27, 465, 1258, 0.8978457450866699
18, 28, 285, 1258, 0.859348475933075
18, 29, 471, 1298, 0.9407790899276733
18, 30, 282, 1299, 0.9049700498580933
18, 31, 447, 1345, 0.3241950273513794
18, 32, 309, 1345, 0.2500878870487213
19, 0, 352, 171, -1.0989820957183838
19, 1, 367, 142, -1.0128905773162842
19, 2, 376, 142, -1.0126718282699585
19, 3, 384, 143, -1.0117262601852417
19, 4, 332, 144, -1.0040065050125122
19, 5, 319, 146, -1.0040514469146729
19, 6, 306, 147, -1.0042879581451416
19, 7, 402, 159, -0.538360059261322
19, 8, 288, 166, -0.49069443345069885
19, 9, 370, 204, -0.9338577389717102
19, 10, 329, 206, -0.921840488910675
19, 11, 481, 313, -0.33635562658309937
19, 12, 220, 310, -0.28347092866897583
19, 13, 600, 491, -1.0650198459625244
19, 14, 87, 480, -0.9553583860397339
19, 15, 500, 314, -1.8464218378067017
19, 16, 216, 304, -1.7534782886505127
19, 17, 479, 262, -2.0089359283447266
19, 18, 219, 247, -1.9305613040924072
19, 19, 460, 253, -1.8764269351959229
19, 20, 251, 239, -1.7934825420379639
19, 21, 449, 276, -1.8192447423934937
19, 22, 266, 263, -1.7323144674301147
19, 23, 454, 692, -0.09563271701335907
19, 24, 259, 694, 0.10059712827205658
19, 25, 457, 994, 0.015777017921209335
19, 26, 273, 995, 0.17536196112632751
19, 27, 464, 1253, 0.644081711769104
19, 28, 284, 1256, 0.5764029622077942
19, 29, 469, 1293, 0.6711076498031616
19, 30, 282, 1296, 0.6028547883033752
19, 31, 446, 1338, 0.052050136029720306
19, 32, 308, 1340, -0.04271929711103439
20, 0, 351, 171, -1.0623066425323486
20, 1, 367, 142, -0.9852639436721802
20, 2, 376, 142, -0.9852403402328491
20, 3, 384, 142, -0.9845091700553894
20, 4, 331, 144, -0.9794166684150696
20, 5, 317, 145, -0.97943514585495
20, 6, 304, 147, -0.979838490486145
20, 7, 402, 157, -0.509784460067749
20, 8, 287, 165, -0.47497081756591797
20, 9, 370, 203, -0.8896529078483582
20, 10, 329, 206, -0.8821767568588257
20, 11, 482, 312, -0.24431276321411133
20, 12, 217, 309, -0.21946009993553162
20, 13, 599, 495, -0.9083091020584106
20, 14, 85, 490, -0.8098799586296082
20, 15, 499, 355, -1.7838577032089233
20, 16, 213, 317, -1.654110312461853
20, 17, 477, 298, -1.9456199407577515
20, 18, 228, 256, -1.8235604763031006
20, 19, 456, 271, -1.8219972848892212
20, 20, 253, 244, -1.7066580057144165
20, 21, 448, 285, -1.758819341659546
20, 22, 265, 266, -1.6342449188232422
20, 23, 453, 685, -0.08418945223093033
20, 24, 259, 689, 0.0889400988817215
20, 25, 456, 987, 0.0042182765901088715
20, 26, 273, 989, 0.10273945331573486
20, 27, 464, 1242, 0.5918763875961304
20, 28, 284, 1245, 0.49428215622901917
20, 29, 469, 1280, 0.6171428561210632
20, 30, 282, 1284, 0.5185641646385193
20, 31, 446, 1327, -0.0012134939897805452
20, 32, 308, 1329, -0.1207447424530983
21, 0, 350, 167, -1.058968186378479
21, 1, 366, 140, -0.983082115650177
21, 2, 376, 140, -0.9831215739250183
21, 3, 384, 140, -0.9824692010879517
21, 4, 330, 141, -0.9880456924438477
21, 5, 316, 142, -0.9879490733146667
21, 6, 303, 144, -0.9884778261184692
21, 7, 401, 155, -0.478834867477417
21, 8, 286, 163, -0.4885128438472748
21, 9, 370, 198, -0.8735843896865845
21, 10, 328, 201, -0.8825785517692566
21, 11, 481, 306, -0.13924764096736908
21, 12, 218, 306, -0.24448850750923157
21, 13, 591, 494, -0.7445042133331299
21, 14, 85, 488, -0.8572017550468445
21, 15, 494, 390, -1.7613470554351807
21, 16, 213, 343, -1.7731513977050781
21, 17, 462, 358, -1.9383957386016846
21, 18, 231, 290, -1.9581886529922485
21, 19, 444, 323, -1.829357385635376
21, 20, 253, 266, -1.8657230138778687
21, 21, 441, 328, -1.7486377954483032
21, 22, 265, 283, -1.7575485706329346
21, 23, 448, 671, -0.03980565443634987
21, 24, 255, 676, 0.044001854956150055
21, 25, 455, 965, 0.016469743102788925
21, 26, 265, 966, 0.05982646346092224
21, 27, 462, 1218, 0.5996078848838806
21, 28, 282, 1219, 0.4972347319126129
21, 29, 467, 1253, 0.6318588852882385
21, 30, 279, 1254, 0.5246223211288452
21, 31, 444, 1303, 0.00981410313397646
21, 32, 308, 1300, -0.1391804814338684
22, 0, 348, 165, -1.052935004234314
22, 1, 364, 140, -0.9648927450180054
22, 2, 374, 140, -0.9651480913162231
22, 3, 383, 140, -0.9647219777107239
22, 4, 329, 140, -0.9870947599411011
22, 5, 315, 141, -0.9871266484260559
22, 6, 302, 143, -0.9876943826675415
22, 7, 400, 155, -0.40919142961502075
22, 8, 286, 161, -0.4946172833442688
22, 9, 370, 198, -0.8450227975845337
22, 10, 327, 199, -0.8766342997550964
22, 11, 480, 307, -0.025160903111100197
22, 12, 220, 310, -0.27361875772476196
22, 13, 570, 483, -0.5032013654708862
22, 14, 95, 484, -0.8603092432022095
22, 15, 482, 452, -1.421388864517212
22, 16, 215, 354, -1.788758635520935
22, 17, 442, 435, -1.5791343450546265
22, 18, 244, 330, -1.9704978466033936
22, 19, 428, 404, -1.527881145477295
22, 20, 263, 310, -1.890244483947754
22, 21, 432, 410, -1.4246675968170166
22, 22, 265, 318, -1.7741687297821045
22, 23, 439, 672, 0.013444088399410248
22, 24, 255, 677, -0.009339534677565098
22, 25, 434, 951, 0.006241302937269211
22, 26, 260, 947, -0.08240501582622528
22, 27, 455, 1217, 0.5460773706436157
22, 28, 281, 1216, 0.2691318392753601
22, 29, 460, 1257, 0.5643950700759888
22, 30, 279, 1255, 0.2786381244659424
22, 31, 443, 1295, -0.03351230546832085
22, 32, 307, 1298, -0.3635556101799011
23, 0, 347, 165, -1.214045763015747
23, 1, 364, 140, -1.1217429637908936
23, 2, 374, 140, -1.1221866607666016
23, 3, 382, 140, -1.1218500137329102
23, 4, 327, 140, -1.1461485624313354
23, 5, 314, 141, -1.1463149785995483
23, 6, 301, 143, -1.1469833850860596
23, 7, 400, 155, -0.5286756157875061
23, 8, 286, 161, -0.6435521841049194
23, 9, 370, 198, -0.9925874471664429
23, 10, 327, 199, -1.026719331741333
23, 11, 479, 307, -0.146638885140419
23, 12, 221, 320, -0.37605878710746765
23, 13, 565, 481, -0.6380137205123901
23, 14, 107, 483, -0.9687085151672363
23, 15, 466, 465, -1.5075888633728027
23, 16, 215, 439, -1.9633519649505615
23, 17, 427, 469, -1.6610819101333618
23, 18, 244, 404, -2.1472854614257812
23, 19, 414, 433, -1.6061675548553467
23, 20, 261, 384, -2.094193935394287
23, 21, 416, 433, -1.5068094730377197
23, 22, 262, 395, -1.9608262777328491
23, 23, 439, 676, -0.009412107057869434
23, 24, 256, 682, 0.01361890323460102
23, 25, 435, 955, -0.07760846614837646
23, 26, 262, 948, -0.0673091858625412
23, 27, 456, 1220, 0.47464388608932495
23, 28, 289, 1218, 0.30135250091552734
23, 29, 461, 1259, 0.48927927017211914
23, 30, 289, 1257, 0.3140815794467926
23, 31, 442, 1301, -0.1398424357175827
23, 32, 314, 1301, -0.3448459506034851
24, 0, 347, 165, -1.488275170326233
24, 1, 363, 140, -1.413930058479309
24, 2, 374, 140, -1.4141913652420044
24, 3, 382, 140, -1.4142862558364868
24, 4, 327, 140, -1.4268274307250977
24, 5, 313, 141, -1.4271794557571411
24, 6, 301, 142, -1.427771806716919
24, 7, 399, 155, -0.8777968287467957
24, 8, 286, 161, -0.9374605417251587
24, 9, 369, 198, -1.278866171836853
24, 10, 326, 199, -1.2980122566223145
24, 11, 479, 307, -0.4951455593109131
24, 12, 221, 319, -0.5392630100250244
24, 13, 559, 483, -0.7433005571365356
24, 14, 94, 473, -0.9622339010238647
24, 15, 454, 524, -1.402722716331482
24, 16, 213, 443, -1.8417551517486572
24, 17, 419, 543, -1.529466986656189
24, 18, 244, 440, -1.9812418222427368
24, 19, 405, 511, -1.5048959255218506
24, 20, 260, 424, -2.0186104774475098
24, 21, 411, 507, -1.4042140245437622
24, 22, 256, 425, -1.8528283834457397
24, 23, 434, 672, -0.013285564258694649
24, 24, 256, 676, 0.018635254353284836
24, 25, 422, 920, -0.23258869349956512
24, 26, 260, 906, -0.11751379817724228
24, 27, 453, 1199, 0.28526896238327026
24, 28, 288, 1186, 0.20610074698925018
24, 29, 460, 1243, 0.29858094453811646
24, 30, 289, 1227, 0.21262522041797638
24, 31, 440, 1274, -0.3097700774669647
24, 32, 312, 1269, -0.41246113181114197
25, 0, 347, 165, -1.4053432941436768
25, 1, 363, 140, -1.3403491973876953
25, 2, 374, 140, -1.3407219648361206
25, 3, 382, 140, -1.34102463722229
25, 4, 327, 140, -1.3483729362487793
25, 5, 313, 141, -1.3482656478881836
25, 6, 301, 142, -1.3488861322402954
25, 7, 399, 155, -0.8536581993103027
25, 8, 286, 161, -0.8858820199966431
25, 9, 370, 198, -1.2176766395568848
25, 10, 326, 199, -1.2272318601608276
25, 11, 479, 308, -0.5001327395439148
25, 12, 221, 318, -0.537545919418335
25, 13, 543, 483, -0.42131853103637695
25, 14, 95, 464, -0.49607500433921814
25, 15, 569, 688, -0.8343764543533325
25, 16, -4, 607, -0.9827688336372375
25, 17, 591, 739, -0.9454385638237
25, 18, -37, 649, -1.1103588342666626
25, 19, 575, 741, -1.0628914833068848
25, 20, -19, 649, -1.2569797039031982
25, 21, 557, 724, -0.902323842048645
25, 22, 0, 639, -1.0626778602600098
25, 23, 435, 683, -0.02100394293665886
25, 24, 258, 686, 0.026126686483621597
25, 25, 423, 981, -0.161686971783638
25, 26, 260, 975, -0.0906611829996109
25, 27, 446, 1258, 0.42303338646888733
25, 28, 281, 1255, 0.31153950095176697
25, 29, 452, 1300, 0.44429880380630493
25, 30, 282, 1298, 0.32870611548423767
25, 31, 422, 1337, -0.1815580427646637
25, 32, 303, 1335, -0.3736904561519623
26, 0, 348, 165, -1.3392863273620605
26, 1, 364, 140, -1.2710411548614502
26, 2, 374, 140, -1.271388053894043
26, 3, 383, 140, -1.2716426849365234
26, 4, 327, 140, -1.2774038314819336
26, 5, 314, 141, -1.2772116661071777
26, 6, 302, 142, -1.277806043624878
26, 7, 399, 156, -0.7845646142959595
26, 8, 287, 161, -0.809094250202179
26, 9, 370, 198, -1.1537076234817505
26, 10, 326, 199, -1.1609054803848267
26, 11, 480, 310, -0.4383974075317383
26, 12, 221, 318, -0.48491281270980835
26, 13, 538, 482, -0.3269110321998596
26, 14, 96, 463, -0.41483622789382935
26, 15, 588, 698, -0.7420934438705444
26, 16, -3, 626, -0.9016423225402832
26, 17, 614, 748, -0.8528323173522949
26, 18, -33, 670, -1.032189965248108
26, 19, 597, 752, -0.9698829650878906
26, 20, -11, 671, -1.1654176712036133
26, 21, 577, 736, -0.8108633756637573
26, 22, 6, 661, -0.9763098955154419
26, 23, 435, 693, -0.03273222595453262
26, 24, 259, 694, 0.037908885627985
26, 25, 425, 1002, -0.14620432257652283
26, 26, 258, 999, -0.06887153536081314
26, 27, 438, 1276, 0.46551260352134705
26, 28, 272, 1275, 0.3425670266151428
26, 29, 442, 1318, 0.48744887113571167
26, 30, 272, 1317, 0.36063870787620544
26, 31, 410, 1356, -0.15231510996818542
26, 32, 293, 1356, -0.3515460789203644
27, 0, 348, 166, -1.437491774559021
27, 1, 364, 140, -1.3712849617004395
27, 2, 374, 140, -1.3716199398040771
27, 3, 383, 140, -1.3719731569290161
27, 4, 328, 140, -1.3787968158721924
27, 5, 314, 141, -1.3786298036575317
27, 6, 302, 143, -1.379252552986145
27, 7, 399, 156, -0.8770103454589844
27, 8, 287, 161, -0.9089184999465942
27, 9, 370, 198, -1.2486474514007568
27, 10, 326, 200, -1.2574069499969482
27, 11, 480, 311, -0.5042077898979187
27, 12, 220, 318, -0.565192699432373
27, 13, 534, 485, -0.3839258849620819
27, 14, 97, 462, -0.4942994713783264
27, 15, 591, 704, -0.7959468364715576
27, 16, 7, 649, -0.9702572822570801
27, 17, 616, 753, -0.9068309664726257
27, 18, -19, 696, -1.0978606939315796
27, 19, 600, 757, -1.0244319438934326
27, 20, 3, 698, -1.2306040525436401
27, 21, 581, 741, -0.8641737103462219
27, 22, 21, 686, -1.0429010391235352
27, 23, 435, 696, -0.03779783099889755
27, 24, 258, 696, 0.042694784700870514
27, 25, 424, 1008, -0.14057716727256775
27, 26, 254, 1005, -0.06416882574558258
27, 27, 430, 1283, 0.48338133096694946
27, 28, 264, 1281, 0.36118319630622864
27, 29, 434, 1324, 0.5056535601615906
27, 30, 264, 1323, 0.38091742992401123
27, 31, 401, 1364, -0.142958402633667
27, 32, 285, 1363, -0.34040331840515137
