0, 0, 301, 150, -0.6645739078521729
0, 1, 318, 131, -0.5994918346405029
0, 2, 328, 132, -0.5992780923843384
0, 3, 337, 134, -0.598996102809906
0, 4, 287, 131, -0.609414279460907
0, 5, 274, 131, -0.6089980602264404
0, 6, 262, 132, -0.6095162034034729
0, 7, 353, 151, -0.27184802293777466
0, 8, 247, 150, -0.3159201443195343
0, 9, 320, 179, -0.5499022006988525
0, 10, 279, 182, -0.5629569292068481
0, 11, 432, 280, -0.15562036633491516
0, 12, 166, 311, -0.20101706683635712
0, 13, 531, 438, -0.5115374326705933
0, 14, 64, 478, -0.3854202330112457
0, 15, 450, 448, -1.188533067703247
0, 16, -12, 599, -0.9488431215286255
0, 17, 419, 453, -1.323783040046692
0, 18, -37, 647, -1.0509002208709717
0, 19, 400, 417, -1.279178500175476
0, 20, -8, 637, -1.1227777004241943
0, 21, 405, 412, -1.190055251121521
0, 22, 4, 623, -0.9997105598449707
0, 23, 409, 628, 0.013364473357796669
0, 24, 230, 643, -0.008170470595359802
0, 25, 419, 900, 0.0900583416223526
0, 26, 245, 918, 0.07401300966739655
0, 27, 432, 1142, 0.6281970143318176
0, 28, 266, 1154, 0.4555005431175232
0, 29, 438, 1186, 0.6546202898025513
0, 30, 260, 1195, 0.4743150770664215
0, 31, 424, 1213, 0.1574173867702484
0, 32, 316, 1225, -0.07874033600091934
1, 0, 301, 151, -0.7579818367958069
1, 1, 318, 132, -0.6891180276870728
1, 2, 328, 133, -0.6889607310295105
1, 3, 336, 135, -0.6886026263237
1, 4, 287, 131, -0.6910731792449951
1, 5, 274, 131, -0.6905161738395691
1, 6, 263, 132, -0.6908777356147766
1, 7, 353, 152, -0.3215314447879791
1, 8, 248, 151, -0.33544808626174927
1, 9, 320, 180, -0.6289913058280945
1, 10, 279, 182, -0.6327646970748901
1, 11, 432, 282, -0.1738884150981903
1, 12, 166, 311, -0.17299549281597137
1, 13, 531, 441, -0.5521364212036133
1, 14, 64, 476, -0.3164840340614319
1, 15, 454, 445, -1.2758166790008545
1, 16, -12, 595, -0.9297608137130737
1, 17, 421, 449, -1.4165408611297607
1, 18, -37, 642, -1.0349012613296509
1, 19, 403, 409, -1.3728690147399902
1, 20, -9, 634, -1.1123920679092407
1, 21, 409, 405, -1.2792335748672485
1, 22, 3, 620, -0.984978199005127
1, 23, 406, 635, -0.021446194499731064
1, 24, 225, 646, 0.027239639312028885
1, 25, 408, 913, -0.03194579482078552
1, 26, 235, 923, 0.027428939938545227
1, 27, 414, 1163, 0.47543177008628845
1, 28, 248, 1167, 0.35133281350135803
1, 29, 420, 1205, 0.49612775444984436
1, 30, 244, 1208, 0.36340418457984924
1, 31, 393, 1239, -0.04692237824201584
1, 32, 285, 1244, -0.23306147754192352
2, 0, 301, 152, -0.6582967638969421
2, 1, 318, 133, -0.6027835011482239
2, 2, 328, 134, -0.6025480031967163
2, 3, 336, 136, -0.6022996306419373
2, 4, 287, 131, -0.5972950458526611
2, 5, 275, 132, -0.5966561436653137
2, 6, 264, 133, -0.5969823598861694
2, 7, 353, 153, -0.2869691252708435
2, 8, 249, 151, -0.2663387358188629
2, 9, 320, 182, -0.5467286705970764
2, 10, 279, 183, -0.5403615832328796
2, 11, 435, 284, -0.17296788096427917
2, 12, 166, 311, -0.12664560973644257
2, 13, 531, 443, -0.588944137096405
2, 14, 68, 474, -0.24431490898132324
2, 15, 479, 435, -1.2677867412567139
2, 16, -11, 593, -0.7516401410102844
2, 17, 443, 438, -1.3960039615631104
2, 18, -37, 637, -0.827217698097229
2, 19, 434, 394, -1.3474987745285034
2, 20, -10, 631, -0.8933944702148438
2, 21, 434, 392, -1.2662427425384521
2, 22, 3, 617, -0.801226794719696
2, 23, 405, 642, -0.04536270350217819
2, 24, 223, 649, 0.051010191440582275
2, 25, 408, 923, -0.037318289279937744
2, 26, 234, 930, 0.05756603926420212
2, 27, 415, 1174, 0.4521908164024353
2, 28, 248, 1177, 0.36759981513023376
2, 29, 421, 1215, 0.4759182035923004
2, 30, 244, 1217, 0.3803170323371887
2, 31, 395, 1252, -0.023607764393091202
2, 32, 284, 1256, -0.18157145380973816
3, 0, 301, 156, -0.5795198678970337
3, 1, 318, 135, -0.529682993888855
3, 2, 328, 136, -0.5297131538391113
3, 3, 336, 138, -0.5294681191444397
3, 4, 287, 134, -0.5242912769317627
3, 5, 275, 135, -0.5236366987228394
3, 6, 264, 136, -0.5238463878631592
3, 7, 353, 156, -0.21987858414649963
3, 8, 249, 153, -0.194692462682724
3, 9, 320, 186, -0.46944814920425415
3, 10, 279, 186, -0.4621216654777527
3, 11, 431, 285, -0.10248402506113052
3, 12, 169, 311, -0.04253307729959488
3, 13, 525, 435, -0.49689024686813354
3, 14, 104, 466, -0.28500106930732727
3, 15, 498, 415, -1.1685138940811157
3, 16, 27, 472, -1.1593711376190186
3, 17, 496, 400, -1.305040955543518
3, 18, -17, 464, -1.2983659505844116
3, 19, 475, 376, -1.2768301963806152
3, 20, -7, 440, -1.3377081155776978
3, 21, 460, 381, -1.1806119680404663
3, 22, 23, 450, -1.2052946090698242
3, 23, 398, 641, -0.04580065980553627
3, 24, 221, 645, 0.05105431005358696
3, 25, 398, 923, -0.09949447214603424
3, 26, 232, 925, 0.020459260791540146
3, 27, 406, 1169, 0.28118324279785156
3, 28, 243, 1176, 0.1955493837594986
3, 29, 412, 1213, 0.29009443521499634
3, 30, 239, 1211, 0.1977829486131668
3, 31, 385, 1246, -0.18952569365501404
3, 32, 271, 1252, -0.3378087282180786
4, 0, 301, 158, -0.7879480123519897
4, 1, 318, 137, -0.7269120812416077
4, 2, 327, 138, -0.7271794676780701
4, 3, 337, 139, -0.7269128561019897
4, 4, 287, 136, -0.7305617332458496
4, 5, 275, 137, -0.7299861907958984
4, 6, 264, 138, -0.7301902174949646
4, 7, 353, 157, -0.3310421109199524
4, 8, 249, 154, -0.331323504447937
4, 9, 320, 188, -0.6451670527458191
4, 10, 280, 188, -0.646632194519043
4, 11, 429, 285, -0.11471917480230331
4, 12, 172, 311, -0.1636699140071869
4, 13, 525, 398, -0.4827798902988434
4, 14, 108, 456, -0.7467447519302368
4, 15, 605, 392, -1.1749974489212036
4, 16, 18, 404, -1.7686941623687744
4, 17, 642, 387, -1.2994513511657715
4, 18, -19, 392, -1.925023078918457
4, 19, 623, 370, -1.2915221452713013
4, 20, -9, 367, -1.9563812017440796
4, 21, 600, 378, -1.189739465713501
4, 22, 21, 384, -1.8139450550079346
4, 23, 397, 640, -0.04514268413186073
4, 24, 220, 645, 0.05013167858123779
4, 25, 399, 921, -0.15988510847091675
4, 26, 232, 924, 0.03536923602223396
4, 27, 408, 1168, 0.23833498358726501
4, 28, 244, 1175, 0.2692829966545105
4, 29, 414, 1211, 0.24372048676013947
4, 30, 240, 1207, 0.27533501386642456
4, 31, 389, 1245, -0.28863590955734253
4, 32, 278, 1250, -0.28295430541038513
5, 0, 302, 159, -0.5956171154975891
5, 1, 318, 137, -0.5479041337966919
5, 2, 328, 138, -0.5480078458786011
5, 3, 337, 139, -0.5475075244903564
5, 4, 287, 136, -0.541037380695343
5, 5, 275, 137, -0.5402963757514954
5, 6, 265, 138, -0.5404232740402222
5, 7, 354, 157, -0.2245200127363205
5, 8, 249, 154, -0.1882529854774475
5, 9, 321, 189, -0.48146072030067444
5, 10, 280, 188, -0.4715518355369568
5, 11, 429, 286, -0.0880570188164711
5, 12, 175, 310, -0.061837635934352875
5, 13, 513, 407, -0.574743390083313
5, 14, 104, 448, -0.5735344290733337
5, 15, 565, 355, -1.3353344202041626
5, 16, 15, 342, -1.4667274951934814
5, 17, 588, 338, -1.47139310836792
5, 18, -24, 309, -1.6139576435089111
5, 19, 565, 308, -1.4445561170578003
5, 20, -11, 275, -1.613202452659607
5, 21, 553, 317, -1.3549020290374756
5, 22, 17, 294, -1.5015968084335327
5, 23, 396, 640, -0.04025161266326904
5, 24, 217, 642, 0.04535344988107681
5, 25, 397, 917, -0.09964264929294586
5, 26, 230, 919, 0.053107790648937225
5, 27, 405, 1162, 0.2982194125652313
5, 28, 238, 1166, 0.29322054982185364
5, 29, 410, 1198, 0.30842524766921997
5, 30, 234, 1195, 0.3031010031700134
5, 31, 385, 1240, -0.17409247159957886
5, 32, 269, 1244, -0.24037864804267883
6, 0, 303, 160, -0.8720155954360962
6, 1, 319, 138, -0.8064435124397278
6, 2, 329, 139, -0.8064583539962769
6, 3, 338, 140, -0.8059666752815247
6, 4, 288, 137, -0.8002826571464539
6, 5, 275, 137, -0.7996594309806824
6, 6, 265, 138, -0.7998722791671753
6, 7, 356, 157, -0.3957793414592743
6, 8, 249, 154, -0.3548209071159363
6, 9, 323, 190, -0.7276856899261475
6, 10, 281, 190, -0.7181199789047241
6, 11, 429, 286, -0.13527807593345642
6, 12, 178, 309, -0.14951097965240479
6, 13, 548, 411, -0.6092656850814819
6, 14, 86, 440, -0.690841555595398
6, 15, 567, 323, -1.3914207220077515
6, 16, 0, 296, -1.5782004594802856
6, 17, 577, 281, -1.5263627767562866
6, 18, -40, 245, -1.7226969003677368
6, 19, 556, 261, -1.4707210063934326
6, 20, -22, 225, -1.6973893642425537
6, 21, 546, 276, -1.396794080734253
6, 22, 7, 244, -1.6019960641860962
6, 23, 396, 639, -0.04401468485593796
6, 24, 214, 641, 0.04943130165338516
6, 25, 395, 916, -0.08850683271884918
6, 26, 225, 920, 0.1776846945285797
6, 27, 398, 1163, 0.3623117506504059
6, 28, 228, 1166, 0.6121848821640015
6, 29, 404, 1199, 0.3762797713279724
6, 30, 222, 1195, 0.6446527242660522
6, 31, 376, 1241, -0.12840308248996735
6, 32, 260, 1245, 0.05386415868997574
7, 0, 304, 160, -0.8995866775512695
7, 1, 321, 137, -0.8297419548034668
7, 2, 331, 139, -0.8295356035232544
7, 3, 341, 140, -0.8290432095527649
7, 4, 288, 137, -0.8220797777175903
7, 5, 276, 137, -0.821581244468689
7, 6, 266, 138, -0.8218092918395996
7, 7, 359, 157, -0.40872710943222046
7, 8, 250, 155, -0.36456090211868286
7, 9, 324, 190, -0.7534085512161255
7, 10, 281, 190, -0.7422971129417419
7, 11, 429, 285, -0.15562042593955994
7, 12, 179, 305, -0.15905754268169403
7, 13, 578, 401, -0.5895522236824036
7, 14, 72, 423, -0.7140792608261108
7, 15, 560, 276, -1.2266955375671387
7, 16, 8, 263, -1.5886181592941284
7, 17, 560, 225, -1.3320820331573486
7, 18, -26, 208, -1.737790822982788
7, 19, 540, 211, -1.2318387031555176
7, 20, -5, 192, -1.6844619512557983
7, 21, 532, 231, -1.2056008577346802
7, 22, 16, 215, -1.6008450984954834
7, 23, 399, 640, -0.05072843283414841
7, 24, 215, 641, 0.05584326386451721
7, 25, 396, 921, -0.0013660859549418092
7, 26, 226, 926, 0.23392406105995178
7, 27, 401, 1169, 0.5765196084976196
7, 28, 230, 1173, 0.7156928777694702
7, 29, 407, 1205, 0.6039999723434448
7, 30, 224, 1206, 0.7539892792701721
7, 31, 380, 1251, 0.060522954910993576
7, 32, 264, 1258, 0.1532154232263565
8, 0, 306, 160, -0.7549158334732056
8, 1, 325, 137, -0.6925950050354004
8, 2, 335, 139, -0.6918858289718628
8, 3, 345, 140, -0.6912002563476562
8, 4, 290, 137, -0.6710796356201172
8, 5, 278, 137, -0.6707980632781982
8, 6, 267, 138, -0.6707680225372314
8, 7, 362, 157, -0.3520202040672302
8, 8, 251, 155, -0.25578027963638306
8, 9, 327, 191, -0.6447559595108032
8, 10, 283, 191, -0.6146436333656311
8, 11, 431, 283, -0.15488502383232117
8, 12, 180, 301, -0.043446850031614304
8, 13, 583, 395, -0.5587647557258606
8, 14, 48, 405, -0.5527539253234863
8, 15, 552, 249, -0.8955925107002258
8, 16, 45, 228, -1.1078877449035645
8, 17, 549, 191, -0.9761147499084473
8, 18, 29, 174, -1.2241134643554688
8, 19, 528, 182, -0.8466483354568481
8, 20, 49, 156, -1.0900452136993408
8, 21, 523, 202, -0.859808087348938
8, 22, 66, 179, -1.0857793092727661
8, 23, 402, 637, -0.05958779901266098
8, 24, 216, 638, 0.06464792788028717
8, 25, 397, 920, 0.027333179488778114
8, 26, 227, 922, 0.2682415843009949
8, 27, 402, 1165, 0.5576944351196289
8, 28, 233, 1167, 0.7159279584884644
8, 29, 407, 1197, 0.5809778571128845
8, 30, 227, 1197, 0.7520728707313538
8, 31, 382, 1249, 0.05709518864750862
8, 32, 267, 1256, 0.18750764429569244
9, 0, 307, 161, -0.7072042226791382
9, 1, 326, 138, -0.6388317346572876
9, 2, 336, 139, -0.6379938125610352
9, 3, 346, 141, -0.6372632384300232
9, 4, 292, 137, -0.6236515045166016
9, 5, 279, 137, -0.6234994530677795
9, 6, 269, 138, -0.6234572529792786
9, 7, 363, 158, -0.29822713136672974
9, 8, 252, 155, -0.22774453461170197
9, 9, 328, 193, -0.5974698662757874
9, 10, 284, 193, -0.5751641392707825
9, 11, 430, 284, -0.1206604465842247
9, 12, 184, 298, -0.03455328196287155
9, 13, 583, 388, -0.4248587489128113
9, 14, 42, 403, -0.5295864939689636
9, 15, 504, 235, -0.5971212387084961
9, 16, 98, 234, -1.007167100906372
9, 17, 500, 189, -0.6546283960342407
9, 18, 95, 176, -1.1222525835037231
9, 19, 477, 183, -0.515956461429596
9, 20, 116, 164, -0.9693206548690796
9, 21, 470, 202, -0.5558037161827087
9, 22, 130, 189, -0.9750889539718628
9, 23, 397, 623, -0.05626094341278076
9, 24, 212, 623, 0.06127796694636345
9, 25, 390, 908, 0.049060266464948654
9, 26, 226, 905, 0.22867922484874725
9, 27, 393, 1147, 0.578446626663208
9, 28, 227, 1148, 0.6366571187973022
9, 29, 398, 1177, 0.6012595295906067
9, 30, 221, 1179, 0.6676061153411865
9, 31, 371, 1236, 0.07730747014284134
9, 32, 257, 1238, 0.09199739992618561
10, 0, 308, 163, -0.5896706581115723
10, 1, 326, 138, -0.5192757844924927
10, 2, 336, 139, -0.5188858509063721
10, 3, 346, 141, -0.5183872580528259
10, 4, 294, 137, -0.5118230581283569
10, 5, 282, 138, -0.5116365551948547
10, 6, 271, 139, -0.5118740797042847
10, 7, 363, 159, -0.17044663429260254
10, 8, 253, 157, -0.12450871616601944
10, 9, 328, 195, -0.4748450219631195
10, 10, 287, 196, -0.4625929296016693
10, 11, 429, 284, -0.051642097532749176
10, 12, 195, 298, 0.024010032415390015
10, 13, 579, 385, -0.4218566417694092
10, 14, 47, 410, -0.5019296407699585
10, 15, 453, 237, -0.6174817085266113
10, 16, 157, 251, -1.026946783065796
10, 17, 444, 193, -0.6845475435256958
10, 18, 152, 195, -1.1515759229660034
10, 19, 422, 194, -0.5509579181671143
10, 20, 170, 192, -1.0284507274627686
10, 21, 416, 212, -0.5774186849594116
10, 22, 182, 216, -1.0056309700012207
10, 23, 397, 620, -0.05588565021753311
10, 24, 218, 621, 0.06045519560575485
10, 25, 391, 901, -0.0015112572582438588
10, 26, 234, 900, 0.19078150391578674
10, 27, 396, 1141, 0.44686731696128845
10, 28, 230, 1143, 0.487025648355484
10, 29, 401, 1171, 0.45924144983291626
10, 30, 223, 1175, 0.507908284664154
10, 31, 375, 1227, -0.056811027228832245
10, 32, 261, 1232, -0.05496042221784592
11, 0, 310, 165, -0.6462843418121338
11, 1, 326, 139, -0.5803244113922119
11, 2, 336, 140, -0.5803061127662659
11, 3, 346, 141, -0.5796433687210083
11, 4, 296, 140, -0.5479203462600708
11, 5, 285, 141, -0.5480591058731079
11, 6, 274, 143, -0.548306405544281
11, 7, 363, 158, -0.2229476422071457
11, 8, 261, 159, -0.17865900695323944
11, 9, 329, 196, -0.5291018486022949
11, 10, 295, 198, -0.47344809770584106
11, 11, 429, 283, -0.16861791908740997
11, 12, 206, 298, -0.01653994806110859
11, 13, 575, 388, -0.7304052114486694
11, 14, 65, 420, -0.5794800519943237
11, 15, 415, 265, -1.0784841775894165
11, 16, 202, 283, -1.2017227411270142
11, 17, 395, 222, -1.175520658493042
11, 18, 196, 227, -1.3396366834640503
11, 19, 374, 220, -0.9813383221626282
11, 20, 211, 222, -1.1313159465789795
11, 21, 367, 238, -1.01961350440979
11, 22, 223, 243, -1.1562912464141846
11, 23, 397, 621, -0.09938780963420868
11, 24, 224, 622, 0.10269945859909058
11, 25, 390, 899, -0.01920202001929283
11, 26, 239, 899, 0.2962248921394348
11, 27, 393, 1138, 0.45148158073425293
11, 28, 233, 1139, 0.72107994556427
11, 29, 399, 1169, 0.4668289124965668
11, 30, 228, 1170, 0.7561769485473633
11, 31, 369, 1219, -0.04589298740029335
11, 32, 259, 1224, 0.19228799641132355
12, 0, 315, 167, -0.6060853004455566
12, 1, 329, 144, -0.536802351474762
12, 2, 338, 145, -0.5367899537086487
12, 3, 347, 147, -0.5361727476119995
12, 4, 302, 142, -0.5406776666641235
12, 5, 291, 142, -0.5403717160224915
12, 6, 279, 143, -0.5408576130867004
12, 7, 363, 162, -0.15473733842372894
12, 8, 261, 159, -0.18001440167427063
12, 9, 330, 196, -0.47104254364967346
12, 10, 296, 198, -0.47247058153152466
12, 11, 422, 282, -0.023250523954629898
12, 12, 202, 292, -0.04843885079026222
12, 13, 557, 389, -0.6007921099662781
12, 14, 79, 436, -0.6267287135124207
12, 15, 387, 301, -1.0610074996948242
12, 16, 228, 284, -1.2161734104156494
12, 17, 353, 272, -1.1681745052337646
12, 18, 241, 250, -1.3464181423187256
12, 19, 340, 266, -1.0154967308044434
12, 20, 248, 243, -1.1772613525390625
12, 21, 341, 278, -1.0187082290649414
12, 22, 249, 264, -1.1698143482208252
12, 23, 395, 597, -0.028512174263596535
12, 24, 220, 602, 0.03137735649943352
12, 25, 391, 864, 0.02515801414847374
12, 26, 239, 865, 0.02293711155653
12, 27, 402, 1099, 0.4579131603240967
12, 28, 253, 1102, 0.2817217707633972
12, 29, 406, 1130, 0.4714447557926178
12, 30, 249, 1133, 0.2937145531177521
12, 31, 389, 1180, -0.04153372347354889
12, 32, 281, 1181, -0.2651281952857971
13, 0, 315, 167, -0.5439835786819458
13, 1, 330, 145, -0.47543519735336304
13, 2, 339, 146, -0.4753091335296631
13, 3, 348, 148, -0.47477594017982483
13, 4, 302, 142, -0.4834993779659271
13, 5, 291, 142, -0.4830743670463562
13, 6, 279, 143, -0.48357146978378296
13, 7, 363, 163, -0.10646430402994156
13, 8, 261, 159, -0.1339830607175827
13, 9, 330, 196, -0.41298723220825195
13, 10, 295, 198, -0.4214693009853363
13, 11, 422, 282, 0.010752351954579353
13, 12, 201, 293, -0.03382640331983566
13, 13, 541, 403, -0.4932423233985901
13, 14, 93, 450, -0.5959389209747314
13, 15, 389, 333, -1.0154073238372803
13, 16, 218, 311, -1.2230525016784668
13, 17, 354, 318, -1.1294621229171753
13, 18, 239, 287, -1.354683518409729
13, 19, 343, 303, -1.0007833242416382
13, 20, 255, 274, -1.2175724506378174
13, 21, 346, 309, -0.9792549014091492
13, 22, 253, 287, -1.1824748516082764
13, 23, 397, 593, -0.017850708216428757
13, 24, 221, 599, 0.02111298218369484
13, 25, 396, 857, 0.05180414766073227
13, 26, 240, 858, 0.025754427537322044
13, 27, 409, 1092, 0.46183061599731445
13, 28, 254, 1093, 0.2837207317352295
13, 29, 413, 1123, 0.47723522782325745
13, 30, 250, 1124, 0.2951522767543793
13, 31, 394, 1172, -0.03130834549665451
13, 32, 283, 1172, -0.24792039394378662
14, 0, 316, 170, -0.5629638433456421
14, 1, 330, 148, -0.4978763163089752
14, 2, 339, 149, -0.49769872426986694
14, 3, 348, 151, -0.4971786439418793
14, 4, 303, 146, -0.5043610334396362
14, 5, 291, 146, -0.5039494633674622
14, 6, 280, 146, -0.5044174790382385
14, 7, 363, 165, -0.13377568125724792
14, 8, 261, 160, -0.15199793875217438
14, 9, 331, 199, -0.432751327753067
14, 10, 296, 199, -0.4394139349460602
14, 11, 421, 282, -0.005067437421530485
14, 12, 199, 293, -0.04253192991018295
14, 13, 535, 410, -0.49148470163345337
14, 14, 98, 456, -0.5908101201057434
14, 15, 392, 334, -1.0138521194458008
14, 16, 212, 331, -1.2419975996017456
14, 17, 357, 320, -1.1287250518798828
14, 18, 233, 306, -1.3734277486801147
14, 19, 344, 306, -1.0033260583877563
14, 20, 248, 292, -1.2663135528564453
14, 21, 347, 313, -0.9792889356613159
14, 22, 248, 304, -1.209864616394043
14, 23, 397, 593, -0.012992280535399914
14, 24, 221, 599, 0.0163797028362751
14, 25, 397, 857, 0.06349332630634308
14, 26, 240, 858, 0.014331338927149773
14, 27, 409, 1092, 0.4656290113925934
14, 28, 253, 1094, 0.26476815342903137
14, 29, 414, 1123, 0.4780608117580414
14, 30, 249, 1125, 0.27502211928367615
14, 31, 394, 1173, -0.01404048502445221
14, 32, 283, 1173, -0.26957204937934875
15, 0, 318, 171, -0.5430129766464233
15, 1, 331, 149, -0.47471675276756287
15, 2, 340, 150, -0.47454673051834106
15, 3, 349, 151, -0.47400417923927307
15, 4, 304, 147, -0.4822603762149811
15, 5, 292, 147, -0.4819105267524719
15, 6, 280, 147, -0.48241376876831055
15, 7, 363, 165, -0.11150139570236206
15, 8, 261, 160, -0.1337769627571106
15, 9, 332, 199, -0.41455888748168945
15, 10, 297, 199, -0.42237767577171326
15, 11, 421, 282, 0.0074902065098285675
15, 12, 198, 294, -0.039557524025440216
15, 13, 534, 414, -0.47315874695777893
15, 14, 100, 458, -0.5893169641494751
15, 15, 390, 333, -0.977920651435852
15, 16, 209, 334, -1.1904709339141846
15, 17, 358, 316, -1.0891611576080322
15, 18, 235, 309, -1.31587815284729
15, 19, 346, 304, -0.9718496203422546
15, 20, 250, 294, -1.2218159437179565
15, 21, 349, 312, -0.9454339146614075
15, 22, 249, 306, -1.160689115524292
15, 23, 399, 593, -0.010956091806292534
15, 24, 221, 599, 0.014448116533458233
15, 25, 400, 857, 0.05883847922086716
15, 26, 240, 858, 0.02865704894065857
15, 27, 412, 1092, 0.46769624948501587
15, 28, 254, 1092, 0.3005855977535248
15, 29, 417, 1123, 0.48115968704223633
15, 30, 250, 1124, 0.3133623003959656
15, 31, 397, 1172, -0.012853267602622509
15, 32, 286, 1172, -0.23530928790569305
16, 0, 319, 171, -0.552161455154419
16, 1, 332, 149, -0.4820793569087982
16, 2, 341, 150, -0.4818757474422455
16, 3, 349, 152, -0.481302410364151
16, 4, 305, 147, -0.49121785163879395
16, 5, 293, 147, -0.4908909797668457
16, 6, 281, 147, -0.49136844277381897
16, 7, 363, 166, -0.1102806106209755
16, 8, 261, 160, -0.14164426922798157
16, 9, 332, 200, -0.4205896258354187
16, 10, 298, 199, -0.43099498748779297
16, 11, 421, 284, 0.012828366830945015
16, 12, 197, 296, -0.04253289848566055
16, 13, 536, 416, -0.4792356491088867
16, 14, 97, 459, -0.5856167078018188
16, 15, 396, 334, -0.9935477375984192
16, 16, 205, 335, -1.2021510601043701
16, 17, 359, 318, -1.1107096672058105
16, 18, 228, 311, -1.3293874263763428
16, 19, 347, 305, -0.9882755279541016
16, 20, 247, 295, -1.2255284786224365
16, 21, 350, 313, -0.9576236009597778
16, 22, 247, 306, -1.1649726629257202
16, 23, 399, 596, -0.008267942816019058
16, 24, 221, 602, 0.011854502372443676
16, 25, 400, 861, 0.06396578252315521
16, 26, 239, 863, 0.007815406657755375
16, 27, 412, 1097, 0.48082613945007324
16, 28, 254, 1098, 0.26367345452308655
16, 29, 416, 1129, 0.4928637444972992
16, 30, 249, 1130, 0.27382349967956543
16, 31, 397, 1178, 0.0033081714063882828
16, 32, 286, 1178, -0.27989381551742554
17, 0, 319, 171, -0.5554597973823547
17, 1, 332, 149, -0.48667487502098083
17, 2, 341, 150, -0.48648959398269653
17, 3, 349, 152, -0.4858771860599518
17, 4, 305, 147, -0.4957193434238434
17, 5, 293, 147, -0.49541592597961426
17, 6, 281, 147, -0.4959169030189514
17, 7, 363, 166, -0.11463037878274918
17, 8, 261, 160, -0.14657004177570343
17, 9, 332, 200, -0.4225985109806061
17, 10, 298, 199, -0.43345052003860474
17, 11, 422, 284, 0.016872281208634377
17, 12, 197, 297, -0.03321955353021622
17, 13, 536, 422, -0.4831995368003845
17, 14, 96, 460, -0.5804523229598999
17, 15, 399, 335, -1.0514954328536987
17, 16, 192, 345, -1.2770742177963257
17, 17, 362, 324, -1.1706680059432983
17, 18, 219, 322, -1.4099551439285278
17, 19, 350, 308, -1.0488451719284058
17, 20, 235, 301, -1.316789984703064
17, 21, 352, 314, -1.0148786306381226
17, 22, 235, 309, -1.2501778602600098
17, 23, 400, 597, -0.003412306308746338
17, 24, 221, 603, 0.007054625544697046
17, 25, 401, 864, 0.057976752519607544
17, 26, 239, 865, -0.020273257046937943
17, 27, 412, 1100, 0.46106019616127014
17, 28, 252, 1101, 0.21174311637878418
17, 29, 416, 1132, 0.47066861391067505
17, 30, 247, 1133, 0.21815235912799835
17, 31, 397, 1180, -0.01700875535607338
17, 32, 283, 1181, -0.32395172119140625
18, 0, 318, 171, -0.5668035745620728
18, 1, 332, 149, -0.49579763412475586
18, 2, 341, 150, -0.49567753076553345
18, 3, 350, 152, -0.4950311779975891
18, 4, 305, 147, -0.5029773712158203
18, 5, 293, 147, -0.5026587247848511
18, 6, 281, 147, -0.5031127333641052
18, 7, 364, 166, -0.1220209151506424
18, 8, 261, 161, -0.1470651477575302
18, 9, 332, 201, -0.43489623069763184
18, 10, 297, 201, -0.4433755874633789
18, 11, 426, 286, 0.004249325022101402
18, 12, 190, 306, -0.016835767775774002
18, 13, 544, 435, -0.5186096429824829
18, 14, 87, 464, -0.5791733264923096
18, 15, 403, 344, -1.1106115579605103
18, 16, 106, 386, -1.4563405513763428
18, 17, 372, 340, -1.2298301458358765
18, 18, 142, 360, -1.611353874206543
18, 19, 356, 326, -1.1077899932861328
18, 20, 163, 330, -1.5493786334991455
18, 21, 359, 328, -1.0759007930755615
18, 22, 162, 338, -1.4542521238327026
18, 23, 402, 621, -0.006074597127735615
18, 24, 221, 626, 0.009861374273896217
18, 25, 401, 895, 0.029419248923659325
18, 26, 238, 896, -0.011237107217311859
18, 27, 406, 1133, 0.44637608528137207
18, 28, 247, 1130, 0.2243446409702301
18, 29, 410, 1168, 0.45614996552467346
18, 30, 242, 1163, 0.22915396094322205
18, 31, 388, 1211, -0.04520837217569351
18, 32, 275, 1212, -0.31633180379867554
19, 0, 318, 171, -0.9088948965072632
19, 1, 332, 149, -0.8375052213668823
19, 2, 341, 150, -0.8375956416130066
19, 3, 350, 151, -0.8372246623039246
19, 4, 305, 147, -0.8404781222343445
19, 5, 293, 147, -0.8401490449905396
19, 6, 281, 147, -0.8404088020324707
19, 7, 364, 165, -0.38654136657714844
19, 8, 261, 161, -0.40126293897628784
19, 9, 333, 200, -0.7450154423713684
19, 10, 297, 201, -0.7504535913467407
19, 11, 432, 286, -0.18849089741706848
19, 12, 189, 306, -0.07571699470281601
19, 13, 559, 437, -0.7490286231040955
19, 14, 57, 431, -0.5122937560081482
19, 15, 432, 378, -1.6027402877807617
19, 16, 33, 404, -1.4481149911880493
19, 17, 388, 385, -1.7715822458267212
19, 18, 29, 418, -1.6074222326278687
19, 19, 357, 360, -1.694636344909668
19, 20, 58, 403, -1.5971624851226807
19, 21, 366, 358, -1.5915724039077759
19, 22, 80, 401, -1.4712417125701904
19, 23, 405, 627, -0.034477632492780685
19, 24, 223, 634, 0.039510246366262436
19, 25, 403, 905, -0.03732219710946083
19, 26, 238, 906, -0.04416785016655922
19, 27, 406, 1149, 0.45049047470092773
19, 28, 244, 1147, 0.254036009311676
19, 29, 410, 1185, 0.46191301941871643
19, 30, 240, 1183, 0.2631927728652954
19, 31, 386, 1227, -0.11266610771417618
19, 32, 272, 1228, -0.37126624584198
20, 0, 318, 169, -0.8200610280036926
20, 1, 332, 147, -0.724936842918396
20, 2, 341, 149, -0.7246877551078796
20, 3, 350, 150, -0.7234991192817688
20, 4, 305, 145, -0.7328699827194214
20, 5, 293, 144, -0.7328585386276245
20, 6, 281, 145, -0.733382523059845
20, 7, 365, 163, -0.29700207710266113
20, 8, 261, 160, -0.30869796872138977
20, 9, 333, 198, -0.646436333656311
20, 10, 297, 200, -0.6527490615844727
20, 11, 435, 284, -0.13693906366825104
20, 12, 187, 306, -0.07298893481492996
20, 13, 559, 435, -0.5555843114852905
20, 14, 61, 436, -0.2651350498199463
20, 15, 459, 406, -1.3857879638671875
20, 16, -3, 501, -0.9678118824958801
20, 17, 423, 421, -1.4703872203826904
20, 18, -52, 548, -1.0875872373580933
20, 19, 388, 395, -1.334275484085083
20, 20, -29, 535, -1.1605888605117798
20, 21, 393, 389, -1.3064072132110596
20, 22, -11, 527, -1.0227758884429932
20, 23, 406, 627, -0.033821526914834976
20, 24, 227, 633, 0.03870445489883423
20, 25, 405, 906, -0.0250240508466959
20, 26, 238, 911, -0.01718047633767128
20, 27, 407, 1153, 0.45205020904541016
20, 28, 244, 1158, 0.25374850630760193
20, 29, 412, 1191, 0.46480637788772583
20, 30, 240, 1194, 0.2609095573425293
20, 31, 385, 1232, -0.06100114434957504
20, 32, 273, 1239, -0.32065829634666443
21, 0, 318, 167, -0.8293340802192688
21, 1, 332, 145, -0.7616161704063416
21, 2, 341, 147, -0.7616451382637024
21, 3, 350, 149, -0.7613548040390015
21, 4, 304, 141, -0.7654078006744385
21, 5, 293, 141, -0.7650014162063599
21, 6, 280, 141, -0.7653587460517883
21, 7, 365, 163, -0.37329965829849243
21, 8, 261, 158, -0.3851756751537323
21, 9, 333, 195, -0.687616765499115
21, 10, 296, 198, -0.6914798617362976
21, 11, 435, 283, -0.21123762428760529
21, 12, 184, 306, -0.11216966807842255
21, 13, 560, 425, -0.5602154731750488
21, 14, 62, 441, -0.187226802110672
21, 15, 468, 424, -1.2714321613311768
21, 16, -38, 538, -0.7857478857040405
21, 17, 437, 444, -1.410139560699463
21, 18, -73, 578, -0.9023817181587219
21, 19, 405, 420, -1.3491122722625732
21, 20, -52, 569, -0.9954661130905151
21, 21, 408, 410, -1.2533684968948364
21, 22, -35, 559, -0.8449602127075195
21, 23, 406, 627, -0.041915420442819595
21, 24, 227, 635, 0.04663599282503128
21, 25, 404, 907, 0.01396884024143219
21, 26, 235, 912, -0.011609265580773354
21, 27, 404, 1155, 0.5555943846702576
21, 28, 239, 1160, 0.3415037989616394
21, 29, 409, 1192, 0.5792859792709351
21, 30, 237, 1196, 0.35628223419189453
21, 31, 380, 1235, 0.0525541827082634
21, 32, 269, 1242, -0.24424013495445251
22, 0, 318, 165, -0.7653713822364807
22, 1, 332, 142, -0.6991127133369446
22, 2, 341, 145, -0.6991321444511414
22, 3, 350, 148, -0.698845624923706
22, 4, 304, 138, -0.7036916017532349
22, 5, 292, 138, -0.7032923102378845
22, 6, 280, 138, -0.7036569118499756
22, 7, 364, 162, -0.32376325130462646
22, 8, 261, 156, -0.3440198302268982
22, 9, 333, 194, -0.6298785209655762
22, 10, 296, 196, -0.6351474523544312
22, 11, 435, 283, -0.18930204212665558
22, 12, 183, 306, -0.11016510426998138
22, 13, 559, 415, -0.5593039989471436
22, 14, 63, 446, -0.19386497139930725
22, 15, 479, 434, -1.2653841972351074
22, 16, -45, 543, -0.7787985801696777
22, 17, 448, 453, -1.421567678451538
22, 18, -81, 581, -0.8930579423904419
22, 19, 421, 430, -1.3816587924957275
22, 20, -60, 574, -0.9857901334762573
22, 21, 423, 421, -1.2657641172409058
22, 22, -41, 564, -0.8382282257080078
22, 23, 405, 630, -0.045288052409887314
22, 24, 227, 638, 0.04989682137966156
22, 25, 402, 910, 0.002293793950229883
22, 26, 233, 917, -0.0010820494499057531
22, 27, 402, 1159, 0.550798773765564
22, 28, 237, 1166, 0.3382338285446167
22, 29, 406, 1196, 0.5662870407104492
22, 30, 235, 1202, 0.3524067997932434
22, 31, 377, 1239, 0.031028514727950096
22, 32, 266, 1245, -0.23174157738685608
23, 0, 317, 163, -0.7635169625282288
23, 1, 331, 139, -0.6992791891098022
23, 2, 340, 142, -0.6993567943572998
23, 3, 350, 145, -0.6991788148880005
23, 4, 303, 136, -0.7051168084144592
23, 5, 291, 136, -0.7046692371368408
23, 6, 280, 135, -0.7050629258155823
23, 7, 364, 161, -0.32769981026649475
23, 8, 261, 154, -0.35332629084587097
23, 9, 332, 192, -0.6302089691162109
23, 10, 295, 194, -0.6373834013938904
23, 11, 435, 283, -0.17888905107975006
23, 12, 180, 306, -0.12064187228679657
23, 13, 551, 417, -0.4848962724208832
23, 14, 63, 452, -0.1968986690044403
23, 15, 479, 442, -1.1500056982040405
23, 16, -44, 553, -0.771606981754303
23, 17, 450, 456, -1.3002498149871826
23, 18, -79, 594, -0.8812552690505981
23, 19, 425, 433, -1.3430341482162476
23, 20, -58, 588, -0.9750670194625854
23, 21, 428, 425, -1.1661409139633179
23, 22, -40, 577, -0.8315571546554565
23, 23, 405, 632, -0.0442492812871933
23, 24, 227, 640, 0.04876690357923508
23, 25, 402, 912, 0.005016523413360119
23, 26, 231, 921, 0.003178005339577794
23, 27, 402, 1162, 0.5358021855354309
23, 28, 236, 1168, 0.33843520283699036
23, 29, 406, 1200, 0.5551285743713379
23, 30, 234, 1205, 0.3517555296421051
23, 31, 377, 1243, 0.03845873102545738
23, 32, 265, 1249, -0.22689101099967957
24, 0, 315, 161, -0.7614911794662476
24, 1, 330, 137, -0.6990641355514526
24, 2, 339, 140, -0.6991482973098755
24, 3, 349, 142, -0.698971152305603
24, 4, 301, 135, -0.702887773513794
24, 5, 289, 135, -0.7024523019790649
24, 6, 278, 134, -0.7028448581695557
24, 7, 363, 159, -0.3354138731956482
24, 8, 261, 153, -0.34998586773872375
24, 9, 332, 190, -0.6315914392471313
24, 10, 292, 192, -0.6360150575637817
24, 11, 436, 283, -0.19544480741024017
24, 12, 178, 306, -0.11923889815807343
24, 13, 540, 421, -0.49445176124572754
24, 14, 62, 458, -0.23692727088928223
24, 15, 475, 446, -1.1355183124542236
24, 16, -46, 560, -0.8602598309516907
24, 17, 448, 459, -1.2790610790252686
24, 18, -82, 602, -0.9708766937255859
24, 19, 424, 433, -1.333557367324829
24, 20, -60, 594, -1.0535073280334473
24, 21, 427, 425, -1.1474988460540771
24, 22, -41, 583, -0.916840672492981
24, 23, 406, 633, -0.04618455469608307
24, 24, 228, 643, 0.050861794501543045
24, 25, 406, 914, 0.01719241961836815
24, 26, 231, 924, 0.08532591164112091
24, 27, 409, 1164, 0.5691076517105103
24, 28, 239, 1170, 0.4414113461971283
24, 29, 414, 1203, 0.5939434170722961
24, 30, 237, 1206, 0.45961055159568787
24, 31, 383, 1246, 0.08021234720945358
24, 32, 272, 1253, -0.10896503925323486
25, 0, 313, 159, -0.7604019045829773
25, 1, 329, 136, -0.6956969499588013
25, 2, 337, 138, -0.695747971534729
25, 3, 347, 141, -0.6955670118331909
25, 4, 299, 134, -0.6995179057121277
25, 5, 287, 134, -0.6991010308265686
25, 6, 277, 133, -0.6994990706443787
25, 7, 362, 159, -0.3249821960926056
25, 8, 260, 152, -0.3390927016735077
25, 9, 331, 189, -0.6286745071411133
25, 10, 290, 190, -0.632889986038208
25, 11, 437, 283, -0.18500545620918274
25, 12, 176, 307, -0.11328954994678497
25, 13, 537, 425, -0.47168636322021484
25, 14, 62, 463, -0.24578337371349335
25, 15, 474, 448, -1.0948207378387451
25, 16, -44, 567, -0.9176796674728394
25, 17, 448, 460, -1.2346118688583374
25, 18, -79, 609, -1.0342910289764404
25, 19, 425, 432, -1.233792781829834
25, 20, -57, 601, -1.0894924402236938
25, 21, 428, 424, -1.1009175777435303
25, 22, -38, 589, -0.9696162343025208
25, 23, 410, 636, -0.0533614344894886
25, 24, 229, 647, 0.05841284990310669
25, 25, 413, 918, 0.014083119109272957
25, 26, 233, 930, 0.1664043366909027
25, 27, 418, 1170, 0.5729078054428101
25, 28, 246, 1176, 0.5760239958763123
25, 29, 425, 1211, 0.5995343327522278
25, 30, 244, 1213, 0.6006697416305542
25, 31, 394, 1252, 0.07451945543289185
25, 32, 283, 1260, 0.023020725697278976
26, 0, 312, 159, -0.7661656141281128
26, 1, 329, 136, -0.6992266774177551
26, 2, 336, 138, -0.6992916464805603
26, 3, 347, 141, -0.6991199254989624
26, 4, 297, 133, -0.7025588750839233
26, 5, 285, 133, -0.702126145362854
26, 6, 276, 133, -0.7025538682937622
26, 7, 362, 159, -0.3210258483886719
26, 8, 259, 152, -0.3325248956680298
26, 9, 331, 188, -0.6322005987167358
26, 10, 289, 189, -0.6352749466896057
26, 11, 437, 283, -0.18117792904376984
26, 12, 175, 307, -0.11093389987945557
26, 13, 533, 426, -0.46935439109802246
26, 14, 62, 464, -0.23574165999889374
26, 15, 473, 449, -1.1021168231964111
26, 16, -45, 566, -0.9107518196105957
26, 17, 448, 463, -1.2404056787490845
26, 18, -80, 609, -1.0272105932235718
26, 19, 423, 436, -1.225154161453247
26, 20, -58, 601, -1.1071054935455322
26, 21, 426, 428, -1.1051664352416992
26, 22, -41, 589, -0.9697731733322144
26, 23, 410, 637, -0.05962436646223068
26, 24, 230, 649, 0.06463637948036194
26, 25, 414, 919, 0.007284991443157196
26, 26, 234, 932, 0.1772124469280243
26, 27, 421, 1171, 0.5651645064353943
26, 28, 248, 1177, 0.5840288996696472
26, 29, 427, 1211, 0.5908856391906738
26, 30, 246, 1214, 0.6077918410301208
26, 31, 398, 1252, 0.06081724166870117
26, 32, 285, 1261, 0.024885447695851326
27, 0, 310, 158, -0.7735477089881897
27, 1, 327, 135, -0.7043647766113281
27, 2, 335, 137, -0.7044609785079956
27, 3, 345, 140, -0.7042638659477234
27, 4, 295, 133, -0.7065964937210083
27, 5, 283, 133, -0.7061669826507568
27, 6, 274, 133, -0.7066073417663574
27, 7, 361, 158, -0.3190622925758362
27, 8, 259, 152, -0.32761889696121216
27, 9, 330, 188, -0.6374285221099854
27, 10, 287, 189, -0.6390628814697266
27, 11, 437, 283, -0.17601460218429565
27, 12, 175, 308, -0.10092131793498993
27, 13, 531, 428, -0.4787651598453522
27, 14, 62, 465, -0.22677579522132874
27, 15, 473, 448, -1.1433924436569214
27, 16, -41, 567, -0.9188860654830933
27, 17, 448, 462, -1.2895253896713257
27, 18, -75, 610, -1.0389878749847412
27, 19, 422, 437, -1.2641880512237549
27, 20, -52, 601, -1.1179404258728027
27, 21, 425, 430, -1.1490836143493652
27, 22, -35, 589, -0.9779661893844604
27, 23, 410, 639, -0.0635976493358612
27, 24, 229, 650, 0.06856577098369598
27, 25, 414, 920, -0.013820585794746876
27, 26, 233, 932, 0.16648878157138824
27, 27, 420, 1172, 0.5432161092758179
27, 28, 248, 1177, 0.5541762709617615
27, 29, 426, 1212, 0.5686215162277222
27, 30, 246, 1214, 0.5754255056381226
27, 31, 397, 1253, 0.013438813388347626
27, 32, 285, 1261, -0.010208346880972385
28, 0, 308, 158, -0.7667475342750549
28, 1, 326, 135, -0.6982560753822327
28, 2, 333, 137, -0.6983436942100525
28, 3, 343, 140, -0.6981295347213745
28, 4, 293, 133, -0.7011305093765259
28, 5, 281, 133, -0.7006922960281372
28, 6, 272, 133, -0.7011219263076782
28, 7, 360, 158, -0.3154870271682739
28, 8, 258, 152, -0.3259921669960022
28, 9, 329, 187, -0.6317457556724548
28, 10, 286, 188, -0.6345014572143555
28, 11, 437, 283, -0.1732027232646942
28, 12, 174, 308, -0.10177532583475113
28, 13, 532, 428, -0.48983240127563477
28, 14, 63, 465, -0.2495666742324829
28, 15, 474, 446, -1.1885017156600952
28, 16, -43, 565, -0.9337377548217773
28, 17, 449, 460, -1.3370792865753174
28, 18, -77, 607, -1.0540212392807007
28, 19, 422, 436, -1.3032917976379395
28, 20, -54, 599, -1.1367653608322144
28, 21, 425, 428, -1.1926600933074951
28, 22, -36, 587, -0.9819828867912292
28, 23, 409, 639, -0.062040019780397415
28, 24, 228, 650, 0.06696119904518127
28, 25, 413, 921, -0.018832985311746597
28, 26, 233, 933, 0.1466498225927353
28, 27, 420, 1173, 0.5035502314567566
28, 28, 248, 1179, 0.46053093671798706
28, 29, 426, 1213, 0.5249930620193481
28, 30, 246, 1215, 0.47284403443336487
28, 31, 397, 1254, -0.016907641664147377
28, 32, 284, 1261, -0.10312499850988388
29, 0, 308, 157, -0.7628119587898254
29, 1, 325, 135, -0.6947098970413208
29, 2, 333, 137, -0.6947869658470154
29, 3, 342, 139, -0.6945734620094299
29, 4, 292, 133, -0.6980388164520264
29, 5, 280, 133, -0.6975911855697632
29, 6, 272, 133, -0.69801265001297
29, 7, 359, 158, -0.31357818841934204
29, 8, 258, 152, -0.3261576294898987
29, 9, 329, 186, -0.6283901333808899
29, 10, 285, 188, -0.6318100690841675
29, 11, 436, 282, -0.17126718163490295
29, 12, 175, 308, -0.1072285994887352
29, 13, 532, 425, -0.49224981665611267
29, 14, 63, 466, -0.2581738829612732
29, 15, 478, 445, -1.181147575378418
29, 16, -41, 568, -0.9252587556838989
29, 17, 450, 461, -1.3262155055999756
29, 18, -75, 612, -1.0416690111160278
29, 19, 423, 436, -1.2862646579742432
29, 20, -51, 606, -1.1289567947387695
29, 21, 425, 428, -1.1828029155731201
29, 22, -34, 594, -0.9798883199691772
29, 23, 408, 641, -0.06151564046740532
29, 24, 228, 652, 0.06640441715717316
29, 25, 412, 924, -0.019955763593316078
29, 26, 233, 936, 0.13254186511039734
29, 27, 419, 1177, 0.49278658628463745
29, 28, 248, 1183, 0.42415863275527954
29, 29, 425, 1218, 0.5137531757354736
29, 30, 245, 1220, 0.4351876676082611
29, 31, 396, 1258, -0.019859207794070244
29, 32, 284, 1265, -0.13251830637454987
30, 0, 307, 157, -0.7703125476837158
30, 1, 325, 135, -0.6992834210395813
30, 2, 332, 136, -0.6994141340255737
30, 3, 341, 139, -0.6992188692092896
30, 4, 292, 133, -0.7024226188659668
30, 5, 280, 133, -0.7019721269607544
30, 6, 271, 133, -0.7024449706077576
30, 7, 359, 158, -0.3120436668395996
30, 8, 257, 152, -0.3249210715293884
30, 9, 328, 186, -0.6328214406967163
30, 10, 285, 187, -0.6358626484870911
30, 11, 436, 282, -0.16983889043331146
30, 12, 175, 308, -0.0964989960193634
30, 13, 532, 422, -0.49288424849510193
30, 14, 63, 466, -0.23547883331775665
30, 15, 479, 446, -1.2018390893936157
30, 16, -39, 570, -0.9237629771232605
30, 17, 450, 462, -1.350996732711792
30, 18, -72, 614, -1.0455011129379272
30, 19, 423, 437, -1.3132086992263794
30, 20, -49, 607, -1.1306774616241455
30, 21, 426, 429, -1.2038575410842896
30, 22, -32, 595, -0.9821958541870117
30, 23, 408, 641, -0.06336575746536255
30, 24, 229, 651, 0.06814683973789215
30, 25, 413, 923, -0.019684147089719772
30, 26, 234, 934, 0.14314614236354828
30, 27, 422, 1175, 0.5127187371253967
30, 28, 250, 1181, 0.5248600244522095
30, 29, 428, 1215, 0.5338324308395386
30, 30, 249, 1218, 0.544882595539093
30, 31, 399, 1256, -0.01501903124153614
30, 32, 287, 1263, -0.04877326637506485
31, 0, 306, 157, -0.7737165689468384
31, 1, 324, 134, -0.7021605968475342
31, 2, 332, 136, -0.7023096084594727
31, 3, 340, 138, -0.702122151851654
31, 4, 291, 133, -0.7053724527359009
31, 5, 280, 133, -0.7049315571784973
31, 6, 271, 133, -0.7054136395454407
31, 7, 358, 158, -0.31176552176475525
31, 8, 257, 152, -0.32399678230285645
31, 9, 328, 186, -0.6357465386390686
31, 10, 285, 187, -0.6387993693351746
31, 11, 436, 282, -0.16969257593154907
31, 12, 175, 308, -0.09460674971342087
31, 13, 533, 421, -0.4906941056251526
31, 14, 63, 467, -0.24019154906272888
31, 15, 479, 445, -1.1958295106887817
31, 16, -40, 569, -0.9333270192146301
31, 17, 450, 462, -1.3471201658248901
31, 18, -75, 613, -1.0618680715560913
31, 19, 423, 437, -1.29934561252594
31, 20, -52, 605, -1.1641993522644043
31, 21, 426, 428, -1.2029502391815186
31, 22, -34, 592, -1.001627802848816
31, 23, 409, 640, -0.06566112488508224
31, 24, 229, 652, 0.07041966915130615
31, 25, 414, 923, -0.0179373137652874
31, 26, 235, 934, 0.14074933528900146
31, 27, 421, 1175, 0.522739052772522
31, 28, 250, 1181, 0.5320551991462708
31, 29, 427, 1215, 0.5450202822685242
31, 30, 249, 1217, 0.5532768368721008
31, 31, 399, 1256, -0.013808401301503181
31, 32, 287, 1263, -0.04158259183168411
32, 0, 306, 157, -0.7966858148574829
32, 1, 324, 134, -0.7240520119667053
32, 2, 331, 136, -0.7242556214332581
32, 3, 340, 138, -0.7240928411483765
32, 4, 291, 133, -0.7267671227455139
32, 5, 280, 133, -0.7263386845588684
32, 6, 271, 133, -0.7268639802932739
32, 7, 358, 158, -0.31973797082901
32, 8, 257, 152, -0.32822656631469727
32, 9, 328, 186, -0.6536025404930115
32, 10, 285, 187, -0.6557964086532593
32, 11, 436, 282, -0.1694478541612625
32, 12, 175, 308, -0.08897671103477478
32, 13, 533, 421, -0.4944380223751068
32, 14, 64, 467, -0.22778289020061493
32, 15, 479, 445, -1.2298225164413452
32, 16, -39, 567, -0.9351507425308228
32, 17, 450, 462, -1.3869165182113647
32, 18, -72, 611, -1.0671998262405396
32, 19, 424, 437, -1.3502994775772095
32, 20, -50, 602, -1.175465703010559
32, 21, 427, 428, -1.2352397441864014
32, 22, -32, 590, -1.0062792301177979
32, 23, 409, 640, -0.07003481686115265
32, 24, 229, 652, 0.07477979362010956
32, 25, 414, 923, -0.016883213073015213
32, 26, 236, 934, 0.16152840852737427
32, 27, 421, 1175, 0.5414338707923889
32, 28, 250, 1180, 0.6039096117019653
32, 29, 427, 1214, 0.563928484916687
32, 30, 249, 1216, 0.6299852132797241
32, 31, 399, 1256, -0.01343565247952938
32, 32, 286, 1262, 0.01862848922610283
33, 0, 306, 157, -0.7942501902580261
33, 1, 324, 134, -0.722520112991333
33, 2, 331, 136, -0.7226945161819458
33, 3, 339, 138, -0.7225194573402405
33, 4, 291, 133, -0.7248455286026001
33, 5, 279, 133, -0.7244041562080383
33, 6, 271, 133, -0.7249189615249634
33, 7, 357, 158, -0.31935879588127136
33, 8, 257, 152, -0.32733970880508423
33, 9, 328, 186, -0.6517772078514099
33, 10, 284, 187, -0.6535430550575256
33, 11, 436, 282, -0.16887083649635315
33, 12, 175, 309, -0.0808718204498291
33, 13, 534, 421, -0.4984423518180847
33, 14, 64, 467, -0.22723126411437988
33, 15, 479, 445, -1.234108567237854
33, 16, -37, 566, -0.938193142414093
33, 17, 450, 461, -1.3885632753372192
33, 18, -70, 610, -1.0729970932006836
33, 19, 424, 437, -1.3503843545913696
33, 20, -48, 601, -1.1785120964050293
33, 21, 427, 429, -1.2370004653930664
33, 22, -31, 589, -1.010559320449829
33, 23, 410, 640, -0.07193952053785324
33, 24, 230, 652, 0.07664494216442108
33, 25, 414, 923, -0.012745067477226257
33, 26, 236, 934, 0.16163332760334015
33, 27, 422, 1175, 0.551103949546814
33, 28, 250, 1181, 0.5887370109558105
33, 29, 427, 1214, 0.5736662149429321
33, 30, 249, 1217, 0.6129157543182373
33, 31, 399, 1257, -0.006227056495845318
33, 32, 287, 1264, 0.004828786943107843
34, 0, 306, 157, -0.7985377311706543
34, 1, 323, 134, -0.7275716066360474
34, 2, 330, 136, -0.7277816534042358
34, 3, 339, 138, -0.7276034951210022
34, 4, 291, 133, -0.7293338179588318
34, 5, 279, 133, -0.7288824915885925
34, 6, 271, 133, -0.7293765544891357
34, 7, 357, 158, -0.32258978486061096
34, 8, 257, 152, -0.3279828131198883
34, 9, 327, 186, -0.655063807964325
34, 10, 284, 187, -0.6563016772270203
34, 11, 436, 282, -0.1688593626022339
34, 12, 175, 309, -0.07621823996305466
34, 13, 534, 421, -0.532160222530365
34, 14, 65, 467, -0.218030646443367
34, 15, 478, 445, -1.3142368793487549
34, 16, -36, 565, -0.9387022852897644
34, 17, 450, 461, -1.4819189310073853
34, 18, -68, 608, -1.0732872486114502
34, 19, 424, 438, -1.4461686611175537
34, 20, -46, 598, -1.1762149333953857
34, 21, 427, 429, -1.3193199634552002
34, 22, -29, 586, -1.0083190202713013
34, 23, 410, 640, -0.07108272612094879
34, 24, 230, 652, 0.07577725499868393
34, 25, 414, 923, -0.012552405707538128
34, 26, 236, 934, 0.08067207038402557
34, 27, 421, 1176, 0.5489826202392578
34, 28, 250, 1182, 0.43090885877609253
34, 29, 427, 1214, 0.5720301866531372
34, 30, 249, 1218, 0.44673699140548706
34, 31, 398, 1258, -0.0057320077903568745
34, 32, 286, 1265, -0.16730019450187683
35, 0, 306, 157, -0.7920340299606323
35, 1, 323, 134, -0.7217851877212524
35, 2, 330, 136, -0.721988320350647
35, 3, 339, 138, -0.7218049168586731
35, 4, 291, 133, -0.7229769825935364
35, 5, 279, 133, -0.7225149273872375
35, 6, 270, 133, -0.7229996919631958
35, 7, 356, 158, -0.31943434476852417
35, 8, 257, 153, -0.3233639597892761
35, 9, 327, 186, -0.6495365500450134
35, 10, 284, 187, -0.6502252817153931
35, 11, 436, 282, -0.16855791211128235
35, 12, 175, 310, -0.07255122810602188
35, 13, 534, 421, -0.5302211046218872
35, 14, 66, 468, -0.22448298335075378
35, 15, 478, 445, -1.2864325046539307
35, 16, -35, 566, -0.9442933797836304
35, 17, 451, 461, -1.4450523853302002
35, 18, -67, 610, -1.0769000053405762
35, 19, 424, 438, -1.4046615362167358
35, 20, -45, 601, -1.176435112953186
35, 21, 427, 430, -1.2897355556488037
35, 22, -28, 589, -1.0122827291488647
35, 23, 410, 640, -0.07126998901367188
35, 24, 230, 652, 0.07592768222093582
35, 25, 414, 924, -0.01093128602951765
35, 26, 236, 936, 0.08750919997692108
35, 27, 422, 1177, 0.5483889579772949
35, 28, 251, 1184, 0.44118720293045044
35, 29, 428, 1216, 0.5713697671890259
35, 30, 250, 1220, 0.45878785848617554
35, 31, 399, 1259, 0.0044295224361121655
35, 32, 287, 1267, -0.1481523960828781
36, 0, 305, 157, -0.7846463322639465
36, 1, 323, 134, -0.7144941687583923
36, 2, 330, 136, -0.7146621942520142
36, 3, 338, 138, -0.7144872546195984
36, 4, 291, 133, -0.7151390910148621
36, 5, 279, 133, -0.7146447896957397
36, 6, 270, 133, -0.7151268720626831
36, 7, 356, 158, -0.3144388794898987
36, 8, 257, 153, -0.3170328736305237
36, 9, 327, 186, -0.642991304397583
36, 10, 284, 188, -0.6433275938034058
36, 11, 436, 282, -0.16311489045619965
36, 12, 175, 310, -0.06779158115386963
36, 13, 534, 421, -0.5009127855300903
36, 14, 66, 468, -0.22169248759746552
36, 15, 478, 445, -1.2125673294067383
36, 16, -35, 566, -0.9416347742080688
36, 17, 451, 460, -1.3629837036132812
36, 18, -67, 610, -1.0713374614715576
36, 19, 424, 438, -1.3237086534500122
36, 20, -46, 601, -1.1704435348510742
36, 21, 427, 429, -1.21431565284729
36, 22, -28, 588, -1.0076496601104736
36, 23, 410, 640, -0.07081085443496704
36, 24, 230, 652, 0.07547296583652496
36, 25, 414, 925, -0.00662467023357749
36, 26, 237, 936, 0.08829322457313538
36, 27, 422, 1178, 0.5500636696815491
36, 28, 252, 1185, 0.44245702028274536
36, 29, 428, 1217, 0.5728471279144287
36, 30, 250, 1222, 0.4595932960510254
36, 31, 399, 1260, 0.010928597301244736
36, 32, 287, 1268, -0.14533540606498718
37, 0, 305, 157, -0.795436680316925
37, 1, 323, 134, -0.726050078868866
37, 2, 330, 136, -0.7262030839920044
37, 3, 338, 138, -0.7259998321533203
37, 4, 291, 133, -0.7272218465805054
37, 5, 279, 133, -0.7267159819602966
37, 6, 270, 133, -0.7271894812583923
37, 7, 356, 158, -0.32645347714424133
37, 8, 256, 153, -0.32911166548728943
37, 9, 327, 186, -0.6537788510322571
37, 10, 284, 188, -0.6543952226638794
37, 11, 436, 282, -0.16634419560432434
37, 12, 175, 310, -0.07725673168897629
37, 13, 534, 420, -0.5012232065200806
37, 14, 66, 468, -0.2225894182920456
37, 15, 478, 445, -1.2174416780471802
37, 16, -36, 567, -0.9404827356338501
37, 17, 452, 460, -1.3686999082565308
37, 18, -68, 610, -1.0686218738555908
37, 19, 424, 438, -1.3315656185150146
37, 20, -46, 601, -1.1676740646362305
37, 21, 427, 429, -1.2199699878692627
37, 22, -29, 589, -1.0052735805511475
37, 23, 410, 641, -0.06975121796131134
37, 24, 230, 653, 0.07438383996486664
37, 25, 414, 925, 0.0008070130134001374
37, 26, 237, 937, 0.07799866795539856
37, 27, 422, 1179, 0.5579198598861694
37, 28, 252, 1187, 0.43087315559387207
37, 29, 427, 1218, 0.5806082487106323
37, 30, 250, 1223, 0.44772934913635254
37, 31, 399, 1261, 0.022410474717617035
37, 32, 287, 1269, -0.15824267268180847
38, 0, 305, 157, -0.79742431640625
38, 1, 323, 134, -0.7278051972389221
38, 2, 330, 136, -0.727950930595398
38, 3, 338, 138, -0.7277518510818481
38, 4, 291, 133, -0.7297077775001526
38, 5, 279, 133, -0.729225754737854
38, 6, 270, 133, -0.7297022342681885
38, 7, 356, 158, -0.32834118604660034
38, 8, 256, 153, -0.33308717608451843
38, 9, 327, 186, -0.6558616161346436
38, 10, 284, 188, -0.6572161912918091
38, 11, 436, 282, -0.16863952577114105
38, 12, 175, 311, -0.08079027384519577
38, 13, 534, 420, -0.5015466213226318
38, 14, 66, 468, -0.22530686855316162
38, 15, 479, 446, -1.2168792486190796
38, 16, -35, 569, -0.9419221878051758
38, 17, 452, 461, -1.3677902221679688
38, 18, -68, 613, -1.0692086219787598
38, 19, 425, 438, -1.331094741821289
38, 20, -46, 603, -1.1681551933288574
38, 21, 427, 430, -1.2196543216705322
38, 22, -29, 591, -1.0066931247711182
38, 23, 410, 641, -0.06949228048324585
38, 24, 230, 654, 0.07412295788526535
38, 25, 414, 926, 0.015248091891407967
38, 26, 237, 938, 0.10489366948604584
38, 27, 422, 1179, 0.5868703722953796
38, 28, 252, 1187, 0.4952433109283447
38, 29, 427, 1218, 0.611482560634613
38, 30, 250, 1224, 0.5162171125411987
38, 31, 399, 1261, 0.05674051120877266
38, 32, 287, 1270, -0.09018780291080475
39, 0, 306, 157, -0.7959388494491577
39, 1, 323, 134, -0.7260349988937378
39, 2, 330, 136, -0.726190447807312
39, 3, 338, 138, -0.7259818315505981
39, 4, 291, 133, -0.7277621030807495
39, 5, 279, 133, -0.7272838354110718
39, 6, 270, 134, -0.727759599685669
39, 7, 356, 158, -0.3272435963153839
39, 8, 256, 153, -0.3329368829727173
39, 9, 327, 186, -0.6546818017959595
39, 10, 284, 188, -0.6558318734169006
39, 11, 436, 282, -0.17036189138889313
39, 12, 175, 311, -0.08493220061063766
39, 13, 533, 419, -0.4872049391269684
39, 14, 66, 468, -0.24695968627929688
39, 15, 479, 446, -1.151604413986206
39, 16, -35, 569, -0.971966564655304
39, 17, 452, 461, -1.2933542728424072
39, 18, -68, 613, -1.0969213247299194
39, 19, 425, 438, -1.257014274597168
39, 20, -46, 604, -1.191325306892395
39, 21, 428, 430, -1.1528656482696533
39, 22, -29, 592, -1.0343044996261597
39, 23, 410, 642, -0.06991057097911835
39, 24, 230, 654, 0.07452665269374847
39, 25, 413, 928, 0.03234315663576126
39, 26, 236, 940, 0.14749744534492493
39, 27, 420, 1182, 0.6211578249931335
39, 28, 250, 1190, 0.5730747580528259
39, 29, 426, 1221, 0.648045539855957
39, 30, 248, 1226, 0.5983017086982727
39, 31, 398, 1264, 0.09925778210163116
39, 32, 286, 1273, -0.0023313092533499002
40, 0, 306, 157, -0.7663799524307251
40, 1, 323, 135, -0.6986445188522339
40, 2, 330, 136, -0.69871985912323
40, 3, 338, 138, -0.698494553565979
40, 4, 291, 133, -0.7020920515060425
40, 5, 279, 134, -0.7016211152076721
40, 6, 270, 134, -0.7020777463912964
40, 7, 356, 158, -0.31521302461624146
40, 8, 256, 153, -0.32670193910598755
40, 9, 327, 186, -0.6311377882957458
40, 10, 285, 188, -0.6346563696861267
40, 11, 436, 282, -0.17022763192653656
40, 12, 175, 311, -0.08957687020301819
40, 13, 534, 419, -0.49061378836631775
40, 14, 66, 468, -0.27293556928634644
40, 15, 479, 446, -1.1629226207733154
40, 16, -35, 571, -0.9807218313217163
40, 17, 452, 462, -1.3071224689483643
40, 18, -67, 616, -1.1031574010849
40, 19, 425, 439, -1.2693318128585815
40, 20, -46, 608, -1.1926794052124023
40, 21, 428, 430, -1.1642142534255981
40, 22, -28, 595, -1.0405594110488892
40, 23, 410, 642, -0.0656183660030365
40, 24, 230, 655, 0.07026399672031403
40, 25, 413, 929, 0.03725728392601013
40, 26, 236, 941, 0.13225147128105164
40, 27, 420, 1183, 0.6050132513046265
40, 28, 250, 1191, 0.4919539988040924
40, 29, 426, 1223, 0.6302448511123657
40, 30, 248, 1228, 0.5091477036476135
40, 31, 398, 1266, 0.08668700605630875
40, 32, 286, 1275, -0.07072081416845322
41, 0, 306, 158, -0.7420089840888977
41, 1, 323, 135, -0.6750931739807129
41, 2, 330, 136, -0.6751247048377991
41, 3, 339, 138, -0.6749249696731567
41, 4, 291, 133, -0.6790878772735596
41, 5, 279, 134, -0.6786434650421143
41, 6, 270, 134, -0.6790981888771057
41, 7, 356, 158, -0.2979845106601715
41, 8, 256, 153, -0.3105699419975281
41, 9, 327, 186, -0.608574390411377
41, 10, 285, 188, -0.6122151017189026
41, 11, 436, 282, -0.16210074722766876
41, 12, 175, 311, -0.08945580571889877
41, 13, 533, 419, -0.4813712537288666
41, 14, 67, 468, -0.2777788043022156
41, 15, 479, 448, -1.1366610527038574
41, 16, -35, 572, -0.9793887138366699
41, 17, 452, 463, -1.270316481590271
41, 18, -67, 616, -1.1010630130767822
41, 19, 425, 440, -1.231692910194397
41, 20, -45, 609, -1.1917489767074585
41, 21, 428, 432, -1.136631965637207
41, 22, -28, 596, -1.0380241870880127
41, 23, 410, 643, -0.06503939628601074
41, 24, 230, 655, 0.06965210288763046
41, 25, 412, 930, 0.036656010895967484
41, 26, 235, 942, 0.13691245019435883
41, 27, 419, 1185, 0.5791741609573364
41, 28, 249, 1193, 0.49497494101524353
41, 29, 425, 1225, 0.6031590104103088
41, 30, 247, 1230, 0.5123229622840881
41, 31, 397, 1267, 0.07835526019334793
41, 32, 285, 1277, -0.06376706063747406
42, 0, 306, 158, -0.7457192540168762
42, 1, 323, 135, -0.677875280380249
42, 2, 330, 136, -0.6779392957687378
42, 3, 339, 138, -0.6777299642562866
42, 4, 291, 133, -0.6821779012680054
42, 5, 279, 134, -0.6817299723625183
42, 6, 270, 134, -0.6821826696395874
42, 7, 356, 158, -0.29901212453842163
42, 8, 256, 153, -0.3109389543533325
42, 9, 327, 186, -0.6108781099319458
42, 10, 285, 188, -0.6150475144386292
42, 11, 436, 282, -0.16489873826503754
42, 12, 175, 311, -0.08964960277080536
42, 13, 533, 419, -0.48185500502586365
42, 14, 67, 468, -0.2750397026538849
42, 15, 480, 448, -1.1437751054763794
42, 16, -34, 573, -0.9700973629951477
42, 17, 452, 464, -1.2782336473464966
42, 18, -66, 618, -1.0851032733917236
42, 19, 425, 441, -1.2377556562423706
42, 20, -44, 612, -1.1723369359970093
42, 21, 428, 432, -1.1430473327636719
42, 22, -27, 599, -1.026963710784912
42, 23, 410, 645, -0.06617707014083862
42, 24, 230, 656, 0.07075641304254532
42, 25, 412, 932, 0.04686952754855156
42, 26, 234, 943, 0.18088559806346893
42, 27, 419, 1187, 0.6131414175033569
42, 28, 249, 1194, 0.5984245538711548
42, 29, 425, 1227, 0.63936847448349
42, 30, 247, 1232, 0.6230047941207886
42, 31, 397, 1269, 0.10231145471334457
42, 32, 285, 1280, 0.037176135927438736
