0, 0, 348, 171, -0.9455206990242004
0, 1, 368, 139, -0.8937813639640808
0, 2, 379, 139, -0.8936500549316406
0, 3, 389, 140, -0.8940566778182983
0, 4, 330, 144, -0.8911052942276001
0, 5, 320, 147, -0.8903189897537231
0, 6, 311, 148, -0.8908871412277222
0, 7, 413, 159, -0.5039884448051453
0, 8, 302, 166, -0.47508150339126587
0, 9, 376, 202, -0.7947768568992615
0, 10, 328, 207, -0.7863001227378845
0, 11, 523, 340, -0.20034413039684296
0, 12, 218, 326, -0.3195735216140747
0, 13, 577, 492, -0.04079955816268921
0, 14, 133, 479, -0.19156643748283386
0, 15, 603, 687, -0.27144256234169006
0, 16, 88, 691, -0.5592136383056641
0, 17, 638, 746, -0.326958030462265
0, 18, 69, 743, -0.6614886522293091
0, 19, 614, 752, -0.41030749678611755
0, 20, 102, 749, -0.763020396232605
0, 21, 598, 730, -0.322166383266449
0, 22, 115, 728, -0.6186705827713013
0, 23, 452, 743, -0.033126719295978546
0, 24, 245, 737, 0.038606636226177216
0, 25, 442, 1067, -0.09671475738286972
0, 26, 245, 1057, -0.06139300391077995
0, 27, 441, 1359, 0.49364930391311646
0, 28, 247, 1351, 0.33340945839881897
0, 29, 446, 1408, 0.5160669088363647
0, 30, 245, 1401, 0.3500517010688782
0, 31, 405, 1449, -0.11502321064472198
0, 32, 276, 1435, -0.347982794046402
1, 0, 348, 171, -1.3119657039642334
1, 1, 368, 139, -1.2572404146194458
1, 2, 379, 139, -1.2575746774673462
1, 3, 390, 140, -1.2579811811447144
1, 4, 330, 144, -1.2549140453338623
1, 5, 320, 147, -1.2545970678329468
1, 6, 311, 148, -1.2552040815353394
1, 7, 413, 158, -0.8047406077384949
1, 8, 302, 166, -0.773208737373352
1, 9, 376, 202, -1.135709285736084
1, 10, 328, 207, -1.1267894506454468
1, 11, 523, 340, -0.42871493101119995
1, 12, 217, 327, -0.48913660645484924
1, 13, 578, 494, -0.3321591019630432
1, 14, 132, 483, -0.32879483699798584
1, 15, 611, 699, -0.7679132223129272
1, 16, 90, 698, -0.7486741542816162
1, 17, 638, 748, -0.8856154680252075
1, 18, 71, 750, -0.8762321472167969
1, 19, 618, 752, -0.9818419218063354
1, 20, 102, 752, -0.9948951601982117
1, 21, 601, 732, -0.8301447033882141
1, 22, 115, 733, -0.8147611618041992
1, 23, 457, 743, -0.052095770835876465
1, 24, 256, 739, 0.05646364763379097
1, 25, 451, 1069, -0.0405343733727932
1, 26, 259, 1066, 0.04566710442304611
1, 27, 454, 1363, 0.699044942855835
1, 28, 273, 1359, 0.5866883993148804
1, 29, 459, 1410, 0.7337298393249512
1, 30, 275, 1406, 0.6203476786613464
1, 31, 422, 1452, 0.05642073228955269
1, 32, 300, 1446, -0.11339080333709717
2, 0, 348, 172, -1.3297092914581299
2, 1, 368, 139, -1.2722285985946655
2, 2, 380, 139, -1.2726131677627563
2, 3, 391, 140, -1.2730181217193604
2, 4, 331, 144, -1.2721035480499268
2, 5, 320, 146, -1.2718323469161987
2, 6, 311, 148, -1.2724376916885376
2, 7, 412, 157, -0.8176921606063843
2, 8, 302, 166, -0.7964199781417847
2, 9, 376, 202, -1.154242992401123
2, 10, 328, 207, -1.1483300924301147
2, 11, 522, 339, -0.4455412030220032
2, 12, 217, 328, -0.5133953094482422
2, 13, 578, 495, -0.32134848833084106
2, 14, 132, 488, -0.35534805059432983
2, 15, 615, 709, -0.7143720388412476
2, 16, 92, 705, -0.7804166078567505
2, 17, 640, 753, -0.8258557319641113
2, 18, 72, 757, -0.9108931422233582
2, 19, 623, 756, -0.9301003217697144
2, 20, 102, 756, -1.0326824188232422
2, 21, 605, 739, -0.7790614366531372
2, 22, 115, 738, -0.8483722805976868
2, 23, 461, 741, -0.0567818209528923
2, 24, 263, 740, 0.06083069369196892
2, 25, 457, 1071, -0.04963191598653793
2, 26, 268, 1070, 0.018324440345168114
2, 27, 464, 1368, 0.6450828909873962
2, 28, 290, 1364, 0.5129707455635071
2, 29, 469, 1414, 0.6743332147598267
2, 30, 293, 1409, 0.5412170886993408
2, 31, 436, 1455, 0.0011348191183060408
2, 32, 316, 1452, -0.18993666768074036
3, 0, 348, 172, -1.3071823120117188
3, 1, 368, 140, -1.2457239627838135
3, 2, 380, 139, -1.2461061477661133
3, 3, 391, 139, -1.2465673685073853
3, 4, 331, 144, -1.2470895051956177
3, 5, 319, 146, -1.2468163967132568
3, 6, 311, 148, -1.2474786043167114
3, 7, 412, 157, -0.7865581512451172
3, 8, 302, 165, -0.7743116617202759
3, 9, 376, 202, -1.130091667175293
3, 10, 328, 207, -1.1267184019088745
3, 11, 522, 339, -0.4151414930820465
3, 12, 216, 329, -0.5013301968574524
3, 13, 578, 496, -0.32057103514671326
3, 14, 132, 491, -0.3604775369167328
3, 15, 616, 711, -0.7684358358383179
3, 16, 91, 706, -0.796888530254364
3, 17, 640, 756, -0.8874810934066772
3, 18, 72, 757, -0.9324321746826172
3, 19, 623, 758, -0.9908713102340698
3, 20, 99, 758, -1.0544040203094482
3, 21, 605, 741, -0.8343654870986938
3, 22, 113, 740, -0.8659040331840515
3, 23, 462, 741, -0.05533561855554581
3, 24, 264, 741, 0.05956681817770004
3, 25, 458, 1072, -0.06597547233104706
3, 26, 270, 1071, -0.0660601481795311
3, 27, 469, 1371, 0.6438032388687134
3, 28, 291, 1369, 0.3953549265861511
3, 29, 474, 1419, 0.6682651042938232
3, 30, 293, 1415, 0.41778597235679626
3, 31, 441, 1458, -0.06579820811748505
3, 32, 320, 1455, -0.3346651792526245
4, 0, 348, 172, -1.3273957967758179
4, 1, 368, 140, -1.2632482051849365
4, 2, 380, 139, -1.26370108127594
4, 3, 391, 139, -1.2641578912734985
4, 4, 331, 144, -1.263587236404419
4, 5, 319, 146, -1.2633389234542847
4, 6, 311, 148, -1.2640424966812134
4, 7, 411, 157, -0.7918940186500549
4, 8, 302, 165, -0.776271402835846
4, 9, 376, 202, -1.1462854146957397
4, 10, 328, 207, -1.141814947128296
4, 11, 522, 340, -0.41198769211769104
4, 12, 216, 329, -0.48941245675086975
4, 13, 578, 497, -0.33028918504714966
4, 14, 132, 493, -0.3548433482646942
4, 15, 621, 712, -0.8109833002090454
4, 16, 90, 706, -0.8225098848342896
4, 17, 644, 757, -0.9378258585929871
4, 18, 69, 757, -0.9663398861885071
4, 19, 628, 759, -1.0466198921203613
4, 20, 95, 758, -1.094754695892334
4, 21, 610, 742, -0.880000114440918
4, 22, 109, 740, -0.895484447479248
4, 23, 463, 741, -0.05494019389152527
4, 24, 266, 743, 0.059240978211164474
4, 25, 459, 1073, -0.08391568064689636
4, 26, 270, 1072, -0.10521858930587769
4, 27, 470, 1374, 0.6244469881057739
4, 28, 290, 1371, 0.350290447473526
4, 29, 475, 1422, 0.6432623863220215
4, 30, 292, 1419, 0.3711773157119751
4, 31, 443, 1460, -0.10949836671352386
4, 32, 319, 1457, -0.38855135440826416
5, 0, 348, 172, -1.3950326442718506
5, 1, 368, 140, -1.3324445486068726
5, 2, 380, 139, -1.3328992128372192
5, 3, 391, 139, -1.3333475589752197
5, 4, 331, 144, -1.330500841140747
5, 5, 319, 146, -1.3303041458129883
5, 6, 311, 147, -1.3310085535049438
5, 7, 411, 156, -0.8559623956680298
5, 8, 302, 165, -0.8313449025154114
5, 9, 376, 202, -1.2113254070281982
5, 10, 328, 206, -1.204168438911438
5, 11, 522, 340, -0.4706130623817444
5, 12, 216, 330, -0.5189368724822998
5, 13, 578, 500, -0.39348703622817993
5, 14, 132, 493, -0.37108325958251953
5, 15, 622, 715, -0.8910996317863464
5, 16, 87, 707, -0.8444138765335083
5, 17, 645, 760, -1.0243184566497803
5, 18, 66, 757, -0.9898103475570679
5, 19, 628, 762, -1.1382429599761963
5, 20, 89, 759, -1.1226887702941895
5, 21, 610, 745, -0.9619235992431641
5, 22, 104, 741, -0.9194070100784302
5, 23, 465, 741, -0.05706094950437546
5, 24, 267, 743, 0.0613398551940918
5, 25, 459, 1075, -0.09006178379058838
5, 26, 271, 1073, -0.10312625020742416
5, 27, 470, 1375, 0.600448489189148
5, 28, 288, 1373, 0.35575544834136963
5, 29, 475, 1423, 0.6218678951263428
5, 30, 290, 1421, 0.3763304054737091
5, 31, 442, 1462, -0.11052922904491425
5, 32, 317, 1458, -0.3750789165496826
6, 0, 348, 172, -1.414199948310852
6, 1, 368, 140, -1.354187250137329
6, 2, 380, 139, -1.354606032371521
6, 3, 391, 139, -1.3550652265548706
6, 4, 331, 144, -1.3520127534866333
6, 5, 319, 146, -1.3517868518829346
6, 6, 311, 147, -1.3524854183197021
6, 7, 411, 156, -0.8795331120491028
6, 8, 302, 165, -0.8534852266311646
6, 9, 376, 202, -1.2302825450897217
6, 10, 328, 206, -1.222672700881958
6, 11, 521, 339, -0.4821297228336334
6, 12, 216, 330, -0.5384844541549683
6, 13, 578, 500, -0.3868335485458374
6, 14, 132, 493, -0.38839906454086304
6, 15, 624, 714, -0.8650633096694946
6, 16, 90, 707, -0.8490866422653198
6, 17, 647, 760, -0.9942333102226257
6, 18, 71, 758, -0.9909160733222961
6, 19, 631, 762, -1.1051255464553833
6, 20, 93, 759, -1.1215296983718872
6, 21, 612, 745, -0.9343165159225464
6, 22, 108, 741, -0.9221655130386353
6, 23, 467, 741, -0.05913573503494263
6, 24, 270, 743, 0.06337149441242218
6, 25, 460, 1075, -0.08922593295574188
6, 26, 272, 1073, -0.09617209434509277
6, 27, 469, 1375, 0.6092197895050049
6, 28, 286, 1373, 0.4026798605918884
6, 29, 474, 1423, 0.634673535823822
6, 30, 288, 1421, 0.4288111627101898
6, 31, 440, 1462, -0.08908146619796753
6, 32, 314, 1458, -0.34821903705596924
7, 0, 348, 172, -1.4249557256698608
7, 1, 368, 140, -1.3680996894836426
7, 2, 380, 139, -1.3685846328735352
7, 3, 392, 139, -1.3689630031585693
7, 4, 331, 144, -1.3627208471298218
7, 5, 319, 146, -1.3624452352523804
7, 6, 311, 147, -1.363134503364563
7, 7, 410, 156, -0.8957099914550781
7, 8, 302, 165, -0.8537390828132629
7, 9, 376, 202, -1.2413160800933838
7, 10, 328, 206, -1.2292546033859253
7, 11, 521, 339, -0.5080389976501465
7, 12, 216, 330, -0.5213834047317505
7, 13, 579, 500, -0.42688703536987305
7, 14, 132, 493, -0.36421865224838257
7, 15, 623, 714, -0.9261420369148254
7, 16, 89, 707, -0.8269407153129578
7, 17, 644, 760, -1.065129041671753
7, 18, 69, 757, -0.9677122831344604
7, 19, 630, 762, -1.1750602722167969
7, 20, 90, 757, -1.1042630672454834
7, 21, 611, 745, -0.995263934135437
7, 22, 105, 739, -0.9026449918746948
7, 23, 470, 741, -0.07149604707956314
7, 24, 272, 743, 0.0756830945611
7, 25, 462, 1075, -0.08926717936992645
7, 26, 272, 1074, -0.005587666295468807
7, 27, 468, 1375, 0.6313084363937378
7, 28, 285, 1374, 0.5308609008789062
7, 29, 473, 1423, 0.6609501838684082
7, 30, 287, 1421, 0.5616437792778015
7, 31, 439, 1462, -0.05703632906079292
7, 32, 313, 1459, -0.2044064998626709
8, 0, 348, 173, -1.4206418991088867
8, 1, 368, 140, -1.3616501092910767
8, 2, 380, 139, -1.3621917963027954
8, 3, 392, 140, -1.3625543117523193
8, 4, 331, 144, -1.3546632528305054
8, 5, 319, 146, -1.3543647527694702
8, 6, 311, 148, -1.3550989627838135
8, 7, 410, 156, -0.881092369556427
8, 8, 302, 165, -0.8329347372055054
8, 9, 376, 203, -1.2329328060150146
8, 10, 328, 207, -1.2189421653747559
8, 11, 521, 339, -0.4918908476829529
8, 12, 215, 330, -0.5193561911582947
8, 13, 580, 501, -0.425107479095459
8, 14, 132, 492, -0.3324756622314453
8, 15, 624, 713, -0.9774802923202515
8, 16, 90, 702, -0.8318663835525513
8, 17, 646, 760, -1.133350133895874
8, 18, 74, 752, -0.9897295832633972
8, 19, 630, 760, -1.2518976926803589
8, 20, 93, 744, -1.1284178495407104
8, 21, 611, 743, -1.0513997077941895
8, 22, 108, 728, -0.9100971221923828
8, 23, 470, 742, -0.07672683894634247
8, 24, 271, 744, 0.08121778070926666
8, 25, 462, 1077, -0.08584083616733551
8, 26, 271, 1074, -0.02097361348569393
8, 27, 468, 1376, 0.6440364122390747
8, 28, 284, 1373, 0.4954597055912018
8, 29, 473, 1423, 0.6731439828872681
8, 30, 286, 1421, 0.5251606106758118
8, 31, 438, 1464, -0.050444819033145905
8, 32, 310, 1459, -0.2391485869884491
9, 0, 348, 174, -1.5254271030426025
9, 1, 368, 141, -1.459885835647583
9, 2, 380, 140, -1.4603010416030884
9, 3, 392, 140, -1.460400104522705
9, 4, 331, 145, -1.455773115158081
9, 5, 319, 146, -1.455924153327942
9, 6, 311, 148, -1.45671808719635
9, 7, 410, 156, -0.9467595219612122
9, 8, 302, 165, -0.9169929623603821
9, 9, 376, 204, -1.3261386156082153
9, 10, 328, 208, -1.3181990385055542
9, 11, 520, 338, -0.524337649345398
9, 12, 214, 330, -0.5181823968887329
9, 13, 587, 504, -0.621635377407074
9, 14, 129, 497, -0.5389673709869385
9, 15, 571, 649, -1.3463566303253174
9, 16, 148, 642, -1.3798973560333252
9, 17, 567, 682, -1.5299079418182373
9, 18, 158, 684, -1.5854262113571167
9, 19, 549, 656, -1.5951637029647827
9, 20, 181, 652, -1.6546452045440674
9, 21, 541, 644, -1.397412657737732
9, 22, 183, 638, -1.4325604438781738
9, 23, 462, 741, -0.07776476442813873
9, 24, 263, 742, 0.08248208463191986
9, 25, 451, 1075, -0.18557186424732208
9, 26, 255, 1061, -0.17700734734535217
9, 27, 454, 1373, 0.3932052552700043
9, 28, 267, 1359, 0.21053138375282288
9, 29, 459, 1420, 0.4049520492553711
9, 30, 267, 1405, 0.2241758108139038
9, 31, 424, 1460, -0.3401087522506714
9, 32, 296, 1446, -0.5531032085418701
10, 0, 350, 176, -1.57289719581604
10, 1, 368, 142, -1.5074235200881958
10, 2, 381, 142, -1.5078041553497314
10, 3, 392, 142, -1.5077636241912842
10, 4, 332, 146, -1.5038822889328003
10, 5, 320, 148, -1.5040580034255981
10, 6, 311, 149, -1.5047459602355957
10, 7, 410, 156, -0.9740362167358398
10, 8, 303, 166, -0.9442621469497681
10, 9, 377, 206, -1.3649265766143799
10, 10, 329, 210, -1.3576791286468506
10, 11, 520, 338, -0.5434965491294861
10, 12, 214, 333, -0.545466423034668
10, 13, 594, 506, -0.9067693948745728
10, 14, 129, 508, -0.9745247960090637
10, 15, 546, 590, -1.7737518548965454
10, 16, 206, 514, -2.067934513092041
10, 17, 526, 606, -1.9476655721664429
10, 18, 234, 509, -2.2852835655212402
10, 19, 455, 507, -1.9500741958618164
10, 20, 262, 451, -2.265610933303833
10, 21, 459, 499, -1.7963470220565796
10, 22, 256, 452, -2.0874886512756348
10, 23, 460, 741, -0.07807569205760956
10, 24, 261, 741, 0.0827474370598793
10, 25, 448, 1074, -0.19674889743328094
10, 26, 248, 1060, -0.17333519458770752
10, 27, 450, 1373, 0.380062460899353
10, 28, 261, 1356, 0.2689425051212311
10, 29, 454, 1419, 0.3922637403011322
10, 30, 262, 1400, 0.282134473323822
10, 31, 422, 1459, -0.35262754559516907
10, 32, 289, 1444, -0.4775201380252838
11, 0, 353, 176, -1.5428736209869385
11, 1, 370, 142, -1.4681724309921265
11, 2, 383, 142, -1.4684946537017822
11, 3, 393, 142, -1.4684005975723267
11, 4, 334, 146, -1.4680984020233154
11, 5, 322, 148, -1.4683246612548828
11, 6, 312, 149, -1.4689252376556396
11, 7, 411, 156, -0.9246406555175781
11, 8, 304, 166, -0.9046951532363892
11, 9, 379, 206, -1.329992413520813
11, 10, 333, 210, -1.3272755146026611
11, 11, 521, 337, -0.5115041732788086
11, 12, 222, 334, -0.5319634675979614
11, 13, 605, 509, -1.0052675008773804
11, 14, 129, 517, -1.0769917964935303
11, 15, 501, 514, -1.9561498165130615
11, 16, 225, 467, -2.1692118644714355
11, 17, 452, 495, -2.1227400302886963
11, 18, 275, 434, -2.3774843215942383
11, 19, 442, 456, -2.0702903270721436
11, 20, 278, 402, -2.3088581562042236
11, 21, 451, 454, -1.9549086093902588
11, 22, 276, 413, -2.1646995544433594
11, 23, 464, 740, -0.07300494611263275
11, 24, 269, 740, 0.07719571143388748
11, 25, 448, 1041, -0.17442163825035095
11, 26, 255, 1020, -0.15060728788375854
11, 27, 467, 1337, 0.43727269768714905
11, 28, 285, 1316, 0.301358699798584
11, 29, 472, 1383, 0.4549882411956787
11, 30, 289, 1359, 0.31596219539642334
11, 31, 451, 1419, -0.2651121914386749
11, 32, 309, 1409, -0.4603755474090576
12, 0, 356, 176, -1.5289690494537354
12, 1, 373, 142, -1.4261603355407715
12, 2, 385, 142, -1.426501989364624
12, 3, 395, 141, -1.4259235858917236
12, 4, 336, 146, -1.4113423824310303
12, 5, 325, 147, -1.4118202924728394
12, 6, 314, 149, -1.4117991924285889
12, 7, 411, 156, -0.8421034812927246
12, 8, 304, 166, -0.8000863790512085
12, 9, 381, 206, -1.2976266145706177
12, 10, 335, 210, -1.2862818241119385
12, 11, 521, 337, -0.5097216963768005
12, 12, 225, 333, -0.3999677896499634
12, 13, 608, 513, -1.0809999704360962
12, 14, 134, 515, -0.9418724775314331
12, 15, 479, 472, -1.949215292930603
12, 16, 225, 444, -2.0616531372070312
12, 17, 425, 433, -2.118352174758911
12, 18, 254, 414, -2.271458148956299
12, 19, 421, 392, -2.040285348892212
12, 20, 262, 363, -2.212055206298828
12, 21, 430, 401, -1.9381109476089478
12, 22, 265, 373, -2.069127082824707
12, 23, 462, 739, -0.07567957788705826
12, 24, 268, 737, 0.07993055880069733
12, 25, 441, 1043, -0.29294639825820923
12, 26, 250, 1020, -0.16338765621185303
12, 27, 460, 1340, 0.23110096156597137
12, 28, 284, 1320, 0.14882710576057434
12, 29, 464, 1387, 0.24148981273174286
12, 30, 287, 1364, 0.15016932785511017
12, 31, 447, 1421, -0.4813239574432373
12, 32, 306, 1411, -0.577151894569397
13, 0, 369, 174, -1.0892826318740845
13, 1, 381, 140, -0.9927933812141418
13, 2, 391, 139, -0.9932158589363098
13, 3, 399, 139, -0.9930769801139832
13, 4, 346, 144, -0.9941479563713074
13, 5, 332, 145, -0.9942512512207031
13, 6, 320, 147, -0.9945433735847473
13, 7, 412, 155, -0.48328012228012085
13, 8, 306, 166, -0.4843370020389557
13, 9, 388, 205, -0.9011725187301636
13, 10, 346, 210, -0.903851330280304
13, 11, 517, 331, -0.266434907913208
13, 12, 236, 336, -0.19749632477760315
13, 13, 618, 512, -0.8812466859817505
13, 14, 128, 545, -0.791194498538971
13, 15, 444, 405, -1.6578092575073242
13, 16, 202, 367, -1.7739074230194092
13, 17, 395, 359, -1.8188800811767578
13, 18, 224, 303, -1.9780409336090088
13, 19, 394, 331, -1.7387819290161133
13, 20, 236, 285, -1.9114058017730713
13, 21, 401, 342, -1.64264714717865
13, 22, 240, 306, -1.7757877111434937
13, 23, 459, 724, -0.06826501339673996
13, 24, 269, 724, 0.07243271917104721
13, 25, 442, 1006, -0.32728832960128784
13, 26, 256, 981, -0.290841281414032
13, 27, 460, 1305, 0.11911274492740631
13, 28, 291, 1287, -0.07658062130212784
13, 29, 462, 1351, 0.12739317119121552
13, 30, 295, 1332, -0.07988293468952179
13, 31, 449, 1383, -0.5234025716781616
13, 32, 312, 1373, -0.7431305050849915
14, 0, 383, 173, -1.1586544513702393
14, 1, 390, 139, -1.0626126527786255
14, 2, 397, 139, -1.0629699230194092
14, 3, 405, 139, -1.062815546989441
14, 4, 357, 142, -1.0695974826812744
14, 5, 343, 143, -1.0697499513626099
14, 6, 329, 145, -1.0701841115951538
14, 7, 413, 155, -0.5396345853805542
14, 8, 308, 165, -0.5626670122146606
14, 9, 396, 205, -0.9656558036804199
14, 10, 357, 209, -0.9742520451545715
14, 11, 510, 326, -0.3039575219154358
14, 12, 238, 343, -0.2758788764476776
14, 13, 620, 506, -0.9534415006637573
14, 14, 123, 556, -0.899919867515564
14, 15, 439, 385, -1.7037032842636108
14, 16, 192, 351, -1.8798408508300781
14, 17, 392, 334, -1.8597619533538818
14, 18, 213, 284, -2.083486318588257
14, 19, 388, 312, -1.7507398128509521
14, 20, 227, 269, -1.9943797588348389
14, 21, 396, 325, -1.676993727684021
14, 22, 230, 294, -1.87200129032135
14, 23, 460, 721, -0.06460149586200714
14, 24, 275, 724, 0.06871683895587921
14, 25, 445, 980, -0.2833307683467865
14, 26, 272, 953, -0.24249252676963806
14, 27, 467, 1276, 0.23622941970825195
14, 28, 307, 1260, 0.053622227162122726
14, 29, 468, 1322, 0.25145837664604187
14, 30, 312, 1306, 0.058888066560029984
14, 31, 459, 1355, -0.4001235365867615
14, 32, 325, 1346, -0.5976799130439758
15, 0, 388, 173, -1.0547231435775757
15, 1, 395, 139, -0.9541767239570618
15, 2, 402, 139, -0.9545217752456665
15, 3, 410, 139, -0.9542519450187683
15, 4, 364, 141, -0.9630765914916992
15, 5, 349, 143, -0.963182270526886
15, 6, 335, 144, -0.9636393785476685
15, 7, 415, 155, -0.43846574425697327
15, 8, 310, 165, -0.4685482382774353
15, 9, 401, 205, -0.8663309216499329
15, 10, 362, 209, -0.8777502775192261
15, 11, 509, 325, -0.2555932104587555
15, 12, 238, 354, -0.23697654902935028
15, 13, 619, 501, -0.918194591999054
15, 14, 119, 559, -0.8928446769714355
15, 15, 431, 368, -1.6024386882781982
15, 16, 187, 335, -1.831336259841919
15, 17, 386, 319, -1.7519664764404297
15, 18, 210, 266, -2.0320677757263184
15, 19, 382, 300, -1.6694215536117554
15, 20, 223, 252, -1.9383506774902344
15, 21, 390, 314, -1.5788774490356445
15, 22, 226, 280, -1.8228271007537842
15, 23, 468, 722, -0.06237262487411499
15, 24, 281, 728, 0.06665666401386261
15, 25, 453, 991, -0.25775617361068726
15, 26, 289, 977, -0.24775667488574982
15, 27, 476, 1293, 0.2698259949684143
15, 28, 320, 1279, 0.043381743133068085
15, 29, 477, 1340, 0.2841170132160187
15, 30, 324, 1325, 0.04854210466146469
15, 31, 465, 1375, -0.3721610903739929
15, 32, 340, 1367, -0.6168229579925537
16, 0, 396, 173, -1.0535269975662231
16, 1, 403, 140, -0.9551974534988403
16, 2, 410, 140, -0.9554864168167114
16, 3, 417, 140, -0.9552257657051086
16, 4, 374, 141, -0.9707295298576355
16, 5, 359, 142, -0.9708687663078308
16, 6, 345, 143, -0.9713865518569946
16, 7, 418, 156, -0.4364880621433258
16, 8, 313, 164, -0.49717244505882263
16, 9, 408, 206, -0.8614333271980286
16, 10, 371, 209, -0.8815771341323853
16, 11, 506, 324, -0.23400434851646423
16, 12, 238, 356, -0.273039847612381
16, 13, 617, 488, -0.9175135493278503
16, 14, 110, 558, -0.9481913447380066
16, 15, 429, 357, -1.6146440505981445
16, 16, 184, 327, -1.841825246810913
16, 17, 384, 300, -1.767407774925232
16, 18, 210, 259, -2.032792568206787
16, 19, 379, 285, -1.6490230560302734
16, 20, 221, 244, -1.9418329000473022
16, 21, 388, 300, -1.5833970308303833
16, 22, 222, 271, -1.8321412801742554
16, 23, 468, 729, -0.031162193045020103
16, 24, 281, 738, 0.035617657005786896
16, 25, 463, 1005, -0.24611136317253113
16, 26, 296, 989, -0.30596017837524414
16, 27, 478, 1305, 0.24747678637504578
16, 28, 322, 1290, -0.028821270912885666
16, 29, 478, 1352, 0.2602856159210205
16, 30, 322, 1335, -0.023609992116689682
16, 31, 472, 1387, -0.36403343081474304
16, 32, 354, 1378, -0.6567498445510864
17, 0, 396, 174, -1.0341155529022217
17, 1, 404, 142, -0.9402864575386047
17, 2, 411, 143, -0.9405206441879272
17, 3, 418, 144, -0.9402605891227722
17, 4, 376, 142, -0.9570455551147461
17, 5, 362, 142, -0.9570485353469849
17, 6, 348, 143, -0.9574884176254272
17, 7, 418, 159, -0.43488192558288574
17, 8, 315, 164, -0.5072276592254639
17, 9, 407, 207, -0.8451635241508484
17, 10, 371, 209, -0.8683568239212036
17, 11, 500, 319, -0.22838380932807922
17, 12, 233, 349, -0.25529974699020386
17, 13, 606, 481, -0.8671818971633911
17, 14, 103, 557, -0.8821277618408203
17, 15, 420, 347, -1.56490159034729
17, 16, 182, 331, -1.762249231338501
17, 17, 377, 294, -1.7157551050186157
17, 18, 206, 270, -1.9460197687149048
17, 19, 374, 279, -1.5975487232208252
17, 20, 219, 256, -1.8808311223983765
17, 21, 384, 294, -1.5773625373840332
17, 22, 221, 280, -1.759186029434204
17, 23, 445, 720, -0.0135339992120862
17, 24, 264, 727, 0.01812399923801422
17, 25, 456, 955, -0.27723565697669983
17, 26, 274, 942, -0.29041093587875366
17, 27, 437, 1254, 0.1601322442293167
17, 28, 283, 1248, -0.02116217650473118
17, 29, 427, 1299, 0.17238199710845947
17, 30, 278, 1296, -0.017558977007865906
17, 31, 430, 1340, -0.40748339891433716
17, 32, 317, 1335, -0.6178069114685059
18, 0, 395, 174, -1.1822164058685303
18, 1, 404, 143, -1.0836973190307617
18, 2, 411, 144, -1.0837624073028564
18, 3, 418, 145, -1.083479881286621
18, 4, 376, 142, -1.0951710939407349
18, 5, 362, 142, -1.095302700996399
18, 6, 349, 143, -1.0955641269683838
18, 7, 419, 159, -0.572179913520813
18, 8, 316, 163, -0.6220221519470215
18, 9, 406, 207, -0.9921838641166687
18, 10, 370, 209, -1.0082056522369385
18, 11, 501, 319, -0.3864865303039551
18, 12, 230, 344, -0.34245121479034424
18, 13, 603, 480, -1.037914752960205
18, 14, 97, 552, -1.0276679992675781
18, 15, 419, 350, -1.6907628774642944
18, 16, 182, 322, -1.9460538625717163
18, 17, 378, 296, -1.8371301889419556
18, 18, 203, 263, -2.1360857486724854
18, 19, 375, 280, -1.7198997735977173
18, 20, 217, 250, -2.0397520065307617
18, 21, 384, 295, -1.665307641029358
18, 22, 220, 271, -1.9343948364257812
18, 23, 442, 721, -0.019140608608722687
18, 24, 258, 727, 0.02373647876083851
18, 25, 458, 969, -0.3642798364162445
18, 26, 267, 962, -0.33133718371391296
18, 27, 436, 1270, 0.050571948289871216
18, 28, 277, 1266, -0.12486466020345688
18, 29, 427, 1315, 0.060554008930921555
18, 30, 275, 1314, -0.1279737651348114
18, 31, 423, 1360, -0.5375030636787415
18, 32, 305, 1354, -0.7416229248046875
19, 0, 394, 175, -1.0888752937316895
19, 1, 403, 144, -0.9949902296066284
19, 2, 411, 145, -0.9952217936515808
19, 3, 418, 146, -0.9949697256088257
19, 4, 375, 142, -1.0030299425125122
19, 5, 361, 142, -1.0030736923217773
19, 6, 348, 143, -1.0034629106521606
19, 7, 419, 160, -0.4932614862918854
19, 8, 316, 163, -0.5251705050468445
19, 9, 406, 207, -0.9023820757865906
19, 10, 369, 209, -0.913618266582489
19, 11, 502, 319, -0.3251853585243225
19, 12, 230, 344, -0.26095157861709595
19, 13, 602, 478, -0.9489462971687317
19, 14, 98, 549, -0.9359549283981323
19, 15, 417, 348, -1.6316570043563843
19, 16, 181, 325, -1.8314924240112305
19, 17, 376, 295, -1.7892377376556396
19, 18, 202, 264, -2.0216269493103027
19, 19, 373, 280, -1.647409200668335
19, 20, 216, 252, -1.9493482112884521
19, 21, 382, 295, -1.65240478515625
19, 22, 219, 275, -1.828317403793335
19, 23, 442, 721, -0.020979467779397964
19, 24, 256, 726, 0.025541434064507484
19, 25, 454, 977, -0.32105642557144165
19, 26, 262, 968, -0.29432255029678345
19, 27, 436, 1274, 0.14348377287387848
19, 28, 275, 1268, -0.03664005175232887
19, 29, 429, 1318, 0.15590713918209076
19, 30, 275, 1315, -0.035058144479990005
19, 31, 422, 1362, -0.46249380707740784
19, 32, 299, 1356, -0.6701705455780029
20, 0, 394, 176, -1.0654172897338867
20, 1, 403, 145, -0.9775938987731934
20, 2, 410, 146, -0.977835476398468
20, 3, 417, 148, -0.9775505065917969
20, 4, 374, 143, -0.9882286190986633
20, 5, 360, 143, -0.9882990121841431
20, 6, 347, 143, -0.988798975944519
20, 7, 418, 161, -0.4850030541419983
20, 8, 316, 164, -0.5262473821640015
20, 9, 406, 208, -0.8804836273193359
20, 10, 369, 210, -0.8947931528091431
20, 11, 500, 318, -0.30096688866615295
20, 12, 230, 346, -0.2669943571090698
20, 13, 598, 478, -0.9211640357971191
20, 14, 98, 551, -0.9144479632377625
20, 15, 408, 345, -1.6046793460845947
20, 16, 180, 328, -1.8240759372711182
20, 17, 368, 289, -1.7668402194976807
20, 18, 201, 265, -2.016195774078369
20, 19, 364, 275, -1.610803246498108
20, 20, 213, 250, -1.933881163597107
20, 21, 372, 292, -1.6312553882598877
20, 22, 215, 275, -1.8180612325668335
20, 23, 442, 721, -0.02199399098753929
20, 24, 257, 725, 0.026483356952667236
20, 25, 455, 982, -0.2850644588470459
20, 26, 267, 985, -0.2959744334220886
20, 27, 437, 1284, 0.18037155270576477
20, 28, 275, 1287, -0.042907629162073135
20, 29, 431, 1325, 0.19353295862674713
20, 30, 276, 1333, -0.04136393591761589
20, 31, 424, 1380, -0.4360271394252777
20, 32, 299, 1377, -0.6837714910507202
21, 0, 393, 177, -0.9870375394821167
21, 1, 402, 146, -0.893205463886261
21, 2, 410, 148, -0.8934367299079895
21, 3, 417, 149, -0.8931185007095337
21, 4, 373, 143, -0.9031454920768738
21, 5, 359, 143, -0.9031855463981628
21, 6, 346, 143, -0.9035754203796387
21, 7, 418, 162, -0.39004188776016235
21, 8, 316, 164, -0.4320971369743347
21, 9, 405, 209, -0.7991464138031006
21, 10, 368, 210, -0.8132838010787964
21, 11, 500, 318, -0.1994100958108902
21, 12, 227, 346, -0.16661828756332397
21, 13, 598, 479, -0.8345658183097839
21, 14, 97, 550, -0.7820369601249695
21, 15, 408, 351, -1.5663645267486572
21, 16, 177, 330, -1.711316704750061
21, 17, 369, 296, -1.7424051761627197
21, 18, 194, 271, -1.8974206447601318
21, 19, 367, 281, -1.5862128734588623
21, 20, 204, 256, -1.8164021968841553
21, 21, 374, 296, -1.5554594993591309
21, 22, 207, 279, -1.7058074474334717
21, 23, 442, 720, -0.02310669980943203
21, 24, 257, 726, 0.027626153081655502
21, 25, 456, 924, -0.3410968482494354
21, 26, 267, 917, -0.3215407431125641
21, 27, 439, 1230, 0.096805639564991
21, 28, 277, 1231, -0.04928140714764595
21, 29, 432, 1276, 0.1099129319190979
21, 30, 276, 1281, -0.04501546174287796
21, 31, 425, 1315, -0.4661330580711365
21, 32, 302, 1315, -0.6818062663078308
22, 0, 393, 178, -1.1196523904800415
22, 1, 402, 147, -1.0201603174209595
22, 2, 410, 148, -1.0202714204788208
22, 3, 417, 150, -1.0198190212249756
22, 4, 372, 144, -1.0232765674591064
22, 5, 358, 144, -1.0232683420181274
22, 6, 346, 144, -1.0233519077301025
22, 7, 417, 163, -0.4944303631782532
22, 8, 315, 164, -0.5046486854553223
22, 9, 405, 209, -0.9255805015563965
22, 10, 367, 210, -0.931413471698761
22, 11, 500, 318, -0.3131784200668335
22, 12, 227, 346, -0.18893595039844513
22, 13, 598, 479, -0.9591327905654907
22, 14, 98, 550, -0.8558292388916016
22, 15, 410, 355, -1.6745983362197876
22, 16, 175, 331, -1.8140342235565186
22, 17, 371, 300, -1.8389651775360107
22, 18, 192, 271, -2.0070836544036865
22, 19, 369, 286, -1.7250325679779053
22, 20, 201, 257, -1.9235092401504517
22, 21, 376, 300, -1.651341199874878
22, 22, 204, 280, -1.8099136352539062
22, 23, 442, 719, -0.031147297471761703
22, 24, 258, 726, 0.03591971844434738
22, 25, 458, 915, -0.3770940601825714
22, 26, 265, 906, -0.31692618131637573
22, 27, 440, 1215, 0.08923625200986862
22, 28, 281, 1215, -0.02963072992861271
22, 29, 433, 1263, 0.10548677295446396
22, 30, 281, 1265, -0.024008292704820633
22, 31, 426, 1297, -0.4669112265110016
22, 32, 303, 1297, -0.6131752133369446
23, 0, 392, 178, -1.0885331630706787
23, 1, 401, 148, -0.9946058392524719
23, 2, 409, 149, -0.9948040843009949
23, 3, 417, 150, -0.9944500923156738
23, 4, 371, 145, -0.9968857765197754
23, 5, 358, 144, -0.9968587160110474
23, 6, 345, 145, -0.9970781207084656
23, 7, 417, 163, -0.4841386675834656
23, 8, 315, 165, -0.4905920922756195
23, 9, 405, 210, -0.8982757329940796
23, 10, 366, 210, -0.9019802212715149
23, 11, 500, 317, -0.2964249849319458
23, 12, 227, 346, -0.19497272372245789
23, 13, 597, 479, -0.9348255395889282
23, 14, 99, 549, -0.8100295066833496
23, 15, 411, 356, -1.6338735818862915
23, 16, 173, 330, -1.785575270652771
23, 17, 372, 301, -1.790366530418396
23, 18, 190, 268, -1.9815552234649658
23, 19, 370, 285, -1.697742223739624
23, 20, 199, 254, -1.8874082565307617
23, 21, 377, 299, -1.6183735132217407
23, 22, 203, 277, -1.7787272930145264
23, 23, 439, 719, -0.03614949807524681
23, 24, 258, 725, 0.04097144678235054
23, 25, 450, 927, -0.34843453764915466
23, 26, 263, 912, -0.25250327587127686
23, 27, 434, 1220, 0.1194196492433548
23, 28, 280, 1213, 0.04100928455591202
23, 29, 428, 1267, 0.1308465301990509
23, 30, 281, 1261, 0.046682801097631454
23, 31, 423, 1299, -0.42576438188552856
23, 32, 298, 1293, -0.5211297273635864
24, 0, 392, 180, -1.0496857166290283
24, 1, 401, 150, -0.9627656936645508
24, 2, 409, 151, -0.9630057215690613
24, 3, 417, 152, -0.9627585411071777
24, 4, 371, 146, -0.9686799049377441
24, 5, 357, 145, -0.9686740636825562
24, 6, 344, 145, -0.9690181016921997
24, 7, 418, 165, -0.46423864364624023
24, 8, 315, 165, -0.4874196946620941
24, 9, 404, 213, -0.8608955144882202
24, 10, 366, 213, -0.8702279329299927
24, 11, 498, 317, -0.2754729092121124
24, 12, 225, 333, -0.19317027926445007
24, 13, 594, 477, -0.9188121557235718
24, 14, 100, 542, -0.7763563990592957
24, 15, 408, 360, -1.613447904586792
24, 16, 173, 331, -1.7289135456085205
24, 17, 367, 304, -1.7702624797821045
24, 18, 188, 271, -1.9127304553985596
24, 19, 364, 287, -1.674986481666565
24, 20, 196, 253, -1.8371034860610962
24, 21, 371, 301, -1.595037579536438
24, 22, 199, 276, -1.7257769107818604
24, 23, 435, 716, -0.04022250697016716
24, 24, 255, 721, 0.04490664601325989
24, 25, 450, 932, -0.3349854648113251
24, 26, 258, 919, -0.22225412726402283
24, 27, 429, 1226, 0.1299014389514923
24, 28, 280, 1224, 0.042848456650972366
24, 29, 419, 1271, 0.14391696453094482
24, 30, 281, 1271, 0.04754306375980377
24, 31, 419, 1312, -0.4231437146663666
24, 32, 300, 1308, -0.5194694995880127
25, 0, 392, 180, -1.2638558149337769
25, 1, 401, 150, -1.1742594242095947
25, 2, 409, 151, -1.1745593547821045
25, 3, 416, 152, -1.1743196249008179
25, 4, 370, 146, -1.1773135662078857
25, 5, 356, 146, -1.1774786710739136
25, 6, 343, 146, -1.177816390991211
25, 7, 418, 164, -0.6259010434150696
25, 8, 314, 165, -0.6320275664329529
25, 9, 404, 213, -1.0562419891357422
25, 10, 364, 213, -1.0604352951049805
25, 11, 504, 318, -0.36288195848464966
25, 12, 225, 329, -0.2457917481660843
25, 13, 613, 483, -1.0050748586654663
25, 14, 101, 532, -0.8421819806098938
25, 15, 411, 388, -1.774762511253357
25, 16, 172, 337, -1.945483922958374
25, 17, 367, 331, -1.942173957824707
25, 18, 182, 276, -2.1614832878112793
25, 19, 364, 300, -1.8390737771987915
25, 20, 192, 260, -2.0921201705932617
25, 21, 372, 311, -1.7518713474273682
25, 22, 196, 283, -1.9483696222305298
25, 23, 433, 723, -0.06555478274822235
25, 24, 248, 723, 0.07010351866483688
25, 25, 415, 980, -0.2975859045982361
25, 26, 229, 947, -0.13073691725730896
25, 27, 418, 1271, 0.2526276707649231
25, 28, 255, 1243, 0.19450148940086365
25, 29, 416, 1319, 0.27040091156959534
25, 30, 259, 1287, 0.20228350162506104
25, 31, 403, 1347, -0.36533123254776
25, 32, 271, 1332, -0.44449591636657715
26, 0, 390, 180, -1.4563593864440918
26, 1, 400, 149, -1.3647888898849487
26, 2, 409, 150, -1.3651492595672607
26, 3, 416, 151, -1.3651371002197266
26, 4, 368, 146, -1.3768798112869263
26, 5, 353, 146, -1.377058982849121
26, 6, 340, 146, -1.377524495124817
26, 7, 419, 164, -0.7612810730934143
26, 8, 313, 165, -0.8103401064872742
26, 9, 404, 213, -1.2252191305160522
26, 10, 362, 213, -1.2418317794799805
26, 11, 508, 319, -0.4383109509944916
26, 12, 221, 310, -0.42208367586135864
26, 13, 617, 488, -1.1872636079788208
26, 14, 104, 491, -1.086458444595337
26, 15, 407, 426, -2.1343252658843994
26, 16, 170, 345, -2.274942636489868
26, 17, 350, 383, -2.334712028503418
26, 18, 182, 303, -2.5147242546081543
26, 19, 351, 350, -2.235219955444336
26, 20, 192, 284, -2.4620985984802246
26, 21, 362, 358, -2.118990898132324
26, 22, 184, 327, -2.2882537841796875
26, 23, 428, 723, -0.06406708061695099
26, 24, 227, 722, 0.06857924163341522
26, 25, 404, 1052, -0.1907225251197815
26, 26, 206, 1023, -0.13902518153190613
26, 27, 406, 1348, 0.3738532066345215
26, 28, 221, 1321, 0.15455171465873718
26, 29, 407, 1394, 0.3880375027656555
26, 30, 222, 1365, 0.16291400790214539
26, 31, 382, 1432, -0.3316005766391754
26, 32, 247, 1414, -0.583845853805542
27, 0, 388, 180, -1.854361891746521
27, 1, 398, 149, -1.7728500366210938
27, 2, 407, 150, -1.7731664180755615
27, 3, 416, 151, -1.7733596563339233
27, 4, 364, 146, -1.7899751663208008
27, 5, 350, 146, -1.7902580499649048
27, 6, 337, 146, -1.7909281253814697
27, 7, 420, 164, -1.1659371852874756
27, 8, 312, 165, -1.232546091079712
27, 9, 402, 214, -1.6170848608016968
27, 10, 359, 215, -1.638201117515564
27, 11, 514, 321, -0.7222450971603394
27, 12, 210, 312, -0.7199296355247498
27, 13, 619, 488, -1.1908528804779053
27, 14, 105, 491, -0.7891968488693237
27, 15, 427, 483, -2.089843511581421
27, 16, 109, 647, -1.590950608253479
27, 17, 387, 471, -2.3080363273620605
27, 18, 99, 699, -1.7973146438598633
27, 19, 356, 416, -2.2503719329833984
27, 20, 125, 674, -1.9190559387207031
27, 21, 365, 421, -2.0936713218688965
27, 22, 133, 657, -1.6605608463287354
27, 23, 436, 730, -0.0710764080286026
27, 24, 231, 729, 0.07602599263191223
27, 25, 410, 1083, -0.20282161235809326
27, 26, 217, 1065, -0.19239188730716705
27, 27, 422, 1386, 0.4290255904197693
27, 28, 235, 1365, 0.19806787371635437
27, 29, 428, 1434, 0.44582509994506836
27, 30, 236, 1411, 0.2153921127319336
27, 31, 386, 1482, -0.3353222906589508
27, 32, 257, 1465, -0.607572615146637
28, 0, 384, 180, -1.5792301893234253
28, 1, 396, 149, -1.5008318424224854
28, 2, 405, 150, -1.501346230506897
28, 3, 414, 151, -1.5015509128570557
28, 4, 361, 146, -1.5131611824035645
28, 5, 347, 146, -1.5134670734405518
28, 6, 335, 146, -1.5141005516052246
28, 7, 420, 163, -0.9449722170829773
28, 8, 312, 165, -0.992730975151062
28, 9, 401, 214, -1.3632373809814453
28, 10, 357, 215, -1.378209114074707
28, 11, 515, 322, -0.5566271543502808
28, 12, 210, 318, -0.5546581745147705
28, 13, 618, 487, -0.5846417546272278
28, 14, 105, 497, -0.5617076754570007
28, 15, 608, 617, -1.2274969816207886
28, 16, 111, 666, -1.320850133895874
28, 17, 611, 659, -1.3936991691589355
28, 18, 110, 712, -1.5096569061279297
28, 19, 585, 640, -1.4860703945159912
28, 20, 131, 686, -1.6073930263519287
28, 21, 576, 627, -1.2859910726547241
28, 22, 138, 670, -1.384077787399292
28, 23, 447, 739, -0.06927651166915894
28, 24, 245, 744, 0.07417110353708267
28, 25, 439, 1057, -0.3120420575141907
28, 26, 250, 1034, -0.27054890990257263
28, 27, 466, 1352, 0.2840842604637146
28, 28, 276, 1338, 0.0913640558719635
28, 29, 471, 1399, 0.2976210117340088
28, 30, 277, 1385, 0.09958785772323608
28, 31, 446, 1442, -0.4198474884033203
28, 32, 300, 1431, -0.6564399003982544
29, 0, 377, 180, -1.49319326877594
29, 1, 391, 149, -1.3964097499847412
29, 2, 401, 150, -1.3966652154922485
29, 3, 410, 150, -1.3966090679168701
29, 4, 355, 146, -1.4202334880828857
29, 5, 343, 146, -1.4202760457992554
29, 6, 331, 147, -1.4207942485809326
29, 7, 420, 163, -0.8422600030899048
29, 8, 312, 165, -0.9862380027770996
29, 9, 397, 214, -1.2775052785873413
29, 10, 353, 215, -1.3196423053741455
29, 11, 518, 324, -0.5096294283866882
29, 12, 211, 319, -0.39881327748298645
29, 13, 617, 486, -0.4619840979576111
29, 14, 105, 488, -0.6305018663406372
29, 15, 629, 647, -1.0160772800445557
29, 16, 121, 551, -1.4551258087158203
29, 17, 638, 695, -1.1534745693206787
29, 18, 143, 554, -1.579354166984558
29, 19, 613, 682, -1.2473217248916626
29, 20, 161, 529, -1.751169204711914
29, 21, 602, 666, -1.0706791877746582
29, 22, 161, 532, -1.4007413387298584
29, 23, 456, 739, -0.0922335833311081
29, 24, 263, 743, 0.09675551950931549
29, 25, 443, 1041, -0.32148173451423645
29, 26, 262, 1025, -0.1122683733701706
29, 27, 471, 1346, 0.2716371715068817
29, 28, 290, 1330, 0.20765940845012665
29, 29, 480, 1397, 0.28111588954925537
29, 30, 294, 1377, 0.21115386486053467
29, 31, 448, 1429, -0.4313911497592926
29, 32, 305, 1422, -0.5033455491065979
30, 0, 374, 177, -1.4677789211273193
30, 1, 389, 146, -1.3563196659088135
30, 2, 399, 146, -1.3565155267715454
30, 3, 408, 147, -1.3561594486236572
30, 4, 352, 145, -1.37510085105896
30, 5, 340, 146, -1.375626564025879
30, 6, 329, 147, -1.3759881258010864
30, 7, 420, 161, -0.8203502893447876
30, 8, 311, 165, -0.8785161972045898
30, 9, 396, 210, -1.2312687635421753
30, 10, 351, 211, -1.263006329536438
30, 11, 521, 326, -0.48380985856056213
30, 12, 212, 320, -0.50214684009552
30, 13, 617, 486, -0.4432092607021332
30, 14, 105, 491, -0.4756165146827698
30, 15, 674, 694, -0.9439257383346558
30, 16, 64, 714, -0.999782383441925
30, 17, 702, 744, -1.0818092823028564
30, 18, 45, 767, -1.1502056121826172
30, 19, 679, 749, -1.1913843154907227
30, 20, 75, 766, -1.2875556945800781
30, 21, 659, 734, -1.014797568321228
30, 22, 90, 748, -1.0714421272277832
30, 23, 468, 740, -0.08744968473911285
30, 24, 269, 746, 0.09201227128505707
30, 25, 463, 1078, -0.22461429238319397
30, 26, 277, 1079, -0.09053993225097656
30, 27, 479, 1385, 0.41804638504981995
30, 28, 296, 1381, 0.3157113492488861
30, 29, 486, 1434, 0.43518537282943726
30, 30, 297, 1428, 0.33092138171195984
30, 31, 453, 1471, -0.294191837310791
30, 32, 318, 1471, -0.43003416061401367
31, 0, 372, 176, -1.394453763961792
31, 1, 388, 144, -1.3133561611175537
31, 2, 397, 145, -1.3135595321655273
31, 3, 407, 145, -1.3140108585357666
31, 4, 351, 145, -1.3204395771026611
31, 5, 338, 145, -1.3199325799942017
31, 6, 328, 147, -1.320395588874817
31, 7, 420, 160, -0.7999992966651917
31, 8, 311, 165, -0.8608099222183228
31, 9, 396, 208, -1.2071363925933838
31, 10, 349, 209, -1.2120492458343506
31, 11, 522, 328, -0.47206059098243713
31, 12, 212, 320, -0.49785175919532776
31, 13, 616, 486, -0.4167243540287018
31, 14, 105, 491, -0.4355788230895996
31, 15, 678, 703, -0.9122670292854309
31, 16, 39, 713, -0.940331757068634
31, 17, 709, 756, -1.0472261905670166
31, 18, 11, 763, -1.0865496397018433
31, 19, 685, 765, -1.1573032140731812
31, 20, 40, 767, -1.2251445055007935
31, 21, 664, 747, -0.9847279787063599
31, 22, 57, 749, -1.018739104270935
31, 23, 471, 741, -0.08431122452020645
31, 24, 270, 747, 0.08891861140727997
31, 25, 464, 1087, -0.14339321851730347
31, 26, 275, 1088, 0.0007542382227256894
31, 27, 475, 1393, 0.5527950525283813
31, 28, 294, 1392, 0.4653419852256775
31, 29, 480, 1442, 0.5771827101707458
31, 30, 296, 1440, 0.4857860207557678
31, 31, 449, 1479, -0.15242405235767365
31, 32, 316, 1483, -0.2914040684700012
32, 0, 370, 175, -1.3569228649139404
32, 1, 387, 143, -1.289290189743042
32, 2, 396, 143, -1.2896593809127808
32, 3, 405, 143, -1.2903026342391968
32, 4, 349, 145, -1.2905107736587524
32, 5, 337, 145, -1.289946436882019
32, 6, 326, 147, -1.2905720472335815
32, 7, 420, 160, -0.7916034460067749
32, 8, 310, 165, -0.8456541895866394
32, 9, 395, 208, -1.185070276260376
32, 10, 348, 209, -1.17820405960083
32, 11, 524, 329, -0.464656263589859
32, 12, 212, 321, -0.483346164226532
32, 13, 615, 486, -0.4426664710044861
32, 14, 105, 487, -0.40791693329811096
32, 15, 668, 700, -0.955054759979248
32, 16, 42, 700, -0.9261934161186218
32, 17, 694, 752, -1.099295973777771
32, 18, 19, 750, -1.080569863319397
32, 19, 669, 758, -1.2076507806777954
32, 20, 49, 750, -1.211574673652649
32, 21, 650, 741, -1.0262004137039185
32, 22, 64, 734, -1.0024690628051758
32, 23, 472, 742, -0.0822812169790268
32, 24, 271, 747, 0.08690618723630905
32, 25, 465, 1086, -0.15978987514972687
32, 26, 275, 1085, -0.060509562492370605
32, 27, 473, 1392, 0.489848792552948
32, 28, 293, 1389, 0.3678596615791321
32, 29, 478, 1441, 0.5102896094322205
32, 30, 295, 1437, 0.3852701783180237
32, 31, 447, 1479, -0.20683982968330383
32, 32, 315, 1479, -0.37316277623176575
33, 0, 369, 175, -1.4014136791229248
33, 1, 386, 143, -1.333146095275879
33, 2, 396, 143, -1.33364737033844
33, 3, 405, 143, -1.3341023921966553
33, 4, 348, 145, -1.3361542224884033
33, 5, 336, 145, -1.335935115814209
33, 6, 325, 147, -1.3366658687591553
33, 7, 420, 159, -0.837395966053009
33, 8, 310, 165, -0.8527643084526062
33, 9, 395, 207, -1.2177691459655762
33, 10, 347, 208, -1.2159818410873413
33, 11, 526, 331, -0.4792412221431732
33, 12, 213, 322, -0.5084033608436584
33, 13, 615, 486, -0.44592174887657166
33, 14, 105, 486, -0.428358793258667
33, 15, 668, 702, -0.9350511431694031
33, 16, 37, 702, -0.9629961252212524
33, 17, 693, 754, -1.0680731534957886
33, 18, 14, 755, -1.1173417568206787
33, 19, 670, 756, -1.185192346572876
33, 20, 43, 752, -1.2472158670425415
33, 21, 651, 740, -1.0069998502731323
33, 22, 59, 736, -1.0382044315338135
33, 23, 473, 743, -0.08088367432355881
33, 24, 271, 748, 0.08555019646883011
33, 25, 468, 1087, -0.2144346982240677
33, 26, 276, 1084, -0.1998390257358551
33, 27, 476, 1393, 0.36338502168655396
33, 28, 292, 1389, 0.15214332938194275
33, 29, 482, 1442, 0.37126269936561584
33, 30, 294, 1438, 0.15971341729164124
33, 31, 448, 1481, -0.37441837787628174
33, 32, 316, 1479, -0.6229134798049927
