0, 0, 303, 107, -0.7283174395561218
0, 1, 320, 89, -0.6636762022972107
0, 2, 331, 92, -0.6636614203453064
0, 3, 338, 94, -0.6641660928726196
0, 4, 284, 89, -0.6481667757034302
0, 5, 274, 91, -0.647254228591919
0, 6, 265, 93, -0.6477228403091431
0, 7, 357, 117, -0.3145962953567505
0, 8, 255, 120, -0.2227950096130371
0, 9, 329, 139, -0.6033722162246704
0, 10, 282, 141, -0.5789685249328613
0, 11, 463, 313, -0.18371376395225525
0, 12, 171, 301, -0.06533963978290558
0, 13, 537, 495, 0.008876536041498184
0, 14, 107, 478, 0.14820736646652222
0, 15, 586, 691, 0.005143335554748774
0, 16, 66, 668, -0.034969527274370193
0, 17, 618, 749, 0.0005587262567132711
0, 18, 37, 717, -0.0819963738322258
0, 19, 584, 771, -0.060553766787052155
0, 20, 70, 730, -0.163521870970726
0, 21, 568, 745, -0.027964573353528976
0, 22, 82, 709, -0.08377206325531006
0, 23, 413, 697, -0.14416435360908508
0, 24, 226, 701, 0.14986732602119446
0, 25, 401, 1013, -0.2706126570701599
0, 26, 212, 1010, 0.24316391348838806
0, 27, 393, 1297, 0.39751678705215454
0, 28, 206, 1291, 0.7043275237083435
0, 29, 401, 1347, 0.43256425857543945
0, 30, 201, 1343, 0.7300498485565186
0, 31, 346, 1381, -0.17938508093357086
0, 32, 219, 1369, 0.09720505028963089
1, 0, 303, 107, -1.0387613773345947
1, 1, 320, 89, -0.973258376121521
1, 2, 331, 92, -0.9733805656433105
1, 3, 339, 94, -0.9739438891410828
1, 4, 285, 89, -0.9659552574157715
1, 5, 274, 91, -0.9652759432792664
1, 6, 265, 93, -0.9657315015792847
1, 7, 357, 117, -0.5747205018997192
1, 8, 255, 119, -0.5146154165267944
1, 9, 329, 139, -0.8926417231559753
1, 10, 282, 141, -0.8764001131057739
1, 11, 463, 312, -0.3328790068626404
1, 12, 169, 302, -0.3254384398460388
1, 13, 537, 493, -0.16461306810379028
1, 14, 105, 479, -0.14870037138462067
1, 15, 588, 690, -0.3947046399116516
1, 16, 71, 663, -0.5046707391738892
1, 17, 619, 746, -0.478165864944458
1, 18, 50, 712, -0.6103121042251587
1, 19, 588, 762, -0.5597927570343018
1, 20, 76, 717, -0.7284945845603943
1, 21, 570, 738, -0.4465034008026123
1, 22, 87, 697, -0.5718701481819153
1, 23, 413, 697, -0.11878997087478638
1, 24, 224, 701, 0.1239275187253952
1, 25, 404, 1016, -0.0334211029112339
1, 26, 216, 1013, 0.24354329705238342
1, 27, 400, 1302, 0.8137240409851074
1, 28, 211, 1298, 0.860228419303894
1, 29, 406, 1350, 0.8623560667037964
1, 30, 207, 1348, 0.9047397375106812
1, 31, 364, 1387, 0.21780748665332794
1, 32, 232, 1379, 0.20546333491802216
2, 0, 303, 107, -1.0823867321014404
2, 1, 320, 89, -1.0139644145965576
2, 2, 331, 91, -1.0140535831451416
2, 3, 339, 94, -1.0147373676300049
2, 4, 285, 89, -1.009871244430542
2, 5, 274, 91, -1.009259581565857
2, 6, 265, 93, -1.0097558498382568
2, 7, 358, 117, -0.5983314514160156
2, 8, 256, 118, -0.5545666217803955
2, 9, 329, 139, -0.9300824999809265
2, 10, 282, 141, -0.9181386232376099
2, 11, 463, 312, -0.3297693133354187
2, 12, 168, 302, -0.36595863103866577
2, 13, 537, 493, -0.14035572111606598
2, 14, 104, 479, -0.1795869916677475
2, 15, 589, 690, -0.37037327885627747
2, 16, 72, 661, -0.5210679769515991
2, 17, 620, 746, -0.44514232873916626
2, 18, 53, 709, -0.6249065399169922
2, 19, 591, 759, -0.5351636409759521
2, 20, 76, 712, -0.7449378967285156
2, 21, 573, 736, -0.4247525632381439
2, 22, 87, 693, -0.5875298380851746
2, 23, 413, 697, -0.09270257502794266
2, 24, 219, 701, 0.0973583310842514
2, 25, 405, 1018, 0.01031196303665638
2, 26, 217, 1013, 0.20130419731140137
2, 27, 402, 1306, 0.8408148884773254
2, 28, 212, 1301, 0.8180118799209595
2, 29, 407, 1353, 0.8865357637405396
2, 30, 208, 1351, 0.8579341173171997
2, 31, 369, 1391, 0.23550622165203094
2, 32, 236, 1385, 0.19430162012577057
3, 0, 303, 107, -1.0921591520309448
3, 1, 320, 89, -1.0230120420455933
3, 2, 331, 91, -1.0231797695159912
3, 3, 340, 94, -1.023837685585022
3, 4, 285, 89, -1.0183026790618896
3, 5, 275, 91, -1.0176047086715698
3, 6, 265, 93, -1.018093466758728
3, 7, 358, 116, -0.6043020486831665
3, 8, 256, 117, -0.5563519597053528
3, 9, 329, 139, -0.938873291015625
3, 10, 282, 140, -0.9259843826293945
3, 11, 463, 311, -0.3370745778083801
3, 12, 167, 303, -0.36109814047813416
3, 13, 537, 493, -0.1580679714679718
3, 14, 103, 480, -0.17056941986083984
3, 15, 589, 692, -0.4057188928127289
3, 16, 74, 661, -0.5250478982925415
3, 17, 621, 747, -0.4879664480686188
3, 18, 56, 709, -0.6329067945480347
3, 19, 592, 760, -0.5771313905715942
3, 20, 77, 713, -0.7559685707092285
3, 21, 574, 737, -0.4607006013393402
3, 22, 88, 694, -0.5935652256011963
3, 23, 413, 697, -0.0905483290553093
3, 24, 217, 699, 0.09526066482067108
3, 25, 405, 1020, -0.003182198852300644
3, 26, 217, 1015, 0.1937541514635086
3, 27, 403, 1309, 0.8256728053092957
3, 28, 213, 1305, 0.813430905342102
3, 29, 407, 1356, 0.8701634407043457
3, 30, 208, 1354, 0.8544186353683472
3, 31, 370, 1396, 0.20867638289928436
3, 32, 237, 1389, 0.1767294704914093
4, 0, 303, 106, -1.100095510482788
4, 1, 320, 89, -1.030472993850708
4, 2, 331, 91, -1.0306544303894043
4, 3, 340, 94, -1.0313085317611694
4, 4, 286, 89, -1.023917555809021
4, 5, 275, 91, -1.0232287645339966
4, 6, 265, 93, -1.0237269401550293
4, 7, 358, 116, -0.6105808615684509
4, 8, 257, 117, -0.554202675819397
4, 9, 330, 139, -0.9469848871231079
4, 10, 282, 140, -0.9316031336784363
4, 11, 464, 311, -0.3464777171611786
4, 12, 166, 303, -0.3516000211238861
4, 13, 538, 493, -0.17080411314964294
4, 14, 103, 481, -0.15665289759635925
4, 15, 591, 693, -0.4252481460571289
4, 16, 75, 660, -0.5144590139389038
4, 17, 622, 748, -0.5075749754905701
4, 18, 58, 709, -0.6205523610115051
4, 19, 595, 760, -0.5992726683616638
4, 20, 79, 711, -0.7435599565505981
4, 21, 576, 737, -0.4812189042568207
4, 22, 89, 692, -0.5832958221435547
4, 23, 414, 697, -0.09367004781961441
4, 24, 216, 700, 0.09846961498260498
4, 25, 405, 1022, -0.036042265594005585
4, 26, 217, 1016, 0.18869277834892273
4, 27, 403, 1312, 0.784880518913269
4, 28, 213, 1306, 0.8044413328170776
4, 29, 408, 1359, 0.8277298212051392
4, 30, 209, 1355, 0.8441828489303589
4, 31, 370, 1398, 0.1561971753835678
4, 32, 237, 1391, 0.1536976397037506
5, 0, 303, 106, -1.137165904045105
5, 1, 320, 89, -1.065517783164978
5, 2, 331, 91, -1.065709114074707
5, 3, 340, 93, -1.0663436651229858
5, 4, 286, 89, -1.0614163875579834
5, 5, 275, 91, -1.0607556104660034
5, 6, 265, 93, -1.061269998550415
5, 7, 358, 115, -0.6342586278915405
5, 8, 257, 117, -0.5894197821617126
5, 9, 330, 138, -0.980188250541687
5, 10, 282, 140, -0.9679678082466125
5, 11, 464, 311, -0.3552955389022827
5, 12, 166, 303, -0.38806942105293274
5, 13, 538, 492, -0.17143812775611877
5, 14, 102, 481, -0.20837624371051788
5, 15, 592, 694, -0.4233912527561188
5, 16, 77, 660, -0.5860620737075806
5, 17, 623, 748, -0.5065517425537109
5, 18, 60, 708, -0.6989452242851257
5, 19, 596, 760, -0.5981801748275757
5, 20, 81, 711, -0.8232427835464478
5, 21, 577, 737, -0.4795960485935211
5, 22, 91, 692, -0.6554448008537292
5, 23, 414, 697, -0.09264723211526871
5, 24, 215, 698, 0.0973525270819664
5, 25, 405, 1023, -0.01401040144264698
5, 26, 217, 1017, 0.19145289063453674
5, 27, 403, 1313, 0.8309780359268188
5, 28, 213, 1307, 0.8260677456855774
5, 29, 407, 1360, 0.8756133913993835
5, 30, 208, 1356, 0.8690236210823059
5, 31, 369, 1399, 0.19695939123630524
5, 32, 236, 1393, 0.14811083674430847
6, 0, 303, 106, -1.1194326877593994
6, 1, 320, 89, -1.0489647388458252
6, 2, 331, 90, -1.0491318702697754
6, 3, 340, 93, -1.0496900081634521
6, 4, 286, 89, -1.0435094833374023
6, 5, 275, 91, -1.0428283214569092
6, 6, 265, 93, -1.0433374643325806
6, 7, 358, 115, -0.6254751086235046
6, 8, 257, 116, -0.5750547647476196
6, 9, 330, 138, -0.9656199216842651
6, 10, 282, 140, -0.9517667889595032
6, 11, 465, 311, -0.3529137670993805
6, 12, 166, 303, -0.3803134560585022
6, 13, 539, 492, -0.17212392389774323
6, 14, 102, 481, -0.2044067084789276
6, 15, 593, 695, -0.43112459778785706
6, 16, 78, 660, -0.5771769285202026
6, 17, 624, 749, -0.5145895481109619
6, 18, 62, 708, -0.689010500907898
6, 19, 598, 760, -0.6082891225814819
6, 20, 82, 710, -0.8116855621337891
6, 21, 578, 737, -0.4881470203399658
6, 22, 92, 692, -0.6461361050605774
6, 23, 415, 697, -0.09013041108846664
6, 24, 216, 697, 0.09491027891635895
6, 25, 407, 1023, -0.032200008630752563
6, 26, 218, 1018, 0.1812044233083725
6, 27, 405, 1314, 0.7916218042373657
6, 28, 214, 1309, 0.81950843334198
6, 29, 410, 1361, 0.834662139415741
6, 30, 210, 1357, 0.8573795557022095
6, 31, 373, 1400, 0.161870077252388
6, 32, 239, 1394, 0.1178063303232193
7, 0, 303, 105, -1.0637714862823486
7, 1, 320, 88, -0.9945710897445679
7, 2, 331, 90, -0.9947015643119812
7, 3, 340, 92, -0.9952705502510071
7, 4, 286, 89, -0.9871617555618286
7, 5, 275, 91, -0.9864310026168823
7, 6, 265, 93, -0.9869268536567688
7, 7, 358, 115, -0.5858854055404663
7, 8, 257, 116, -0.5288709402084351
7, 9, 330, 138, -0.915223240852356
7, 10, 282, 140, -0.8994354009628296
7, 11, 465, 310, -0.3370170593261719
7, 12, 166, 304, -0.34783250093460083
7, 13, 539, 492, -0.15551060438156128
7, 14, 102, 481, -0.16885504126548767
7, 15, 595, 695, -0.3728885054588318
7, 16, 79, 660, -0.5002252459526062
7, 17, 626, 749, -0.440640389919281
7, 18, 62, 708, -0.598227858543396
7, 19, 600, 761, -0.5270596742630005
7, 20, 83, 710, -0.7109395861625671
7, 21, 581, 737, -0.42516201734542847
7, 22, 93, 691, -0.5643659830093384
7, 23, 417, 697, -0.08873298764228821
7, 24, 216, 696, 0.0934668704867363
7, 25, 410, 1023, -0.041552938520908356
7, 26, 222, 1019, 0.1769716739654541
7, 27, 409, 1314, 0.7590800523757935
7, 28, 218, 1310, 0.7766292095184326
7, 29, 414, 1361, 0.8012906908988953
7, 30, 213, 1358, 0.8142337799072266
7, 31, 377, 1400, 0.1463783234357834
7, 32, 243, 1395, 0.09492535889148712
8, 0, 303, 105, -1.011908769607544
8, 1, 320, 88, -0.9427712559700012
8, 2, 331, 90, -0.9428499341011047
8, 3, 341, 92, -0.9433356523513794
8, 4, 286, 89, -0.936432957649231
8, 5, 275, 91, -0.9357588887214661
8, 6, 265, 93, -0.9362233877182007
8, 7, 358, 115, -0.5561419129371643
8, 8, 257, 116, -0.5038946270942688
8, 9, 330, 138, -0.8739404678344727
8, 10, 282, 140, -0.8596223592758179
8, 11, 465, 310, -0.3343704640865326
8, 12, 166, 304, -0.32887133955955505
8, 13, 539, 492, -0.15546780824661255
8, 14, 102, 481, -0.16721583902835846
8, 15, 596, 695, -0.3701481521129608
8, 16, 79, 660, -0.5050371289253235
8, 17, 628, 750, -0.4339172840118408
8, 18, 62, 708, -0.6015543341636658
8, 19, 602, 762, -0.5170737504959106
8, 20, 84, 710, -0.7081624269485474
8, 21, 582, 739, -0.42101025581359863
8, 22, 94, 692, -0.5676015615463257
8, 23, 418, 697, -0.08859782665967941
8, 24, 216, 696, 0.09342407435178757
8, 25, 415, 1023, -0.06297837197780609
8, 26, 229, 1020, 0.1529204547405243
8, 27, 419, 1315, 0.671791136264801
8, 28, 230, 1311, 0.6684874296188354
8, 29, 425, 1362, 0.7072817087173462
8, 30, 226, 1360, 0.6989141702651978
8, 31, 387, 1401, 0.06130151078104973
8, 32, 258, 1397, 0.005626644007861614
9, 0, 303, 105, -1.0172611474990845
9, 1, 320, 88, -0.9470906257629395
9, 2, 331, 90, -0.947199821472168
9, 3, 341, 92, -0.9476890563964844
9, 4, 286, 89, -0.9409011602401733
9, 5, 275, 91, -0.94024658203125
9, 6, 265, 93, -0.9407362937927246
9, 7, 358, 115, -0.5521078109741211
9, 8, 257, 116, -0.4981327950954437
9, 9, 330, 138, -0.8752754330635071
9, 10, 282, 140, -0.8609310388565063
9, 11, 465, 309, -0.3282383382320404
9, 12, 167, 304, -0.3329399526119232
9, 13, 539, 492, -0.15185759961605072
9, 14, 102, 482, -0.1703851819038391
9, 15, 596, 695, -0.37954217195510864
9, 16, 80, 660, -0.5126286745071411
9, 17, 628, 750, -0.44738417863845825
9, 18, 62, 708, -0.613075852394104
9, 19, 602, 762, -0.5337961316108704
9, 20, 84, 710, -0.7250455617904663
9, 21, 583, 739, -0.4326540529727936
9, 22, 94, 692, -0.5774540305137634
9, 23, 419, 696, -0.08752015233039856
9, 24, 216, 697, 0.09244130551815033
9, 25, 418, 1023, -0.07935169339179993
9, 26, 231, 1020, 0.13796432316303253
9, 27, 424, 1315, 0.6537528038024902
9, 28, 237, 1312, 0.6543354988098145
9, 29, 430, 1363, 0.6887214183807373
9, 30, 234, 1361, 0.6846461296081543
9, 31, 394, 1401, 0.029522007331252098
9, 32, 266, 1397, -0.021669236943125725
10, 0, 303, 105, -1.030433177947998
10, 1, 319, 88, -0.9597474336624146
10, 2, 330, 90, -0.9598995447158813
10, 3, 340, 92, -0.9603743553161621
10, 4, 286, 88, -0.954351544380188
10, 5, 275, 91, -0.953698456287384
10, 6, 265, 93, -0.9541969299316406
10, 7, 358, 115, -0.558427631855011
10, 8, 257, 116, -0.5076090097427368
10, 9, 330, 137, -0.8859549760818481
10, 10, 282, 139, -0.8726436495780945
10, 11, 465, 309, -0.3253689408302307
10, 12, 167, 305, -0.34599989652633667
10, 13, 537, 492, -0.16922447085380554
10, 14, 102, 482, -0.1874857097864151
10, 15, 596, 696, -0.40839582681655884
10, 16, 81, 660, -0.5335403084754944
10, 17, 628, 751, -0.48112303018569946
10, 18, 63, 708, -0.6381851434707642
10, 19, 601, 762, -0.5687215924263
10, 20, 85, 711, -0.7496498823165894
10, 21, 582, 739, -0.4628213942050934
10, 22, 96, 692, -0.5985000729560852
10, 23, 420, 695, -0.08467654138803482
10, 24, 216, 701, 0.08962851762771606
10, 25, 420, 1023, -0.08134455233812332
10, 26, 233, 1021, 0.12950606644153595
10, 27, 428, 1315, 0.6460780501365662
10, 28, 242, 1312, 0.6399737000465393
10, 29, 434, 1363, 0.6807476282119751
10, 30, 239, 1361, 0.669378936290741
10, 31, 397, 1400, 0.01789827272295952
10, 32, 270, 1398, -0.03536650910973549
11, 0, 303, 104, -1.0368731021881104
11, 1, 319, 88, -0.9663344621658325
11, 2, 330, 90, -0.9664767384529114
11, 3, 340, 92, -0.966941237449646
11, 4, 286, 88, -0.9604059457778931
11, 5, 275, 90, -0.959765613079071
11, 6, 265, 93, -0.9602810144424438
11, 7, 358, 114, -0.5637372136116028
11, 8, 257, 116, -0.5119343400001526
11, 9, 330, 137, -0.8917452692985535
11, 10, 282, 139, -0.8780468106269836
11, 11, 465, 309, -0.32282933592796326
11, 12, 167, 305, -0.3485420048236847
11, 13, 537, 492, -0.1674906313419342
11, 14, 102, 482, -0.1832244098186493
11, 15, 594, 696, -0.40128612518310547
11, 16, 81, 659, -0.5206385850906372
11, 17, 625, 751, -0.4710056781768799
11, 18, 63, 707, -0.624484121799469
11, 19, 599, 762, -0.560338020324707
11, 20, 85, 710, -0.7353569865226746
11, 21, 580, 740, -0.45613497495651245
11, 22, 96, 691, -0.585446834564209
11, 23, 420, 695, -0.08042345196008682
11, 24, 216, 700, 0.08548347651958466
11, 25, 419, 1023, -0.08867738395929337
11, 26, 232, 1021, 0.1091092973947525
11, 27, 426, 1315, 0.630778431892395
11, 28, 239, 1312, 0.6050489544868469
11, 29, 432, 1363, 0.664781928062439
11, 30, 236, 1361, 0.63196861743927
11, 31, 395, 1400, 0.0005327945691533387
11, 32, 267, 1397, -0.07534918189048767
12, 0, 302, 104, -0.9983893632888794
12, 1, 318, 87, -0.9291845560073853
12, 2, 330, 89, -0.9292702674865723
12, 3, 340, 92, -0.9296943545341492
12, 4, 285, 88, -0.9215368032455444
12, 5, 274, 90, -0.9208861589431763
12, 6, 265, 92, -0.9213858842849731
12, 7, 358, 114, -0.5432956218719482
12, 8, 257, 116, -0.48619604110717773
12, 9, 329, 137, -0.8600876927375793
12, 10, 281, 139, -0.8448790311813354
12, 11, 465, 308, -0.3181012272834778
12, 12, 167, 305, -0.3481258749961853
12, 13, 536, 492, -0.16671130061149597
12, 14, 102, 482, -0.1807844340801239
12, 15, 593, 696, -0.3869674503803253
12, 16, 80, 659, -0.5267397165298462
12, 17, 625, 751, -0.45398497581481934
12, 18, 60, 707, -0.62932950258255
12, 19, 599, 763, -0.5415806174278259
12, 20, 83, 710, -0.7349343299865723
12, 21, 580, 740, -0.4402802586555481
12, 22, 94, 691, -0.5905395150184631
12, 23, 420, 694, -0.0804433822631836
12, 24, 216, 699, 0.08556348830461502
12, 25, 419, 1023, -0.10049612820148468
12, 26, 232, 1020, 0.11291772127151489
12, 27, 425, 1315, 0.6088719964027405
12, 28, 238, 1312, 0.5940266251564026
12, 29, 432, 1363, 0.6425434350967407
12, 30, 235, 1361, 0.6198804974555969
12, 31, 393, 1400, -0.011407080106437206
12, 32, 265, 1397, -0.07366500794887543
13, 0, 301, 104, -1.0315684080123901
13, 1, 318, 87, -0.9625070691108704
13, 2, 329, 89, -0.9626161456108093
13, 3, 340, 91, -0.9631072282791138
13, 4, 285, 88, -0.9557375907897949
13, 5, 274, 90, -0.9550955891609192
13, 6, 264, 92, -0.955582320690155
13, 7, 357, 114, -0.5643050670623779
13, 8, 257, 116, -0.5099557638168335
13, 9, 329, 137, -0.8885387182235718
13, 10, 280, 139, -0.8738028407096863
13, 11, 465, 308, -0.32856857776641846
13, 12, 167, 305, -0.3536199927330017
13, 13, 537, 492, -0.17309394478797913
13, 14, 102, 482, -0.2176695168018341
13, 15, 595, 697, -0.397500604391098
13, 16, 77, 659, -0.6108759641647339
13, 17, 628, 751, -0.46903175115585327
13, 18, 56, 707, -0.7196301221847534
13, 19, 602, 763, -0.5571030378341675
13, 20, 79, 710, -0.8361324071884155
13, 21, 583, 740, -0.4511350095272064
13, 22, 90, 692, -0.679002583026886
13, 23, 420, 694, -0.08120622485876083
13, 24, 216, 699, 0.086311936378479
13, 25, 418, 1023, -0.0578865185379982
13, 26, 231, 1020, 0.13725139200687408
13, 27, 420, 1315, 0.722061038017273
13, 28, 234, 1312, 0.7015959620475769
13, 29, 426, 1363, 0.7619699239730835
13, 30, 230, 1361, 0.7382251024246216
13, 31, 388, 1401, 0.10704169422388077
13, 32, 260, 1397, 0.03085494413971901
14, 0, 301, 105, -1.067248821258545
14, 1, 318, 87, -0.9988256692886353
14, 2, 329, 89, -0.998967170715332
14, 3, 340, 92, -0.9995678663253784
14, 4, 285, 88, -0.9906312823295593
14, 5, 274, 90, -0.9900174140930176
14, 6, 264, 93, -0.9905335307121277
14, 7, 357, 114, -0.5897727012634277
14, 8, 257, 116, -0.5290650129318237
14, 9, 329, 137, -0.9181011915206909
14, 10, 280, 139, -0.9014198184013367
14, 11, 465, 309, -0.3381914496421814
14, 12, 167, 305, -0.3486166298389435
14, 13, 537, 492, -0.17414940893650055
14, 14, 102, 482, -0.17660623788833618
14, 15, 595, 696, -0.40689992904663086
14, 16, 74, 659, -0.5548902750015259
14, 17, 628, 750, -0.48191872239112854
14, 18, 54, 707, -0.6662290096282959
14, 19, 602, 762, -0.571815013885498
14, 20, 76, 710, -0.8107859492301941
14, 21, 583, 740, -0.4614313244819641
14, 22, 87, 692, -0.6308079361915588
14, 23, 418, 694, -0.08684054017066956
14, 24, 215, 696, 0.09178295731544495
14, 25, 414, 1023, -0.05634492635726929
14, 26, 229, 1019, 0.15012232959270477
14, 27, 413, 1315, 0.7478358149528503
14, 28, 225, 1311, 0.746656596660614
14, 29, 417, 1363, 0.7903141975402832
14, 30, 220, 1360, 0.7850245833396912
14, 31, 379, 1401, 0.12425583600997925
14, 32, 249, 1395, 0.06379654258489609
15, 0, 301, 105, -1.1020781993865967
15, 1, 317, 87, -1.0347920656204224
15, 2, 329, 89, -1.0350282192230225
15, 3, 340, 92, -1.0356228351593018
15, 4, 285, 88, -1.0265294313430786
15, 5, 273, 91, -1.025881290435791
15, 6, 264, 93, -1.0264170169830322
15, 7, 357, 114, -0.6149411797523499
15, 8, 257, 116, -0.551561713218689
15, 9, 329, 138, -0.947972297668457
15, 10, 280, 139, -0.9306197166442871
15, 11, 465, 309, -0.3612445890903473
15, 12, 167, 305, -0.3446792960166931
15, 13, 537, 492, -0.21768882870674133
15, 14, 102, 482, -0.1738031655550003
15, 15, 584, 683, -0.4907473623752594
15, 16, 63, 659, -0.5680359601974487
15, 17, 623, 750, -0.5864682793617249
15, 18, 53, 706, -0.6846612095832825
15, 19, 597, 761, -0.6760916113853455
15, 20, 75, 709, -0.8191502690315247
15, 21, 578, 739, -0.5469481348991394
15, 22, 86, 691, -0.643215000629425
15, 23, 415, 695, -0.09730775654315948
15, 24, 215, 700, 0.10216663777828217
15, 25, 410, 1024, -0.054325539618730545
15, 26, 224, 1019, 0.18244990706443787
15, 27, 408, 1315, 0.7679563760757446
15, 28, 219, 1311, 0.8075496554374695
15, 29, 413, 1363, 0.8117949366569519
15, 30, 215, 1360, 0.849016547203064
15, 31, 373, 1401, 0.13846148550510406
15, 32, 239, 1395, 0.12392345815896988
16, 0, 301, 105, -1.0459082126617432
16, 1, 317, 87, -0.9820721745491028
16, 2, 329, 89, -0.9822199940681458
16, 3, 340, 92, -0.98285973072052
16, 4, 284, 88, -0.9701718091964722
16, 5, 273, 91, -0.9695147275924683
16, 6, 264, 93, -0.9700294733047485
16, 7, 357, 114, -0.5877315402030945
16, 8, 257, 116, -0.5083867311477661
16, 9, 329, 138, -0.9015766382217407
16, 10, 279, 139, -0.8798128962516785
16, 11, 465, 309, -0.3602980971336365
16, 12, 167, 304, -0.3129633069038391
16, 13, 539, 492, -0.2165215015411377
16, 14, 102, 481, -0.13198146224021912
16, 15, 591, 687, -0.4420522153377533
16, 16, 64, 657, -0.4829375147819519
16, 17, 627, 750, -0.5182939767837524
16, 18, 53, 704, -0.5827483534812927
16, 19, 600, 762, -0.6064664721488953
16, 20, 75, 708, -0.7014659643173218
16, 21, 581, 740, -0.4942611753940582
16, 22, 86, 689, -0.5520174503326416
16, 23, 415, 696, -0.09857343882322311
16, 24, 215, 699, 0.10349048674106598
16, 25, 409, 1025, -0.06880926340818405
16, 26, 222, 1019, 0.1808047592639923
16, 27, 407, 1317, 0.7136440277099609
16, 28, 217, 1311, 0.7617005109786987
16, 29, 412, 1365, 0.7534616589546204
16, 30, 213, 1360, 0.7959515452384949
16, 31, 371, 1402, 0.08917390555143356
16, 32, 239, 1395, 0.08974599838256836
17, 0, 300, 105, -0.9940341711044312
17, 1, 316, 87, -0.9360969662666321
17, 2, 328, 89, -0.9364169836044312
17, 3, 339, 92, -0.9369028210639954
17, 4, 284, 89, -0.9241935610771179
17, 5, 272, 91, -0.9237881898880005
17, 6, 264, 93, -0.9246238470077515
17, 7, 357, 114, -0.5680260062217712
17, 8, 257, 116, -0.49084240198135376
17, 9, 328, 138, -0.8563486933708191
17, 10, 279, 139, -0.8360068202018738
17, 11, 465, 309, -0.3363186717033386
17, 12, 168, 304, -0.3000454306602478
17, 13, 528, 481, -0.45428791642189026
17, 14, 102, 480, -0.21987441182136536
17, 15, 570, 601, -0.9982960820198059
17, 16, 64, 650, -0.6282268762588501
17, 17, 594, 636, -1.1269245147705078
17, 18, 51, 702, -0.7534939646720886
17, 19, 573, 634, -1.191478967666626
17, 20, 74, 705, -0.8493865728378296
17, 21, 557, 621, -1.0504584312438965
17, 22, 86, 685, -0.6899787187576294
17, 23, 404, 687, -0.0606752447783947
17, 24, 205, 683, 0.06597946584224701
17, 25, 406, 1004, -0.2830193042755127
17, 26, 208, 1000, -0.19068628549575806
17, 27, 404, 1296, 0.22611847519874573
17, 28, 207, 1293, 0.08705762028694153
17, 29, 408, 1345, 0.2422984391450882
17, 30, 203, 1343, 0.08705884218215942
17, 31, 367, 1385, -0.4043562412261963
17, 32, 232, 1378, -0.589891791343689
18, 0, 299, 106, -0.7529183030128479
18, 1, 316, 87, -0.6990042924880981
18, 2, 328, 89, -0.6991850733757019
18, 3, 339, 92, -0.699155330657959
18, 4, 284, 89, -0.688976526260376
18, 5, 272, 91, -0.6882553696632385
18, 6, 264, 93, -0.6890100836753845
18, 7, 357, 114, -0.3700900375843048
18, 8, 257, 116, -0.3037395179271698
18, 9, 327, 138, -0.6337255835533142
18, 10, 278, 139, -0.6159489154815674
18, 11, 464, 307, -0.19205106794834137
18, 12, 168, 304, -0.1972285509109497
18, 13, 529, 469, -0.5871220231056213
18, 14, 103, 480, -0.2820235788822174
18, 15, 554, 484, -1.3052310943603516
18, 16, 66, 651, -0.7785661220550537
18, 17, 531, 468, -1.4419119358062744
18, 18, 51, 706, -0.8802316784858704
18, 19, 501, 454, -1.426415205001831
18, 20, 74, 707, -0.9582030177116394
18, 21, 490, 449, -1.3262161016464233
18, 22, 87, 686, -0.8307196497917175
18, 23, 404, 684, -0.051517240703105927
18, 24, 203, 681, 0.05731005221605301
18, 25, 405, 1005, -0.21003934741020203
18, 26, 209, 1001, -0.08569183945655823
18, 27, 408, 1297, 0.23247459530830383
18, 28, 208, 1293, 0.12742789089679718
18, 29, 415, 1345, 0.23945462703704834
18, 30, 204, 1342, 0.12734149396419525
18, 31, 370, 1386, -0.36770159006118774
18, 32, 240, 1380, -0.49461808800697327
19, 0, 299, 106, -0.5910791754722595
19, 1, 316, 87, -0.5433262586593628
19, 2, 327, 89, -0.5431839823722839
19, 3, 339, 92, -0.5429985523223877
19, 4, 283, 89, -0.5334188938140869
19, 5, 272, 91, -0.5326299071311951
19, 6, 264, 93, -0.5331226587295532
19, 7, 357, 114, -0.24712812900543213
19, 8, 257, 116, -0.17843106389045715
19, 9, 326, 138, -0.4823969006538391
19, 10, 278, 139, -0.4639778137207031
19, 11, 464, 304, -0.1508774310350418
19, 12, 168, 303, -0.08370692282915115
19, 13, 543, 462, -0.524663507938385
19, 14, 103, 480, -0.2264695167541504
19, 15, 530, 438, -1.0328400135040283
19, 16, 67, 653, -0.7181296944618225
19, 17, 509, 398, -1.152308464050293
19, 18, 50, 710, -0.8164398074150085
19, 19, 501, 411, -1.1127833127975464
19, 20, 74, 707, -0.9028447270393372
19, 21, 492, 416, -1.0401005744934082
19, 22, 87, 687, -0.7785739302635193
19, 23, 407, 685, -0.0668422058224678
19, 24, 216, 682, 0.07386242598295212
19, 25, 415, 1006, -0.0848350077867508
19, 26, 217, 1005, 0.0607767291367054
19, 27, 417, 1298, 0.2816506028175354
19, 28, 221, 1294, 0.2790381908416748
19, 29, 423, 1346, 0.31613320112228394
19, 30, 219, 1343, 0.2716503441333771
19, 31, 386, 1389, -0.0750812441110611
19, 32, 253, 1385, -0.168179452419281
20, 0, 299, 107, -0.5861800312995911
20, 1, 316, 87, -0.5402911901473999
20, 2, 327, 89, -0.5400574803352356
20, 3, 339, 92, -0.5397225022315979
20, 4, 284, 89, -0.5267938375473022
20, 5, 273, 91, -0.5258747935295105
20, 6, 264, 94, -0.5263360738754272
20, 7, 357, 114, -0.25248152017593384
20, 8, 257, 116, -0.17387655377388
20, 9, 326, 139, -0.4817931652069092
20, 10, 279, 140, -0.4606715142726898
20, 11, 469, 301, -0.1562976986169815
20, 12, 169, 303, -0.07276192307472229
20, 13, 544, 464, -0.6240872144699097
20, 14, 103, 480, -0.2288152277469635
20, 15, 512, 377, -1.1597979068756104
20, 16, 68, 656, -0.8169404864311218
20, 17, 511, 349, -1.2833741903305054
20, 18, 50, 714, -0.9117510914802551
20, 19, 484, 318, -1.1984140872955322
20, 20, 73, 707, -0.9877357482910156
20, 21, 473, 328, -1.150801420211792
20, 22, 87, 687, -0.8768450617790222
20, 23, 416, 682, -0.07538115978240967
20, 24, 217, 681, 0.08300761133432388
20, 25, 421, 1007, -0.10430219024419785
20, 26, 227, 1006, 0.11429794132709503
20, 27, 426, 1299, 0.37849900126457214
20, 28, 237, 1295, 0.3027397692203522
20, 29, 434, 1345, 0.40114665031433105
20, 30, 236, 1342, 0.2855234146118164
20, 31, 394, 1389, -0.15428265929222107
20, 32, 267, 1386, -0.09733323752880096
21, 0, 299, 107, -0.6364365220069885
21, 1, 316, 87, -0.5821687579154968
21, 2, 327, 89, -0.582025945186615
21, 3, 339, 91, -0.5816358327865601
21, 4, 284, 89, -0.5768412351608276
21, 5, 273, 91, -0.5759050846099854
21, 6, 264, 94, -0.5763411521911621
21, 7, 357, 113, -0.2704375982284546
21, 8, 258, 116, -0.23300397396087646
21, 9, 326, 139, -0.526337742805481
21, 10, 279, 140, -0.5176202058792114
21, 11, 467, 293, -0.17010363936424255
21, 12, 170, 302, -0.12286537885665894
21, 13, 544, 467, -0.693388044834137
21, 14, 104, 482, -0.24665291607379913
21, 15, 515, 355, -1.331682801246643
21, 16, 69, 659, -0.7515019774436951
21, 17, 515, 301, -1.466293454170227
21, 18, 50, 717, -0.8359802961349487
21, 19, 496, 273, -1.3753336668014526
21, 20, 73, 709, -0.9212366342544556
21, 21, 485, 290, -1.3227403163909912
21, 22, 87, 690, -0.8104037046432495
21, 23, 417, 679, -0.07475755363702774
21, 24, 217, 678, 0.0820397287607193
21, 25, 421, 1008, -0.16828101873397827
21, 26, 228, 1006, 0.09538786113262177
21, 27, 425, 1300, 0.2941892743110657
21, 28, 238, 1295, 0.3525695204734802
21, 29, 433, 1345, 0.311303049325943
21, 30, 235, 1342, 0.36487290263175964
21, 31, 393, 1389, -0.25191730260849
21, 32, 267, 1386, -0.19710934162139893
22, 0, 299, 107, -0.6795206069946289
22, 1, 316, 87, -0.621607780456543
22, 2, 327, 89, -0.6214332580566406
22, 3, 339, 91, -0.6211045384407043
22, 4, 284, 89, -0.616580605506897
22, 5, 273, 91, -0.6156671643257141
22, 6, 264, 94, -0.61603844165802
22, 7, 357, 113, -0.2908463478088379
22, 8, 258, 116, -0.25810617208480835
22, 9, 327, 139, -0.5621601939201355
22, 10, 281, 140, -0.55403071641922
22, 11, 459, 291, -0.17363086342811584
22, 12, 171, 300, -0.1057124137878418
22, 13, 547, 478, -0.6621959805488586
22, 14, 105, 482, -0.1324339658021927
22, 15, 516, 339, -1.3055979013442993
22, 16, 73, 659, -0.5107327103614807
22, 17, 517, 273, -1.4464203119277954
22, 18, 55, 717, -0.5684706568717957
22, 19, 499, 249, -1.3585647344589233
22, 20, 74, 707, -0.6432446837425232
22, 21, 487, 269, -1.2966675758361816
22, 22, 89, 689, -0.5622182488441467
22, 23, 417, 672, -0.07469845563173294
22, 24, 217, 670, 0.0818091332912445
22, 25, 419, 1003, -0.1458335518836975
22, 26, 227, 998, 0.09517113864421844
22, 27, 425, 1292, 0.38117820024490356
22, 28, 238, 1284, 0.4106210172176361
22, 29, 432, 1333, 0.4041344225406647
22, 30, 234, 1326, 0.4266875684261322
22, 31, 392, 1382, -0.23948431015014648
22, 32, 267, 1374, -0.16911667585372925
23, 0, 301, 108, -0.716213047504425
23, 1, 317, 88, -0.653400182723999
23, 2, 328, 89, -0.6532790660858154
23, 3, 339, 91, -0.6530246138572693
23, 4, 286, 90, -0.6503790616989136
23, 5, 275, 93, -0.6494745016098022
23, 6, 266, 95, -0.6498475074768066
23, 7, 357, 113, -0.297695517539978
23, 8, 258, 116, -0.2775062322616577
23, 9, 329, 140, -0.5918074250221252
23, 10, 285, 141, -0.5854282975196838
23, 11, 451, 292, -0.1623450219631195
23, 12, 171, 298, -0.10252586752176285
23, 13, 552, 479, -0.6374416947364807
23, 14, 105, 482, -0.04850778728723526
23, 15, 517, 320, -1.2993398904800415
23, 16, 76, 657, -0.3822091817855835
23, 17, 518, 256, -1.4432348012924194
23, 18, 60, 714, -0.4362862706184387
23, 19, 498, 232, -1.3443926572799683
23, 20, 75, 703, -0.5239800214767456
23, 21, 486, 255, -1.2859431505203247
23, 22, 89, 686, -0.43605154752731323
23, 23, 412, 667, -0.07508150488138199
23, 24, 215, 664, 0.08208625018596649
23, 25, 408, 1002, -0.1744614839553833
23, 26, 223, 994, 0.04035124182701111
23, 27, 410, 1293, 0.34220460057258606
23, 28, 231, 1284, 0.32326868176460266
23, 29, 416, 1333, 0.36278241872787476
23, 30, 226, 1325, 0.33706504106521606
23, 31, 380, 1382, -0.23228684067726135
23, 32, 260, 1375, -0.294866144657135
24, 0, 303, 109, -0.6698116660118103
24, 1, 318, 89, -0.6085827350616455
24, 2, 329, 90, -0.6082838177680969
24, 3, 340, 92, -0.6080026626586914
24, 4, 287, 91, -0.6067812442779541
24, 5, 277, 93, -0.6058238744735718
24, 6, 267, 95, -0.6060922741889954
24, 7, 357, 114, -0.27208325266838074
24, 8, 259, 116, -0.2560290992259979
24, 9, 329, 141, -0.5517820119857788
24, 10, 287, 142, -0.5478906631469727
24, 11, 446, 292, -0.15535122156143188
24, 12, 171, 296, -0.07811720669269562
24, 13, 555, 479, -0.5900532007217407
24, 14, 105, 480, 0.010680140927433968
24, 15, 514, 303, -1.1482110023498535
24, 16, 79, 647, -0.2582012712955475
24, 17, 515, 242, -1.2725331783294678
24, 18, 63, 702, -0.2944943308830261
24, 19, 495, 217, -1.3083431720733643
24, 20, 77, 692, -0.36893072724342346
24, 21, 484, 240, -1.150220274925232
24, 22, 91, 675, -0.3048846125602722
24, 23, 406, 662, -0.07594944536685944
24, 24, 212, 658, 0.0829845517873764
24, 25, 398, 1000, -0.18852010369300842
24, 26, 216, 988, 0.05178973823785782
24, 27, 394, 1290, 0.3048921227455139
24, 28, 217, 1280, 0.3812275528907776
24, 29, 400, 1329, 0.3250298500061035
24, 30, 211, 1321, 0.399757444858551
24, 31, 363, 1381, -0.24191483855247498
24, 32, 244, 1372, -0.25168079137802124
25, 0, 303, 110, -0.7140282392501831
25, 1, 318, 90, -0.6419817209243774
25, 2, 329, 91, -0.6414710283279419
25, 3, 340, 93, -0.6406998634338379
25, 4, 287, 92, -0.6389294862747192
25, 5, 277, 94, -0.6377242803573608
25, 6, 267, 96, -0.6375974416732788
25, 7, 357, 115, -0.2880902588367462
25, 8, 259, 117, -0.2576459050178528
25, 9, 329, 142, -0.5848519802093506
25, 10, 287, 143, -0.5823233127593994
25, 11, 446, 292, -0.1620175987482071
25, 12, 171, 296, -0.08592133224010468
25, 13, 560, 479, -0.6190324425697327
25, 14, 105, 478, 0.0626130923628807
25, 15, 513, 293, -1.1736009120941162
25, 16, 79, 647, -0.1848546266555786
25, 17, 513, 232, -1.3042364120483398
25, 18, 64, 701, -0.22084137797355652
25, 19, 493, 212, -1.2215309143066406
25, 20, 78, 693, -0.3097460865974426
25, 21, 481, 235, -1.1548502445220947
25, 22, 91, 676, -0.23668399453163147
25, 23, 404, 664, -0.08462674915790558
25, 24, 210, 660, 0.09161680936813354
25, 25, 395, 1001, -0.1816546618938446
25, 26, 213, 990, 0.052877627313137054
25, 27, 391, 1291, 0.39173009991645813
25, 28, 214, 1281, 0.40080007910728455
25, 29, 396, 1331, 0.42082491517066956
25, 30, 208, 1324, 0.42074108123779297
25, 31, 360, 1381, -0.160892054438591
25, 32, 240, 1373, -0.219866544008255
26, 0, 303, 111, -0.7169871926307678
26, 1, 319, 91, -0.6484764814376831
26, 2, 329, 92, -0.648159384727478
26, 3, 340, 93, -0.647807240486145
26, 4, 287, 92, -0.6464551687240601
26, 5, 278, 94, -0.6453911662101746
26, 6, 267, 96, -0.6455527544021606
26, 7, 357, 116, -0.30576473474502563
26, 8, 258, 118, -0.2718628942966461
26, 9, 329, 144, -0.586715579032898
26, 10, 287, 144, -0.5839808583259583
26, 11, 445, 293, -0.1642654687166214
26, 12, 171, 296, -0.08182966709136963
26, 13, 561, 477, -0.6387724280357361
26, 14, 105, 476, 0.06843225657939911
26, 15, 511, 288, -1.1852595806121826
26, 16, 81, 646, -0.18762940168380737
26, 17, 512, 227, -1.315545678138733
26, 18, 65, 700, -0.22627127170562744
26, 19, 490, 208, -1.2074147462844849
26, 20, 80, 692, -0.3146211802959442
26, 21, 479, 233, -1.162361979484558
26, 22, 92, 675, -0.2395729124546051
26, 23, 404, 665, -0.09240542352199554
26, 24, 210, 661, 0.09913098812103271
26, 25, 395, 1001, -0.17000672221183777
26, 26, 213, 991, 0.06485279649496078
26, 27, 391, 1291, 0.4285825788974762
26, 28, 215, 1282, 0.4058593809604645
26, 29, 397, 1332, 0.4586856961250305
26, 30, 209, 1325, 0.42686671018600464
26, 31, 361, 1382, -0.12819302082061768
26, 32, 241, 1374, -0.20729097723960876
27, 0, 303, 112, -0.7278772592544556
27, 1, 319, 91, -0.6618331074714661
27, 2, 329, 92, -0.66159588098526
27, 3, 340, 94, -0.6613040566444397
27, 4, 287, 93, -0.6577968597412109
27, 5, 278, 95, -0.6567966938018799
27, 6, 267, 97, -0.6570214033126831
27, 7, 357, 117, -0.31406715512275696
27, 8, 258, 118, -0.27706611156463623
27, 9, 330, 145, -0.5999637842178345
27, 10, 287, 145, -0.593928873538971
27, 11, 445, 293, -0.17269396781921387
27, 12, 171, 296, -0.07690031826496124
27, 13, 562, 477, -0.6181188821792603
27, 14, 105, 476, 0.10266810655593872
27, 15, 510, 287, -1.145214319229126
27, 16, 82, 646, -0.10969613492488861
27, 17, 507, 227, -1.2711536884307861
27, 18, 66, 700, -0.14064165949821472
27, 19, 485, 208, -1.1789119243621826
27, 20, 81, 692, -0.23081083595752716
27, 21, 474, 232, -1.1358931064605713
27, 22, 93, 675, -0.1614946871995926
27, 23, 403, 666, -0.09768753498792648
27, 24, 210, 662, 0.10436294972896576
27, 25, 395, 1002, -0.17369993031024933
27, 26, 213, 992, 0.07280285656452179
27, 27, 392, 1292, 0.4102016091346741
27, 28, 215, 1282, 0.4165361523628235
27, 29, 398, 1333, 0.43802952766418457
27, 30, 210, 1326, 0.43762141466140747
27, 31, 362, 1382, -0.14836181700229645
27, 32, 241, 1374, -0.19883020222187042
28, 0, 303, 113, -0.7313253283500671
28, 1, 319, 92, -0.6670945882797241
28, 2, 329, 93, -0.6669188737869263
28, 3, 340, 95, -0.6667234301567078
28, 4, 288, 94, -0.6628097295761108
28, 5, 278, 96, -0.6618698239326477
28, 6, 267, 98, -0.662166178226471
28, 7, 357, 117, -0.31936725974082947
28, 8, 258, 120, -0.281257688999176
28, 9, 330, 146, -0.603173017501831
28, 10, 287, 147, -0.5963883996009827
28, 11, 445, 293, -0.17807908356189728
28, 12, 171, 296, -0.08037848770618439
28, 13, 562, 477, -0.6345743536949158
28, 14, 105, 475, 0.09214471280574799
28, 15, 506, 287, -1.1726579666137695
28, 16, 82, 644, -0.11523958295583725
28, 17, 503, 225, -1.2987631559371948
28, 18, 66, 697, -0.1438758671283722
28, 19, 482, 206, -1.1874096393585205
28, 20, 81, 689, -0.2280242145061493
28, 21, 470, 232, -1.1511037349700928
28, 22, 93, 672, -0.16425135731697083
28, 23, 402, 666, -0.0979902446269989
28, 24, 208, 662, 0.10460932552814484
28, 25, 393, 1002, -0.17259322106838226
28, 26, 211, 992, 0.09468697756528854
28, 27, 390, 1292, 0.4158194959163666
28, 28, 213, 1283, 0.45993638038635254
28, 29, 396, 1332, 0.44430604577064514
28, 30, 207, 1326, 0.4825637936592102
28, 31, 360, 1382, -0.14536426961421967
28, 32, 239, 1375, -0.16549669206142426
29, 0, 303, 114, -0.7459589838981628
29, 1, 319, 93, -0.6806891560554504
29, 2, 329, 94, -0.6805141568183899
29, 3, 340, 95, -0.680238664150238
29, 4, 288, 95, -0.6742898225784302
29, 5, 278, 97, -0.6733008027076721
29, 6, 268, 99, -0.673592209815979
29, 7, 357, 117, -0.32836076617240906
29, 8, 258, 121, -0.28579410910606384
29, 9, 330, 147, -0.618261456489563
29, 10, 288, 148, -0.6088095903396606
29, 11, 444, 294, -0.19067177176475525
29, 12, 171, 296, -0.08067481219768524
29, 13, 562, 480, -0.6830840706825256
29, 14, 105, 475, 0.09379158914089203
29, 15, 504, 288, -1.283934235572815
29, 16, 82, 644, -0.1212286576628685
29, 17, 498, 224, -1.4167611598968506
29, 18, 65, 697, -0.14811138808727264
29, 19, 479, 202, -1.2978404760360718
29, 20, 79, 690, -0.23259437084197998
29, 21, 469, 230, -1.259273886680603
29, 22, 92, 673, -0.17037799954414368
29, 23, 402, 666, -0.09880215674638748
29, 24, 207, 662, 0.10537935793399811
29, 25, 391, 1002, -0.1634606420993805
29, 26, 207, 993, 0.09495864808559418
29, 27, 388, 1292, 0.43449968099594116
29, 28, 208, 1283, 0.461857408285141
29, 29, 394, 1333, 0.4637695848941803
29, 30, 203, 1325, 0.4843997061252594
29, 31, 358, 1383, -0.1303124725818634
29, 32, 235, 1375, -0.16390465199947357
30, 0, 303, 116, -0.7557557821273804
30, 1, 319, 94, -0.6911100149154663
30, 2, 329, 95, -0.6909777522087097
30, 3, 340, 96, -0.6906653642654419
30, 4, 288, 97, -0.6864557862281799
30, 5, 278, 98, -0.6854867339134216
30, 6, 268, 101, -0.6858232617378235
30, 7, 357, 117, -0.32855263352394104
30, 8, 259, 122, -0.292944997549057
30, 9, 330, 148, -0.6240745186805725
30, 10, 288, 150, -0.6163590550422668
30, 11, 441, 293, -0.19326931238174438
30, 12, 171, 295, -0.08003748208284378
30, 13, 562, 475, -0.7117047309875488
30, 14, 105, 475, 0.06346027553081512
30, 15, 500, 290, -1.377346158027649
30, 16, 81, 643, -0.1665685474872589
30, 17, 494, 226, -1.5255720615386963
30, 18, 65, 697, -0.21541424095630646
30, 19, 474, 203, -1.4106611013412476
30, 20, 79, 689, -0.3001154661178589
30, 21, 463, 229, -1.3560140132904053
30, 22, 91, 671, -0.21970336139202118
30, 23, 401, 663, -0.10137885808944702
30, 24, 206, 659, 0.10777156054973602
30, 25, 388, 998, -0.16184397041797638
30, 26, 204, 987, 0.09476149827241898
30, 27, 385, 1287, 0.42370787262916565
30, 28, 206, 1277, 0.4567638337612152
30, 29, 390, 1326, 0.45072832703590393
30, 30, 201, 1318, 0.4781123995780945
30, 31, 355, 1377, -0.1506303995847702
30, 32, 232, 1368, -0.1749752163887024
31, 0, 304, 116, -0.6757292747497559
31, 1, 319, 94, -0.6144863367080688
31, 2, 330, 95, -0.6142817735671997
31, 3, 340, 96, -0.6140203475952148
31, 4, 288, 97, -0.6130524277687073
31, 5, 279, 98, -0.6121521592140198
31, 6, 268, 101, -0.612512469291687
31, 7, 357, 117, -0.2779924273490906
31, 8, 259, 123, -0.2579583525657654
31, 9, 330, 148, -0.5555557012557983
31, 10, 289, 150, -0.5510646104812622
31, 11, 439, 291, -0.1679261028766632
31, 12, 171, 295, -0.06848359107971191
31, 13, 562, 475, -0.6454877257347107
31, 14, 105, 475, 0.06906850636005402
31, 15, 499, 294, -1.226423978805542
31, 16, 81, 641, -0.13801656663417816
31, 17, 493, 231, -1.3545606136322021
31, 18, 65, 695, -0.17052510380744934
31, 19, 473, 206, -1.220669150352478
31, 20, 78, 686, -0.2497718334197998
31, 21, 462, 230, -1.1911699771881104
31, 22, 90, 669, -0.18514393270015717
31, 23, 401, 661, -0.09803042560815811
31, 24, 206, 657, 0.10429801046848297
31, 25, 389, 994, -0.15612299740314484
31, 26, 204, 982, 0.0949760302901268
31, 27, 386, 1281, 0.3990216851234436
31, 28, 207, 1270, 0.4538121223449707
31, 29, 391, 1319, 0.4239529073238373
31, 30, 201, 1310, 0.47552746534347534
31, 31, 356, 1371, -0.15002015233039856
31, 32, 232, 1361, -0.1490308940410614
32, 0, 304, 117, -0.6427461504936218
32, 1, 319, 95, -0.5828135013580322
32, 2, 330, 95, -0.5826082229614258
32, 3, 340, 96, -0.5823360681533813
32, 4, 288, 97, -0.5814661979675293
32, 5, 279, 99, -0.5805526375770569
32, 6, 268, 101, -0.5809128880500793
32, 7, 357, 117, -0.2541030943393707
32, 8, 259, 123, -0.23603931069374084
32, 9, 330, 148, -0.5259531736373901
32, 10, 289, 151, -0.5216835737228394
32, 11, 437, 290, -0.1506209820508957
32, 12, 171, 294, -0.06076078489422798
32, 13, 562, 475, -0.5945572257041931
32, 14, 105, 475, 0.0745805948972702
32, 15, 498, 297, -1.129664421081543
32, 16, 81, 641, -0.12054018676280975
32, 17, 493, 234, -1.2500150203704834
32, 18, 65, 694, -0.15046826004981995
32, 19, 472, 209, -1.1303226947784424
32, 20, 77, 685, -0.23008398711681366
32, 21, 461, 233, -1.1008597612380981
32, 22, 89, 668, -0.16742122173309326
32, 23, 400, 659, -0.09317279607057571
32, 24, 206, 655, 0.09937651455402374
32, 25, 389, 990, -0.16544294357299805
32, 26, 205, 978, 0.07615484297275543
32, 27, 386, 1277, 0.3331272304058075
32, 28, 207, 1266, 0.3754538893699646
32, 29, 391, 1314, 0.35470476746559143
32, 30, 202, 1306, 0.392330139875412
32, 31, 357, 1368, -0.1969653069972992
32, 32, 233, 1356, -0.19941696524620056
33, 0, 304, 118, -0.6601345539093018
33, 1, 319, 95, -0.5984795689582825
33, 2, 330, 96, -0.5983297824859619
33, 3, 340, 96, -0.5980969071388245
33, 4, 288, 98, -0.5972819328308105
33, 5, 279, 99, -0.5963668823242188
33, 6, 268, 101, -0.5967512130737305
33, 7, 357, 117, -0.2590484917163849
33, 8, 259, 123, -0.2423059493303299
33, 9, 330, 148, -0.5395583510398865
33, 10, 289, 151, -0.535500168800354
33, 11, 436, 289, -0.14766433835029602
33, 12, 171, 294, -0.05994393676519394
33, 13, 561, 475, -0.5766253471374512
33, 14, 105, 475, 0.08763882517814636
33, 15, 496, 296, -1.1261208057403564
33, 16, 80, 641, -0.10244672000408173
33, 17, 491, 234, -1.2504202127456665
33, 18, 65, 694, -0.13215963542461395
33, 19, 470, 208, -1.1380078792572021
33, 20, 77, 685, -0.21522235870361328
33, 21, 460, 233, -1.101057767868042
33, 22, 88, 668, -0.1496548354625702
33, 23, 399, 657, -0.09024925529956818
33, 24, 206, 653, 0.09626714885234833
33, 25, 388, 986, -0.16833779215812683
33, 26, 205, 973, 0.051734697073698044
33, 27, 386, 1272, 0.32563719153404236
33, 28, 207, 1260, 0.34433814883232117
33, 29, 391, 1308, 0.34674882888793945
33, 30, 202, 1301, 0.36051875352859497
33, 31, 357, 1363, -0.20969641208648682
33, 32, 232, 1350, -0.23669645190238953
34, 0, 304, 118, -0.652450442314148
34, 1, 319, 95, -0.5923225283622742
34, 2, 330, 96, -0.5921462774276733
34, 3, 340, 96, -0.5919174551963806
34, 4, 288, 98, -0.5919710993766785
34, 5, 279, 99, -0.5910710096359253
34, 6, 268, 102, -0.5914316177368164
34, 7, 357, 118, -0.25852376222610474
34, 8, 259, 123, -0.24444445967674255
34, 9, 330, 148, -0.533768892288208
34, 10, 289, 151, -0.530872106552124
34, 11, 435, 288, -0.14916503429412842
34, 12, 171, 294, -0.0631597638130188
34, 13, 561, 475, -0.5719624757766724
34, 14, 105, 475, 0.07612071186304092
34, 15, 494, 296, -1.1122119426727295
34, 16, 80, 641, -0.13241322338581085
34, 17, 490, 234, -1.236146330833435
34, 18, 65, 694, -0.16497991979122162
34, 19, 468, 209, -1.125303030014038
34, 20, 75, 685, -0.2499617338180542
34, 21, 458, 234, -1.0883814096450806
34, 22, 87, 668, -0.18129265308380127
34, 23, 398, 655, -0.08711051940917969
34, 24, 206, 652, 0.09305368363857269
34, 25, 388, 985, -0.16806302964687347
34, 26, 207, 973, 0.03830244019627571
34, 27, 387, 1271, 0.3336631655693054
34, 28, 211, 1261, 0.31719058752059937
34, 29, 393, 1308, 0.355768620967865
34, 30, 206, 1301, 0.33180996775627136
34, 31, 360, 1362, -0.20027072727680206
34, 32, 237, 1350, -0.26300039887428284
35, 0, 304, 118, -0.6472874283790588
35, 1, 319, 95, -0.5873768925666809
35, 2, 330, 96, -0.5871913433074951
35, 3, 340, 97, -0.586962878704071
35, 4, 288, 98, -0.5865694284439087
35, 5, 279, 99, -0.5856682658195496
35, 6, 268, 102, -0.5860443711280823
35, 7, 357, 118, -0.25722256302833557
35, 8, 259, 123, -0.24255970120429993
35, 9, 330, 148, -0.5300365686416626
35, 10, 289, 151, -0.5267655253410339
35, 11, 434, 288, -0.14609645307064056
35, 12, 171, 294, -0.06535006314516068
35, 13, 561, 475, -0.5745759010314941
35, 14, 105, 476, 0.07031185179948807
35, 15, 494, 296, -1.1130187511444092
35, 16, 80, 641, -0.1470244973897934
35, 17, 489, 233, -1.2371268272399902
35, 18, 63, 695, -0.1820145696401596
35, 19, 467, 209, -1.1309131383895874
35, 20, 74, 685, -0.2660871744155884
35, 21, 457, 234, -1.089968204498291
35, 22, 86, 668, -0.19605472683906555
35, 23, 397, 653, -0.0814497321844101
35, 24, 206, 651, 0.08739981800317764
35, 25, 388, 983, -0.174346461892128
35, 26, 207, 971, -0.007043653167784214
35, 27, 387, 1270, 0.2990090847015381
35, 28, 211, 1260, 0.2216826230287552
35, 29, 393, 1307, 0.3181820213794708
35, 30, 206, 1301, 0.23010554909706116
35, 31, 360, 1360, -0.2333766520023346
35, 32, 237, 1349, -0.3656083047389984
36, 0, 304, 119, -0.6576899886131287
36, 1, 319, 96, -0.5974777340888977
36, 2, 330, 96, -0.5972899794578552
36, 3, 340, 97, -0.5970615148544312
36, 4, 288, 98, -0.5958377122879028
36, 5, 279, 99, -0.5949400067329407
36, 6, 268, 102, -0.5953177213668823
36, 7, 357, 118, -0.2641025185585022
36, 8, 259, 124, -0.24635794758796692
36, 9, 330, 148, -0.53937828540802
36, 10, 289, 151, -0.5349929332733154
36, 11, 435, 288, -0.14969699084758759
36, 12, 171, 294, -0.06552211940288544
36, 13, 561, 478, -0.5827118158340454
36, 14, 105, 476, 0.06630109995603561
36, 15, 494, 298, -1.1530174016952515
36, 16, 79, 643, -0.15400250256061554
36, 17, 488, 235, -1.2813222408294678
36, 18, 62, 696, -0.19050106406211853
36, 19, 467, 212, -1.1686766147613525
36, 20, 73, 687, -0.2738615870475769
36, 21, 456, 236, -1.1291526556015015
36, 22, 86, 671, -0.20304086804389954
36, 23, 397, 654, -0.08023057878017426
36, 24, 206, 651, 0.08619023114442825
36, 25, 388, 984, -0.15725663304328918
36, 26, 208, 972, 0.004213989712297916
36, 27, 387, 1270, 0.33235830068588257
36, 28, 211, 1260, 0.2774693965911865
36, 29, 393, 1308, 0.35402172803878784
36, 30, 205, 1301, 0.29102009534835815
36, 31, 360, 1361, -0.17940077185630798
36, 32, 236, 1349, -0.3117823004722595
37, 0, 304, 119, -0.6628204584121704
37, 1, 319, 96, -0.6016793847084045
37, 2, 330, 96, -0.6014877557754517
37, 3, 340, 97, -0.6012418270111084
37, 4, 288, 98, -0.6002058386802673
37, 5, 279, 100, -0.599336564540863
37, 6, 268, 102, -0.5997646450996399
37, 7, 357, 118, -0.26673179864883423
37, 8, 259, 124, -0.25113537907600403
37, 9, 330, 148, -0.5440032482147217
37, 10, 289, 151, -0.5403432250022888
37, 11, 435, 288, -0.15131305158138275
37, 12, 171, 294, -0.06618291884660721
37, 13, 561, 480, -0.5924177765846252
37, 14, 105, 476, 0.07717009633779526
37, 15, 494, 300, -1.198641061782837
37, 16, 78, 644, -0.10630868375301361
37, 17, 487, 237, -1.3286383152008057
37, 18, 61, 697, -0.1350330412387848
37, 19, 466, 214, -1.2154968976974487
37, 20, 72, 689, -0.22153492271900177
37, 21, 456, 238, -1.1757938861846924
37, 22, 85, 672, -0.15504178404808044
37, 23, 397, 654, -0.07800701260566711
37, 24, 206, 651, 0.08403880894184113
37, 25, 388, 984, -0.1622123271226883
37, 26, 207, 972, -0.012247202917933464
37, 27, 387, 1271, 0.33142510056495667
37, 28, 210, 1260, 0.252251535654068
37, 29, 393, 1308, 0.35271817445755005
37, 30, 204, 1301, 0.2636909484863281
37, 31, 359, 1361, -0.196159228682518
37, 32, 235, 1349, -0.3459163308143616
38, 0, 304, 119, -0.66466224193573
38, 1, 319, 96, -0.6044526100158691
38, 2, 329, 96, -0.6042389273643494
38, 3, 340, 97, -0.6039939522743225
38, 4, 288, 98, -0.6007967591285706
38, 5, 278, 100, -0.599886953830719
38, 6, 268, 102, -0.6002671718597412
38, 7, 357, 118, -0.2701297402381897
38, 8, 259, 124, -0.254329651594162
38, 9, 330, 148, -0.5468923449516296
38, 10, 289, 151, -0.5406257510185242
38, 11, 435, 288, -0.15042921900749207
38, 12, 171, 294, -0.07277579605579376
38, 13, 561, 481, -0.6003084778785706
38, 14, 105, 477, 0.059003520756959915
38, 15, 494, 301, -1.2284363508224487
38, 16, 76, 648, -0.1612321436405182
38, 17, 487, 239, -1.3626009225845337
38, 18, 58, 702, -0.1988813728094101
38, 19, 465, 216, -1.2508975267410278
38, 20, 69, 695, -0.29031887650489807
38, 21, 455, 240, -1.206765055656433
38, 22, 82, 678, -0.21267417073249817
38, 23, 397, 654, -0.076053686439991
38, 24, 206, 651, 0.08203936368227005
38, 25, 388, 985, -0.16433772444725037
38, 26, 209, 972, -0.01683231256902218
38, 27, 390, 1271, 0.3293064832687378
38, 28, 213, 1260, 0.2441687136888504
38, 29, 395, 1309, 0.35018840432167053
38, 30, 207, 1301, 0.2552880644798279
38, 31, 363, 1361, -0.20294363796710968
38, 32, 239, 1349, -0.351316899061203
39, 0, 304, 119, -0.7006629109382629
39, 1, 319, 96, -0.6360836625099182
39, 2, 329, 96, -0.6359633207321167
39, 3, 340, 97, -0.6357086896896362
39, 4, 288, 98, -0.6363977193832397
39, 5, 278, 99, -0.6355723738670349
39, 6, 268, 101, -0.6359911561012268
39, 7, 357, 118, -0.2815103530883789
39, 8, 259, 123, -0.27649983763694763
39, 9, 330, 148, -0.5747511982917786
39, 10, 288, 151, -0.5731623768806458
39, 11, 435, 289, -0.15056142210960388
39, 12, 170, 294, -0.07993795722723007
39, 13, 561, 481, -0.6187478303909302
39, 14, 105, 477, 0.062418919056653976
39, 15, 493, 306, -1.3113957643508911
39, 16, 73, 649, -0.1537332981824875
39, 17, 486, 240, -1.457610845565796
39, 18, 55, 703, -0.1915147602558136
39, 19, 464, 219, -1.3490300178527832
39, 20, 66, 696, -0.28619927167892456
39, 21, 453, 241, -1.2925605773925781
39, 22, 80, 679, -0.20592370629310608
39, 23, 397, 654, -0.07574965059757233
39, 24, 206, 651, 0.08171575516462326
39, 25, 388, 984, -0.18652823567390442
39, 26, 209, 973, -0.02662431262433529
39, 27, 390, 1271, 0.3088819086551666
39, 28, 213, 1261, 0.23082511126995087
39, 29, 396, 1309, 0.3287595212459564
39, 30, 208, 1302, 0.24067452549934387
39, 31, 363, 1361, -0.24160608649253845
39, 32, 240, 1350, -0.38291510939598083
40, 0, 304, 119, -0.6821932792663574
40, 1, 319, 96, -0.6194244623184204
40, 2, 329, 96, -0.619276762008667
40, 3, 340, 97, -0.6189939975738525
40, 4, 288, 98, -0.6198312640190125
40, 5, 278, 99, -0.6190072894096375
40, 6, 267, 101, -0.6194295883178711
40, 7, 356, 117, -0.2729282081127167
40, 8, 259, 123, -0.26593446731567383
40, 9, 330, 148, -0.559249222278595
40, 10, 287, 151, -0.5575495362281799
40, 11, 435, 288, -0.14877817034721375
40, 12, 170, 294, -0.07907997071743011
40, 13, 561, 480, -0.6175795793533325
40, 14, 105, 477, 0.02396799996495247
40, 15, 488, 314, -1.2707054615020752
40, 16, 73, 649, -0.2510446310043335
40, 17, 484, 247, -1.4076553583145142
40, 18, 55, 703, -0.2987075448036194
40, 19, 460, 227, -1.301626443862915
40, 20, 66, 695, -0.3898143768310547
40, 21, 447, 248, -1.2521756887435913
40, 22, 79, 678, -0.30439674854278564
40, 23, 397, 653, -0.07578469812870026
40, 24, 206, 651, 0.0817490816116333
40, 25, 389, 982, -0.18600688874721527
40, 26, 209, 972, -0.018177229911088943
40, 27, 390, 1271, 0.3021112084388733
40, 28, 214, 1261, 0.22961346805095673
40, 29, 396, 1308, 0.32137492299079895
40, 30, 208, 1302, 0.23897507786750793
40, 31, 364, 1361, -0.24288630485534668
40, 32, 240, 1350, -0.3730721175670624
41, 0, 303, 119, -0.6822987794876099
41, 1, 318, 96, -0.6194483041763306
41, 2, 329, 96, -0.6193011403083801
41, 3, 339, 96, -0.6190025210380554
41, 4, 287, 98, -0.6195040345191956
41, 5, 277, 99, -0.6186742186546326
41, 6, 267, 101, -0.6191038489341736
41, 7, 356, 116, -0.2740101218223572
41, 8, 259, 123, -0.2651521563529968
41, 9, 329, 148, -0.5597938299179077
41, 10, 286, 151, -0.5576703548431396
41, 11, 439, 288, -0.14903424680233002
41, 12, 171, 294, -0.09158306568861008
41, 13, 561, 482, -0.6219743490219116
41, 14, 105, 477, -0.02430180087685585
41, 15, 486, 333, -1.2693407535552979
41, 16, 72, 653, -0.31076377630233765
41, 17, 479, 269, -1.409267544746399
41, 18, 55, 709, -0.3655797243118286
41, 19, 456, 247, -1.3030059337615967
41, 20, 66, 701, -0.4520692229270935
41, 21, 443, 266, -1.2503254413604736
41, 22, 79, 683, -0.36288148164749146
41, 23, 398, 653, -0.07308090478181839
41, 24, 206, 651, 0.07903392612934113
41, 25, 391, 982, -0.14199396967887878
41, 26, 211, 972, -0.014383773319423199
41, 27, 395, 1270, 0.35907691717147827
41, 28, 217, 1260, 0.2341143637895584
41, 29, 402, 1307, 0.38054412603378296
41, 30, 212, 1301, 0.24523396790027618
41, 31, 368, 1360, -0.1693553328514099
41, 32, 244, 1349, -0.33173254132270813
42, 0, 301, 118, -0.8262642025947571
42, 1, 317, 95, -0.7599157691001892
42, 2, 328, 95, -0.7599779367446899
42, 3, 339, 96, -0.7596831917762756
42, 4, 286, 98, -0.7537246942520142
42, 5, 275, 99, -0.7529540657997131
42, 6, 266, 101, -0.7535008192062378
42, 7, 355, 115, -0.37402278184890747
42, 8, 258, 122, -0.3356238603591919
42, 9, 328, 147, -0.6872904300689697
42, 10, 284, 150, -0.677293598651886
42, 11, 449, 289, -0.19662681221961975
42, 12, 171, 296, -0.11422435194253922
42, 13, 562, 483, -0.7557405233383179
42, 14, 105, 478, -0.027888646349310875
42, 15, 486, 362, -1.5686957836151123
42, 16, 72, 656, -0.38306981325149536
42, 17, 473, 312, -1.7393878698349
42, 18, 55, 713, -0.45308995246887207
42, 19, 451, 286, -1.6314079761505127
42, 20, 67, 706, -0.5516448616981506
42, 21, 442, 302, -1.5523483753204346
42, 22, 80, 688, -0.44088760018348694
42, 23, 404, 661, -0.07490108162164688
42, 24, 209, 662, 0.0808379128575325
42, 25, 403, 988, -0.14370086789131165
42, 26, 218, 982, -0.010447618551552296
42, 27, 411, 1276, 0.3699561059474945
42, 28, 226, 1269, 0.26431989669799805
42, 29, 419, 1315, 0.3919457793235779
42, 30, 222, 1312, 0.27857017517089844
42, 31, 380, 1368, -0.18350377678871155
42, 32, 255, 1357, -0.3274216055870056
43, 0, 301, 118, -0.8567139506340027
43, 1, 317, 95, -0.7877789735794067
43, 2, 328, 95, -0.7878812551498413
43, 3, 339, 95, -0.7876075506210327
43, 4, 285, 97, -0.7834972739219666
43, 5, 275, 99, -0.7827978730201721
43, 6, 265, 101, -0.78340083360672
43, 7, 355, 114, -0.392131507396698
43, 8, 258, 121, -0.36128556728363037
43, 9, 328, 147, -0.7146954536437988
43, 10, 282, 149, -0.7070978879928589
43, 11, 451, 290, -0.2128184288740158
43, 12, 170, 296, -0.14444781839847565
43, 13, 562, 483, -0.7715315818786621
43, 14, 105, 479, -0.13834871351718903
43, 15, 486, 376, -1.6316179037094116
43, 16, 73, 656, -0.6403988599777222
43, 17, 470, 352, -1.8178284168243408
43, 18, 55, 714, -0.7475375533103943
43, 19, 442, 327, -1.734864592552185
43, 20, 71, 706, -0.8441594839096069
43, 21, 436, 334, -1.6258533000946045
43, 22, 84, 687, -0.700958788394928
43, 23, 405, 666, -0.07460938394069672
43, 24, 209, 667, 0.08056464791297913
43, 25, 405, 991, -0.13744790852069855
43, 26, 218, 983, -0.03932873159646988
43, 27, 410, 1278, 0.38294610381126404
43, 28, 224, 1270, 0.2638057768344879
43, 29, 417, 1320, 0.40272918343544006
43, 30, 219, 1315, 0.27805596590042114
43, 31, 378, 1372, -0.1893518716096878
43, 32, 253, 1357, -0.35977494716644287
44, 0, 301, 117, -0.8354083895683289
44, 1, 317, 95, -0.7711571455001831
44, 2, 327, 95, -0.7712923288345337
44, 3, 338, 95, -0.771128237247467
44, 4, 285, 97, -0.7674819231033325
44, 5, 274, 98, -0.7668399810791016
44, 6, 265, 100, -0.7675579786300659
44, 7, 355, 114, -0.3996066451072693
44, 8, 258, 121, -0.3683043420314789
44, 9, 327, 147, -0.7006393074989319
44, 10, 281, 148, -0.6931272745132446
44, 11, 452, 291, -0.2061217576265335
44, 12, 170, 296, -0.20048710703849792
44, 13, 554, 480, -0.7429293394088745
44, 14, 104, 479, -0.3155304491519928
44, 15, 489, 418, -1.5830625295639038
44, 16, 73, 654, -0.8077799081802368
44, 17, 471, 415, -1.7452764511108398
44, 18, 54, 713, -0.9137768745422363
44, 19, 444, 393, -1.6939013004302979
44, 20, 73, 706, -0.9917069673538208
44, 21, 437, 391, -1.5897716283798218
44, 22, 86, 687, -0.8593584895133972
44, 23, 399, 666, -0.04743928834795952
44, 24, 199, 667, 0.053119219839572906
44, 25, 399, 984, -0.2578297257423401
44, 26, 202, 979, -0.19417154788970947
44, 27, 399, 1274, 0.054555416107177734
44, 28, 205, 1267, -0.089767225086689
44, 29, 404, 1320, 0.053254954516887665
44, 30, 202, 1315, -0.10287092626094818
44, 31, 360, 1366, -0.5708286762237549
44, 32, 235, 1354, -0.7336779236793518
45, 0, 300, 116, -1.002143144607544
45, 1, 316, 94, -0.9455354809761047
45, 2, 327, 95, -0.9458014369010925
45, 3, 338, 95, -0.9462282061576843
45, 4, 284, 96, -0.9385445713996887
45, 5, 273, 98, -0.9381861686706543
45, 6, 264, 100, -0.9389557838439941
45, 7, 355, 114, -0.5772819519042969
45, 8, 257, 121, -0.5253519415855408
45, 9, 327, 146, -0.8640395998954773
45, 10, 280, 147, -0.8494232296943665
45, 11, 456, 294, -0.3256481885910034
45, 12, 169, 298, -0.3329695165157318
45, 13, 541, 470, -0.5267895460128784
45, 14, 103, 478, -0.28776246309280396
45, 15, 561, 562, -1.0892049074172974
45, 16, 72, 648, -0.6532238721847534
45, 17, 588, 599, -1.2167608737945557
45, 18, 52, 701, -0.7667814493179321
45, 19, 565, 600, -1.3042134046554565
45, 20, 73, 703, -0.8602779507637024
45, 21, 497, 525, -1.149529218673706
45, 22, 86, 683, -0.7111285924911499
45, 23, 396, 668, -0.04283491149544716
45, 24, 199, 668, 0.0482325479388237
45, 25, 399, 981, -0.27409639954566956
45, 26, 200, 979, -0.22901006042957306
45, 27, 396, 1272, 0.1841460019350052
45, 28, 199, 1268, 0.03662799671292305
45, 29, 399, 1319, 0.19561339914798737
45, 30, 196, 1317, 0.03728534281253815
45, 31, 358, 1363, -0.4083564877510071
45, 32, 225, 1354, -0.6185069680213928
46, 0, 300, 112, -0.9855304956436157
46, 1, 316, 92, -0.9223915934562683
46, 2, 327, 93, -0.9224684834480286
46, 3, 338, 94, -0.9228218197822571
46, 4, 284, 94, -0.9173280000686646
46, 5, 273, 96, -0.9167145490646362
46, 6, 264, 99, -0.9172366857528687
46, 7, 355, 114, -0.545181155204773
46, 8, 257, 120, -0.4992465078830719
46, 9, 327, 144, -0.8473307490348816
46, 10, 280, 144, -0.8348294496536255
46, 11, 460, 297, -0.3050510883331299
46, 12, 169, 299, -0.3465966582298279
46, 13, 540, 470, -0.2192048281431198
46, 14, 102, 478, -0.23566880822181702
46, 15, 604, 656, -0.5192305445671082
46, 16, 71, 648, -0.5938814282417297
46, 17, 638, 706, -0.5964453816413879
46, 18, 51, 700, -0.6975958943367004
46, 19, 613, 716, -0.6836656928062439
46, 20, 73, 702, -0.7971128821372986
46, 21, 589, 693, -0.5752158761024475
46, 22, 86, 683, -0.6543377637863159
46, 23, 407, 683, -0.046680670231580734
46, 24, 208, 699, 0.05167181417346001
46, 25, 407, 1000, -0.12845423817634583
46, 26, 213, 1002, 0.0600646436214447
46, 27, 409, 1286, 0.5691865682601929
46, 28, 218, 1283, 0.5395625829696655
46, 29, 415, 1335, 0.6031798720359802
46, 30, 215, 1333, 0.5665930509567261
46, 31, 376, 1370, -0.01977609470486641
46, 32, 248, 1366, -0.09486737102270126
47, 0, 300, 108, -1.0029441118240356
47, 1, 316, 89, -0.9385986328125
47, 2, 327, 90, -0.9386544227600098
47, 3, 338, 92, -0.9390897750854492
47, 4, 283, 91, -0.932612419128418
47, 5, 273, 94, -0.9319812059402466
47, 6, 263, 96, -0.9324865341186523
47, 7, 355, 113, -0.558699369430542
47, 8, 257, 118, -0.5068091154098511
47, 9, 327, 140, -0.8656757473945618
47, 10, 279, 140, -0.8512109518051147
47, 11, 463, 301, -0.3153359591960907
47, 12, 168, 300, -0.3679804503917694
47, 13, 540, 474, -0.17433756589889526
47, 14, 101, 478, -0.23825187981128693
47, 15, 607, 677, -0.42771798372268677
47, 16, 71, 649, -0.5909371376037598
47, 17, 640, 727, -0.5009849667549133
47, 18, 51, 700, -0.6938766837120056
47, 19, 615, 737, -0.5840659737586975
47, 20, 74, 703, -0.7995736598968506
47, 21, 595, 716, -0.4803301692008972
47, 22, 86, 683, -0.6526185870170593
47, 23, 411, 689, -0.052367933094501495
47, 24, 210, 695, 0.05669054388999939
47, 25, 407, 1011, -0.03444353863596916
47, 26, 215, 1010, 0.1404808759689331
47, 27, 409, 1297, 0.7415063381195068
47, 28, 218, 1293, 0.7023670077323914
47, 29, 414, 1345, 0.7824507355690002
47, 30, 215, 1340, 0.7401418089866638
47, 31, 375, 1381, 0.15726658701896667
47, 32, 248, 1377, 0.062438417226076126
48, 0, 299, 105, -0.9410978555679321
48, 1, 316, 87, -0.8774603009223938
48, 2, 327, 89, -0.8774946331977844
48, 3, 338, 91, -0.8777070045471191
48, 4, 283, 89, -0.8726293444633484
48, 5, 272, 92, -0.8719558715820312
48, 6, 263, 95, -0.8724787831306458
48, 7, 355, 113, -0.5084770917892456
48, 8, 257, 117, -0.4633444845676422
48, 9, 327, 137, -0.8074076771736145
48, 10, 279, 137, -0.7954014539718628
48, 11, 464, 303, -0.298373281955719
48, 12, 168, 301, -0.32584887742996216
48, 13, 539, 483, -0.17528404295444489
48, 14, 101, 479, -0.20394568145275116
48, 15, 595, 684, -0.38632330298423767
48, 16, 72, 651, -0.563748300075531
48, 17, 625, 737, -0.45288991928100586
48, 18, 52, 700, -0.6472855806350708
48, 19, 599, 747, -0.5271631479263306
48, 20, 75, 704, -0.7435827851295471
48, 21, 581, 726, -0.4334920346736908
48, 22, 87, 685, -0.6199718117713928
48, 23, 412, 693, -0.057162098586559296
48, 24, 212, 696, 0.061101604253053665
48, 25, 409, 1017, -0.02902497909963131
48, 26, 220, 1016, 0.1335137039422989
48, 27, 412, 1305, 0.7081831693649292
48, 28, 223, 1301, 0.6525884866714478
48, 29, 418, 1353, 0.7464516162872314
48, 30, 220, 1349, 0.6863116025924683
48, 31, 381, 1389, 0.14505413174629211
48, 32, 252, 1386, 0.03045278787612915
49, 0, 299, 104, -1.0347388982772827
49, 1, 315, 86, -0.9630500674247742
49, 2, 327, 89, -0.9632507562637329
49, 3, 338, 91, -0.9637131690979004
49, 4, 283, 89, -0.957438588142395
49, 5, 272, 91, -0.9568287134170532
49, 6, 263, 94, -0.9573575854301453
49, 7, 355, 113, -0.5553808808326721
49, 8, 257, 116, -0.5052129030227661
49, 9, 327, 137, -0.8877304792404175
49, 10, 278, 137, -0.8742753267288208
49, 11, 464, 304, -0.30653637647628784
49, 12, 167, 302, -0.34288862347602844
49, 13, 538, 485, -0.19247376918792725
49, 14, 101, 479, -0.19845476746559143
49, 15, 599, 689, -0.5017215609550476
49, 16, 72, 654, -0.572945237159729
49, 17, 630, 742, -0.5870998501777649
49, 18, 53, 703, -0.6805851459503174
49, 19, 604, 752, -0.6767024993896484
49, 20, 78, 707, -0.7898849248886108
49, 21, 586, 730, -0.558343768119812
49, 22, 89, 688, -0.635721743106842
49, 23, 416, 693, -0.060854218900203705
49, 24, 214, 695, 0.06474766880273819
49, 25, 415, 1019, -0.056997187435626984
49, 26, 226, 1018, 0.12887360155582428
49, 27, 421, 1306, 0.675416886806488
49, 28, 232, 1304, 0.6465583443641663
49, 29, 428, 1354, 0.7119146585464478
49, 30, 230, 1353, 0.6771841049194336
49, 31, 390, 1391, 0.06892205774784088
49, 32, 262, 1389, -0.015004217624664307
50, 0, 299, 104, -1.0269602537155151
50, 1, 315, 86, -0.9538693428039551
50, 2, 327, 88, -0.9539987444877625
50, 3, 338, 91, -0.9544485211372375
50, 4, 283, 88, -0.9505870938301086
50, 5, 273, 91, -0.949938178062439
50, 6, 263, 94, -0.9504328966140747
50, 7, 355, 113, -0.5432747602462769
50, 8, 257, 116, -0.5042175650596619
50, 9, 328, 137, -0.8798049688339233
50, 10, 279, 137, -0.8697342872619629
50, 11, 465, 305, -0.29597291350364685
50, 12, 167, 302, -0.35225293040275574
50, 13, 536, 486, -0.1496233493089676
50, 14, 101, 479, -0.2107863873243332
50, 15, 596, 689, -0.43340349197387695
50, 16, 73, 655, -0.5840169787406921
50, 17, 628, 743, -0.5109301209449768
50, 18, 54, 703, -0.6932342052459717
50, 19, 602, 753, -0.6028939485549927
50, 20, 79, 708, -0.8036164045333862
50, 21, 584, 731, -0.49083608388900757
50, 22, 90, 689, -0.6478142142295837
50, 23, 417, 691, -0.061410557478666306
50, 24, 219, 701, 0.06547404825687408
50, 25, 417, 1017, -0.07449675351381302
50, 26, 228, 1017, 0.10726126283407211
50, 27, 424, 1306, 0.632197380065918
50, 28, 237, 1304, 0.5931115746498108
50, 29, 431, 1354, 0.6655393838882446
50, 30, 234, 1353, 0.6200857162475586
50, 31, 394, 1390, 0.018975984305143356
50, 32, 267, 1389, -0.07597079128026962
51, 0, 300, 104, -1.072739839553833
51, 1, 316, 86, -0.998548686504364
51, 2, 328, 88, -0.9986880421638489
51, 3, 339, 90, -0.9991577863693237
51, 4, 284, 88, -0.9961989521980286
51, 5, 273, 91, -0.9955422282218933
51, 6, 263, 94, -0.9960225820541382
51, 7, 356, 113, -0.57451331615448
51, 8, 257, 116, -0.5396645069122314
51, 9, 329, 136, -0.9208340644836426
51, 10, 280, 137, -0.9116319417953491
51, 11, 465, 305, -0.3116675019264221
51, 12, 167, 303, -0.37385374307632446
51, 13, 536, 487, -0.17938798666000366
51, 14, 101, 479, -0.23283347487449646
51, 15, 601, 688, -0.4930341839790344
51, 16, 73, 655, -0.630441427230835
51, 17, 634, 741, -0.5824880599975586
51, 18, 54, 704, -0.7472510933876038
51, 19, 608, 751, -0.6748268604278564
51, 20, 80, 708, -0.863132119178772
51, 21, 589, 729, -0.5521438717842102
51, 22, 91, 689, -0.6971274614334106
51, 23, 418, 690, -0.0631398856639862
51, 24, 218, 698, 0.06728252023458481
51, 25, 418, 1017, -0.0775451734662056
51, 26, 229, 1016, 0.11771804094314575
51, 27, 424, 1306, 0.6640902757644653
51, 28, 236, 1303, 0.6410068273544312
51, 29, 431, 1354, 0.6993764042854309
51, 30, 233, 1351, 0.6715025305747986
51, 31, 394, 1390, 0.0359460785984993
51, 32, 266, 1388, -0.0421537347137928
52, 0, 301, 104, -1.104247808456421
52, 1, 317, 86, -1.0326015949249268
52, 2, 329, 88, -1.032768964767456
52, 3, 339, 90, -1.0332856178283691
52, 4, 284, 88, -1.0307272672653198
52, 5, 274, 91, -1.030064582824707
52, 6, 264, 94, -1.0305734872817993
52, 7, 356, 113, -0.6084404587745667
52, 8, 257, 116, -0.5754897594451904
52, 9, 329, 136, -0.9509243965148926
52, 10, 281, 137, -0.9421414136886597
52, 11, 466, 305, -0.3347075283527374
52, 12, 167, 303, -0.3951432406902313
52, 13, 536, 487, -0.19298817217350006
52, 14, 101, 479, -0.2469017207622528
52, 15, 605, 687, -0.4938128888607025
52, 16, 75, 655, -0.6423282623291016
52, 17, 637, 740, -0.585462212562561
52, 18, 56, 704, -0.7602102160453796
52, 19, 611, 749, -0.6776747703552246
52, 20, 82, 708, -0.8781391382217407
52, 21, 593, 728, -0.5525015592575073
52, 22, 93, 689, -0.7097166776657104
52, 23, 419, 691, -0.06475622206926346
52, 24, 219, 697, 0.06889967620372772
52, 25, 420, 1017, -0.029574254527688026
52, 26, 231, 1017, 0.14307497441768646
52, 27, 427, 1306, 0.7701205015182495
52, 28, 237, 1305, 0.7269181609153748
52, 29, 433, 1354, 0.8109954595565796
52, 30, 234, 1353, 0.7648385763168335
52, 31, 396, 1392, 0.14917385578155518
52, 32, 267, 1389, 0.04828665778040886
53, 0, 302, 104, -1.0517175197601318
53, 1, 319, 86, -0.9822936058044434
53, 2, 330, 88, -0.9824081659317017
53, 3, 340, 90, -0.982840359210968
53, 4, 285, 88, -0.979302704334259
53, 5, 275, 91, -0.9786334037780762
53, 6, 265, 94, -0.9791399240493774
53, 7, 357, 113, -0.5757666826248169
53, 8, 258, 115, -0.539615273475647
53, 9, 330, 136, -0.9051048159599304
53, 10, 282, 137, -0.8954946398735046
53, 11, 466, 306, -0.32224568724632263
53, 12, 168, 302, -0.3702302575111389
53, 13, 537, 486, -0.16860350966453552
53, 14, 101, 478, -0.23578178882598877
53, 15, 608, 682, -0.42024582624435425
53, 16, 74, 653, -0.6165050864219666
53, 17, 641, 736, -0.495055615901947
53, 18, 55, 701, -0.7272407412528992
53, 19, 614, 746, -0.5841628313064575
53, 20, 81, 706, -0.8380940556526184
53, 21, 596, 725, -0.47561949491500854
53, 22, 92, 687, -0.6813001036643982
53, 23, 419, 690, -0.06498970836400986
53, 24, 218, 696, 0.06921128928661346
53, 25, 419, 1017, -0.03861098736524582
53, 26, 230, 1016, 0.13277164101600647
53, 27, 425, 1306, 0.7112554907798767
53, 28, 237, 1304, 0.660132884979248
53, 29, 432, 1354, 0.7481786012649536
53, 30, 234, 1352, 0.6916713118553162
53, 31, 395, 1392, 0.1012817770242691
53, 32, 266, 1389, -0.006007280666381121
54, 0, 305, 104, -1.0326939821243286
54, 1, 321, 86, -0.9641239047050476
54, 2, 332, 88, -0.9642160534858704
54, 3, 342, 91, -0.9646850824356079
54, 4, 287, 88, -0.9610883593559265
54, 5, 277, 91, -0.9604196548461914
54, 6, 267, 94, -0.9609262347221375
54, 7, 358, 113, -0.5621544122695923
54, 8, 258, 115, -0.5256829857826233
54, 9, 331, 137, -0.8875031471252441
54, 10, 284, 137, -0.8777977228164673
54, 11, 466, 306, -0.3160848915576935
54, 12, 168, 302, -0.3604638874530792
54, 13, 536, 486, -0.13782405853271484
54, 14, 101, 477, -0.22840173542499542
54, 15, 605, 681, -0.3668513596057892
54, 16, 74, 652, -0.609686017036438
54, 17, 637, 735, -0.4363010823726654
54, 18, 55, 699, -0.7258142828941345
54, 19, 611, 746, -0.5245827436447144
54, 20, 81, 704, -0.8256531953811646
54, 21, 592, 725, -0.4213506281375885
54, 22, 92, 685, -0.6792812347412109
54, 23, 419, 690, -0.06538184732198715
54, 24, 218, 695, 0.0695960596203804
54, 25, 419, 1017, -0.04887305200099945
54, 26, 230, 1015, 0.12757368385791779
54, 27, 425, 1306, 0.6831933856010437
54, 28, 236, 1303, 0.6407544016838074
54, 29, 432, 1354, 0.7186383008956909
54, 30, 232, 1351, 0.6707855463027954
54, 31, 394, 1391, 0.07285480201244354
54, 32, 265, 1388, -0.02628268301486969
55, 0, 305, 105, -1.050445318222046
55, 1, 322, 87, -0.9809103012084961
55, 2, 333, 89, -0.9810234904289246
55, 3, 342, 91, -0.9815866351127625
55, 4, 288, 89, -0.9787497520446777
55, 5, 278, 91, -0.9781066179275513
55, 6, 268, 94, -0.9786194562911987
55, 7, 358, 114, -0.569907009601593
55, 8, 259, 116, -0.5369662642478943
55, 9, 332, 138, -0.9011393785476685
55, 10, 285, 138, -0.8925663232803345
55, 11, 466, 306, -0.31388694047927856
55, 12, 168, 302, -0.36168816685676575
55, 13, 536, 486, -0.14734572172164917
55, 14, 101, 477, -0.2232023924589157
55, 15, 605, 681, -0.3989098072052002
55, 16, 75, 651, -0.6001948714256287
55, 17, 637, 734, -0.47517886757850647
55, 18, 57, 699, -0.709362804889679
55, 19, 612, 744, -0.5675380229949951
55, 20, 82, 703, -0.8124423027038574
55, 21, 594, 723, -0.45597395300865173
55, 22, 93, 685, -0.666867196559906
55, 23, 418, 690, -0.06559871137142181
55, 24, 218, 695, 0.06988756358623505
55, 25, 418, 1016, -0.05300392955541611
55, 26, 230, 1015, 0.12061713635921478
55, 27, 424, 1306, 0.6764118671417236
55, 28, 235, 1302, 0.6221193075180054
55, 29, 431, 1354, 0.7110856771469116
55, 30, 231, 1351, 0.6510369777679443
55, 31, 393, 1391, 0.0590483732521534
55, 32, 264, 1387, -0.04381798207759857
56, 0, 307, 106, -1.0572845935821533
56, 1, 323, 88, -0.9866310954093933
56, 2, 334, 90, -0.9867957830429077
56, 3, 343, 92, -0.9873669743537903
56, 4, 289, 89, -0.9840558767318726
56, 5, 279, 92, -0.983439564704895
56, 6, 268, 94, -0.9839715957641602
56, 7, 359, 115, -0.5709789395332336
56, 8, 259, 116, -0.5361603498458862
56, 9, 333, 139, -0.9059511423110962
56, 10, 286, 138, -0.8969343304634094
56, 11, 466, 306, -0.3111547827720642
56, 12, 168, 303, -0.356755793094635
56, 13, 537, 486, -0.13233093917369843
56, 14, 102, 477, -0.21099455654621124
56, 15, 606, 684, -0.3867546617984772
56, 16, 77, 652, -0.5722416639328003
56, 17, 639, 738, -0.46045249700546265
56, 18, 60, 700, -0.6817380785942078
56, 19, 615, 748, -0.5558883547782898
56, 20, 85, 703, -0.7910909652709961
56, 21, 596, 727, -0.4447649121284485
56, 22, 94, 685, -0.6384853720664978
56, 23, 419, 690, -0.06606285274028778
56, 24, 219, 694, 0.0703468918800354
56, 25, 421, 1016, -0.062042467296123505
56, 26, 232, 1015, 0.11631538718938828
56, 27, 428, 1306, 0.6642016172409058
56, 28, 239, 1304, 0.6132878065109253
56, 29, 434, 1354, 0.6983674764633179
56, 30, 235, 1352, 0.64156574010849
56, 31, 399, 1391, 0.0503653809428215
56, 32, 269, 1388, -0.050459783524274826
57, 0, 307, 106, -1.0959041118621826
57, 1, 324, 88, -1.0228917598724365
57, 2, 335, 90, -1.0231059789657593
57, 3, 344, 92, -1.0236245393753052
57, 4, 290, 90, -1.020937204360962
57, 5, 280, 92, -1.020330548286438
57, 6, 269, 95, -1.020857810974121
57, 7, 360, 115, -0.5942482352256775
57, 8, 259, 116, -0.560782253742218
57, 9, 333, 139, -0.9404149055480957
57, 10, 287, 139, -0.93189936876297
57, 11, 467, 306, -0.31993556022644043
57, 12, 168, 303, -0.3706192970275879
57, 13, 537, 486, -0.15187019109725952
57, 14, 102, 477, -0.21840891242027283
57, 15, 605, 687, -0.42702189087867737
57, 16, 78, 653, -0.5988492965698242
57, 17, 638, 741, -0.5087177157402039
57, 18, 61, 702, -0.7132989168167114
57, 19, 613, 751, -0.6005527973175049
57, 20, 86, 705, -0.8290783762931824
57, 21, 594, 730, -0.48476868867874146
57, 22, 96, 686, -0.6659539341926575
57, 23, 420, 690, -0.06864555180072784
57, 24, 221, 703, 0.07304035872220993
57, 25, 421, 1017, -0.06875710189342499
57, 26, 233, 1016, 0.1186770647764206
57, 27, 428, 1308, 0.665891706943512
57, 28, 240, 1305, 0.642605185508728
57, 29, 434, 1356, 0.7006555795669556
57, 30, 236, 1354, 0.6729904413223267
57, 31, 399, 1392, 0.045346133410930634
57, 32, 269, 1390, -0.04267885535955429
58, 0, 308, 106, -1.0848793983459473
58, 1, 324, 89, -1.0126397609710693
58, 2, 335, 90, -1.0128231048583984
58, 3, 344, 92, -1.0133187770843506
58, 4, 290, 90, -1.010216474533081
58, 5, 280, 92, -1.0095988512039185
58, 6, 270, 95, -1.0101221799850464
58, 7, 360, 115, -0.5893900990486145
58, 8, 260, 116, -0.5546099543571472
58, 9, 334, 139, -0.9319155812263489
58, 10, 287, 139, -0.9228354692459106
58, 11, 467, 306, -0.31844210624694824
58, 12, 168, 303, -0.3690117597579956
58, 13, 537, 487, -0.15077969431877136
58, 14, 102, 478, -0.21687407791614532
58, 15, 605, 690, -0.42373400926589966
58, 16, 78, 655, -0.5937564373016357
58, 17, 637, 744, -0.5036263465881348
58, 18, 61, 704, -0.7056103348731995
58, 19, 612, 754, -0.5968260765075684
58, 20, 86, 707, -0.8194856643676758
58, 21, 593, 732, -0.48155298829078674
58, 22, 96, 688, -0.6598029732704163
58, 23, 420, 691, -0.06953295320272446
58, 24, 221, 707, 0.07394471764564514
58, 25, 421, 1018, -0.07519365102052689
58, 26, 232, 1017, 0.11795815080404282
58, 27, 428, 1309, 0.6611605882644653
58, 28, 239, 1307, 0.63899827003479
58, 29, 434, 1357, 0.6957470774650574
58, 30, 236, 1355, 0.6690233945846558
58, 31, 398, 1393, 0.04403840750455856
58, 32, 269, 1391, -0.04555761069059372
59, 0, 308, 107, -1.0992114543914795
59, 1, 325, 89, -1.0256268978118896
59, 2, 336, 91, -1.0258599519729614
59, 3, 345, 93, -1.0263855457305908
59, 4, 291, 90, -1.023316740989685
59, 5, 281, 92, -1.0226799249649048
59, 6, 271, 95, -1.0232374668121338
59, 7, 361, 115, -0.5933172702789307
59, 8, 260, 116, -0.5588766932487488
59, 9, 334, 139, -0.9420953989028931
59, 10, 287, 139, -0.9332024455070496
59, 11, 467, 306, -0.3175410330295563
59, 12, 168, 303, -0.3658442795276642
59, 13, 537, 487, -0.15987628698349
59, 14, 103, 478, -0.21168601512908936
59, 15, 604, 690, -0.44671741127967834
59, 16, 78, 656, -0.5907211303710938
59, 17, 635, 744, -0.5247644782066345
59, 18, 62, 706, -0.7024695873260498
59, 19, 611, 754, -0.61634361743927
59, 20, 87, 708, -0.8175594210624695
59, 21, 592, 732, -0.49517178535461426
59, 22, 97, 689, -0.6564158201217651
59, 23, 420, 691, -0.07030291110277176
59, 24, 220, 708, 0.07478119432926178
59, 25, 421, 1019, -0.08036882430315018
59, 26, 232, 1017, 0.1162906289100647
59, 27, 428, 1309, 0.6581923365592957
59, 28, 239, 1307, 0.6344988942146301
59, 29, 434, 1357, 0.6926063299179077
59, 30, 235, 1356, 0.6640753149986267
59, 31, 398, 1394, 0.03164304420351982
59, 32, 268, 1391, -0.049616489559412
