0, 0, 328, 168, -0.9839655160903931
0, 1, 342, 141, -0.929218590259552
0, 2, 352, 141, -0.9292882680892944
0, 3, 361, 141, -0.9295437932014465
0, 4, 309, 141, -0.9476882815361023
0, 5, 297, 142, -0.947539210319519
0, 6, 286, 143, -0.9480539560317993
0, 7, 377, 156, -0.5702395439147949
0, 8, 269, 157, -0.6387706995010376
0, 9, 346, 196, -0.8446973562240601
0, 10, 305, 198, -0.8640998005867004
0, 11, 453, 297, -0.3243643641471863
0, 12, 180, 312, -0.49021583795547485
0, 13, 505, 467, -0.2987801134586334
0, 14, 123, 483, -0.4204282760620117
0, 15, 539, 630, -0.6481431722640991
0, 16, 128, 649, -0.7195679545402527
0, 17, 562, 678, -0.7490143775939941
0, 18, 121, 697, -0.8148722648620605
0, 19, 534, 682, -0.8135682940483093
0, 20, 146, 696, -0.9027422666549683
0, 21, 521, 663, -0.6925963759422302
0, 22, 152, 677, -0.7653019428253174
0, 23, 413, 655, 0.007387682795524597
0, 24, 236, 663, -0.0030722396913915873
0, 25, 415, 923, 0.10222415626049042
0, 26, 250, 927, -0.04571842402219772
0, 27, 418, 1164, 0.7158897519111633
0, 28, 258, 1169, 0.41390007734298706
0, 29, 421, 1210, 0.7491862177848816
0, 30, 255, 1217, 0.4430454671382904
0, 31, 399, 1248, 0.26415392756462097
0, 32, 285, 1242, -0.11418162286281586
1, 0, 329, 168, -0.7505525350570679
1, 1, 342, 140, -0.7039028406143188
1, 2, 352, 140, -0.7038189172744751
1, 3, 362, 140, -0.7040660381317139
1, 4, 310, 140, -0.7213899493217468
1, 5, 297, 141, -0.721034049987793
1, 6, 286, 143, -0.7214118242263794
1, 7, 377, 154, -0.4026384949684143
1, 8, 269, 157, -0.46819108724594116
1, 9, 347, 196, -0.6350197196006775
1, 10, 306, 198, -0.6529472470283508
1, 11, 453, 297, -0.23874564468860626
1, 12, 180, 314, -0.3943360447883606
1, 13, 505, 466, -0.23366086184978485
1, 14, 123, 484, -0.36664435267448425
1, 15, 545, 634, -0.5298870205879211
1, 16, 125, 658, -0.6184148192405701
1, 17, 569, 681, -0.6201956272125244
1, 18, 116, 705, -0.6931015849113464
1, 19, 543, 685, -0.6734905242919922
1, 20, 142, 703, -0.7713300585746765
1, 21, 528, 667, -0.569496750831604
1, 22, 149, 685, -0.6600475907325745
1, 23, 413, 658, 0.00458092987537384
1, 24, 236, 668, -0.0004193404165562242
1, 25, 415, 935, 0.05865657329559326
1, 26, 249, 943, -0.0031239925883710384
1, 27, 418, 1185, 0.5890952348709106
1, 28, 258, 1187, 0.3852960765361786
1, 29, 421, 1228, 0.6159693002700806
1, 30, 256, 1231, 0.40860193967819214
1, 31, 399, 1269, 0.18100783228874207
1, 32, 286, 1266, -0.11278806626796722
2, 0, 329, 168, -0.791707456111908
2, 1, 342, 139, -0.7441104650497437
2, 2, 352, 139, -0.7440782785415649
2, 3, 362, 139, -0.7443467974662781
2, 4, 310, 140, -0.7609297037124634
2, 5, 297, 141, -0.7605973482131958
2, 6, 286, 143, -0.7610070109367371
2, 7, 377, 153, -0.4299910068511963
2, 8, 268, 157, -0.49196821451187134
2, 9, 347, 196, -0.670727550983429
2, 10, 306, 198, -0.6877962946891785
2, 11, 453, 297, -0.24541406333446503
2, 12, 179, 315, -0.40657585859298706
2, 13, 505, 466, -0.2241027057170868
2, 14, 123, 484, -0.37272030115127563
2, 15, 548, 638, -0.5098253488540649
2, 16, 125, 663, -0.6293855905532837
2, 17, 573, 686, -0.5991542935371399
2, 18, 116, 710, -0.7070268988609314
2, 19, 547, 690, -0.6538102030754089
2, 20, 142, 707, -0.7877294421195984
2, 21, 532, 672, -0.5498650074005127
2, 22, 150, 689, -0.6718915700912476
2, 23, 413, 661, 0.0026866435073316097
2, 24, 236, 671, 0.0013397629372775555
2, 25, 415, 940, 0.06412972509860992
2, 26, 249, 950, 0.04301837831735611
2, 27, 418, 1193, 0.6250765323638916
2, 28, 259, 1196, 0.4376521706581116
2, 29, 421, 1236, 0.6550076007843018
2, 30, 257, 1240, 0.4635915756225586
2, 31, 400, 1277, 0.2023342400789261
2, 32, 288, 1275, -0.04677226394414902
3, 0, 329, 168, -0.8264835476875305
3, 1, 342, 139, -0.7796048521995544
3, 2, 351, 139, -0.7795608043670654
3, 3, 361, 139, -0.7798460721969604
3, 4, 309, 141, -0.7957122325897217
3, 5, 296, 142, -0.795384407043457
3, 6, 285, 143, -0.7958012819290161
3, 7, 377, 153, -0.45793595910072327
3, 8, 267, 157, -0.5172900557518005
3, 9, 347, 196, -0.7018787264823914
3, 10, 305, 199, -0.7179660201072693
3, 11, 453, 297, -0.25634267926216125
3, 12, 179, 315, -0.4190528988838196
3, 13, 505, 465, -0.21987052261829376
3, 14, 123, 484, -0.37711089849472046
3, 15, 547, 639, -0.5042918920516968
3, 16, 125, 663, -0.6369825601577759
3, 17, 573, 687, -0.5946565866470337
3, 18, 115, 710, -0.7173014283180237
3, 19, 546, 691, -0.6512128114700317
3, 20, 141, 708, -0.8000033497810364
3, 21, 531, 673, -0.5449355840682983
3, 22, 149, 690, -0.6805316209793091
3, 23, 413, 662, 0.0015956868883222342
3, 24, 236, 672, 0.0023929011076688766
3, 25, 414, 942, 0.06689871847629547
3, 26, 246, 951, 0.06369638442993164
3, 27, 416, 1195, 0.6304532289505005
3, 28, 257, 1199, 0.48446521162986755
3, 29, 419, 1239, 0.6576513648033142
3, 30, 255, 1243, 0.5131698250770569
3, 31, 399, 1280, 0.22435136139392853
3, 32, 286, 1278, -0.00752678420394659
4, 0, 329, 174, -0.8986622095108032
4, 1, 342, 142, -0.8568115234375
4, 2, 351, 141, -0.856712818145752
4, 3, 361, 141, -0.857032299041748
4, 4, 308, 145, -0.8736530542373657
4, 5, 296, 146, -0.8732404708862305
4, 6, 285, 147, -0.8735677003860474
4, 7, 377, 154, -0.52655428647995
4, 8, 267, 160, -0.5900903940200806
4, 9, 347, 202, -0.7679247856140137
4, 10, 305, 204, -0.7853482365608215
4, 11, 454, 297, -0.3077761232852936
4, 12, 179, 316, -0.460085391998291
4, 13, 505, 465, -0.22535887360572815
4, 14, 123, 484, -0.40651780366897583
4, 15, 547, 642, -0.529133677482605
4, 16, 125, 665, -0.6670116782188416
4, 17, 572, 690, -0.620771050453186
4, 18, 115, 712, -0.7460206747055054
4, 19, 546, 694, -0.6800163984298706
4, 20, 141, 710, -0.8295677304267883
4, 21, 530, 676, -0.5704022645950317
4, 22, 149, 692, -0.7107440233230591
4, 23, 414, 664, -0.0039002385456115007
4, 24, 236, 673, 0.007819782011210918
4, 25, 414, 944, 0.07251787930727005
4, 26, 245, 954, 0.08128822594881058
4, 27, 416, 1198, 0.668372392654419
4, 28, 256, 1203, 0.5189034938812256
4, 29, 419, 1242, 0.7013828158378601
4, 30, 255, 1248, 0.5493711829185486
4, 31, 399, 1284, 0.25306111574172974
4, 32, 285, 1283, 0.016331825405359268
5, 0, 329, 181, -0.9982298016548157
5, 1, 342, 148, -0.9559165239334106
5, 2, 351, 147, -0.9558569192886353
5, 3, 361, 146, -0.9561957120895386
5, 4, 308, 152, -0.9741756319999695
5, 5, 296, 152, -0.97381192445755
5, 6, 285, 152, -0.974155068397522
5, 7, 377, 156, -0.6075248718261719
5, 8, 267, 165, -0.6767908334732056
5, 9, 347, 207, -0.8589107394218445
5, 10, 306, 210, -0.8781997561454773
5, 11, 454, 297, -0.3592117428779602
5, 12, 179, 317, -0.5138514637947083
5, 13, 504, 464, -0.2576955556869507
5, 14, 123, 484, -0.44707274436950684
5, 15, 546, 642, -0.537196695804596
5, 16, 125, 665, -0.7235830426216125
5, 17, 571, 690, -0.6323146224021912
5, 18, 116, 712, -0.8078010678291321
5, 19, 546, 693, -0.6879020929336548
5, 20, 141, 710, -0.8961841464042664
5, 21, 530, 676, -0.5785903930664062
5, 22, 150, 692, -0.7686847448348999
5, 23, 414, 664, -0.009596898220479488
5, 24, 236, 673, 0.013379663228988647
5, 25, 414, 943, 0.08583937585353851
5, 26, 246, 953, 0.09766314178705215
5, 27, 416, 1197, 0.7138638496398926
5, 28, 257, 1203, 0.5586608648300171
5, 29, 419, 1241, 0.7498657703399658
5, 30, 255, 1247, 0.5914015173912048
5, 31, 399, 1283, 0.2810634970664978
5, 32, 285, 1282, 0.04335040971636772
6, 0, 330, 191, -1.051875352859497
6, 1, 342, 158, -1.01767897605896
6, 2, 352, 156, -1.0175836086273193
6, 3, 361, 154, -1.0179682970046997
6, 4, 309, 161, -1.0359841585159302
6, 5, 296, 161, -1.035603404045105
6, 6, 286, 161, -1.035920262336731
6, 7, 376, 161, -0.6722446084022522
6, 8, 267, 171, -0.7405205368995667
6, 9, 348, 216, -0.909458339214325
6, 10, 309, 220, -0.9284281730651855
6, 11, 454, 296, -0.3987548351287842
6, 12, 179, 317, -0.5490012168884277
6, 13, 504, 459, -0.263896644115448
6, 14, 123, 483, -0.47430214285850525
6, 15, 545, 633, -0.5368770956993103
6, 16, 127, 664, -0.7498102784156799
6, 17, 570, 680, -0.6284559965133667
6, 18, 119, 711, -0.8343147039413452
6, 19, 545, 684, -0.6913214325904846
6, 20, 144, 708, -0.9257251620292664
6, 21, 530, 668, -0.5790276527404785
6, 22, 152, 690, -0.7954254746437073
6, 23, 414, 662, -0.014736400917172432
6, 24, 237, 673, 0.018381264060735703
6, 25, 415, 943, 0.11931173503398895
6, 26, 246, 952, 0.1388227343559265
6, 27, 419, 1195, 0.7772873640060425
6, 28, 259, 1201, 0.6298484802246094
6, 29, 422, 1239, 0.816065788269043
6, 30, 258, 1246, 0.6668769121170044
6, 31, 403, 1281, 0.3401023745536804
6, 32, 290, 1281, 0.11319200694561005
7, 0, 333, 201, -1.0674259662628174
7, 1, 343, 168, -1.0394177436828613
7, 2, 352, 165, -1.0392858982086182
7, 3, 362, 163, -1.0396902561187744
7, 4, 310, 171, -1.056679606437683
7, 5, 297, 171, -1.056280493736267
7, 6, 287, 170, -1.056575059890747
7, 7, 376, 166, -0.7019909024238586
7, 8, 267, 177, -0.7651972770690918
7, 9, 350, 225, -0.9251521825790405
7, 10, 313, 230, -0.942703366279602
7, 11, 454, 295, -0.4198366701602936
7, 12, 180, 317, -0.5578910708427429
7, 13, 504, 455, -0.26743292808532715
7, 14, 123, 480, -0.47383490204811096
7, 15, 545, 626, -0.5220316648483276
7, 16, 128, 658, -0.7428673505783081
7, 17, 570, 671, -0.6101206541061401
7, 18, 120, 705, -0.8265565633773804
7, 19, 545, 675, -0.6771299242973328
7, 20, 144, 700, -0.918420672416687
7, 21, 530, 660, -0.5642983317375183
7, 22, 153, 682, -0.7887077927589417
7, 23, 414, 661, -0.01800835318863392
7, 24, 238, 672, 0.021567221730947495
7, 25, 416, 942, 0.13226255774497986
7, 26, 246, 952, 0.14449135959148407
7, 27, 421, 1194, 0.7873210310935974
7, 28, 261, 1200, 0.6321441531181335
7, 29, 424, 1238, 0.8258640170097351
7, 30, 260, 1245, 0.669252336025238
7, 31, 405, 1280, 0.3516119122505188
7, 32, 292, 1279, 0.11868724972009659
8, 0, 333, 208, -1.1428861618041992
8, 1, 343, 177, -1.1168051958084106
8, 2, 352, 175, -1.1166845560073853
8, 3, 362, 172, -1.1171492338180542
8, 4, 310, 180, -1.132795810699463
8, 5, 297, 180, -1.132372498512268
8, 6, 287, 180, -1.132698655128479
8, 7, 375, 173, -0.7617970705032349
8, 8, 267, 183, -0.8183829188346863
8, 9, 350, 233, -0.9914993047714233
8, 10, 313, 238, -1.0073177814483643
8, 11, 454, 295, -0.449370801448822
8, 12, 181, 317, -0.57961106300354
8, 13, 504, 455, -0.28980663418769836
8, 14, 123, 478, -0.4777279794216156
8, 15, 542, 626, -0.5287535190582275
8, 16, 128, 652, -0.7585150599479675
8, 17, 564, 672, -0.6148828268051147
8, 18, 120, 699, -0.8459804654121399
8, 19, 541, 676, -0.6905030608177185
8, 20, 144, 695, -0.9432001113891602
8, 21, 526, 660, -0.5717078447341919
8, 22, 153, 677, -0.8063915967941284
8, 23, 414, 661, -0.022202234715223312
8, 24, 238, 672, 0.025838708505034447
8, 25, 416, 941, 0.12954138219356537
8, 26, 246, 951, 0.14116773009300232
8, 27, 421, 1193, 0.7831912040710449
8, 28, 260, 1199, 0.6314178705215454
8, 29, 424, 1237, 0.8210236430168152
8, 30, 260, 1244, 0.6677215099334717
8, 31, 404, 1279, 0.33340534567832947
8, 32, 291, 1279, 0.09983334690332413
9, 0, 334, 213, -1.1658345460891724
9, 1, 343, 182, -1.140462040901184
9, 2, 353, 181, -1.1403591632843018
9, 3, 362, 179, -1.140838861465454
9, 4, 311, 185, -1.1566163301467896
9, 5, 299, 185, -1.156186580657959
9, 6, 288, 185, -1.1565148830413818
9, 7, 375, 178, -0.7807002067565918
9, 8, 268, 187, -0.8374977111816406
9, 9, 350, 238, -1.011568546295166
9, 10, 313, 244, -1.0275490283966064
9, 11, 455, 295, -0.46030592918395996
9, 12, 183, 317, -0.5885312557220459
9, 13, 504, 455, -0.3007332384586334
9, 14, 124, 478, -0.4820849299430847
9, 15, 539, 626, -0.5428053140640259
9, 16, 128, 650, -0.7712659239768982
9, 17, 561, 673, -0.6312472224235535
9, 18, 120, 698, -0.8615785837173462
9, 19, 539, 676, -0.7101813554763794
9, 20, 144, 694, -0.9602166414260864
9, 21, 524, 660, -0.5868816375732422
9, 22, 153, 676, -0.8199511766433716
9, 23, 414, 661, -0.023755719885230064
9, 24, 237, 672, 0.027460724115371704
9, 25, 416, 941, 0.13394072651863098
9, 26, 246, 951, 0.1440315991640091
9, 27, 421, 1193, 0.7955701947212219
9, 28, 260, 1199, 0.6412465572357178
9, 29, 424, 1236, 0.8341382145881653
9, 30, 260, 1244, 0.6779271960258484
9, 31, 404, 1280, 0.3353968560695648
9, 32, 291, 1280, 0.10291178524494171
10, 0, 334, 218, -1.1840896606445312
10, 1, 344, 186, -1.1685070991516113
10, 2, 353, 184, -1.1683099269866943
10, 3, 362, 182, -1.1687798500061035
10, 4, 311, 189, -1.1831796169281006
10, 5, 299, 189, -1.1827523708343506
10, 6, 288, 189, -1.1830540895462036
10, 7, 375, 181, -0.8364816904067993
10, 8, 268, 190, -0.888161838054657
10, 9, 350, 243, -1.0375151634216309
10, 10, 313, 248, -1.0519450902938843
10, 11, 455, 295, -0.5116515755653381
10, 12, 184, 316, -0.635086178779602
10, 13, 504, 453, -0.32198771834373474
10, 14, 124, 477, -0.5183873176574707
10, 15, 537, 622, -0.5289434194564819
10, 16, 128, 647, -0.7674631476402283
10, 17, 557, 669, -0.6060293912887573
10, 18, 121, 696, -0.8513944745063782
10, 19, 536, 672, -0.6773818731307983
10, 20, 145, 691, -0.9459999203681946
10, 21, 522, 656, -0.569358229637146
10, 22, 153, 673, -0.8131445646286011
10, 23, 412, 657, -0.02323749102652073
10, 24, 237, 666, 0.02688216231763363
10, 25, 415, 938, 0.12604767084121704
10, 26, 245, 947, 0.12906068563461304
10, 27, 420, 1190, 0.7558533549308777
10, 28, 259, 1196, 0.6119956374168396
10, 29, 423, 1231, 0.7916402220726013
10, 30, 258, 1238, 0.6453242301940918
10, 31, 402, 1279, 0.30208536982536316
10, 32, 288, 1278, 0.07574651390314102
11, 0, 332, 219, -1.1627702713012695
11, 1, 343, 188, -1.1464118957519531
11, 2, 353, 186, -1.1462209224700928
11, 3, 362, 184, -1.1466702222824097
11, 4, 310, 191, -1.1590845584869385
11, 5, 298, 191, -1.1586426496505737
11, 6, 288, 192, -1.158972144126892
11, 7, 375, 183, -0.816853404045105
11, 8, 268, 192, -0.8605380058288574
11, 9, 349, 244, -1.0178242921829224
11, 10, 312, 250, -1.0300776958465576
11, 11, 456, 296, -0.4979627728462219
11, 12, 186, 314, -0.6147515773773193
11, 13, 504, 453, -0.3366048336029053
11, 14, 124, 473, -0.5036222338676453
11, 15, 533, 623, -0.5425087213516235
11, 16, 128, 642, -0.7649054527282715
11, 17, 552, 669, -0.6130136251449585
11, 18, 121, 691, -0.8477474451065063
11, 19, 531, 672, -0.68353670835495
11, 20, 144, 687, -0.9413691759109497
11, 21, 517, 656, -0.5809192657470703
11, 22, 153, 670, -0.8116927146911621
11, 23, 409, 656, -0.022800592705607414
11, 24, 234, 663, 0.026450341567397118
11, 25, 411, 936, 0.10139449685811996
11, 26, 240, 943, 0.09319338947534561
11, 27, 414, 1189, 0.6899276971817017
11, 28, 250, 1194, 0.5134536027908325
11, 29, 416, 1228, 0.722373366355896
11, 30, 250, 1235, 0.5418729782104492
11, 31, 393, 1278, 0.23753122985363007
11, 32, 276, 1276, -0.016122277826070786
12, 0, 330, 218, -1.1380282640457153
12, 1, 342, 187, -1.1178081035614014
12, 2, 352, 185, -1.1176645755767822
12, 3, 361, 183, -1.1181094646453857
12, 4, 309, 190, -1.1309818029403687
12, 5, 297, 190, -1.1305519342422485
12, 6, 287, 190, -1.1309045553207397
12, 7, 375, 183, -0.7827810645103455
12, 8, 268, 191, -0.8287031054496765
12, 9, 348, 243, -0.9928193092346191
12, 10, 311, 248, -1.0057088136672974
12, 11, 456, 296, -0.4722193777561188
12, 12, 187, 314, -0.5980198383331299
12, 13, 504, 453, -0.32937103509902954
12, 14, 124, 472, -0.5008306503295898
12, 15, 531, 623, -0.5443699359893799
12, 16, 128, 641, -0.75981605052948
12, 17, 550, 670, -0.620448887348175
12, 18, 120, 690, -0.8429295420646667
12, 19, 529, 673, -0.6894239783287048
12, 20, 143, 687, -0.939276397228241
12, 21, 516, 656, -0.5838219523429871
12, 22, 152, 669, -0.8075060844421387
12, 23, 408, 656, -0.02240666002035141
12, 24, 234, 662, 0.026066508144140244
12, 25, 408, 935, 0.0972856804728508
12, 26, 237, 941, 0.07664830982685089
12, 27, 410, 1188, 0.6786100268363953
12, 28, 247, 1192, 0.4900436997413635
12, 29, 412, 1227, 0.7103842496871948
12, 30, 246, 1234, 0.5182061195373535
12, 31, 388, 1278, 0.22470323741436005
12, 32, 272, 1274, -0.03928966447710991
13, 0, 330, 219, -1.1489827632904053
13, 1, 342, 187, -1.1292059421539307
13, 2, 352, 185, -1.1290764808654785
13, 3, 361, 184, -1.1295478343963623
13, 4, 309, 190, -1.1433218717575073
13, 5, 297, 190, -1.142898678779602
13, 6, 287, 191, -1.1432549953460693
13, 7, 375, 183, -0.7882437705993652
13, 8, 268, 192, -0.8380166292190552
13, 9, 347, 244, -1.000677466392517
13, 10, 311, 248, -1.0144978761672974
13, 11, 456, 296, -0.46775907278060913
13, 12, 187, 313, -0.5993548631668091
13, 13, 503, 453, -0.32405227422714233
13, 14, 124, 471, -0.4955398440361023
13, 15, 530, 623, -0.545420229434967
13, 16, 128, 641, -0.7563058137893677
13, 17, 549, 670, -0.6243149042129517
13, 18, 119, 690, -0.8401179313659668
13, 19, 528, 673, -0.6916510462760925
13, 20, 143, 687, -0.9353982210159302
13, 21, 514, 657, -0.5849801301956177
13, 22, 152, 669, -0.8033733367919922
13, 23, 407, 655, -0.022129705175757408
13, 24, 233, 661, 0.02580771967768669
13, 25, 406, 935, 0.0976889580488205
13, 26, 236, 940, 0.07626064121723175
13, 27, 409, 1188, 0.6878184080123901
13, 28, 246, 1192, 0.49844446778297424
13, 29, 411, 1227, 0.720526933670044
13, 30, 246, 1233, 0.5277585983276367
13, 31, 387, 1278, 0.23530736565589905
13, 32, 272, 1273, -0.029915064573287964
14, 0, 330, 221, -1.1961420774459839
14, 1, 342, 189, -1.178924322128296
14, 2, 352, 187, -1.1788175106048584
14, 3, 361, 185, -1.1793253421783447
14, 4, 309, 193, -1.1933664083480835
14, 5, 297, 193, -1.1929739713668823
14, 6, 287, 193, -1.1933343410491943
14, 7, 375, 184, -0.8345158696174622
14, 8, 268, 193, -0.8861849904060364
14, 9, 347, 245, -1.044907808303833
14, 10, 311, 250, -1.059340476989746
14, 11, 456, 296, -0.49601322412490845
14, 12, 188, 313, -0.6296359300613403
14, 13, 503, 453, -0.3281131088733673
14, 14, 125, 471, -0.5157138109207153
14, 15, 529, 623, -0.5466138124465942
14, 16, 127, 641, -0.7751106023788452
14, 17, 548, 670, -0.6265384554862976
14, 18, 119, 690, -0.8594846725463867
14, 19, 527, 673, -0.6924300193786621
14, 20, 142, 687, -0.9559770822525024
14, 21, 513, 657, -0.5864623785018921
14, 22, 151, 669, -0.8219261169433594
14, 23, 406, 654, -0.022085601463913918
14, 24, 233, 660, 0.025702793151140213
14, 25, 406, 934, 0.10122646391391754
14, 26, 236, 938, 0.09275202453136444
14, 27, 409, 1186, 0.699442446231842
14, 28, 246, 1189, 0.5304580330848694
14, 29, 411, 1225, 0.7335123419761658
14, 30, 246, 1230, 0.5616137385368347
14, 31, 387, 1275, 0.2425658255815506
14, 32, 273, 1271, 0.000967589090578258
15, 0, 330, 222, -1.2209491729736328
15, 1, 342, 190, -1.2051873207092285
15, 2, 352, 188, -1.205066442489624
15, 3, 361, 186, -1.2055766582489014
15, 4, 309, 194, -1.2199074029922485
15, 5, 297, 194, -1.2195221185684204
15, 6, 287, 194, -1.2198736667633057
15, 7, 375, 185, -0.8625324964523315
15, 8, 268, 195, -0.9153188467025757
15, 9, 347, 246, -1.0697766542434692
15, 10, 311, 252, -1.0845731496810913
15, 11, 456, 296, -0.518811047077179
15, 12, 188, 313, -0.6533495783805847
15, 13, 502, 453, -0.3300512433052063
15, 14, 125, 470, -0.5356370806694031
15, 15, 529, 622, -0.5433562994003296
15, 16, 127, 640, -0.7895745038986206
15, 17, 548, 670, -0.6207196712493896
15, 18, 119, 689, -0.872691810131073
15, 19, 527, 673, -0.6910730600357056
15, 20, 142, 687, -0.9679335355758667
15, 21, 514, 657, -0.5842902660369873
15, 22, 151, 669, -0.8353172540664673
15, 23, 406, 653, -0.02215646021068096
15, 24, 233, 658, 0.02569470927119255
15, 25, 406, 932, 0.10521422326564789
15, 26, 237, 937, 0.10043759644031525
15, 27, 409, 1184, 0.7141929268836975
15, 28, 248, 1188, 0.5478410124778748
15, 29, 411, 1222, 0.7491503953933716
15, 30, 249, 1227, 0.5801824927330017
15, 31, 387, 1273, 0.2556611895561218
15, 32, 275, 1269, 0.01799323782324791
16, 0, 329, 222, -1.2416208982467651
16, 1, 342, 191, -1.2280287742614746
16, 2, 352, 189, -1.2278711795806885
16, 3, 361, 187, -1.2283618450164795
16, 4, 308, 195, -1.2412288188934326
16, 5, 297, 195, -1.2408673763275146
16, 6, 287, 195, -1.2412079572677612
16, 7, 375, 186, -0.8876287341117859
16, 8, 268, 195, -0.9340991973876953
16, 9, 347, 247, -1.0905612707138062
16, 10, 311, 252, -1.1035168170928955
16, 11, 456, 296, -0.537697970867157
16, 12, 188, 313, -0.6656010150909424
16, 13, 502, 453, -0.3449786901473999
16, 14, 125, 470, -0.5457679033279419
16, 15, 528, 622, -0.5540885925292969
16, 16, 127, 639, -0.7994641065597534
16, 17, 547, 670, -0.6291674375534058
16, 18, 119, 688, -0.8816070556640625
16, 19, 527, 673, -0.7021933794021606
16, 20, 143, 686, -0.9749773144721985
16, 21, 513, 657, -0.5953007340431213
16, 22, 152, 668, -0.8438002467155457
16, 23, 406, 652, -0.022324388846755028
16, 24, 233, 657, 0.02579502761363983
16, 25, 406, 931, 0.10454527288675308
16, 26, 237, 936, 0.09988189488649368
16, 27, 409, 1183, 0.7120449542999268
16, 28, 249, 1187, 0.5477237105369568
16, 29, 411, 1221, 0.7467660307884216
16, 30, 249, 1227, 0.5798561573028564
16, 31, 388, 1272, 0.2558978199958801
16, 32, 275, 1268, 0.017011437565088272
17, 0, 329, 223, -1.2481375932693481
17, 1, 342, 192, -1.2359598875045776
17, 2, 352, 189, -1.2358001470565796
17, 3, 361, 187, -1.2362791299819946
17, 4, 308, 195, -1.2489205598831177
17, 5, 297, 195, -1.248557686805725
17, 6, 287, 195, -1.2488888502120972
17, 7, 375, 186, -0.8977923393249512
17, 8, 269, 195, -0.942962646484375
17, 9, 347, 248, -1.0973238945007324
17, 10, 310, 253, -1.1099300384521484
17, 11, 456, 295, -0.5479218363761902
17, 12, 189, 313, -0.6723625659942627
17, 13, 501, 453, -0.3568401038646698
17, 14, 125, 471, -0.551277756690979
17, 15, 528, 622, -0.5652156472206116
17, 16, 127, 639, -0.8030717968940735
17, 17, 546, 669, -0.6401113271713257
17, 18, 119, 688, -0.884260356426239
17, 19, 527, 673, -0.7136101126670837
17, 20, 143, 685, -0.9777798652648926
17, 21, 513, 656, -0.6064421534538269
17, 22, 152, 667, -0.8474127054214478
17, 23, 406, 651, -0.02261972799897194
17, 24, 233, 656, 0.02602129615843296
17, 25, 406, 930, 0.10459617525339127
17, 26, 238, 936, 0.10221441835165024
17, 27, 410, 1182, 0.7123597860336304
17, 28, 251, 1186, 0.5475896596908569
17, 29, 412, 1220, 0.7470707297325134
17, 30, 251, 1226, 0.5796213746070862
17, 31, 388, 1271, 0.25706738233566284
17, 32, 277, 1268, 0.01880514994263649
18, 0, 329, 224, -1.2287260293960571
18, 1, 342, 192, -1.2145655155181885
18, 2, 352, 190, -1.2144243717193604
18, 3, 361, 188, -1.2149018049240112
18, 4, 308, 196, -1.2281806468963623
18, 5, 297, 196, -1.2278012037277222
18, 6, 287, 196, -1.2281498908996582
18, 7, 375, 186, -0.8731861114501953
18, 8, 269, 196, -0.9212803840637207
18, 9, 347, 248, -1.0773062705993652
18, 10, 310, 254, -1.0907013416290283
18, 11, 456, 295, -0.5290315747261047
18, 12, 189, 312, -0.6569004058837891
18, 13, 501, 453, -0.34406399726867676
18, 14, 125, 471, -0.5422279238700867
18, 15, 528, 622, -0.5535398125648499
18, 16, 128, 639, -0.7960155010223389
18, 17, 547, 669, -0.6295208930969238
18, 18, 120, 688, -0.8780797719955444
18, 19, 527, 672, -0.7049723863601685
18, 20, 143, 685, -0.9716132879257202
18, 21, 513, 656, -0.5961143970489502
18, 22, 152, 667, -0.8406994938850403
18, 23, 406, 651, -0.022577999159693718
18, 24, 233, 656, 0.025972867384552956
18, 25, 407, 930, 0.10455261170864105
18, 26, 239, 935, 0.08905383944511414
18, 27, 410, 1182, 0.7109171748161316
18, 28, 251, 1186, 0.5272166132926941
18, 29, 413, 1220, 0.7451210618019104
18, 30, 252, 1226, 0.5580528974533081
18, 31, 389, 1271, 0.2541347146034241
18, 32, 277, 1268, -0.00784800760447979
19, 0, 329, 224, -1.2993614673614502
19, 1, 342, 192, -1.2853058576583862
19, 2, 352, 190, -1.285175085067749
19, 3, 361, 188, -1.2856324911117554
19, 4, 308, 196, -1.2981083393096924
19, 5, 297, 196, -1.2976572513580322
19, 6, 287, 196, -1.2979848384857178
19, 7, 375, 186, -0.930895209312439
19, 8, 269, 196, -0.9742839932441711
19, 9, 347, 248, -1.1421977281570435
19, 10, 310, 253, -1.1545242071151733
19, 11, 456, 295, -0.56733238697052
19, 12, 189, 312, -0.6886829733848572
19, 13, 500, 454, -0.36917489767074585
19, 14, 126, 470, -0.5573393106460571
19, 15, 528, 622, -0.5839042663574219
19, 16, 128, 639, -0.82316654920578
19, 17, 547, 670, -0.6622179746627808
19, 18, 120, 688, -0.9093840718269348
19, 19, 527, 673, -0.7390282154083252
19, 20, 143, 685, -1.005981683731079
19, 21, 513, 656, -0.6275860071182251
19, 22, 152, 667, -0.8698423504829407
19, 23, 406, 650, -0.02461179532110691
19, 24, 233, 656, 0.028015976771712303
19, 25, 407, 930, 0.1045706495642662
19, 26, 239, 936, 0.10706920921802521
19, 27, 411, 1182, 0.7291079759597778
19, 28, 251, 1186, 0.5709571838378906
19, 29, 413, 1220, 0.7647185325622559
19, 30, 252, 1226, 0.6041668057441711
19, 31, 389, 1271, 0.2549859881401062
19, 32, 278, 1268, 0.0203056912869215
20, 0, 329, 224, -1.3641666173934937
20, 1, 342, 192, -1.3468353748321533
20, 2, 352, 190, -1.3466646671295166
20, 3, 361, 188, -1.3471349477767944
20, 4, 308, 196, -1.361963152885437
20, 5, 297, 196, -1.3615976572036743
20, 6, 287, 196, -1.3619177341461182
20, 7, 375, 186, -0.9761847257614136
20, 8, 269, 196, -1.0311088562011719
20, 9, 347, 248, -1.2010202407836914
20, 10, 310, 254, -1.2165008783340454
20, 11, 456, 295, -0.5840024948120117
20, 12, 189, 312, -0.7294861078262329
20, 13, 500, 453, -0.361899197101593
20, 14, 126, 470, -0.5879570245742798
20, 15, 529, 619, -0.5808593034744263
20, 16, 128, 638, -0.8605826497077942
20, 17, 549, 667, -0.6603527665138245
20, 18, 120, 687, -0.949120819568634
20, 19, 530, 671, -0.7361219525337219
20, 20, 144, 685, -1.047098159790039
20, 21, 516, 654, -0.6245710253715515
20, 22, 152, 667, -0.9071508646011353
20, 23, 406, 650, -0.02453388273715973
20, 24, 233, 655, 0.027941633015871048
20, 25, 407, 929, 0.11442685127258301
20, 26, 239, 935, 0.10624255239963531
20, 27, 411, 1181, 0.7614225745201111
20, 28, 251, 1186, 0.581214427947998
20, 29, 413, 1220, 0.7981361150741577
20, 30, 252, 1226, 0.6149829030036926
20, 31, 389, 1271, 0.27626359462738037
20, 32, 278, 1268, 0.022279497236013412
21, 0, 329, 223, -1.3287603855133057
21, 1, 342, 192, -1.3115359544754028
21, 2, 352, 189, -1.3113588094711304
21, 3, 361, 187, -1.3118083477020264
21, 4, 308, 195, -1.3267474174499512
21, 5, 297, 196, -1.3263708353042603
21, 6, 287, 195, -1.3266881704330444
21, 7, 375, 186, -0.9494492411613464
21, 8, 269, 196, -1.0050872564315796
21, 9, 347, 248, -1.1696488857269287
21, 10, 310, 253, -1.185250163078308
21, 11, 456, 295, -0.5690252184867859
21, 12, 189, 312, -0.7179392576217651
21, 13, 500, 453, -0.3479950428009033
21, 14, 126, 470, -0.5815345048904419
21, 15, 530, 618, -0.5509971380233765
21, 16, 128, 638, -0.8480831384658813
21, 17, 550, 665, -0.6240822672843933
21, 18, 120, 687, -0.9348664283752441
21, 19, 532, 669, -0.7055402994155884
21, 20, 144, 685, -1.031384825706482
21, 21, 517, 652, -0.5962839722633362
21, 22, 153, 667, -0.8940292596817017
21, 23, 406, 649, -0.023728467524051666
21, 24, 233, 655, 0.02707621082663536
21, 25, 407, 929, 0.12129370123147964
21, 26, 239, 934, 0.10564174503087997
21, 27, 411, 1181, 0.7643340826034546
21, 28, 252, 1186, 0.576261579990387
21, 29, 413, 1219, 0.8005949258804321
21, 30, 252, 1226, 0.6095624566078186
21, 31, 389, 1270, 0.2866005301475525
21, 32, 278, 1267, 0.021887512877583504
22, 0, 329, 223, -1.2998507022857666
22, 1, 342, 191, -1.2825710773468018
22, 2, 352, 189, -1.282409429550171
22, 3, 361, 187, -1.2828606367111206
22, 4, 308, 195, -1.2972406148910522
22, 5, 297, 195, -1.2968498468399048
22, 6, 287, 195, -1.2971762418746948
22, 7, 375, 186, -0.9263262748718262
22, 8, 269, 196, -0.9794638752937317
22, 9, 347, 248, -1.1434962749481201
22, 10, 310, 253, -1.1584041118621826
22, 11, 456, 295, -0.5585881471633911
22, 12, 189, 311, -0.7021403312683105
22, 13, 500, 453, -0.34664222598075867
22, 14, 126, 470, -0.5732231736183167
22, 15, 530, 618, -0.5570908784866333
22, 16, 129, 637, -0.839413046836853
22, 17, 550, 665, -0.6329414248466492
22, 18, 122, 687, -0.9255840182304382
22, 19, 532, 669, -0.7130800485610962
22, 20, 145, 684, -1.021051287651062
22, 21, 517, 652, -0.6021280288696289
22, 22, 154, 666, -0.8852335810661316
22, 23, 406, 649, -0.023700935766100883
22, 24, 233, 655, 0.027051309123635292
22, 25, 407, 929, 0.1209116205573082
22, 26, 239, 934, 0.10530541092157364
22, 27, 410, 1181, 0.7612322568893433
22, 28, 252, 1186, 0.5732494592666626
22, 29, 412, 1219, 0.7973142266273499
22, 30, 252, 1226, 0.6063141226768494
22, 31, 389, 1270, 0.2855471670627594
22, 32, 278, 1267, 0.021534569561481476
23, 0, 330, 223, -1.3729429244995117
23, 1, 343, 191, -1.3465797901153564
23, 2, 352, 189, -1.346506118774414
23, 3, 362, 187, -1.346987009048462
23, 4, 310, 194, -1.3636589050292969
23, 5, 298, 194, -1.3633081912994385
23, 6, 288, 194, -1.3636863231658936
23, 7, 375, 185, -0.9522565007209778
23, 8, 269, 194, -1.0156500339508057
23, 9, 347, 247, -1.2025048732757568
23, 10, 311, 253, -1.2207796573638916
23, 11, 457, 296, -0.5626212358474731
23, 12, 189, 311, -0.7121251821517944
23, 13, 500, 456, -0.36328741908073425
23, 14, 126, 470, -0.5746931433677673
23, 15, 529, 621, -0.6412356495857239
23, 16, 129, 637, -0.8720687031745911
23, 17, 549, 669, -0.7316589951515198
23, 18, 123, 687, -0.969548225402832
23, 19, 529, 674, -0.8109825849533081
23, 20, 146, 685, -1.0704587697982788
23, 21, 515, 656, -0.6878913044929504
23, 22, 154, 666, -0.9209809303283691
23, 23, 406, 650, -0.023675046861171722
23, 24, 233, 655, 0.027055811136960983
23, 25, 407, 930, 0.12317691743373871
23, 26, 239, 935, 0.09183622896671295
23, 27, 410, 1184, 0.7859076261520386
23, 28, 249, 1189, 0.5805544257164001
23, 29, 412, 1225, 0.8233725428581238
23, 30, 250, 1231, 0.615351140499115
23, 31, 388, 1273, 0.28986304998397827
23, 32, 276, 1270, 0.014970118179917336
24, 0, 331, 222, -1.376112699508667
24, 1, 343, 189, -1.3489270210266113
24, 2, 353, 187, -1.3488596677780151
24, 3, 362, 186, -1.349336862564087
24, 4, 310, 192, -1.3661164045333862
24, 5, 299, 192, -1.3657629489898682
24, 6, 288, 192, -1.3661446571350098
24, 7, 375, 185, -0.9529286623001099
24, 8, 270, 193, -1.0173168182373047
24, 9, 347, 247, -1.205772876739502
24, 10, 311, 252, -1.2242406606674194
24, 11, 457, 296, -0.5629004240036011
24, 12, 190, 311, -0.7138644456863403
24, 13, 500, 458, -0.36958348751068115
24, 14, 126, 470, -0.5747951865196228
24, 15, 529, 624, -0.653593897819519
24, 16, 129, 637, -0.8775144815444946
24, 17, 548, 672, -0.7443826794624329
24, 18, 123, 687, -0.9761449098587036
24, 19, 529, 677, -0.8226433992385864
24, 20, 147, 685, -1.0772430896759033
24, 21, 515, 658, -0.6999290585517883
24, 22, 154, 666, -0.9268309473991394
24, 23, 406, 651, -0.02365875244140625
24, 24, 233, 656, 0.02706417441368103
24, 25, 407, 932, 0.12456117570400238
24, 26, 238, 936, 0.08626844733953476
24, 27, 409, 1186, 0.7925758957862854
24, 28, 248, 1191, 0.5839909315109253
24, 29, 411, 1228, 0.8302727937698364
24, 30, 248, 1235, 0.6193507313728333
24, 31, 387, 1275, 0.2931247055530548
24, 32, 275, 1272, 0.013145441189408302
25, 0, 332, 212, -1.1936404705047607
25, 1, 344, 179, -1.1579796075820923
25, 2, 353, 177, -1.1579111814498901
25, 3, 363, 175, -1.158348798751831
25, 4, 310, 183, -1.175850510597229
25, 5, 299, 183, -1.1754404306411743
25, 6, 289, 184, -1.1758172512054443
25, 7, 375, 178, -0.788666844367981
25, 8, 270, 188, -0.8553838729858398
25, 9, 349, 238, -1.04045569896698
25, 10, 313, 244, -1.0593910217285156
25, 11, 458, 297, -0.4693739414215088
25, 12, 189, 311, -0.6256805658340454
25, 13, 500, 461, -0.318032830953598
25, 14, 125, 472, -0.5333402156829834
25, 15, 531, 628, -0.5870296955108643
25, 16, 129, 640, -0.8373256921768188
25, 17, 551, 676, -0.6764410138130188
25, 18, 123, 689, -0.9342573285102844
25, 19, 531, 680, -0.7442914843559265
25, 20, 147, 686, -1.0220966339111328
25, 21, 517, 662, -0.6302635073661804
25, 22, 154, 667, -0.88299959897995
25, 23, 408, 655, -0.023108236491680145
25, 24, 233, 662, 0.02660834789276123
25, 25, 408, 938, 0.12253636121749878
25, 26, 238, 944, 0.07993073761463165
25, 27, 410, 1194, 0.7861932516098022
25, 28, 248, 1199, 0.5770801901817322
25, 29, 412, 1237, 0.8239178657531738
25, 30, 248, 1244, 0.6125971078872681
25, 31, 391, 1283, 0.29205602407455444
25, 32, 276, 1280, 0.007884304039180279
26, 0, 333, 201, -1.022294521331787
26, 1, 344, 168, -0.9859591722488403
26, 2, 353, 166, -0.9858209490776062
26, 3, 363, 164, -0.9862653613090515
26, 4, 311, 172, -1.003601312637329
26, 5, 299, 172, -1.0031760931015015
26, 6, 289, 173, -1.0034970045089722
26, 7, 376, 171, -0.6506862640380859
26, 8, 270, 181, -0.7171570062637329
26, 9, 350, 227, -0.8858941793441772
26, 10, 313, 232, -0.9042779803276062
26, 11, 458, 297, -0.39510878920555115
26, 12, 189, 311, -0.5616253018379211
26, 13, 502, 464, -0.2892003655433655
26, 14, 118, 475, -0.5016717910766602
26, 15, 544, 638, -0.527785062789917
26, 16, 118, 651, -0.7504592537879944
26, 17, 567, 684, -0.607528805732727
26, 18, 108, 699, -0.8262211680412292
26, 19, 545, 689, -0.6672946810722351
26, 20, 134, 699, -0.9101120829582214
26, 21, 529, 673, -0.5673168897628784
26, 22, 142, 681, -0.7935284376144409
26, 23, 408, 660, -0.020138245075941086
26, 24, 233, 668, 0.023709243163466454
26, 25, 408, 945, 0.1048327088356018
26, 26, 238, 953, 0.08046817034482956
26, 27, 411, 1203, 0.7155205607414246
26, 28, 248, 1207, 0.536965012550354
26, 29, 413, 1246, 0.7492595911026001
26, 30, 248, 1251, 0.5682883262634277
26, 31, 393, 1290, 0.2707750201225281
26, 32, 277, 1287, 0.00637966999784112
27, 0, 333, 197, -1.024303674697876
27, 1, 344, 164, -0.9876117706298828
27, 2, 354, 162, -0.9874763488769531
27, 3, 363, 161, -0.9879113435745239
27, 4, 312, 168, -1.0050026178359985
27, 5, 300, 169, -1.0045791864395142
27, 6, 289, 169, -1.0048906803131104
27, 7, 376, 169, -0.6486355066299438
27, 8, 270, 179, -0.7141153216362
27, 9, 351, 224, -0.8864022493362427
27, 10, 314, 228, -0.904449462890625
27, 11, 458, 297, -0.3865375220775604
27, 12, 188, 312, -0.5551955699920654
27, 13, 503, 466, -0.2803100049495697
27, 14, 116, 477, -0.49391093850135803
27, 15, 550, 641, -0.5204368829727173
27, 16, 114, 655, -0.7409379482269287
27, 17, 575, 687, -0.6001346707344055
27, 18, 104, 703, -0.8165402412414551
27, 19, 552, 692, -0.6601154804229736
27, 20, 130, 703, -0.9013860821723938
27, 21, 536, 676, -0.5600907206535339
27, 22, 139, 686, -0.7841793298721313
27, 23, 409, 664, -0.01894330605864525
27, 24, 233, 672, 0.022563103586435318
27, 25, 408, 949, 0.10474742949008942
27, 26, 238, 957, 0.09186087548732758
27, 27, 411, 1207, 0.7207804918289185
27, 28, 249, 1211, 0.5439761281013489
27, 29, 414, 1251, 0.7552438378334045
27, 30, 248, 1256, 0.5758532285690308
27, 31, 395, 1294, 0.27671968936920166
27, 32, 278, 1292, 0.029386958107352257
28, 0, 333, 190, -1.0792261362075806
28, 1, 344, 158, -1.0704355239868164
28, 2, 353, 157, -1.070295810699463
28, 3, 363, 156, -1.0708377361297607
28, 4, 311, 161, -1.0890356302261353
28, 5, 299, 161, -1.0886310338974
28, 6, 289, 163, -1.0889629125595093
28, 7, 377, 166, -0.7146583795547485
28, 8, 270, 174, -0.7487497329711914
28, 9, 351, 218, -0.9366852045059204
28, 10, 312, 221, -0.9689775705337524
28, 11, 459, 298, -0.42184558510780334
28, 12, 190, 308, -0.5552712678909302
28, 13, 506, 469, -0.2922142446041107
28, 14, 114, 473, -0.614958643913269
28, 15, 557, 645, -0.5668006539344788
28, 16, 115, 637, -1.1714751720428467
28, 17, 583, 692, -0.6657325029373169
28, 18, 105, 681, -1.3063323497772217
28, 19, 559, 697, -0.7366176247596741
28, 20, 131, 674, -1.3895275592803955
28, 21, 543, 680, -0.6125398278236389
28, 22, 139, 659, -1.2230753898620605
28, 23, 411, 663, -0.03145678713917732
28, 24, 234, 671, 0.035385821014642715
28, 25, 411, 948, 0.14847815036773682
28, 26, 241, 957, 0.2695329487323761
28, 27, 415, 1205, 0.8978370428085327
28, 28, 253, 1210, 0.9349628686904907
28, 29, 418, 1248, 0.9405704736709595
28, 30, 252, 1253, 0.9879924654960632
28, 31, 395, 1292, 0.3772321939468384
28, 32, 282, 1291, 0.35621213912963867
29, 0, 331, 183, -0.8828920125961304
29, 1, 344, 151, -0.84247225522995
29, 2, 353, 151, -0.8425496220588684
29, 3, 363, 150, -0.8425469398498535
29, 4, 311, 154, -0.841522216796875
29, 5, 299, 155, -0.8411619067192078
29, 6, 288, 155, -0.8416054844856262
29, 7, 377, 163, -0.4878832697868347
29, 8, 270, 169, -0.47379398345947266
29, 9, 350, 211, -0.7449653744697571
29, 10, 310, 213, -0.7431475520133972
29, 11, 459, 299, -0.2242388278245926
29, 12, 196, 299, -0.32123130559921265
29, 13, 506, 470, -0.22913150489330292
29, 14, 108, 464, -0.7229483723640442
29, 15, 545, 634, -0.6260058879852295
29, 16, 135, 477, -1.680967926979065
29, 17, 559, 682, -0.7338250875473022
29, 18, 160, 469, -1.8638263940811157
29, 19, 536, 671, -0.7885387539863586
29, 20, 174, 434, -1.864748239517212
29, 21, 522, 655, -0.6656063795089722
29, 22, 178, 433, -1.7048375606536865
29, 23, 411, 659, -0.031192079186439514
29, 24, 232, 659, 0.035094793885946274
29, 25, 408, 937, 0.14298966526985168
29, 26, 236, 934, 0.19924765825271606
29, 27, 409, 1187, 0.8655187487602234
29, 28, 248, 1179, 0.836143970489502
29, 29, 413, 1225, 0.9194412231445312
29, 30, 246, 1215, 0.8948625326156616
29, 31, 389, 1268, 0.35122665762901306
29, 32, 276, 1258, 0.21733757853507996
30, 0, 331, 176, -0.9500967264175415
30, 1, 344, 143, -0.9043794870376587
30, 2, 353, 142, -0.9043967127799988
30, 3, 363, 142, -0.9043902158737183
30, 4, 311, 147, -0.9016660451889038
30, 5, 299, 148, -0.9012860059738159
30, 6, 288, 149, -0.901720404624939
30, 7, 380, 156, -0.5147761106491089
30, 8, 270, 164, -0.492276668548584
30, 9, 351, 205, -0.8002887964248657
30, 10, 310, 207, -0.7946315407752991
30, 11, 459, 299, -0.2271142452955246
30, 12, 199, 297, -0.3123331069946289
30, 13, 508, 474, -0.25312405824661255
30, 14, 101, 461, -0.7854092717170715
30, 15, 526, 620, -0.7618213891983032
30, 16, 143, 426, -1.7940359115600586
30, 17, 532, 661, -0.8808770179748535
30, 18, 183, 409, -1.9884859323501587
30, 19, 510, 641, -0.9230365753173828
30, 20, 194, 372, -1.971883773803711
30, 21, 498, 627, -0.7965055704116821
30, 22, 191, 376, -1.809757947921753
30, 23, 408, 655, -0.03153789043426514
30, 24, 228, 650, 0.03537818044424057
30, 25, 397, 928, 0.11419042199850082
30, 26, 223, 920, 0.17354728281497955
30, 27, 394, 1173, 0.7332965731620789
30, 28, 230, 1161, 0.7279359698295593
30, 29, 398, 1209, 0.7620231509208679
30, 30, 227, 1195, 0.771580159664154
30, 31, 369, 1253, 0.19316397607326508
30, 32, 252, 1241, 0.15530148148536682
31, 0, 332, 173, -0.9413663148880005
31, 1, 344, 139, -0.8910223841667175
31, 2, 354, 139, -0.8910807371139526
31, 3, 364, 138, -0.8911596536636353
31, 4, 312, 143, -0.8925751447677612
31, 5, 300, 144, -0.8922426104545593
31, 6, 290, 146, -0.8926770091056824
31, 7, 381, 152, -0.4918302595615387
31, 8, 271, 160, -0.48638448119163513
31, 9, 351, 203, -0.788772463798523
31, 10, 312, 204, -0.7875503301620483
31, 11, 458, 298, -0.22458016872406006
31, 12, 199, 296, -0.323096364736557
31, 13, 510, 475, -0.23567399382591248
31, 14, 91, 462, -0.8396034240722656
31, 15, 527, 628, -0.7104621529579163
31, 16, 158, 393, -1.7899448871612549
31, 17, 533, 675, -0.8054515719413757
31, 18, 205, 368, -1.9774854183197021
31, 19, 515, 653, -0.8799848556518555
31, 20, 214, 340, -1.945299506187439
31, 21, 502, 639, -0.757256031036377
31, 22, 209, 346, -1.7970184087753296
31, 23, 405, 654, -0.03241658955812454
31, 24, 222, 647, 0.036170490086078644
31, 25, 388, 928, 0.11365707963705063
31, 26, 211, 919, 0.16554324328899384
31, 27, 383, 1173, 0.7380190491676331
31, 28, 218, 1160, 0.7108443379402161
31, 29, 386, 1209, 0.769490122795105
31, 30, 215, 1194, 0.752942681312561
31, 31, 359, 1253, 0.22032257914543152
31, 32, 242, 1243, 0.14288637042045593
32, 0, 333, 166, -0.9713840484619141
32, 1, 345, 133, -0.9223694801330566
32, 2, 355, 132, -0.9223217964172363
32, 3, 365, 132, -0.9224149584770203
32, 4, 313, 136, -0.9226622581481934
32, 5, 301, 138, -0.9223726391792297
32, 6, 291, 140, -0.9227401614189148
32, 7, 383, 146, -0.5277431607246399
32, 8, 272, 153, -0.5166552662849426
32, 9, 352, 196, -0.8210213780403137
32, 10, 314, 196, -0.8183534741401672
32, 11, 459, 298, -0.24373352527618408
32, 12, 201, 294, -0.36341649293899536
32, 13, 515, 476, -0.20738720893859863
32, 14, 83, 461, -0.8954351544380188
32, 15, 549, 643, -0.5816975831985474
32, 16, 165, 379, -1.816518783569336
32, 17, 568, 692, -0.6673659086227417
32, 18, 209, 360, -1.9993832111358643
32, 19, 545, 679, -0.7289808988571167
32, 20, 220, 332, -1.9617130756378174
32, 21, 527, 664, -0.6219655275344849
32, 22, 215, 337, -1.8212372064590454
32, 23, 404, 654, -0.03233318775892258
32, 24, 221, 647, 0.03601331636309624
32, 25, 388, 928, 0.12042438983917236
32, 26, 212, 922, 0.1582835167646408
32, 27, 383, 1174, 0.7743876576423645
32, 28, 219, 1165, 0.7038766741752625
32, 29, 386, 1211, 0.80497807264328
32, 30, 215, 1201, 0.7458439469337463
32, 31, 359, 1256, 0.23802468180656433
32, 32, 241, 1248, 0.13224713504314423
33, 0, 334, 163, -0.8797900080680847
33, 1, 346, 130, -0.8311368227005005
33, 2, 356, 129, -0.83100426197052
33, 3, 366, 129, -0.8311299085617065
33, 4, 314, 134, -0.8290654420852661
33, 5, 303, 136, -0.8288105726242065
33, 6, 292, 137, -0.8291853666305542
33, 7, 384, 142, -0.4643629193305969
33, 8, 273, 150, -0.44342321157455444
33, 9, 352, 193, -0.7429820895195007
33, 10, 314, 194, -0.7368607521057129
33, 11, 460, 298, -0.2222142517566681
33, 12, 204, 288, -0.32463034987449646
33, 13, 516, 476, -0.2011515200138092
33, 14, 72, 460, -0.8424230813980103
33, 15, 551, 649, -0.513961672782898
33, 16, 173, 370, -1.6621487140655518
33, 17, 572, 699, -0.5938073396682739
33, 18, 218, 352, -1.8274080753326416
33, 19, 548, 690, -0.6446508765220642
33, 20, 229, 326, -1.778487205505371
33, 21, 529, 674, -0.5486772060394287
33, 22, 224, 330, -1.659576654434204
33, 23, 402, 651, -0.03143882006406784
33, 24, 218, 642, 0.03508269786834717
33, 25, 384, 929, 0.07161948829889297
33, 26, 208, 922, 0.12243203818798065
33, 27, 374, 1175, 0.665181577205658
33, 28, 209, 1168, 0.602617084980011
33, 29, 377, 1212, 0.6894362568855286
33, 30, 203, 1203, 0.637593686580658
33, 31, 350, 1258, 0.1493377983570099
33, 32, 231, 1250, 0.03413507342338562
34, 0, 334, 158, -0.9062789678573608
34, 1, 347, 126, -0.857401967048645
34, 2, 357, 125, -0.8572335243225098
34, 3, 368, 125, -0.8573284149169922
34, 4, 315, 129, -0.8536788821220398
34, 5, 303, 131, -0.8533245921134949
34, 6, 293, 133, -0.8536818623542786
34, 7, 386, 139, -0.4837718904018402
34, 8, 274, 145, -0.4537801742553711
34, 9, 353, 189, -0.766910195350647
34, 10, 315, 188, -0.7585808038711548
34, 11, 461, 297, -0.2327175885438919
34, 12, 205, 285, -0.3274352252483368
34, 13, 517, 478, -0.20851127803325653
34, 14, 71, 459, -0.8454772233963013
34, 15, 550, 653, -0.5254198908805847
34, 16, 175, 369, -1.6975810527801514
34, 17, 572, 704, -0.6111825704574585
34, 18, 219, 350, -1.8721956014633179
34, 19, 546, 695, -0.662405252456665
34, 20, 229, 322, -1.8182966709136963
34, 21, 527, 679, -0.5605194568634033
34, 22, 224, 327, -1.694767713546753
34, 23, 399, 650, -0.030042022466659546
34, 24, 213, 640, 0.033742327243089676
34, 25, 379, 929, 0.0748625323176384
34, 26, 203, 922, 0.10843749344348907
34, 27, 366, 1176, 0.690214991569519
34, 28, 200, 1169, 0.5939793586730957
34, 29, 369, 1213, 0.7171891927719116
34, 30, 193, 1205, 0.6293617486953735
34, 31, 339, 1258, 0.17353132367134094
34, 32, 220, 1252, 0.01578056626021862
35, 0, 337, 158, -0.8698611259460449
35, 1, 350, 125, -0.8250837326049805
35, 2, 360, 125, -0.8248670697212219
35, 3, 370, 124, -0.8248857259750366
35, 4, 319, 129, -0.819555938243866
35, 5, 307, 131, -0.8191931843757629
35, 6, 296, 133, -0.8195391893386841
35, 7, 388, 138, -0.46995824575424194
35, 8, 278, 146, -0.431344598531723
35, 9, 355, 188, -0.7369817495346069
35, 10, 319, 188, -0.7260462045669556
35, 11, 463, 295, -0.22871020436286926
35, 12, 210, 281, -0.3047632575035095
35, 13, 517, 480, -0.2141694277524948
35, 14, 61, 458, -0.8110187649726868
35, 15, 545, 652, -0.5227102041244507
35, 16, 183, 371, -1.6119648218154907
35, 17, 560, 704, -0.6073192954063416
35, 18, 230, 353, -1.7750771045684814
35, 19, 534, 690, -0.6451220512390137
35, 20, 240, 326, -1.7207629680633545
35, 21, 519, 674, -0.5521353483200073
35, 22, 235, 331, -1.6061391830444336
35, 23, 400, 647, -0.029509475454688072
35, 24, 214, 637, 0.03328479453921318
35, 25, 380, 930, 0.061951447278261185
35, 26, 205, 922, 0.11083371937274933
35, 27, 370, 1177, 0.661737859249115
35, 28, 205, 1170, 0.6024699211120605
35, 29, 373, 1213, 0.6860346794128418
35, 30, 201, 1206, 0.6387676000595093
35, 31, 345, 1259, 0.1321103870868683
35, 32, 227, 1252, 0.03131849318742752
36, 0, 341, 159, -0.8714960217475891
36, 1, 353, 127, -0.824903666973114
36, 2, 364, 126, -0.8247001767158508
36, 3, 374, 126, -0.8247068524360657
36, 4, 324, 130, -0.8220243453979492
36, 5, 312, 131, -0.8217681646347046
36, 6, 301, 133, -0.8221648931503296
36, 7, 391, 138, -0.4612802565097809
36, 8, 282, 147, -0.43715700507164
36, 9, 358, 189, -0.7354030609130859
36, 10, 322, 189, -0.7286449670791626
36, 11, 464, 294, -0.20814912021160126
36, 12, 214, 275, -0.31231969594955444
36, 13, 518, 481, -0.17209115624427795
36, 14, 58, 454, -0.8235943913459778
36, 15, 544, 651, -0.47361811995506287
36, 16, 187, 365, -1.637256383895874
36, 17, 559, 702, -0.5552063584327698
36, 18, 236, 350, -1.8024699687957764
36, 19, 534, 689, -0.6000891327857971
36, 20, 246, 324, -1.742804765701294
36, 21, 518, 673, -0.5049611330032349
36, 22, 241, 327, -1.6292625665664673
36, 23, 402, 642, -0.021812966093420982
36, 24, 215, 633, 0.025397127494215965
36, 25, 381, 928, 0.06654509156942368
36, 26, 208, 921, 0.0982794314622879
36, 27, 372, 1178, 0.6569892168045044
36, 28, 206, 1171, 0.5718586444854736
36, 29, 375, 1214, 0.6803971529006958
36, 30, 202, 1207, 0.6061373949050903
36, 31, 347, 1260, 0.13423651456832886
36, 32, 228, 1253, -0.00490294536575675
37, 0, 343, 157, -0.8714507818222046
37, 1, 355, 124, -0.8186756372451782
37, 2, 366, 123, -0.8184978365898132
37, 3, 376, 123, -0.8185597658157349
37, 4, 325, 128, -0.8174355626106262
37, 5, 314, 129, -0.8171865344047546
37, 6, 303, 130, -0.8175846338272095
37, 7, 393, 136, -0.4427972435951233
37, 8, 284, 146, -0.4255949854850769
37, 9, 360, 186, -0.7332996129989624
37, 10, 323, 186, -0.7284950613975525
37, 11, 465, 294, -0.19712629914283752
37, 12, 216, 273, -0.32250046730041504
37, 13, 519, 481, -0.16944053769111633
37, 14, 60, 444, -0.8633297681808472
37, 15, 545, 650, -0.46928900480270386
37, 16, 188, 372, -1.7067327499389648
37, 17, 560, 700, -0.5514828562736511
37, 18, 236, 365, -1.8775354623794556
37, 19, 535, 689, -0.5962023138999939
37, 20, 247, 334, -1.820199728012085
37, 21, 519, 673, -0.5012134313583374
37, 22, 244, 335, -1.700984001159668
37, 23, 406, 642, -0.019485536962747574
37, 24, 219, 635, 0.02304050512611866
37, 25, 388, 928, 0.07031676918268204
37, 26, 216, 921, 0.08776473253965378
37, 27, 382, 1181, 0.6733193397521973
37, 28, 222, 1172, 0.5554118156433105
37, 29, 386, 1217, 0.6989065408706665
37, 30, 217, 1207, 0.5894052982330322
37, 31, 360, 1262, 0.15442140400409698
37, 32, 249, 1256, -0.02432248368859291
38, 0, 344, 155, -0.7803043127059937
38, 1, 356, 124, -0.728874683380127
38, 2, 367, 123, -0.7288157939910889
38, 3, 377, 123, -0.7288001775741577
38, 4, 327, 127, -0.7257647514343262
38, 5, 315, 128, -0.725609302520752
38, 6, 305, 130, -0.7262259125709534
38, 7, 393, 136, -0.3599127233028412
38, 8, 286, 145, -0.3357273042201996
38, 9, 361, 185, -0.6437099575996399
38, 10, 324, 185, -0.6370288133621216
38, 11, 466, 293, -0.11184169352054596
38, 12, 218, 270, -0.2486272156238556
38, 13, 519, 481, -0.1473153978586197
38, 14, 63, 433, -0.8234847784042358
38, 15, 531, 630, -0.481883704662323
38, 16, 184, 380, -1.6527559757232666
38, 17, 536, 678, -0.5529050827026367
38, 18, 227, 378, -1.8195918798446655
38, 19, 514, 660, -0.6215026378631592
38, 20, 239, 344, -1.7788324356079102
38, 21, 503, 646, -0.5214546918869019
38, 22, 236, 345, -1.6525824069976807
38, 23, 411, 639, -0.008294832892715931
38, 24, 225, 631, 0.011660209856927395
38, 25, 395, 924, 0.053145188838243484
38, 26, 224, 914, 0.03455287963151932
38, 27, 389, 1177, 0.5746431350708008
38, 28, 229, 1166, 0.42967286705970764
38, 29, 392, 1213, 0.5913188457489014
38, 30, 222, 1200, 0.4560226500034332
38, 31, 366, 1257, 0.055220603942871094
38, 32, 257, 1249, -0.137549489736557
39, 0, 346, 157, -0.7836570739746094
39, 1, 358, 125, -0.7312322854995728
39, 2, 368, 124, -0.7311583757400513
39, 3, 379, 124, -0.7311474084854126
39, 4, 329, 127, -0.7322224378585815
39, 5, 317, 128, -0.7320992946624756
39, 6, 307, 129, -0.7327732443809509
39, 7, 395, 137, -0.3528314232826233
39, 8, 287, 145, -0.3488732576370239
39, 9, 362, 186, -0.6420630216598511
39, 10, 325, 185, -0.6411702036857605
39, 11, 466, 293, -0.08431448042392731
39, 12, 219, 266, -0.26404494047164917
39, 13, 518, 480, -0.09166227281093597
39, 14, 65, 423, -0.8187156915664673
39, 15, 523, 626, -0.4665806293487549
39, 16, 182, 382, -1.6438868045806885
39, 17, 527, 674, -0.5515074133872986
39, 18, 224, 384, -1.8111343383789062
39, 19, 507, 657, -0.601449191570282
39, 20, 238, 350, -1.7800531387329102
39, 21, 496, 642, -0.500367283821106
39, 22, 234, 350, -1.6460157632827759
39, 23, 411, 633, 0.011445121839642525
39, 24, 226, 623, -0.008274968713521957
39, 25, 395, 915, 0.05869390442967415
39, 26, 224, 902, 0.014786805026233196
39, 27, 387, 1167, 0.587918221950531
39, 28, 227, 1154, 0.41827917098999023
39, 29, 390, 1203, 0.6054919958114624
39, 30, 219, 1189, 0.4439031183719635
39, 31, 365, 1246, 0.06819303333759308
39, 32, 254, 1237, -0.15616925060749054
40, 0, 345, 157, -0.7302966117858887
40, 1, 358, 125, -0.6854919195175171
40, 2, 368, 124, -0.6853939890861511
40, 3, 379, 124, -0.6853310465812683
40, 4, 329, 128, -0.6801103353500366
40, 5, 317, 129, -0.6799502372741699
40, 6, 307, 130, -0.6805833578109741
40, 7, 395, 137, -0.3354528844356537
40, 8, 288, 145, -0.30218735337257385
40, 9, 362, 186, -0.5983471274375916
40, 10, 325, 186, -0.5890965461730957
40, 11, 467, 294, -0.07570569217205048
40, 12, 219, 265, -0.22197584807872772
40, 13, 519, 480, -0.10933518409729004
40, 14, 65, 412, -0.7274578213691711
40, 15, 517, 611, -0.47757959365844727
40, 16, 180, 385, -1.6427202224731445
40, 17, 517, 656, -0.5565521121025085
40, 18, 222, 387, -1.7940943241119385
40, 19, 496, 637, -0.6172209978103638
40, 20, 235, 356, -1.7699720859527588
40, 21, 488, 622, -0.5151312947273254
40, 22, 232, 356, -1.6399495601654053
40, 23, 412, 631, 0.012987809255719185
40, 24, 228, 621, -0.0098043754696846
40, 25, 396, 911, 0.0588226392865181
40, 26, 226, 898, 0.026385629549622536
40, 27, 389, 1164, 0.5529347062110901
40, 28, 229, 1150, 0.42968830466270447
40, 29, 392, 1199, 0.5682728886604309
40, 30, 221, 1184, 0.45548802614212036
40, 31, 366, 1243, 0.038368914276361465
40, 32, 255, 1232, -0.13130611181259155
41, 0, 347, 157, -0.7830740809440613
41, 1, 359, 125, -0.7306278944015503
41, 2, 368, 124, -0.7305418252944946
41, 3, 379, 124, -0.730446457862854
41, 4, 330, 128, -0.7303008437156677
41, 5, 318, 129, -0.7301342487335205
41, 6, 308, 130, -0.7307616472244263
41, 7, 394, 137, -0.34457606077194214
41, 8, 288, 146, -0.33755797147750854
41, 9, 363, 186, -0.6421607136726379
41, 10, 326, 186, -0.639279842376709
41, 11, 467, 294, -0.07348982989788055
41, 12, 219, 266, -0.2551926076412201
41, 13, 518, 480, -0.08751992881298065
41, 14, 64, 414, -0.7962607145309448
41, 15, 519, 611, -0.47360172867774963
41, 16, 179, 380, -1.7132492065429688
41, 17, 521, 656, -0.5592712759971619
41, 18, 221, 391, -1.8881038427352905
41, 19, 501, 638, -0.6080994009971619
41, 20, 234, 360, -1.8502098321914673
41, 21, 492, 624, -0.5073420405387878
41, 22, 231, 359, -1.7126789093017578
41, 23, 415, 631, 0.01352197490632534
41, 24, 229, 622, -0.010280999355018139
41, 25, 400, 910, 0.06092020869255066
41, 26, 227, 900, 0.03219364210963249
41, 27, 391, 1163, 0.5875328183174133
41, 28, 230, 1151, 0.4576670527458191
41, 29, 394, 1198, 0.6074164509773254
41, 30, 222, 1185, 0.4867558479309082
41, 31, 368, 1243, 0.06625591218471527
41, 32, 257, 1234, -0.10249672830104828
42, 0, 347, 157, -0.7905144095420837
42, 1, 359, 125, -0.7364019155502319
42, 2, 368, 125, -0.7363048791885376
42, 3, 379, 124, -0.736182451248169
42, 4, 330, 128, -0.7378180027008057
42, 5, 318, 129, -0.7376684546470642
42, 6, 308, 131, -0.7383520007133484
42, 7, 394, 138, -0.34477153420448303
42, 8, 289, 146, -0.3432321548461914
42, 9, 363, 185, -0.6456969380378723
42, 10, 327, 186, -0.6453758478164673
42, 11, 467, 294, -0.06480835378170013
42, 12, 218, 266, -0.2629137337207794
42, 13, 512, 480, -0.04223543778061867
42, 14, 65, 418, -0.7949544191360474
42, 15, 520, 612, -0.42829638719558716
42, 16, 178, 380, -1.715431571006775
42, 17, 525, 659, -0.5150286555290222
42, 18, 221, 392, -1.895088791847229
42, 19, 504, 642, -0.5723550915718079
42, 20, 233, 360, -1.8711233139038086
42, 21, 493, 627, -0.46578747034072876
42, 22, 231, 359, -1.7214759588241577
42, 23, 414, 627, 0.018655912950634956
42, 24, 229, 619, -0.01546074915677309
42, 25, 400, 904, 0.08140579611063004
42, 26, 228, 895, 0.03539692983031273
42, 27, 393, 1156, 0.59953373670578
42, 28, 232, 1147, 0.4729132652282715
42, 29, 395, 1192, 0.6228787302970886
42, 30, 224, 1181, 0.5023631453514099
42, 31, 370, 1238, 0.08178693801164627
42, 32, 260, 1229, -0.10675893723964691
43, 0, 348, 158, -0.7384997010231018
43, 1, 360, 126, -0.686008095741272
43, 2, 369, 125, -0.6859786510467529
43, 3, 379, 125, -0.6858619451522827
43, 4, 330, 129, -0.6880714893341064
43, 5, 319, 130, -0.6879581212997437
43, 6, 309, 131, -0.6886860728263855
43, 7, 394, 138, -0.3039107918739319
43, 8, 289, 146, -0.3014276623725891
43, 9, 364, 186, -0.5957037806510925
43, 10, 327, 187, -0.5960537195205688
43, 11, 466, 294, -0.04092695564031601
43, 12, 218, 266, -0.22669842839241028
43, 13, 511, 478, -0.042069170624017715
43, 14, 66, 419, -0.7546244859695435
43, 15, 513, 608, -0.4263717234134674
43, 16, 177, 381, -1.687374472618103
43, 17, 512, 655, -0.5126755237579346
43, 18, 220, 390, -1.8569713830947876
43, 19, 494, 636, -0.5560362935066223
43, 20, 232, 360, -1.8343178033828735
43, 21, 486, 622, -0.45760101079940796
43, 22, 230, 359, -1.695735216140747
43, 23, 416, 627, 0.017257699742913246
43, 24, 230, 620, -0.014067290350794792
43, 25, 405, 904, 0.08004507422447205
43, 26, 233, 897, 0.050624143332242966
43, 27, 399, 1156, 0.597594141960144
43, 28, 238, 1148, 0.48935002088546753
43, 29, 401, 1192, 0.6173473596572876
43, 30, 231, 1182, 0.5202995538711548
43, 31, 378, 1238, 0.07438718527555466
43, 32, 267, 1231, -0.08188320696353912
44, 0, 348, 158, -0.7550776600837708
44, 1, 360, 126, -0.702598512172699
44, 2, 369, 125, -0.702530026435852
44, 3, 379, 125, -0.7024636268615723
44, 4, 330, 129, -0.7035844922065735
44, 5, 319, 130, -0.7034514546394348
44, 6, 309, 132, -0.7041367292404175
44, 7, 394, 138, -0.3257001042366028
44, 8, 289, 146, -0.3180677592754364
44, 9, 364, 185, -0.6148468255996704
44, 10, 327, 186, -0.6135913729667664
44, 11, 466, 294, -0.07081766426563263
44, 12, 218, 266, -0.2406868189573288
44, 13, 511, 478, -0.06543277949094772
44, 14, 64, 421, -0.7568191289901733
44, 15, 513, 612, -0.42485252022743225
44, 16, 180, 376, -1.675569772720337
44, 17, 515, 661, -0.5097311735153198
44, 18, 223, 386, -1.8431787490844727
44, 19, 495, 642, -0.5510848760604858
44, 20, 236, 354, -1.802638053894043
44, 21, 487, 626, -0.45510801672935486
44, 22, 233, 352, -1.6731996536254883
44, 23, 416, 627, 0.015971915796399117
44, 24, 230, 621, -0.012728570029139519
44, 25, 405, 905, 0.0807025358080864
44, 26, 233, 898, 0.05662883073091507
44, 27, 399, 1158, 0.603640079498291
44, 28, 238, 1149, 0.5017753839492798
44, 29, 401, 1193, 0.6236574053764343
44, 30, 231, 1184, 0.5347002744674683
44, 31, 378, 1240, 0.07813810557126999
44, 32, 267, 1232, -0.07131341844797134
45, 0, 348, 157, -0.7679427862167358
45, 1, 360, 126, -0.7154548168182373
45, 2, 369, 125, -0.7153652906417847
45, 3, 379, 125, -0.7153178453445435
45, 4, 330, 129, -0.7160496711730957
45, 5, 319, 130, -0.7158948183059692
45, 6, 309, 132, -0.7165566086769104
45, 7, 394, 138, -0.33935636281967163
45, 8, 290, 146, -0.3301698565483093
45, 9, 364, 185, -0.6281386613845825
45, 10, 327, 185, -0.6263416409492493
45, 11, 466, 294, -0.08489373326301575
45, 12, 218, 266, -0.2498791664838791
45, 13, 511, 478, -0.07730443775653839
45, 14, 64, 422, -0.7634106874465942
45, 15, 514, 618, -0.4318617880344391
45, 16, 181, 375, -1.6596193313598633
45, 17, 517, 669, -0.5177736878395081
45, 18, 223, 384, -1.827394723892212
45, 19, 498, 651, -0.5612726807594299
45, 20, 238, 351, -1.7916624546051025
45, 21, 488, 634, -0.46309894323349
45, 22, 234, 350, -1.6601159572601318
45, 23, 416, 628, 0.014987175352871418
45, 24, 230, 621, -0.011722272261977196
45, 25, 405, 906, 0.08496429026126862
45, 26, 232, 899, 0.05901259183883667
45, 27, 399, 1159, 0.6304511427879333
45, 28, 238, 1150, 0.5095205307006836
45, 29, 401, 1194, 0.6518063545227051
45, 30, 231, 1185, 0.5432442426681519
45, 31, 378, 1241, 0.10511517524719238
45, 32, 266, 1233, -0.06539501994848251
46, 0, 347, 157, -0.8123331069946289
46, 1, 360, 125, -0.7533827424049377
46, 2, 368, 125, -0.7533794641494751
46, 3, 379, 124, -0.7532297372817993
46, 4, 330, 128, -0.754355788230896
46, 5, 319, 130, -0.7540813684463501
46, 6, 309, 131, -0.7548233270645142
46, 7, 394, 138, -0.3465471565723419
46, 8, 289, 145, -0.3363727927207947
46, 9, 364, 184, -0.6586180925369263
46, 10, 326, 185, -0.6579100489616394
46, 11, 465, 294, -0.08796975016593933
46, 12, 217, 266, -0.2430659830570221
46, 13, 510, 478, -0.09232047200202942
46, 14, 63, 424, -0.7610490322113037
46, 15, 501, 582, -0.5315230488777161
46, 16, 179, 373, -1.6789140701293945
46, 17, 495, 620, -0.6318861246109009
46, 18, 223, 381, -1.8579267263412476
46, 19, 481, 595, -0.657060980796814
46, 20, 237, 351, -1.8246148824691772
46, 21, 475, 583, -0.5556997060775757
46, 22, 234, 350, -1.6819576025009155
46, 23, 416, 624, 0.014523342251777649
46, 24, 228, 618, -0.011333544738590717
46, 25, 405, 900, 0.09402979910373688
46, 26, 232, 894, 0.09008465707302094
46, 27, 399, 1151, 0.6452487111091614
46, 28, 237, 1143, 0.5855379700660706
46, 29, 402, 1185, 0.6654216051101685
46, 30, 230, 1177, 0.6214555501937866
46, 31, 378, 1233, 0.10484854876995087
46, 32, 266, 1226, -0.00819370336830616
47, 0, 347, 157, -0.8173011541366577
47, 1, 360, 125, -0.7598612308502197
47, 2, 368, 125, -0.7598254680633545
47, 3, 378, 124, -0.7597025632858276
47, 4, 330, 128, -0.7615543007850647
47, 5, 319, 130, -0.7612656354904175
47, 6, 309, 131, -0.7619926333427429
47, 7, 393, 138, -0.3507993519306183
47, 8, 289, 145, -0.33674031496047974
47, 9, 364, 184, -0.6625424027442932
47, 10, 326, 185, -0.6626861691474915
47, 11, 465, 293, -0.0925009474158287
47, 12, 217, 266, -0.2464284598827362
47, 13, 509, 478, -0.07447400689125061
47, 14, 60, 426, -0.7817040681838989
47, 15, 503, 601, -0.4386986792087555
47, 16, 180, 372, -1.6895898580551147
47, 17, 501, 648, -0.5260404348373413
47, 18, 222, 380, -1.8676693439483643
47, 19, 484, 626, -0.5626591444015503
47, 20, 238, 350, -1.833791732788086
47, 21, 477, 611, -0.4661039710044861
47, 22, 234, 349, -1.6917107105255127
47, 23, 416, 625, 0.013934661634266376
47, 24, 227, 619, -0.010722262784838676
47, 25, 405, 901, 0.11202777922153473
47, 26, 232, 895, 0.09980852156877518
47, 27, 399, 1151, 0.6991546154022217
47, 28, 237, 1144, 0.6003803014755249
47, 29, 402, 1186, 0.7229489088058472
47, 30, 230, 1178, 0.6374765634536743
47, 31, 377, 1235, 0.16032351553440094
47, 32, 265, 1228, 0.012400126084685326
48, 0, 347, 157, -0.8480185270309448
48, 1, 360, 125, -0.7910547852516174
48, 2, 368, 125, -0.790967583656311
48, 3, 378, 124, -0.7908138036727905
48, 4, 330, 128, -0.7940984964370728
48, 5, 319, 130, -0.7938287854194641
48, 6, 309, 131, -0.7945153117179871
48, 7, 393, 138, -0.3748587965965271
48, 8, 289, 145, -0.37521129846572876
48, 9, 364, 184, -0.6925379037857056
48, 10, 326, 185, -0.6945872902870178
48, 11, 464, 293, -0.09985850751399994
48, 12, 213, 267, -0.2689886689186096
48, 13, 508, 477, -0.08766655623912811
48, 14, 60, 429, -0.7992634773254395
48, 15, 504, 604, -0.49051111936569214
48, 16, 179, 373, -1.7102330923080444
48, 17, 502, 651, -0.5871937274932861
48, 18, 221, 380, -1.8903532028198242
48, 19, 485, 631, -0.6222188472747803
48, 20, 237, 351, -1.8616511821746826
48, 21, 477, 615, -0.5188333988189697
48, 22, 234, 350, -1.714676856994629
48, 23, 416, 625, 0.013438472524285316
48, 24, 227, 619, -0.010194757953286171
48, 25, 406, 902, 0.13561499118804932
48, 26, 232, 896, 0.11330727487802505
48, 27, 401, 1152, 0.7412185072898865
48, 28, 238, 1145, 0.6379643678665161
48, 29, 403, 1187, 0.7666832208633423
48, 30, 231, 1179, 0.6769335865974426
48, 31, 379, 1235, 0.2006058394908905
48, 32, 266, 1229, 0.048406071960926056
49, 0, 347, 157, -0.8349312543869019
49, 1, 360, 126, -0.7719442844390869
49, 2, 368, 125, -0.771870493888855
49, 3, 378, 125, -0.7716098427772522
49, 4, 330, 128, -0.7824493646621704
49, 5, 319, 130, -0.7822383642196655
49, 6, 309, 131, -0.7829801440238953
49, 7, 393, 138, -0.35371503233909607
49, 8, 289, 145, -0.3751331865787506
49, 9, 364, 184, -0.6772263646125793
49, 10, 326, 185, -0.6882931590080261
49, 11, 464, 294, -0.0730263739824295
49, 12, 211, 269, -0.2953921854496002
49, 13, 506, 476, -0.0356607548892498
49, 14, 63, 430, -0.8126553297042847
49, 15, 500, 616, -0.407650887966156
49, 16, 186, 384, -1.694909691810608
49, 17, 500, 667, -0.49395760893821716
49, 18, 224, 396, -1.871940016746521
49, 19, 483, 652, -0.5416415929794312
49, 20, 241, 368, -1.8422845602035522
49, 21, 475, 634, -0.44133710861206055
49, 22, 237, 365, -1.6987972259521484
49, 23, 417, 625, 0.018721934407949448
49, 24, 228, 619, -0.015541335567831993
49, 25, 409, 902, 0.12851503491401672
49, 26, 237, 896, 0.0937175303697586
49, 27, 405, 1152, 0.7203993797302246
49, 28, 245, 1146, 0.6297364830970764
49, 29, 408, 1187, 0.7443455457687378
49, 30, 239, 1180, 0.6639545559883118
49, 31, 385, 1235, 0.1852511316537857
49, 32, 275, 1229, 0.03946889564394951
50, 0, 347, 156, -0.8341760635375977
50, 1, 360, 125, -0.7741012573242188
50, 2, 368, 125, -0.774007260799408
50, 3, 378, 124, -0.7737827897071838
50, 4, 330, 128, -0.7824734449386597
50, 5, 318, 129, -0.7822532057762146
50, 6, 308, 131, -0.7829615473747253
50, 7, 392, 138, -0.3754294216632843
50, 8, 289, 145, -0.3940964639186859
50, 9, 364, 184, -0.6826463937759399
50, 10, 326, 185, -0.6908937692642212
50, 11, 464, 294, -0.10602706670761108
50, 12, 209, 271, -0.32229048013687134
50, 13, 505, 475, -0.057235609740018845
50, 14, 70, 431, -0.8242353200912476
50, 15, 505, 628, -0.43944424390792847
50, 16, 185, 406, -1.69978928565979
50, 17, 511, 682, -0.5330666303634644
50, 18, 221, 416, -1.87723708152771
50, 19, 491, 669, -0.5932440161705017
50, 20, 240, 392, -1.8522672653198242
50, 21, 481, 650, -0.47955864667892456
50, 22, 237, 388, -1.705453872680664
50, 23, 418, 628, 0.01812935248017311
50, 24, 229, 621, -0.014927705749869347
50, 25, 410, 903, 0.16005070507526398
50, 26, 237, 897, 0.10865213721990585
50, 27, 407, 1152, 0.8020162582397461
50, 28, 245, 1146, 0.6472753286361694
50, 29, 410, 1187, 0.8329063653945923
50, 30, 239, 1180, 0.6870039701461792
50, 31, 386, 1235, 0.295677125453949
50, 32, 274, 1229, 0.08322765678167343
51, 0, 346, 154, -0.9385297894477844
51, 1, 360, 124, -0.8834415674209595
51, 2, 368, 124, -0.8832448720932007
51, 3, 378, 123, -0.8831327557563782
51, 4, 329, 126, -0.8834491968154907
51, 5, 317, 127, -0.8828612565994263
51, 6, 307, 129, -0.8831562995910645
51, 7, 392, 138, -0.506321370601654
51, 8, 289, 144, -0.49415746331214905
51, 9, 364, 181, -0.7978612780570984
51, 10, 325, 183, -0.795230507850647
51, 11, 466, 297, -0.23595678806304932
51, 12, 207, 279, -0.3628353476524353
51, 13, 506, 475, -0.16840597987174988
51, 14, 81, 436, -0.7553274631500244
51, 15, 537, 635, -0.5318485498428345
51, 16, 158, 478, -1.6172538995742798
51, 17, 555, 685, -0.636343777179718
51, 18, 188, 483, -1.7879714965820312
51, 19, 532, 678, -0.6931507587432861
51, 20, 207, 453, -1.7982118129730225
51, 21, 518, 660, -0.5741401314735413
51, 22, 205, 446, -1.6434028148651123
51, 23, 418, 650, -0.012911105528473854
51, 24, 229, 648, 0.01775144413113594
51, 25, 410, 933, 0.15858206152915955
51, 26, 231, 938, 0.31294938921928406
51, 27, 409, 1192, 0.8388174772262573
51, 28, 243, 1192, 1.0264253616333008
51, 29, 412, 1236, 0.8763543367385864
51, 30, 239, 1234, 1.0848729610443115
51, 31, 388, 1276, 0.30034035444259644
51, 32, 273, 1276, 0.44952312111854553
52, 0, 347, 153, -0.7269286513328552
52, 1, 360, 123, -0.6752737760543823
52, 2, 368, 123, -0.6750036478042603
52, 3, 378, 123, -0.6753937005996704
52, 4, 329, 125, -0.6862888932228088
52, 5, 317, 126, -0.6858629584312439
52, 6, 307, 128, -0.686134934425354
52, 7, 392, 137, -0.38349634408950806
52, 8, 288, 144, -0.43539756536483765
52, 9, 364, 181, -0.6186432838439941
52, 10, 326, 182, -0.629776120185852
52, 11, 466, 297, -0.2000918686389923
52, 12, 205, 284, -0.3446769118309021
52, 13, 505, 474, -0.16766871511936188
52, 14, 94, 438, -0.339878112077713
52, 15, 550, 656, -0.3392513692378998
52, 16, 42, 576, -0.6395870447158813
52, 17, 576, 705, -0.40204286575317383
52, 18, 10, 611, -0.7155117988586426
52, 19, 551, 710, -0.472942054271698
52, 20, 35, 616, -0.8029614686965942
52, 21, 536, 690, -0.38441547751426697
52, 22, 52, 604, -0.6913673877716064
52, 23, 415, 659, -0.010600247420370579
52, 24, 229, 658, 0.01513691060245037
52, 25, 406, 948, 0.07328353077173233
52, 26, 231, 951, 0.09448109567165375
52, 27, 409, 1210, 0.6735533475875854
52, 28, 243, 1208, 0.47623348236083984
52, 29, 411, 1255, 0.7071486711502075
52, 30, 238, 1250, 0.4982771873474121
52, 31, 387, 1288, 0.2750469446182251
52, 32, 273, 1287, -0.02782461605966091
53, 0, 347, 152, -0.7178553342819214
53, 1, 360, 123, -0.6661509275436401
53, 2, 368, 123, -0.6659504175186157
53, 3, 378, 123, -0.6663187742233276
53, 4, 329, 125, -0.6775311231613159
53, 5, 317, 126, -0.6771085858345032
53, 6, 307, 127, -0.6774265170097351
53, 7, 392, 137, -0.3682493567466736
53, 8, 288, 144, -0.4325995445251465
53, 9, 364, 180, -0.6067782640457153
53, 10, 326, 182, -0.618454098701477
53, 11, 466, 299, -0.200158029794693
53, 12, 203, 290, -0.34579163789749146
53, 13, 505, 473, -0.15041044354438782
53, 14, 98, 448, -0.33206623792648315
53, 15, 560, 667, -0.340831995010376
53, 16, 54, 619, -0.5963571071624756
53, 17, 589, 715, -0.4069334864616394
53, 18, 29, 663, -0.6694744825363159
53, 19, 565, 723, -0.4764653742313385
53, 20, 57, 670, -0.7519396543502808
53, 21, 548, 705, -0.38539865612983704
53, 22, 70, 655, -0.6435917615890503
53, 23, 414, 666, -0.011946079321205616
53, 24, 230, 665, 0.016270656138658524
53, 25, 404, 959, 0.04097336158156395
53, 26, 231, 962, 0.055894263088703156
53, 27, 409, 1223, 0.6277072429656982
53, 28, 243, 1220, 0.4330006241798401
53, 29, 411, 1268, 0.6593724489212036
53, 30, 238, 1263, 0.45665842294692993
53, 31, 387, 1302, 0.24682703614234924
53, 32, 273, 1299, -0.0767778605222702
54, 0, 348, 152, -0.7252250909805298
54, 1, 360, 122, -0.6747438311576843
54, 2, 368, 122, -0.6746127605438232
54, 3, 378, 122, -0.6749756932258606
54, 4, 329, 124, -0.6880272626876831
54, 5, 317, 125, -0.687652051448822
54, 6, 307, 127, -0.6880133152008057
54, 7, 392, 137, -0.3694245219230652
54, 8, 288, 144, -0.42878538370132446
54, 9, 364, 180, -0.6116616129875183
54, 10, 326, 182, -0.6249151229858398
54, 11, 466, 299, -0.2154509723186493
54, 12, 200, 297, -0.3520532548427582
54, 13, 502, 472, -0.15193605422973633
54, 14, 101, 461, -0.3329481780529022
54, 15, 555, 662, -0.3699696660041809
54, 16, 71, 637, -0.5766900777816772
54, 17, 582, 709, -0.44278010725975037
54, 18, 53, 682, -0.6441049575805664
54, 19, 559, 715, -0.5062049627304077
54, 20, 79, 685, -0.7253352403640747
54, 21, 543, 697, -0.4116971492767334
54, 22, 90, 669, -0.6214030981063843
54, 23, 414, 668, -0.015827348455786705
54, 24, 233, 670, 0.019887931644916534
54, 25, 405, 963, 0.02837660349905491
54, 26, 233, 969, 0.05769936367869377
54, 27, 410, 1230, 0.6172383427619934
54, 28, 244, 1230, 0.4493125081062317
54, 29, 412, 1273, 0.6493128538131714
54, 30, 240, 1272, 0.47526997327804565
54, 31, 391, 1311, 0.23292894661426544
54, 32, 274, 1310, -0.06357140094041824
55, 0, 347, 152, -0.7407053709030151
55, 1, 360, 122, -0.6889207363128662
55, 2, 368, 122, -0.6888132691383362
55, 3, 378, 122, -0.6890916228294373
55, 4, 328, 124, -0.7021676301956177
55, 5, 316, 125, -0.7017865777015686
55, 6, 305, 126, -0.7021857500076294
55, 7, 392, 138, -0.37057915329933167
55, 8, 287, 144, -0.43686971068382263
55, 9, 364, 181, -0.6219288110733032
55, 10, 325, 182, -0.6339173913002014
55, 11, 466, 299, -0.21626734733581543
55, 12, 196, 303, -0.37360161542892456
55, 13, 502, 472, -0.17528706789016724
55, 14, 107, 465, -0.36432820558547974
55, 15, 552, 664, -0.4044175148010254
55, 16, 86, 649, -0.620262861251831
55, 17, 576, 713, -0.475023090839386
55, 18, 72, 695, -0.697134792804718
55, 19, 553, 719, -0.5453053712844849
55, 20, 99, 700, -0.771856427192688
55, 21, 538, 701, -0.45104533433914185
55, 22, 109, 682, -0.6630784273147583
55, 23, 417, 672, -0.014646771363914013
55, 24, 235, 675, 0.01868409849703312
55, 25, 405, 969, 0.022803006693720818
55, 26, 233, 974, 0.022587010636925697
55, 27, 409, 1236, 0.5859735608100891
55, 28, 245, 1234, 0.3818743824958801
55, 29, 412, 1279, 0.6147508025169373
55, 30, 241, 1277, 0.4029111862182617
55, 31, 390, 1318, 0.16407790780067444
55, 32, 274, 1315, -0.1345629245042801
56, 0, 347, 152, -0.7392603754997253
56, 1, 360, 122, -0.6874809265136719
56, 2, 368, 122, -0.687372088432312
56, 3, 378, 122, -0.6876460909843445
56, 4, 328, 124, -0.701887845993042
56, 5, 316, 125, -0.7014569044113159
56, 6, 305, 126, -0.7018207311630249
56, 7, 391, 138, -0.37157967686653137
56, 8, 286, 144, -0.4337069094181061
56, 9, 364, 181, -0.6218625903129578
56, 10, 324, 182, -0.6355588436126709
56, 11, 466, 299, -0.21395282447338104
56, 12, 194, 306, -0.3683015704154968
56, 13, 501, 473, -0.16975778341293335
56, 14, 112, 469, -0.35163646936416626
56, 15, 550, 666, -0.408278226852417
56, 16, 94, 645, -0.6197821497917175
56, 17, 572, 715, -0.4818567633628845
56, 18, 89, 690, -0.6995459198951721
56, 19, 549, 721, -0.5481124520301819
56, 20, 114, 690, -0.7713662385940552
56, 21, 534, 702, -0.45286718010902405
56, 22, 122, 673, -0.6610132455825806
56, 23, 419, 676, -0.014825266785919666
56, 24, 238, 680, 0.018956955522298813
56, 25, 407, 973, 0.021693995222449303
56, 26, 234, 978, 0.03138258308172226
56, 27, 410, 1240, 0.5850266218185425
56, 28, 246, 1240, 0.3996950685977936
56, 29, 413, 1284, 0.6137495040893555
56, 30, 242, 1283, 0.4225624203681946
56, 31, 392, 1324, 0.15554362535476685
56, 32, 276, 1321, -0.11476562172174454
57, 0, 347, 151, -0.7453608512878418
57, 1, 360, 122, -0.6944929361343384
57, 2, 368, 122, -0.694362461566925
57, 3, 377, 122, -0.6945799589157104
57, 4, 328, 123, -0.7036260366439819
57, 5, 316, 124, -0.7033283710479736
57, 6, 305, 126, -0.7037848234176636
57, 7, 390, 138, -0.37443825602531433
57, 8, 285, 144, -0.44394055008888245
57, 9, 364, 181, -0.622722864151001
57, 10, 324, 182, -0.6432791948318481
57, 11, 465, 299, -0.21790246665477753
57, 12, 193, 308, -0.37907904386520386
57, 13, 501, 473, -0.1745484173297882
57, 14, 116, 472, -0.36923155188560486
57, 15, 550, 665, -0.41516631841659546
57, 16, 99, 648, -0.6445023417472839
57, 17, 574, 715, -0.4897734522819519
57, 18, 91, 693, -0.7268835306167603
57, 19, 551, 722, -0.5565779209136963
57, 20, 117, 694, -0.8034199476242065
57, 21, 536, 703, -0.4611090123653412
57, 22, 125, 677, -0.6885005831718445
57, 23, 421, 677, -0.016311632469296455
57, 24, 239, 682, 0.0206182599067688
57, 25, 410, 975, 0.01941949687898159
57, 26, 236, 982, 0.03804050385951996
57, 27, 413, 1242, 0.5907953977584839
57, 28, 249, 1245, 0.4165857434272766
57, 29, 416, 1287, 0.6197773814201355
57, 30, 246, 1289, 0.4400729537010193
57, 31, 395, 1327, 0.14966638386249542
57, 32, 279, 1326, -0.10487310588359833
58, 0, 347, 151, -0.7485367059707642
58, 1, 359, 122, -0.696211040019989
58, 2, 367, 122, -0.6960573792457581
58, 3, 376, 122, -0.6961679458618164
58, 4, 327, 123, -0.7076596617698669
58, 5, 315, 124, -0.7072550058364868
58, 6, 304, 125, -0.7076396346092224
58, 7, 389, 138, -0.3822890818119049
58, 8, 283, 144, -0.4504002630710602
58, 9, 363, 181, -0.6242478489875793
58, 10, 322, 182, -0.6482120752334595
58, 11, 464, 299, -0.22310689091682434
58, 12, 192, 307, -0.3827851414680481
58, 13, 501, 473, -0.1849587857723236
58, 14, 115, 472, -0.38043105602264404
58, 15, 549, 664, -0.42936134338378906
58, 16, 101, 645, -0.6659964323043823
58, 17, 572, 713, -0.5077313184738159
58, 18, 89, 690, -0.7508859634399414
58, 19, 549, 719, -0.574971079826355
58, 20, 116, 691, -0.8245201110839844
58, 21, 534, 700, -0.4753645956516266
58, 22, 125, 674, -0.7083801031112671
58, 23, 421, 676, -0.016401369124650955
58, 24, 239, 681, 0.02067086659371853
58, 25, 410, 973, 0.019031982868909836
58, 26, 236, 979, 0.02686181105673313
58, 27, 413, 1241, 0.5736789107322693
58, 28, 249, 1241, 0.3826392889022827
58, 29, 416, 1285, 0.6011869311332703
58, 30, 246, 1285, 0.40390992164611816
58, 31, 395, 1326, 0.13085314631462097
58, 32, 277, 1323, -0.13953468203544617
59, 0, 346, 151, -0.7849006652832031
59, 1, 358, 122, -0.732456624507904
59, 2, 366, 122, -0.7324129343032837
59, 3, 375, 123, -0.7327300310134888
59, 4, 327, 123, -0.7514128684997559
59, 5, 314, 124, -0.7509464025497437
59, 6, 303, 125, -0.7513027787208557
59, 7, 386, 139, -0.4053366184234619
59, 8, 282, 144, -0.48204079270362854
59, 9, 362, 181, -0.6585171818733215
59, 10, 322, 182, -0.6830199360847473
59, 11, 463, 299, -0.2328328639268875
59, 12, 191, 308, -0.3948584198951721
59, 13, 500, 471, -0.1822471022605896
59, 14, 114, 471, -0.3825662136077881
59, 15, 549, 663, -0.43342748284339905
59, 16, 102, 644, -0.6614142656326294
59, 17, 570, 712, -0.5149224996566772
59, 18, 94, 690, -0.7450241446495056
59, 19, 547, 716, -0.582426130771637
59, 20, 120, 691, -0.8202589750289917
59, 21, 533, 697, -0.4793171286582947
59, 22, 128, 673, -0.7034299373626709
59, 23, 422, 675, -0.018416527658700943
59, 24, 241, 680, 0.02253975346684456
59, 25, 411, 972, 0.019000137224793434
59, 26, 237, 978, 0.031202856451272964
59, 27, 414, 1240, 0.5856161117553711
59, 28, 248, 1241, 0.40771007537841797
59, 29, 416, 1283, 0.613961398601532
59, 30, 245, 1284, 0.43155327439308167
59, 31, 395, 1326, 0.13594050705432892
59, 32, 277, 1322, -0.12134544551372528
60, 0, 345, 151, -0.783764660358429
60, 1, 357, 122, -0.7323024868965149
60, 2, 364, 122, -0.7322521209716797
60, 3, 373, 122, -0.7325398325920105
60, 4, 325, 123, -0.7501986026763916
60, 5, 312, 124, -0.7497467994689941
60, 6, 301, 125, -0.7501142621040344
60, 7, 384, 139, -0.4061583876609802
60, 8, 280, 144, -0.474391371011734
60, 9, 361, 181, -0.6583426594734192
60, 10, 320, 182, -0.6811007857322693
60, 11, 463, 298, -0.2356157749891281
60, 12, 191, 309, -0.39268434047698975
60, 13, 500, 470, -0.1868503987789154
60, 14, 115, 471, -0.37933409214019775
60, 15, 549, 661, -0.4354249835014343
60, 16, 103, 643, -0.651436984539032
60, 17, 569, 710, -0.5170110464096069
60, 18, 92, 690, -0.7341644167900085
60, 19, 546, 715, -0.5841096043586731
60, 20, 118, 691, -0.8112204670906067
60, 21, 532, 697, -0.4808286726474762
60, 22, 127, 673, -0.6949557065963745
60, 23, 423, 674, -0.01880531758069992
60, 24, 242, 680, 0.02291167341172695
60, 25, 412, 971, 0.018555041402578354
60, 26, 237, 978, 0.02891477383673191
60, 27, 414, 1240, 0.5810871720314026
60, 28, 248, 1242, 0.3946140706539154
60, 29, 417, 1283, 0.609323263168335
60, 30, 245, 1285, 0.41684237122535706
60, 31, 396, 1326, 0.1332845836877823
60, 32, 277, 1322, -0.13032767176628113
61, 0, 345, 151, -0.7992559671401978
61, 1, 356, 122, -0.7482091188430786
61, 2, 363, 122, -0.7481848001480103
61, 3, 372, 123, -0.7485598921775818
61, 4, 324, 123, -0.7672319412231445
61, 5, 312, 124, -0.7667733430862427
61, 6, 301, 125, -0.767146110534668
61, 7, 383, 139, -0.4173665940761566
61, 8, 279, 144, -0.4876733720302582
61, 9, 360, 181, -0.672531247138977
61, 10, 320, 182, -0.6938806176185608
61, 11, 463, 298, -0.23926952481269836
61, 12, 190, 311, -0.395847350358963
61, 13, 500, 468, -0.1832651048898697
61, 14, 115, 471, -0.37374645471572876
61, 15, 549, 659, -0.4348617494106293
61, 16, 104, 646, -0.644035816192627
61, 17, 569, 709, -0.516147792339325
61, 18, 92, 693, -0.7270545959472656
61, 19, 545, 714, -0.5835554003715515
61, 20, 117, 695, -0.8069286346435547
61, 21, 531, 696, -0.48073506355285645
61, 22, 126, 677, -0.6885642409324646
61, 23, 424, 674, -0.020039595663547516
61, 24, 243, 680, 0.024068128317594528
61, 25, 413, 971, 0.021517248824238777
61, 26, 238, 978, 0.032421886920928955
61, 27, 415, 1241, 0.5853196382522583
61, 28, 248, 1243, 0.41083407402038574
61, 29, 418, 1283, 0.6124077439308167
61, 30, 245, 1287, 0.43462222814559937
61, 31, 397, 1326, 0.13375678658485413
61, 32, 276, 1323, -0.11795060336589813
62, 0, 343, 151, -0.7976993322372437
62, 1, 354, 122, -0.7461699843406677
62, 2, 362, 122, -0.7461339235305786
62, 3, 370, 123, -0.7464855313301086
62, 4, 323, 123, -0.7640625834465027
62, 5, 310, 124, -0.7636116743087769
62, 6, 299, 125, -0.7639912962913513
62, 7, 382, 139, -0.41615304350852966
62, 8, 278, 144, -0.4813764989376068
62, 9, 359, 181, -0.6710616946220398
62, 10, 319, 182, -0.6908903121948242
62, 11, 462, 297, -0.23709054291248322
62, 12, 190, 310, -0.39220568537712097
62, 13, 500, 466, -0.18119420111179352
62, 14, 115, 471, -0.3717959523200989
62, 15, 548, 655, -0.432405561208725
62, 16, 104, 642, -0.6435155868530273
62, 17, 568, 705, -0.5131286978721619
62, 18, 93, 689, -0.7258936762809753
62, 19, 545, 711, -0.5820403099060059
62, 20, 118, 690, -0.8018867373466492
62, 21, 531, 693, -0.4781780242919922
62, 22, 128, 672, -0.6858814358711243
62, 23, 424, 674, -0.0202487763017416
62, 24, 243, 679, 0.024227064102888107
62, 25, 412, 971, 0.022493230178952217
62, 26, 238, 977, 0.031525708734989166
62, 27, 414, 1240, 0.5827749967575073
62, 28, 246, 1242, 0.39834484457969666
62, 29, 416, 1282, 0.6106222867965698
62, 30, 243, 1285, 0.42026084661483765
62, 31, 395, 1326, 0.13458096981048584
62, 32, 272, 1322, -0.12765584886074066
