0, 0, 295, 182, -0.7982326745986938
0, 1, 316, 158, -0.7461617588996887
0, 2, 330, 158, -0.745948076248169
0, 3, 341, 159, -0.7459999322891235
0, 4, 275, 157, -0.7367404699325562
0, 5, 263, 159, -0.7358558773994446
0, 6, 253, 160, -0.736225962638855
0, 7, 367, 179, -0.43398040533065796
0, 8, 245, 181, -0.37379729747772217
0, 9, 323, 218, -0.6860874891281128
0, 10, 272, 219, -0.6688775420188904
0, 11, 466, 378, -0.26683342456817627
0, 12, 168, 373, -0.313918799161911
0, 13, 532, 610, -0.2295500785112381
0, 14, 114, 584, -0.19422106444835663
0, 15, 510, 774, -0.38268956542015076
0, 16, 111, 749, -0.5011448264122009
0, 17, 520, 830, -0.45226436853408813
0, 18, 91, 804, -0.5939664840698242
0, 19, 485, 828, -0.48341459035873413
0, 20, 120, 803, -0.6723206639289856
0, 21, 475, 803, -0.4112148880958557
0, 22, 134, 782, -0.5495567321777344
0, 23, 401, 762, -0.04141319543123245
0, 24, 219, 750, 0.04676808416843414
0, 25, 375, 1076, -0.03850281611084938
0, 26, 187, 1065, 0.03902510181069374
0, 27, 358, 1347, 0.5583151578903198
0, 28, 180, 1334, 0.4415717124938965
0, 29, 363, 1392, 0.5836154818534851
0, 30, 177, 1378, 0.46490946412086487
0, 31, 324, 1436, 0.03334492817521095
0, 32, 204, 1424, -0.1415688693523407
1, 0, 295, 182, -0.8231713175773621
1, 1, 316, 158, -0.7733051180839539
1, 2, 330, 158, -0.7732414603233337
1, 3, 341, 159, -0.7734338045120239
1, 4, 275, 158, -0.7606261372566223
1, 5, 263, 159, -0.759946882724762
1, 6, 253, 160, -0.7603298425674438
1, 7, 367, 179, -0.4479251503944397
1, 8, 245, 181, -0.37457868456840515
1, 9, 323, 218, -0.7030503153800964
1, 10, 272, 219, -0.6811651587486267
1, 11, 464, 377, -0.26635292172431946
1, 12, 168, 372, -0.30483195185661316
1, 13, 530, 608, -0.21102449297904968
1, 14, 115, 581, -0.19418075680732727
1, 15, 508, 770, -0.3825047016143799
1, 16, 111, 735, -0.5618221163749695
1, 17, 517, 827, -0.4524625241756439
1, 18, 90, 787, -0.6716235876083374
1, 19, 484, 822, -0.4968452453613281
1, 20, 117, 787, -0.7579205632209778
1, 21, 475, 797, -0.4125240445137024
1, 22, 132, 766, -0.6165720224380493
1, 23, 401, 762, -0.04289480298757553
1, 24, 213, 750, 0.04799521714448929
1, 25, 375, 1076, -0.03930388391017914
1, 26, 191, 1065, 0.03938344866037369
1, 27, 359, 1352, 0.5629552602767944
1, 28, 184, 1339, 0.4471433758735657
1, 29, 364, 1398, 0.5894432663917542
1, 30, 182, 1384, 0.47050929069519043
1, 31, 325, 1440, 0.030405644327402115
1, 32, 207, 1429, -0.14161533117294312
2, 0, 295, 182, -0.8689783811569214
2, 1, 316, 158, -0.8147829174995422
2, 2, 330, 159, -0.8147850036621094
2, 3, 341, 159, -0.8149541616439819
2, 4, 275, 158, -0.8051666021347046
2, 5, 263, 160, -0.8045485615730286
2, 6, 253, 160, -0.804947555065155
2, 7, 366, 180, -0.46743202209472656
2, 8, 245, 182, -0.4023968279361725
2, 9, 323, 218, -0.7403568029403687
2, 10, 272, 219, -0.7221284508705139
2, 11, 464, 377, -0.26641812920570374
2, 12, 168, 372, -0.31054455041885376
2, 13, 525, 608, -0.19912652671337128
2, 14, 117, 579, -0.19689421355724335
2, 15, 503, 770, -0.385723739862442
2, 16, 111, 730, -0.5740479826927185
2, 17, 511, 827, -0.46070951223373413
2, 18, 90, 781, -0.6864970922470093
2, 19, 480, 822, -0.5177728533744812
2, 20, 116, 782, -0.7773544192314148
2, 21, 472, 796, -0.421699196100235
2, 22, 131, 761, -0.6305118203163147
2, 23, 402, 761, -0.043069787323474884
2, 24, 210, 750, 0.04810606315732002
2, 25, 376, 1076, -0.04660773649811745
2, 26, 194, 1065, 0.036061495542526245
2, 27, 361, 1354, 0.5628974437713623
2, 28, 188, 1342, 0.4471755027770996
2, 29, 364, 1399, 0.5893585085868835
2, 30, 185, 1387, 0.4704809784889221
2, 31, 326, 1441, 0.01252580713480711
2, 32, 210, 1430, -0.15278150141239166
3, 0, 295, 183, -0.8616446256637573
3, 1, 316, 159, -0.8066684007644653
3, 2, 330, 159, -0.8066490888595581
3, 3, 342, 160, -0.8068121671676636
3, 4, 275, 159, -0.7984715104103088
3, 5, 263, 160, -0.7978340983390808
3, 6, 254, 161, -0.7982468605041504
3, 7, 366, 180, -0.4641307294368744
3, 8, 245, 183, -0.40286365151405334
3, 9, 323, 218, -0.7347533106803894
3, 10, 272, 219, -0.7183622717857361
3, 11, 463, 377, -0.25447145104408264
3, 12, 168, 372, -0.3171917796134949
3, 13, 522, 608, -0.18555262684822083
3, 14, 117, 579, -0.21461889147758484
3, 15, 500, 770, -0.3856115937232971
3, 16, 110, 729, -0.5875864624977112
3, 17, 508, 827, -0.46100562810897827
3, 18, 89, 780, -0.6999125480651855
3, 19, 477, 822, -0.5184268355369568
3, 20, 114, 782, -0.791159451007843
3, 21, 469, 796, -0.42195695638656616
3, 22, 129, 761, -0.6440020203590393
3, 23, 402, 761, -0.03914986178278923
3, 24, 209, 750, 0.043980274349451065
3, 25, 376, 1076, -0.05217016488313675
3, 26, 195, 1065, 0.01986601948738098
3, 27, 361, 1356, 0.5510646104812622
3, 28, 188, 1344, 0.4204053282737732
3, 29, 364, 1401, 0.576374888420105
3, 30, 185, 1389, 0.44082289934158325
3, 31, 326, 1442, -0.007967958226799965
3, 32, 210, 1432, -0.18696406483650208
4, 0, 295, 183, -0.89252108335495
4, 1, 316, 159, -0.8348104357719421
4, 2, 330, 159, -0.8348639607429504
4, 3, 342, 160, -0.8350239992141724
4, 4, 275, 159, -0.8273382186889648
4, 5, 263, 160, -0.8267609477043152
4, 6, 254, 161, -0.8271982073783875
4, 7, 366, 180, -0.4770442843437195
4, 8, 245, 184, -0.4213271141052246
4, 9, 323, 218, -0.7603759169578552
4, 10, 272, 219, -0.7450180053710938
4, 11, 462, 377, -0.2536657452583313
4, 12, 168, 371, -0.3231799602508545
4, 13, 521, 606, -0.183664470911026
4, 14, 117, 577, -0.2042469084262848
4, 15, 500, 769, -0.416313499212265
4, 16, 107, 728, -0.58340984582901
4, 17, 508, 826, -0.5010359883308411
4, 18, 86, 779, -0.6862095594406128
4, 19, 477, 821, -0.5680604577064514
4, 20, 110, 782, -0.7694582343101501
4, 21, 469, 795, -0.4600856900215149
4, 22, 125, 761, -0.63568514585495
4, 23, 402, 761, -0.038156501948833466
4, 24, 208, 750, 0.04294973984360695
4, 25, 376, 1076, -0.06995824724435806
4, 26, 195, 1065, 0.007979891262948513
4, 27, 361, 1356, 0.5275225043296814
4, 28, 190, 1344, 0.40112170577049255
4, 29, 365, 1403, 0.5522347688674927
4, 30, 187, 1390, 0.41986823081970215
4, 31, 327, 1442, -0.04007532075047493
4, 32, 211, 1431, -0.21298351883888245
5, 0, 295, 183, -0.898635983467102
5, 1, 316, 159, -0.841406524181366
5, 2, 330, 159, -0.8414521217346191
5, 3, 342, 160, -0.8416115045547485
5, 4, 275, 159, -0.8318756222724915
5, 5, 263, 160, -0.8311938047409058
5, 6, 255, 161, -0.8316041827201843
5, 7, 366, 180, -0.4858814775943756
5, 8, 245, 184, -0.42278170585632324
5, 9, 323, 218, -0.7681962847709656
5, 10, 272, 219, -0.7504844665527344
5, 11, 462, 377, -0.26485294103622437
5, 12, 168, 371, -0.3209470808506012
5, 13, 521, 606, -0.18455244600772858
5, 14, 120, 577, -0.19728530943393707
5, 15, 500, 769, -0.41539135575294495
5, 16, 104, 731, -0.5791887044906616
5, 17, 508, 826, -0.4979155659675598
5, 18, 86, 781, -0.6895245313644409
5, 19, 478, 821, -0.5600866675376892
5, 20, 110, 783, -0.7795298099517822
5, 21, 470, 795, -0.45726948976516724
5, 22, 125, 762, -0.634600043296814
5, 23, 404, 761, -0.04324666038155556
5, 24, 211, 752, 0.04800223559141159
5, 25, 381, 1076, -0.07511316984891891
5, 26, 200, 1066, 0.01428463589400053
5, 27, 368, 1357, 0.5306424498558044
5, 28, 195, 1345, 0.4178537428379059
5, 29, 372, 1403, 0.5556226372718811
5, 30, 193, 1390, 0.4375516474246979
5, 31, 334, 1443, -0.03739652410149574
5, 32, 217, 1432, -0.2107107937335968
6, 0, 295, 183, -0.9167792201042175
6, 1, 316, 159, -0.860122561454773
6, 2, 330, 159, -0.860167384147644
6, 3, 342, 160, -0.8603261709213257
6, 4, 275, 159, -0.8489007949829102
6, 5, 263, 160, -0.8481820821762085
6, 6, 255, 161, -0.848588764667511
6, 7, 366, 180, -0.501697301864624
6, 8, 244, 184, -0.43041306734085083
6, 9, 323, 218, -0.7848885655403137
6, 10, 272, 219, -0.764893114566803
6, 11, 462, 377, -0.2797379791736603
6, 12, 168, 371, -0.32083800435066223
6, 13, 521, 606, -0.2030952423810959
6, 14, 120, 578, -0.21262820065021515
6, 15, 502, 769, -0.4397053122520447
6, 16, 101, 734, -0.6577886343002319
6, 17, 510, 826, -0.5246095061302185
6, 18, 87, 783, -0.7816761136054993
6, 19, 480, 821, -0.5864706635475159
6, 20, 111, 785, -0.8730461001396179
6, 21, 472, 795, -0.48118463158607483
6, 22, 126, 763, -0.7162342071533203
6, 23, 404, 765, -0.04832048714160919
6, 24, 217, 764, 0.0530555360019207
6, 25, 385, 1080, -0.047914471477270126
6, 26, 202, 1071, 0.06051657721400261
6, 27, 374, 1360, 0.6212548613548279
6, 28, 199, 1350, 0.529297947883606
6, 29, 378, 1407, 0.6514548659324646
6, 30, 197, 1395, 0.5570001006126404
6, 31, 339, 1448, 0.03930183872580528
6, 32, 222, 1438, -0.09320370852947235
7, 0, 294, 183, -0.9557173848152161
7, 1, 316, 159, -0.8978525400161743
7, 2, 330, 160, -0.8979589343070984
7, 3, 342, 160, -0.8981963396072388
7, 4, 275, 160, -0.8858833312988281
7, 5, 263, 161, -0.8851464986801147
7, 6, 255, 162, -0.885574221611023
7, 7, 366, 181, -0.5242619514465332
7, 8, 244, 185, -0.44839662313461304
7, 9, 323, 219, -0.8169904947280884
7, 10, 272, 219, -0.7958904504776001
7, 11, 462, 376, -0.2893206477165222
7, 12, 168, 371, -0.3198429346084595
7, 13, 522, 606, -0.21737317740917206
7, 14, 118, 579, -0.2074064463376999
7, 15, 502, 769, -0.48502954840660095
7, 16, 101, 735, -0.6369485855102539
7, 17, 511, 826, -0.5778365135192871
7, 18, 85, 784, -0.7609807252883911
7, 19, 481, 821, -0.6461154222488403
7, 20, 110, 785, -0.8560525178909302
7, 21, 473, 795, -0.5299035310745239
7, 22, 125, 764, -0.6962876915931702
7, 23, 404, 765, -0.052067678421735764
7, 24, 218, 764, 0.056884367018938065
7, 25, 386, 1081, -0.05079376697540283
7, 26, 203, 1072, 0.0668843612074852
7, 27, 375, 1362, 0.6095255613327026
7, 28, 199, 1352, 0.5281108021736145
7, 29, 380, 1409, 0.6387033462524414
7, 30, 197, 1398, 0.5538240075111389
7, 31, 340, 1450, 0.03159549832344055
7, 32, 222, 1441, -0.1019049882888794
8, 0, 294, 186, -1.086901068687439
8, 1, 316, 161, -1.0182063579559326
8, 2, 330, 161, -1.0185761451721191
8, 3, 342, 162, -1.0184454917907715
8, 4, 275, 161, -1.0135493278503418
8, 5, 263, 162, -1.0130987167358398
8, 6, 255, 164, -1.013756275177002
8, 7, 365, 182, -0.5708780288696289
8, 8, 244, 186, -0.5319430828094482
8, 9, 323, 220, -0.9215096235275269
8, 10, 272, 220, -0.9113287925720215
8, 11, 460, 373, -0.2880500555038452
8, 12, 168, 369, -0.3167451024055481
8, 13, 520, 603, -0.48676425218582153
8, 14, 107, 574, -0.28892213106155396
8, 15, 474, 662, -1.2690387964248657
8, 16, 97, 720, -1.0008728504180908
8, 17, 467, 689, -1.4580682516098022
8, 18, 82, 774, -1.1845312118530273
8, 19, 449, 665, -1.499114751815796
8, 20, 109, 763, -1.2847703695297241
8, 21, 442, 656, -1.315867304801941
8, 22, 123, 742, -1.066290259361267
8, 23, 398, 753, -0.051854945719242096
8, 24, 203, 748, 0.056747548282146454
8, 25, 380, 1070, -0.10149725526571274
8, 26, 194, 1061, 0.0064866929315030575
8, 27, 369, 1354, 0.4834703505039215
8, 28, 191, 1341, 0.38710498809814453
8, 29, 373, 1401, 0.5015268325805664
8, 30, 189, 1385, 0.4004863202571869
8, 31, 332, 1438, -0.17105571925640106
8, 32, 215, 1430, -0.30979204177856445
9, 0, 295, 186, -1.0844743251800537
9, 1, 316, 161, -1.011430025100708
9, 2, 330, 162, -1.0116137266159058
9, 3, 342, 162, -1.011117696762085
9, 4, 275, 162, -0.998989462852478
9, 5, 263, 163, -0.9984715580940247
9, 6, 255, 164, -0.9990476369857788
9, 7, 364, 182, -0.5658895969390869
9, 8, 244, 187, -0.5087577104568481
9, 9, 323, 221, -0.9239596128463745
9, 10, 273, 220, -0.9082309603691101
9, 11, 460, 371, -0.326896607875824
9, 12, 167, 369, -0.24209606647491455
9, 13, 518, 613, -0.9211421012878418
9, 14, 80, 519, -0.43447867035865784
9, 15, 463, 476, -1.8028943538665771
9, 16, 44, 692, -1.3402738571166992
9, 17, 459, 438, -1.9790465831756592
9, 18, 18, 741, -1.498673677444458
9, 19, 450, 411, -1.9212398529052734
9, 20, 46, 725, -1.5660336017608643
9, 21, 441, 417, -1.8096050024032593
9, 22, 62, 709, -1.4033496379852295
9, 23, 395, 754, -0.0814715176820755
9, 24, 196, 749, 0.08785556256771088
9, 25, 380, 1078, -0.22499482333660126
9, 26, 193, 1068, -0.08396538347005844
9, 27, 372, 1368, 0.3213280141353607
9, 28, 192, 1353, 0.24852457642555237
9, 29, 378, 1414, 0.33333081007003784
9, 30, 190, 1397, 0.2566063404083252
9, 31, 334, 1453, -0.36343950033187866
9, 32, 215, 1442, -0.460604190826416
10, 0, 295, 188, -1.0130665302276611
10, 1, 316, 162, -0.9374492764472961
10, 2, 330, 162, -0.9374858736991882
10, 3, 342, 163, -0.9359803199768066
10, 4, 275, 164, -0.9071590304374695
10, 5, 263, 165, -0.9064928889274597
10, 6, 255, 166, -0.9066243171691895
10, 7, 364, 183, -0.489459365606308
10, 8, 244, 188, -0.38589853048324585
10, 9, 323, 221, -0.8482381701469421
10, 10, 273, 221, -0.8142134547233582
10, 11, 460, 366, -0.28154870867729187
10, 12, 167, 368, -0.12649621069431305
10, 13, 518, 608, -0.8270805478096008
10, 14, 70, 528, -0.5199827551841736
10, 15, 466, 437, -1.684236764907837
10, 16, 35, 501, -1.6024917364120483
10, 17, 462, 377, -1.8387253284454346
10, 18, 19, 519, -1.7838172912597656
10, 19, 454, 354, -1.783996820449829
10, 20, 39, 431, -1.7862962484359741
10, 21, 445, 374, -1.6916548013687134
10, 22, 56, 436, -1.6456120014190674
10, 23, 397, 751, -0.08458195626735687
10, 24, 197, 746, 0.09149940311908722
10, 25, 385, 1077, -0.22815179824829102
10, 26, 198, 1068, -0.05137066915631294
10, 27, 386, 1368, 0.3063870668411255
10, 28, 206, 1353, 0.256582647562027
10, 29, 393, 1413, 0.31758570671081543
10, 30, 203, 1395, 0.2614072561264038
10, 31, 350, 1446, -0.36818045377731323
10, 32, 231, 1441, -0.44268542528152466
11, 0, 296, 189, -0.8356053233146667
11, 1, 316, 163, -0.7700793147087097
11, 2, 330, 163, -0.7696976661682129
11, 3, 342, 163, -0.7685931921005249
11, 4, 276, 165, -0.743377685546875
11, 5, 264, 166, -0.7429355382919312
11, 6, 255, 168, -0.7428311109542847
11, 7, 363, 183, -0.39684396982192993
11, 8, 244, 188, -0.27867674827575684
11, 9, 324, 222, -0.7059065699577332
11, 10, 273, 221, -0.6724904775619507
11, 11, 460, 354, -0.23405413329601288
11, 12, 169, 367, -0.04713016003370285
11, 13, 533, 612, -0.814775824546814
11, 14, 60, 564, -0.5425478219985962
11, 15, 470, 403, -1.4969087839126587
11, 16, 39, 405, -1.5190991163253784
11, 17, 464, 331, -1.6225824356079102
11, 18, 23, 345, -1.6817201375961304
11, 19, 455, 308, -1.499022126197815
11, 20, 48, 321, -1.6134341955184937
11, 21, 446, 329, -1.4713493585586548
11, 22, 64, 343, -1.5346004962921143
11, 23, 402, 752, -0.0871100202202797
11, 24, 203, 750, 0.09405539929866791
11, 25, 393, 1078, -0.2002846747636795
11, 26, 205, 1074, 0.06651104986667633
11, 27, 399, 1367, 0.32356807589530945
11, 28, 221, 1353, 0.33756405115127563
11, 29, 409, 1412, 0.34022805094718933
11, 30, 220, 1395, 0.3496580719947815
11, 31, 362, 1446, -0.27862778306007385
11, 32, 242, 1443, -0.24646107852458954
12, 0, 297, 190, -0.8641145825386047
12, 1, 316, 165, -0.795879065990448
12, 2, 330, 165, -0.7955393195152283
12, 3, 342, 165, -0.7946720719337463
12, 4, 276, 168, -0.77409428358078
12, 5, 265, 169, -0.7736717462539673
12, 6, 255, 171, -0.7736247777938843
12, 7, 363, 183, -0.3978297710418701
12, 8, 244, 191, -0.2900972366333008
12, 9, 326, 223, -0.7297414541244507
12, 10, 275, 223, -0.7014511227607727
12, 11, 460, 356, -0.23549950122833252
12, 12, 172, 367, -0.08806169778108597
12, 13, 553, 576, -0.9214455485343933
12, 14, 46, 566, -0.7097707390785217
12, 15, 473, 365, -1.6374871730804443
12, 16, 48, 368, -1.7123067378997803
12, 17, 466, 296, -1.78122079372406
12, 18, 32, 299, -1.8981950283050537
12, 19, 456, 273, -1.6368799209594727
12, 20, 57, 273, -1.7927417755126953
12, 21, 447, 300, -1.6085727214813232
12, 22, 72, 300, -1.7155708074569702
12, 23, 407, 753, -0.09383813291788101
12, 24, 206, 755, 0.10072703659534454
12, 25, 398, 1083, -0.18806543946266174
12, 26, 208, 1083, 0.0976620763540268
12, 27, 408, 1370, 0.35221871733665466
12, 28, 228, 1359, 0.35099679231643677
12, 29, 420, 1414, 0.36987388134002686
12, 30, 226, 1398, 0.36456117033958435
12, 31, 373, 1449, -0.26261183619499207
12, 32, 251, 1452, -0.2566883862018585
13, 0, 298, 191, -0.8771565556526184
13, 1, 317, 166, -0.808202862739563
13, 2, 331, 166, -0.8078702688217163
13, 3, 342, 166, -0.8070982694625854
13, 4, 277, 169, -0.786518931388855
13, 5, 265, 170, -0.7861583232879639
13, 6, 256, 172, -0.7860780954360962
13, 7, 363, 185, -0.3997143507003784
13, 8, 244, 192, -0.28043311834335327
13, 9, 326, 225, -0.7409744262695312
13, 10, 275, 225, -0.7125187516212463
13, 11, 458, 357, -0.22657577693462372
13, 12, 173, 367, -0.0950838029384613
13, 13, 589, 581, -0.9319732785224915
13, 14, 32, 561, -0.7128604650497437
13, 15, 474, 354, -1.6416652202606201
13, 16, 51, 339, -1.6631748676300049
13, 17, 467, 282, -1.7914636135101318
13, 18, 47, 268, -1.8563287258148193
13, 19, 455, 263, -1.6293678283691406
13, 20, 63, 246, -1.73806631565094
13, 21, 446, 293, -1.607367753982544
13, 22, 76, 271, -1.6613744497299194
13, 23, 406, 754, -0.09980659186840057
13, 24, 203, 755, 0.10642287880182266
13, 25, 397, 1084, -0.08179018646478653
13, 26, 207, 1083, 0.1780795156955719
13, 27, 403, 1369, 0.5454288721084595
13, 28, 223, 1358, 0.5398920774459839
13, 29, 413, 1414, 0.5722509622573853
13, 30, 222, 1398, 0.5667136907577515
13, 31, 368, 1450, -0.06600868701934814
13, 32, 247, 1452, -0.09709203988313675
14, 0, 298, 195, -0.8612489700317383
14, 1, 317, 169, -0.7906500101089478
14, 2, 331, 169, -0.7903403639793396
14, 3, 342, 170, -0.7895752787590027
14, 4, 277, 172, -0.7605377435684204
14, 5, 265, 173, -0.7601863145828247
14, 6, 255, 175, -0.760223925113678
14, 7, 363, 187, -0.3986677825450897
14, 8, 244, 194, -0.24244335293769836
14, 9, 326, 229, -0.7289807796478271
14, 10, 275, 228, -0.6876087188720703
14, 11, 456, 358, -0.22681578993797302
14, 12, 174, 364, -0.06862039119005203
14, 13, 581, 533, -0.8994311094284058
14, 14, 38, 527, -0.6761636734008789
14, 15, 475, 329, -1.5268478393554688
14, 16, 64, 301, -1.5750982761383057
14, 17, 466, 254, -1.6670303344726562
14, 18, 74, 228, -1.7631330490112305
14, 19, 453, 237, -1.5152218341827393
14, 20, 90, 212, -1.6416244506835938
14, 21, 443, 266, -1.4907301664352417
14, 22, 98, 235, -1.5675220489501953
14, 23, 407, 747, -0.10432197898626328
14, 24, 203, 745, 0.11073116958141327
14, 25, 397, 1081, -0.10832091420888901
14, 26, 210, 1076, 0.13357752561569214
14, 27, 402, 1364, 0.4560822546482086
14, 28, 222, 1355, 0.5017129182815552
14, 29, 412, 1407, 0.4745539724826813
14, 30, 220, 1394, 0.5231372714042664
14, 31, 367, 1445, -0.17640326917171478
14, 32, 245, 1450, -0.16521543264389038
15, 0, 295, 198, -0.8703547716140747
15, 1, 314, 172, -0.8002156019210815
15, 2, 329, 172, -0.7999373078346252
15, 3, 342, 172, -0.7992549538612366
15, 4, 274, 176, -0.7706469893455505
15, 5, 262, 177, -0.7702589631080627
15, 6, 253, 179, -0.7703448534011841
15, 7, 363, 189, -0.4091029167175293
15, 8, 243, 199, -0.24285975098609924
15, 9, 326, 234, -0.7361315488815308
15, 10, 273, 233, -0.6970683336257935
15, 11, 456, 358, -0.23791523277759552
15, 12, 177, 363, -0.06074037402868271
15, 13, 581, 512, -0.9542042016983032
15, 14, 37, 502, -0.6371613144874573
15, 15, 476, 318, -1.5683701038360596
15, 16, 76, 283, -1.4788316488265991
15, 17, 466, 240, -1.7049541473388672
15, 18, 84, 207, -1.6555888652801514
15, 19, 450, 224, -1.5370173454284668
15, 20, 104, 194, -1.5425655841827393
15, 21, 441, 255, -1.5251652002334595
15, 22, 116, 220, -1.470170259475708
15, 23, 409, 742, -0.1364901065826416
15, 24, 205, 740, 0.1426578313112259
15, 25, 397, 1077, -0.23057064414024353
15, 26, 214, 1071, 0.11524039506912231
15, 27, 401, 1363, 0.3118661344051361
15, 28, 222, 1353, 0.4097133278846741
15, 29, 410, 1405, 0.325213760137558
15, 30, 219, 1393, 0.4211950898170471
15, 31, 366, 1443, -0.3528532385826111
15, 32, 243, 1450, -0.27915316820144653
16, 0, 293, 204, -0.8335649371147156
16, 1, 313, 176, -0.7693958878517151
16, 2, 329, 176, -0.7690896391868591
16, 3, 342, 177, -0.7685432434082031
16, 4, 272, 180, -0.7339026927947998
16, 5, 260, 181, -0.733507513999939
16, 6, 251, 183, -0.7336876392364502
16, 7, 364, 193, -0.3991416096687317
16, 8, 242, 201, -0.21170887351036072
16, 9, 326, 241, -0.7072722911834717
16, 10, 272, 238, -0.6564466953277588
16, 11, 456, 358, -0.23608186841011047
16, 12, 179, 360, -0.03558559715747833
16, 13, 583, 498, -0.9061835408210754
16, 14, 40, 474, -0.6353498697280884
16, 15, 476, 304, -1.4616252183914185
16, 16, 88, 250, -1.4645931720733643
16, 17, 460, 233, -1.590911626815796
16, 18, 95, 187, -1.6396468877792358
16, 19, 442, 215, -1.4676645994186401
16, 20, 114, 172, -1.5135623216629028
16, 21, 435, 244, -1.4263594150543213
16, 22, 125, 199, -1.44988214969635
16, 23, 409, 735, -0.13545899093151093
16, 24, 205, 729, 0.14135026931762695
16, 25, 395, 1069, -0.23772534728050232
16, 26, 214, 1057, 0.11231403052806854
16, 27, 395, 1355, 0.27644652128219604
16, 28, 218, 1342, 0.4100581109523773
16, 29, 405, 1396, 0.28838032484054565
16, 30, 215, 1380, 0.42185407876968384
16, 31, 359, 1436, -0.37109875679016113
16, 32, 235, 1442, -0.2708244323730469
17, 0, 290, 208, -0.7991068959236145
17, 1, 311, 179, -0.7457360029220581
17, 2, 328, 178, -0.7454589605331421
17, 3, 342, 179, -0.7449561357498169
17, 4, 270, 182, -0.7088777422904968
17, 5, 259, 184, -0.7084872126579285
17, 6, 250, 186, -0.7086830139160156
17, 7, 365, 195, -0.3999359905719757
17, 8, 242, 203, -0.20853359997272491
17, 9, 326, 244, -0.6786434054374695
17, 10, 271, 242, -0.625025749206543
17, 11, 456, 357, -0.23321637511253357
17, 12, 179, 357, -0.029806500300765038
17, 13, 580, 490, -0.8564998507499695
17, 14, 41, 459, -0.6260513663291931
17, 15, 475, 292, -1.3519378900527954
17, 16, 96, 234, -1.4424742460250854
17, 17, 454, 218, -1.4477462768554688
17, 18, 102, 174, -1.607540488243103
17, 19, 438, 198, -1.2753005027770996
17, 20, 120, 159, -1.5006706714630127
17, 21, 433, 225, -1.2920866012573242
17, 22, 129, 183, -1.4276686906814575
17, 23, 410, 733, -0.1317320019006729
17, 24, 207, 727, 0.13753050565719604
17, 25, 396, 1066, -0.26816466450691223
17, 26, 218, 1055, 0.1081603616476059
17, 27, 395, 1352, 0.2072679102420807
17, 28, 220, 1340, 0.35747140645980835
17, 29, 404, 1392, 0.21769893169403076
17, 30, 217, 1378, 0.3674331307411194
17, 31, 359, 1434, -0.4175242781639099
17, 32, 236, 1440, -0.29041534662246704
18, 0, 289, 208, -0.7544232606887817
18, 1, 309, 179, -0.703907310962677
18, 2, 326, 178, -0.7034868597984314
18, 3, 341, 178, -0.7028971910476685
18, 4, 268, 183, -0.6623185276985168
18, 5, 258, 184, -0.6619967222213745
18, 6, 249, 186, -0.6621328592300415
18, 7, 365, 194, -0.3827672004699707
18, 8, 242, 203, -0.16827844083309174
18, 9, 325, 244, -0.6431012749671936
18, 10, 270, 242, -0.5841142535209656
18, 11, 455, 356, -0.21992115676403046
18, 12, 180, 356, 0.01724373735487461
18, 13, 577, 482, -0.8250924944877625
18, 14, 41, 453, -0.5671666860580444
18, 15, 467, 278, -1.1340339183807373
18, 16, 105, 222, -1.2522310018539429
18, 17, 449, 202, -1.2142115831375122
18, 18, 114, 157, -1.397823452949524
18, 19, 432, 189, -1.048854947090149
18, 20, 129, 147, -1.2346875667572021
18, 21, 427, 215, -1.0836397409439087
18, 22, 137, 173, -1.224360466003418
18, 23, 410, 732, -0.13309817016124725
18, 24, 208, 727, 0.13879741728305817
18, 25, 397, 1064, -0.3208315372467041
18, 26, 221, 1054, 0.11071249097585678
18, 27, 396, 1350, 0.10989292711019516
18, 28, 224, 1339, 0.34982848167419434
18, 29, 406, 1390, 0.11630048602819443
18, 30, 221, 1378, 0.35930490493774414
18, 31, 360, 1432, -0.5229064226150513
18, 32, 240, 1439, -0.2909886837005615
19, 0, 286, 211, -0.7738774418830872
19, 1, 306, 180, -0.7195349335670471
19, 2, 323, 179, -0.7191802263259888
19, 3, 338, 179, -0.7185896635055542
19, 4, 265, 185, -0.6804676651954651
19, 5, 255, 187, -0.6802099943161011
19, 6, 246, 189, -0.6803258657455444
19, 7, 364, 194, -0.3843610882759094
19, 8, 240, 206, -0.1776236742734909
19, 9, 323, 247, -0.6562974452972412
19, 10, 269, 247, -0.6007102727890015
19, 11, 452, 356, -0.2211102694272995
19, 12, 181, 356, 0.022806353867053986
19, 13, 575, 489, -0.8132578134536743
19, 14, 42, 458, -0.5501745343208313
19, 15, 465, 297, -1.1796555519104004
19, 16, 108, 216, -1.2471716403961182
19, 17, 451, 214, -1.2698237895965576
19, 18, 113, 145, -1.396347999572754
19, 19, 430, 206, -1.1040878295898438
19, 20, 130, 135, -1.2360358238220215
19, 21, 421, 239, -1.131701946258545
19, 22, 138, 162, -1.2221853733062744
19, 23, 410, 733, -0.13594670593738556
19, 24, 208, 727, 0.14149373769760132
19, 25, 398, 1065, -0.2765655219554901
19, 26, 224, 1059, 0.154608815908432
19, 27, 399, 1351, 0.21334430575370789
19, 28, 228, 1344, 0.45840102434158325
19, 29, 409, 1391, 0.22491344809532166
19, 30, 225, 1382, 0.4777657091617584
19, 31, 364, 1437, -0.4172194004058838
19, 32, 246, 1446, -0.1774452030658722
20, 0, 288, 213, -0.8748949766159058
20, 1, 307, 183, -0.8317621946334839
20, 2, 324, 182, -0.8312914967536926
20, 3, 339, 181, -0.8304824829101562
20, 4, 266, 187, -0.7853456139564514
20, 5, 255, 188, -0.7854430079460144
20, 6, 246, 190, -0.7855353355407715
20, 7, 364, 195, -0.500722348690033
20, 8, 240, 207, -0.27283063530921936
20, 9, 323, 248, -0.7550045251846313
20, 10, 269, 250, -0.6914538145065308
20, 11, 452, 356, -0.32384949922561646
20, 12, 182, 356, -0.0723334550857544
20, 13, 574, 500, -1.1160190105438232
20, 14, 43, 471, -0.7355139851570129
20, 15, 465, 309, -1.786927580833435
20, 16, 109, 251, -1.5657436847686768
20, 17, 451, 223, -1.910435676574707
20, 18, 111, 166, -1.7275266647338867
20, 19, 432, 213, -1.739863395690918
20, 20, 126, 157, -1.5707238912582397
20, 21, 419, 246, -1.7425562143325806
20, 22, 137, 190, -1.5423691272735596
20, 23, 413, 740, -0.13299843668937683
20, 24, 209, 734, 0.13862921297550201
20, 25, 403, 1069, -0.1839764416217804
20, 26, 224, 1065, 0.14423134922981262
20, 27, 406, 1353, 0.4163430631160736
20, 28, 232, 1348, 0.4676089286804199
20, 29, 414, 1393, 0.44082921743392944
20, 30, 229, 1385, 0.48859477043151855
20, 31, 376, 1442, -0.2019934207201004
20, 32, 254, 1450, -0.18328794836997986
21, 0, 294, 217, -0.8707818984985352
21, 1, 313, 185, -0.8250422477722168
21, 2, 328, 184, -0.8245692253112793
21, 3, 340, 183, -0.8238938450813293
21, 4, 271, 189, -0.7807869911193848
21, 5, 259, 190, -0.7807682752609253
21, 6, 248, 192, -0.7808945775032043
21, 7, 364, 196, -0.47250112891197205
21, 8, 240, 207, -0.2770311236381531
21, 9, 324, 250, -0.7537540197372437
21, 10, 270, 255, -0.6901829838752747
21, 11, 452, 360, -0.30826136469841003
21, 12, 182, 359, -0.1133275032043457
21, 13, 568, 505, -1.0780622959136963
21, 14, 50, 499, -0.8465328216552734
21, 15, 464, 319, -1.816282868385315
21, 16, 113, 276, -1.724017858505249
21, 17, 455, 232, -1.9445441961288452
21, 18, 107, 193, -1.8849140405654907
21, 19, 435, 219, -1.7768843173980713
21, 20, 130, 186, -1.7420618534088135
21, 21, 421, 255, -1.7735540866851807
21, 22, 151, 216, -1.7014309167861938
21, 23, 414, 754, -0.11687220633029938
21, 24, 210, 748, 0.12273231893777847
21, 25, 406, 1079, -0.1862035095691681
21, 26, 224, 1073, 0.060784630477428436
21, 27, 407, 1363, 0.38987088203430176
21, 28, 232, 1354, 0.3388370871543884
21, 29, 414, 1405, 0.4107092022895813
21, 30, 229, 1393, 0.3540797829627991
21, 31, 380, 1451, -0.21935398876667023
21, 32, 258, 1455, -0.2957148253917694
22, 0, 296, 220, -0.9830567240715027
22, 1, 316, 188, -0.9267438650131226
22, 2, 330, 187, -0.926262378692627
22, 3, 342, 186, -0.9253500699996948
22, 4, 274, 191, -0.8932698369026184
22, 5, 261, 192, -0.8932802081108093
22, 6, 249, 194, -0.8934334516525269
22, 7, 364, 198, -0.5565967559814453
22, 8, 240, 209, -0.3950154781341553
22, 9, 324, 253, -0.8499429821968079
22, 10, 270, 259, -0.804304301738739
22, 11, 453, 365, -0.3678305447101593
22, 12, 182, 363, -0.22291037440299988
22, 13, 569, 576, -1.1804523468017578
22, 14, 52, 522, -0.947623074054718
22, 15, 463, 327, -1.9009015560150146
22, 16, 116, 288, -1.8215004205703735
22, 17, 456, 242, -2.032256841659546
22, 18, 105, 201, -1.9908033609390259
22, 19, 435, 230, -1.8711650371551514
22, 20, 131, 196, -1.850033164024353
22, 21, 422, 263, -1.8619613647460938
22, 22, 155, 226, -1.8033158779144287
22, 23, 416, 764, -0.10857231914997101
22, 24, 210, 758, 0.11466705799102783
22, 25, 407, 1085, -0.23684506118297577
22, 26, 224, 1080, 7.795095007168129e-05
22, 27, 407, 1376, 0.280268132686615
22, 28, 232, 1366, 0.21861925721168518
22, 29, 414, 1421, 0.29598844051361084
22, 30, 228, 1410, 0.22784098982810974
22, 31, 379, 1463, -0.35031893849372864
22, 32, 257, 1464, -0.4360109269618988
23, 0, 296, 222, -0.9572588205337524
23, 1, 317, 190, -0.8926644325256348
23, 2, 331, 189, -0.8923958539962769
23, 3, 342, 189, -0.8916579484939575
23, 4, 275, 193, -0.8630379438400269
23, 5, 262, 195, -0.8629316091537476
23, 6, 250, 196, -0.8632515668869019
23, 7, 364, 202, -0.5195953249931335
23, 8, 240, 212, -0.36463630199432373
23, 9, 324, 258, -0.8224493861198425
23, 10, 270, 262, -0.78183913230896
23, 11, 452, 368, -0.338358610868454
23, 12, 182, 365, -0.18513880670070648
23, 13, 563, 573, -1.1175882816314697
23, 14, 56, 526, -0.8323199152946472
23, 15, 454, 329, -1.8014106750488281
23, 16, 115, 294, -1.6893724203109741
23, 17, 453, 247, -1.9295727014541626
23, 18, 103, 202, -1.8496301174163818
23, 19, 434, 234, -1.7573741674423218
23, 20, 129, 193, -1.7207725048065186
23, 21, 418, 267, -1.7574619054794312
23, 22, 151, 226, -1.6755765676498413
23, 23, 416, 769, -0.11120034754276276
23, 24, 211, 763, 0.11730283498764038
23, 25, 408, 1089, -0.2376493513584137
23, 26, 224, 1085, 0.1440134048461914
23, 27, 408, 1379, 0.29161936044692993
23, 28, 232, 1370, 0.46173936128616333
23, 29, 415, 1423, 0.3077866733074188
23, 30, 228, 1412, 0.48303332924842834
23, 31, 382, 1466, -0.3351598381996155
23, 32, 257, 1467, -0.17580045759677887
24, 0, 296, 222, -0.9310945272445679
24, 1, 317, 190, -0.8725425004959106
24, 2, 331, 189, -0.8722154498100281
24, 3, 342, 189, -0.8714437484741211
24, 4, 276, 193, -0.839016318321228
24, 5, 263, 195, -0.8388475179672241
24, 6, 251, 197, -0.839072048664093
24, 7, 364, 203, -0.5229458808898926
24, 8, 243, 213, -0.3424544632434845
24, 9, 324, 258, -0.8008306622505188
24, 10, 270, 263, -0.7568427324295044
24, 11, 455, 365, -0.3575001657009125
24, 12, 183, 365, -0.1684396117925644
24, 13, 564, 597, -1.1148430109024048
24, 14, 59, 526, -0.784987211227417
24, 15, 445, 332, -1.7812986373901367
24, 16, 114, 295, -1.6238349676132202
24, 17, 436, 253, -1.9081029891967773
24, 18, 107, 209, -1.7858985662460327
24, 19, 423, 241, -1.7435280084609985
24, 20, 130, 197, -1.6571848392486572
24, 21, 412, 271, -1.738952875137329
24, 22, 149, 226, -1.610369086265564
24, 23, 416, 767, -0.11560223996639252
24, 24, 212, 762, 0.1216907650232315
24, 25, 411, 1086, -0.23422808945178986
24, 26, 226, 1084, 0.178585022687912
24, 27, 412, 1373, 0.2946086525917053
24, 28, 233, 1367, 0.5129262208938599
24, 29, 419, 1416, 0.3096481263637543
24, 30, 229, 1410, 0.5371211767196655
24, 31, 383, 1464, -0.32679885625839233
24, 32, 256, 1463, -0.11884603649377823
25, 0, 295, 222, -0.9272177815437317
25, 1, 315, 190, -0.8785383105278015
25, 2, 329, 189, -0.8781960606575012
25, 3, 340, 189, -0.8773897290229797
25, 4, 276, 193, -0.834499180316925
25, 5, 263, 194, -0.8343831896781921
25, 6, 251, 196, -0.8344978094100952
25, 7, 363, 203, -0.5358083844184875
25, 8, 244, 212, -0.34184548258781433
25, 9, 321, 257, -0.799982488155365
25, 10, 270, 262, -0.7452941536903381
25, 11, 455, 353, -0.3676273226737976
25, 12, 186, 366, -0.10844837129116058
25, 13, 564, 618, -1.1487548351287842
25, 14, 50, 542, -0.7281853556632996
25, 15, 442, 347, -1.8627058267593384
25, 16, 113, 306, -1.6052935123443604
25, 17, 428, 276, -1.9960448741912842
25, 18, 108, 220, -1.7698965072631836
25, 19, 416, 256, -1.8264696598052979
25, 20, 134, 209, -1.6401684284210205
25, 21, 406, 285, -1.8176634311676025
25, 22, 149, 237, -1.5923011302947998
25, 23, 417, 765, -0.13250263035297394
25, 24, 214, 761, 0.1380312293767929
25, 25, 410, 1087, -0.12963996827602386
25, 26, 227, 1083, 0.18323048949241638
25, 27, 412, 1373, 0.5180840492248535
25, 28, 235, 1367, 0.5636957883834839
25, 29, 419, 1415, 0.5467953085899353
25, 30, 233, 1409, 0.5911941528320312
25, 31, 382, 1464, -0.11007537692785263
25, 32, 256, 1463, -0.07781188935041428
26, 0, 295, 219, -1.0028116703033447
26, 1, 315, 188, -0.965411365032196
26, 2, 328, 187, -0.9651269912719727
26, 3, 340, 187, -0.9642372131347656
26, 4, 276, 189, -0.9171442985534668
26, 5, 264, 190, -0.9170230031013489
26, 6, 252, 191, -0.9171597361564636
26, 7, 362, 201, -0.6314785480499268
26, 8, 244, 208, -0.40184131264686584
26, 9, 321, 253, -0.8754774332046509
26, 10, 270, 255, -0.8111296892166138
26, 11, 461, 344, -0.4316447377204895
26, 12, 186, 364, -0.14486457407474518
26, 13, 559, 633, -1.1494122743606567
26, 14, 64, 589, -0.7101350426673889
26, 15, 439, 379, -1.8737684488296509
26, 16, 107, 357, -1.6532493829727173
26, 17, 409, 314, -1.9997752904891968
26, 18, 93, 267, -1.8211965560913086
26, 19, 406, 282, -1.848895788192749
26, 20, 120, 244, -1.7227274179458618
26, 21, 398, 307, -1.8341057300567627
26, 22, 127, 271, -1.6506837606430054
26, 23, 418, 758, -0.12982326745986938
26, 24, 215, 754, 0.13536323606967926
26, 25, 411, 1086, -0.1498352438211441
26, 26, 228, 1079, 0.04528232663869858
26, 27, 415, 1372, 0.44812750816345215
26, 28, 239, 1365, 0.38640642166137695
26, 29, 423, 1414, 0.47135934233665466
26, 30, 238, 1408, 0.4059182107448578
26, 31, 383, 1461, -0.17370322346687317
26, 32, 260, 1460, -0.2781776189804077
27, 0, 295, 217, -1.0771687030792236
27, 1, 315, 187, -1.0417472124099731
27, 2, 328, 186, -1.041580080986023
27, 3, 340, 186, -1.0409181118011475
27, 4, 276, 187, -1.0165774822235107
27, 5, 264, 187, -1.0161606073379517
27, 6, 252, 188, -1.0163452625274658
27, 7, 361, 198, -0.6648685336112976
27, 8, 244, 205, -0.5403819680213928
27, 9, 321, 251, -0.9273360371589661
27, 10, 271, 251, -0.892355740070343
27, 11, 461, 341, -0.3996586203575134
27, 12, 176, 350, -0.22914870083332062
27, 13, 524, 623, -0.9737359881401062
27, 14, 64, 583, -0.7391729950904846
27, 15, 439, 416, -1.8409630060195923
27, 16, 107, 397, -1.6886144876480103
27, 17, 417, 355, -1.9650081396102905
27, 18, 130, 333, -1.8417761325836182
27, 19, 410, 323, -1.7635856866836548
27, 20, 149, 298, -1.7499736547470093
27, 21, 400, 344, -1.764028549194336
27, 22, 156, 319, -1.6804993152618408
27, 23, 409, 731, -0.10896153748035431
27, 24, 208, 724, 0.114382304251194
27, 25, 392, 1060, -0.21364355087280273
27, 26, 208, 1050, -0.029147813096642494
27, 27, 388, 1348, 0.3017413020133972
27, 28, 218, 1337, 0.22854411602020264
27, 29, 394, 1389, 0.3162575364112854
27, 30, 216, 1377, 0.2369614541530609
27, 31, 356, 1433, -0.33941754698753357
27, 32, 242, 1432, -0.4378964900970459
28, 0, 295, 217, -1.0202772617340088
28, 1, 315, 186, -0.9767266511917114
28, 2, 328, 186, -0.97645103931427
28, 3, 340, 186, -0.9757519960403442
28, 4, 276, 187, -0.9450395703315735
28, 5, 264, 187, -0.944785475730896
28, 6, 253, 188, -0.9449208974838257
28, 7, 361, 199, -0.653473436832428
28, 8, 244, 205, -0.484137624502182
28, 9, 321, 250, -0.8878749012947083
28, 10, 272, 250, -0.8449966311454773
28, 11, 460, 344, -0.35820409655570984
28, 12, 180, 350, -0.15833371877670288
28, 13, 497, 625, -0.9969092607498169
28, 14, 63, 572, -0.7393511533737183
28, 15, 439, 439, -1.9552266597747803
28, 16, 87, 406, -1.8260141611099243
28, 17, 422, 392, -2.1144168376922607
28, 18, 78, 335, -2.0126843452453613
28, 19, 412, 361, -2.0258283615112305
28, 20, 106, 306, -1.940382957458496
28, 21, 405, 376, -1.9464623928070068
28, 22, 105, 333, -1.8347495794296265
28, 23, 408, 735, -0.10241951048374176
28, 24, 208, 726, 0.10818915069103241
28, 25, 392, 1062, -0.21769312024116516
28, 26, 209, 1052, -0.04370439797639847
28, 27, 390, 1348, 0.30165961384773254
28, 28, 219, 1337, 0.22107389569282532
28, 29, 396, 1390, 0.31551361083984375
28, 30, 216, 1376, 0.22886240482330322
28, 31, 358, 1428, -0.3503050208091736
28, 32, 243, 1430, -0.46182259917259216
29, 0, 295, 217, -0.8133645057678223
29, 1, 315, 186, -0.7555522918701172
29, 2, 328, 186, -0.7557883262634277
29, 3, 340, 186, -0.7553583383560181
29, 4, 276, 187, -0.7341233491897583
29, 5, 264, 187, -0.7337198853492737
29, 6, 253, 188, -0.7342777848243713
29, 7, 361, 199, -0.3431702256202698
29, 8, 243, 205, -0.2381647378206253
29, 9, 321, 250, -0.6575957536697388
29, 10, 273, 250, -0.6295569539070129
29, 11, 460, 352, -0.12788555026054382
29, 12, 179, 351, -0.031175335869193077
29, 13, 498, 617, -0.7942955493927002
29, 14, 82, 499, -0.6884803175926208
29, 15, 433, 470, -1.7833070755004883
29, 16, 87, 420, -1.8046092987060547
29, 17, 407, 427, -1.9979259967803955
29, 18, 78, 367, -1.999839186668396
29, 19, 407, 399, -1.8682451248168945
29, 20, 98, 342, -1.9442037343978882
29, 21, 403, 409, -1.8548471927642822
29, 22, 103, 363, -1.8185150623321533
29, 23, 404, 736, -0.06566587090492249
29, 24, 204, 728, 0.07131260633468628
29, 25, 388, 1057, -0.2238467037677765
29, 26, 199, 1043, -0.1989617943763733
29, 27, 387, 1340, 0.19560909271240234
29, 28, 206, 1327, -0.02779443934559822
29, 29, 393, 1383, 0.1976446509361267
29, 30, 204, 1367, -0.033123575150966644
29, 31, 352, 1422, -0.45807456970214844
29, 32, 231, 1418, -0.7190290689468384
30, 0, 295, 217, -0.9236229062080383
30, 1, 315, 187, -0.8598254919052124
30, 2, 328, 186, -0.860547661781311
30, 3, 340, 186, -0.8606101274490356
30, 4, 276, 189, -0.8496226072311401
30, 5, 264, 189, -0.8494942784309387
30, 6, 253, 190, -0.8500601649284363
30, 7, 361, 199, -0.3955923020839691
30, 8, 243, 206, -0.3302232325077057
30, 9, 322, 250, -0.7447780966758728
30, 10, 274, 251, -0.732414960861206
30, 11, 460, 359, -0.18204978108406067
30, 12, 177, 359, -0.0850706622004509
30, 13, 526, 612, -0.5055596232414246
30, 14, 67, 546, -0.6599876284599304
30, 15, 488, 622, -1.204725742340088
30, 16, 71, 432, -1.842656135559082
30, 17, 478, 643, -1.3404687643051147
30, 18, 65, 388, -2.058713674545288
30, 19, 462, 612, -1.3489307165145874
30, 20, 86, 373, -2.0279526710510254
30, 21, 456, 607, -1.234617829322815
30, 22, 99, 385, -1.8648240566253662
30, 23, 405, 743, -0.06331098824739456
30, 24, 205, 739, 0.06856861710548401
30, 25, 392, 1065, -0.1982027292251587
30, 26, 200, 1058, -0.10751219838857651
30, 27, 393, 1354, 0.29173049330711365
30, 28, 213, 1343, 0.14817951619625092
30, 29, 399, 1397, 0.2937908172607422
30, 30, 214, 1381, 0.1543538123369217
30, 31, 364, 1432, -0.40627485513687134
30, 32, 240, 1436, -0.5417506098747253
31, 0, 296, 217, -0.8993768692016602
31, 1, 315, 187, -0.8303869962692261
31, 2, 328, 186, -0.830950140953064
31, 3, 340, 187, -0.8309515118598938
31, 4, 276, 189, -0.8302712440490723
31, 5, 264, 189, -0.82989501953125
31, 6, 253, 190, -0.8304200172424316
31, 7, 361, 200, -0.36465170979499817
31, 8, 243, 206, -0.3306940197944641
31, 9, 323, 250, -0.7222727537155151
31, 10, 274, 251, -0.7182623147964478
31, 11, 453, 361, -0.08950993418693542
31, 12, 168, 363, -0.0896712988615036
31, 13, 527, 597, -0.47506389021873474
31, 14, 58, 553, -0.5863763689994812
31, 15, 480, 564, -1.300243616104126
31, 16, 71, 488, -1.778853416442871
31, 17, 469, 567, -1.4643137454986572
31, 18, 77, 478, -1.9772167205810547
31, 19, 452, 493, -1.4465086460113525
31, 20, 92, 432, -1.9519437551498413
31, 21, 453, 490, -1.3206291198730469
31, 22, 103, 441, -1.7922561168670654
31, 23, 390, 743, -0.06190543249249458
31, 24, 194, 738, 0.06736858189105988
31, 25, 372, 1063, -0.19102776050567627
31, 26, 184, 1054, -0.0809788852930069
31, 27, 361, 1351, 0.2961793541908264
31, 28, 186, 1339, 0.17478832602500916
31, 29, 366, 1394, 0.3011089861392975
31, 30, 184, 1377, 0.17958000302314758
31, 31, 328, 1431, -0.37795838713645935
31, 32, 210, 1432, -0.5256078839302063
32, 0, 296, 217, -0.9844048619270325
32, 1, 315, 187, -0.9195768237113953
32, 2, 329, 186, -0.9201253652572632
32, 3, 340, 186, -0.9203268885612488
32, 4, 276, 189, -0.9097791910171509
32, 5, 264, 189, -0.9092693328857422
32, 6, 254, 191, -0.9096876382827759
32, 7, 361, 200, -0.44974637031555176
32, 8, 243, 206, -0.3983709216117859
32, 9, 324, 250, -0.8143386840820312
32, 10, 275, 251, -0.7981165647506714
32, 11, 454, 363, -0.1255674958229065
32, 12, 169, 366, -0.1681622862815857
32, 13, 526, 593, -0.293854296207428
32, 14, 91, 515, -0.5552851557731628
32, 15, 527, 734, -0.7598845362663269
32, 16, 55, 531, -1.7738065719604492
32, 17, 543, 787, -0.8767364621162415
32, 18, 39, 535, -1.9481866359710693
32, 19, 518, 775, -0.9755449295043945
32, 20, 47, 481, -1.9875227212905884
32, 21, 504, 756, -0.8199394345283508
32, 22, 74, 478, -1.7780570983886719
32, 23, 390, 742, -0.05892377346754074
32, 24, 198, 737, 0.06408826261758804
32, 25, 374, 1061, -0.15980228781700134
32, 26, 190, 1052, -0.06450487673282623
32, 27, 369, 1348, 0.3845491409301758
32, 28, 187, 1335, 0.24820220470428467
32, 29, 374, 1391, 0.39206159114837646
32, 30, 188, 1374, 0.2561037540435791
32, 31, 336, 1426, -0.3098342716693878
32, 32, 215, 1425, -0.5059665441513062
33, 0, 296, 216, -0.9724506139755249
33, 1, 315, 185, -0.9113534688949585
33, 2, 329, 184, -0.9117195010185242
33, 3, 340, 184, -0.9118084907531738
33, 4, 276, 188, -0.8990023732185364
33, 5, 264, 189, -0.8984883427619934
33, 6, 254, 190, -0.8988891839981079
33, 7, 361, 199, -0.48517948389053345
33, 8, 243, 206, -0.4292503893375397
33, 9, 324, 249, -0.8091946840286255
33, 10, 275, 251, -0.7879501581192017
33, 11, 455, 363, -0.1721228063106537
33, 12, 170, 367, -0.2444741427898407
33, 13, 527, 584, -0.0991736501455307
33, 14, 118, 538, -0.12726739048957825
33, 15, 526, 732, -0.3502865731716156
33, 16, 75, 703, -0.5508464574813843
33, 17, 536, 784, -0.42927026748657227
33, 18, 60, 746, -0.6742729544639587
33, 19, 513, 778, -0.5166259407997131
33, 20, 80, 743, -0.7755125761032104
33, 21, 502, 757, -0.4010562002658844
33, 22, 101, 723, -0.6101298332214355
33, 23, 402, 742, -0.058773260563611984
33, 24, 213, 738, 0.06359142810106277
33, 25, 389, 1058, -0.11262693256139755
33, 26, 208, 1050, -0.019668860360980034
33, 27, 385, 1341, 0.4803036153316498
33, 28, 213, 1332, 0.3693877160549164
33, 29, 389, 1385, 0.502544641494751
33, 30, 216, 1372, 0.3879200518131256
33, 31, 355, 1423, -0.12060817331075668
33, 32, 241, 1419, -0.28600195050239563
34, 0, 296, 214, -0.9190823435783386
34, 1, 315, 183, -0.8681243062019348
34, 2, 329, 182, -0.8684026002883911
34, 3, 340, 182, -0.8688299059867859
34, 4, 276, 186, -0.868058979511261
34, 5, 264, 188, -0.8674390912055969
34, 6, 254, 190, -0.8679424524307251
34, 7, 360, 198, -0.4788230359554291
34, 8, 243, 206, -0.42199891805648804
34, 9, 325, 246, -0.7698652744293213
34, 10, 276, 249, -0.7606764435768127
34, 11, 455, 364, -0.17154452204704285
34, 12, 170, 369, -0.277893602848053
34, 13, 528, 583, -0.05691349506378174
34, 14, 124, 549, -0.13297903537750244
34, 15, 522, 737, -0.2908232808113098
34, 16, 86, 715, -0.49915894865989685
34, 17, 531, 789, -0.3652712404727936
34, 18, 74, 758, -0.6150299310684204
34, 19, 508, 783, -0.4455040991306305
34, 20, 99, 757, -0.7100857496261597
34, 21, 499, 762, -0.33905306458473206
34, 22, 117, 737, -0.5550826787948608
34, 23, 407, 742, -0.04387928545475006
34, 24, 218, 738, 0.04824989289045334
34, 25, 395, 1056, -0.10385134071111679
34, 26, 215, 1049, -0.021078046411275864
34, 27, 390, 1339, 0.4612506330013275
34, 28, 221, 1331, 0.3412123918533325
34, 29, 394, 1383, 0.48155707120895386
34, 30, 224, 1372, 0.35647064447402954
34, 31, 364, 1422, -0.1187451034784317
34, 32, 249, 1417, -0.3029789626598358
35, 0, 296, 211, -0.9180204272270203
35, 1, 315, 180, -0.8678803443908691
35, 2, 329, 179, -0.8681293725967407
35, 3, 340, 179, -0.8685175776481628
35, 4, 276, 185, -0.8675781488418579
35, 5, 264, 186, -0.8670144081115723
35, 6, 254, 189, -0.8674893379211426
35, 7, 360, 196, -0.4809718132019043
35, 8, 243, 206, -0.42439770698547363
35, 9, 325, 243, -0.7696958780288696
35, 10, 276, 247, -0.760381817817688
35, 11, 456, 365, -0.18219822645187378
35, 12, 171, 370, -0.2766532301902771
35, 13, 528, 583, -0.09814760833978653
35, 14, 123, 553, -0.14018361270427704
35, 15, 520, 738, -0.36221787333488464
35, 16, 98, 704, -0.5489621162414551
35, 17, 527, 790, -0.44288724660873413
35, 18, 78, 754, -0.6725852489471436
35, 19, 504, 784, -0.5204050540924072
35, 20, 104, 753, -0.7652282118797302
35, 21, 494, 763, -0.4101565480232239
35, 22, 121, 734, -0.6060752272605896
35, 23, 409, 742, -0.04395584762096405
35, 24, 219, 738, 0.04848545044660568
35, 25, 396, 1056, -0.11164133250713348
35, 26, 216, 1048, -0.020411791279911995
35, 27, 392, 1338, 0.4501846432685852
35, 28, 224, 1330, 0.33531099557876587
35, 29, 396, 1382, 0.47063153982162476
35, 30, 226, 1373, 0.35008037090301514
35, 31, 365, 1422, -0.1362738460302353
35, 32, 250, 1416, -0.30538299679756165
36, 0, 296, 208, -1.0023081302642822
36, 1, 315, 178, -0.9506453275680542
36, 2, 328, 177, -0.9509145021438599
36, 3, 340, 176, -0.9512776136398315
36, 4, 276, 183, -0.9434784650802612
36, 5, 264, 185, -0.9428693652153015
36, 6, 254, 187, -0.9433186650276184
36, 7, 360, 194, -0.5436222553253174
36, 8, 243, 206, -0.47731757164001465
36, 9, 326, 241, -0.8445317149162292
36, 10, 276, 244, -0.8276658058166504
36, 11, 457, 365, -0.21296246349811554
36, 12, 171, 370, -0.2894853353500366
36, 13, 528, 582, -0.13360708951950073
36, 14, 124, 553, -0.14229527115821838
36, 15, 519, 738, -0.43775540590286255
36, 16, 105, 700, -0.5989568829536438
36, 17, 528, 791, -0.5304089784622192
36, 18, 82, 751, -0.735365629196167
36, 19, 504, 786, -0.6202889680862427
36, 20, 108, 750, -0.8366819620132446
36, 21, 494, 764, -0.4913748800754547
36, 22, 124, 730, -0.6613699197769165
36, 23, 410, 742, -0.04730631038546562
36, 24, 220, 738, 0.05198674649000168
36, 25, 396, 1055, -0.0970839112997055
36, 26, 217, 1048, 0.004007337149232626
36, 27, 392, 1337, 0.5105804204940796
36, 28, 224, 1329, 0.41070595383644104
36, 29, 396, 1381, 0.5351499319076538
36, 30, 226, 1372, 0.43004050850868225
36, 31, 364, 1421, -0.0974663645029068
36, 32, 250, 1416, -0.24765662848949432
37, 0, 296, 206, -1.0315773487091064
37, 1, 314, 177, -0.9803762435913086
37, 2, 328, 176, -0.9806337356567383
37, 3, 340, 175, -0.980930507183075
37, 4, 274, 182, -0.9667836427688599
37, 5, 263, 184, -0.9661795496940613
37, 6, 254, 186, -0.9666197896003723
37, 7, 360, 193, -0.5716131329536438
37, 8, 242, 205, -0.482170432806015
37, 9, 326, 239, -0.8740777969360352
37, 10, 275, 242, -0.8492136001586914
37, 11, 458, 364, -0.253603458404541
37, 12, 171, 370, -0.2736794352531433
37, 13, 529, 579, -0.16183672845363617
37, 14, 124, 553, -0.1053977981209755
37, 15, 525, 736, -0.46593230962753296
37, 16, 106, 700, -0.5629884004592896
37, 17, 537, 788, -0.5607086420059204
37, 18, 84, 750, -0.6975182294845581
37, 19, 513, 783, -0.6551539897918701
37, 20, 110, 748, -0.8061016201972961
37, 21, 502, 762, -0.5211060047149658
37, 22, 125, 729, -0.6289538145065308
37, 23, 411, 741, -0.05266193300485611
37, 24, 221, 738, 0.05713701248168945
37, 25, 398, 1055, -0.09592558443546295
37, 26, 218, 1047, 0.025907859206199646
37, 27, 393, 1336, 0.5278514623641968
37, 28, 225, 1329, 0.4536969065666199
37, 29, 397, 1380, 0.5525727272033691
37, 30, 228, 1372, 0.4749686121940613
37, 31, 364, 1420, -0.09805478900671005
37, 32, 250, 1415, -0.21768872439861298
38, 0, 295, 202, -1.0436681509017944
38, 1, 313, 174, -0.9902564883232117
38, 2, 327, 173, -0.9905353784561157
38, 3, 339, 173, -0.9908072352409363
38, 4, 274, 179, -0.9767438173294067
38, 5, 263, 182, -0.9762175679206848
38, 6, 254, 184, -0.976690411567688
38, 7, 359, 191, -0.5842782855033875
38, 8, 242, 204, -0.49591144919395447
38, 9, 326, 235, -0.888769805431366
38, 10, 275, 238, -0.8640532493591309
38, 11, 458, 364, -0.2717455327510834
38, 12, 171, 370, -0.2865464985370636
38, 13, 529, 578, -0.15892110764980316
38, 14, 122, 556, -0.10824022442102432
38, 15, 531, 738, -0.4512924551963806
38, 16, 102, 712, -0.5361820459365845
38, 17, 545, 791, -0.5431315302848816
38, 18, 85, 755, -0.6662982702255249
38, 19, 520, 787, -0.6393364667892456
38, 20, 110, 752, -0.7760147452354431
38, 21, 509, 766, -0.5068276524543762
38, 22, 125, 733, -0.6014026999473572
38, 23, 414, 741, -0.05286548286676407
38, 24, 223, 738, 0.0575907900929451
38, 25, 400, 1055, -0.08914902806282043
38, 26, 219, 1047, 0.03131558746099472
38, 27, 396, 1337, 0.5466479063034058
38, 28, 226, 1329, 0.4670206606388092
38, 29, 400, 1381, 0.5718897581100464
38, 30, 229, 1372, 0.4888215661048889
38, 31, 366, 1420, -0.07906274497509003
38, 32, 251, 1415, -0.2022811472415924
39, 0, 295, 197, -1.0444754362106323
39, 1, 312, 171, -0.9895873069763184
39, 2, 326, 170, -0.9898565411567688
39, 3, 339, 170, -0.9900814294815063
39, 4, 274, 177, -0.97669917345047
39, 5, 263, 179, -0.976214587688446
39, 6, 254, 181, -0.9767090082168579
39, 7, 359, 189, -0.5874242782592773
39, 8, 242, 202, -0.5036351680755615
39, 9, 326, 231, -0.891843318939209
39, 10, 275, 234, -0.8683881759643555
39, 11, 458, 364, -0.2796526849269867
39, 12, 171, 370, -0.30059099197387695
39, 13, 530, 578, -0.16963204741477966
39, 14, 122, 558, -0.11610104143619537
39, 15, 529, 741, -0.46650639176368713
39, 16, 99, 716, -0.521085798740387
39, 17, 541, 793, -0.5586602091789246
39, 18, 86, 756, -0.6489554047584534
39, 19, 516, 790, -0.6507946252822876
39, 20, 111, 755, -0.7563965320587158
39, 21, 505, 768, -0.5207158923149109
39, 22, 125, 735, -0.5848388075828552
39, 23, 415, 741, -0.05423232913017273
39, 24, 224, 738, 0.058984220027923584
39, 25, 402, 1055, -0.09649042785167694
39, 26, 221, 1048, 0.026222366839647293
39, 27, 398, 1337, 0.5218784213066101
39, 28, 228, 1329, 0.4385872483253479
39, 29, 402, 1381, 0.5458912253379822
39, 30, 231, 1372, 0.45784878730773926
39, 31, 367, 1420, -0.10001631826162338
39, 32, 252, 1416, -0.22551175951957703
40, 0, 295, 196, -1.0307282209396362
40, 1, 312, 170, -0.976058304309845
40, 2, 326, 169, -0.9763128161430359
40, 3, 339, 169, -0.9765135645866394
40, 4, 273, 176, -0.9632455706596375
40, 5, 263, 178, -0.9627580642700195
40, 6, 253, 180, -0.9632452130317688
40, 7, 359, 188, -0.5761682391166687
40, 8, 242, 202, -0.49517005681991577
40, 9, 325, 230, -0.87896329164505
40, 10, 275, 232, -0.8560651540756226
40, 11, 458, 365, -0.2742519676685333
40, 12, 172, 370, -0.2985934019088745
40, 13, 530, 578, -0.16954585909843445
40, 14, 120, 558, -0.1140005812048912
40, 15, 526, 741, -0.47260746359825134
40, 16, 99, 708, -0.5008143186569214
40, 17, 536, 794, -0.564649224281311
40, 18, 85, 756, -0.6250528693199158
40, 19, 512, 791, -0.6532130241394043
40, 20, 109, 756, -0.7330236434936523
40, 21, 501, 768, -0.52544105052948
40, 22, 123, 737, -0.5643854141235352
40, 23, 415, 741, -0.053958456963300705
40, 24, 223, 738, 0.058652110397815704
40, 25, 401, 1056, -0.10161371529102325
40, 26, 221, 1048, 0.016786519438028336
40, 27, 398, 1337, 0.504234790802002
40, 28, 228, 1329, 0.42373281717300415
40, 29, 402, 1381, 0.5289322137832642
40, 30, 230, 1372, 0.4390980303287506
40, 31, 367, 1420, -0.1055196076631546
40, 32, 251, 1416, -0.2304886132478714
41, 0, 294, 195, -1.0298049449920654
41, 1, 311, 170, -0.9758094549179077
41, 2, 326, 169, -0.9760820269584656
41, 3, 338, 169, -0.9763152003288269
41, 4, 273, 175, -0.9623573422431946
41, 5, 263, 177, -0.9618563652038574
41, 6, 253, 179, -0.9623638987541199
41, 7, 358, 188, -0.5792332887649536
41, 8, 242, 201, -0.49412670731544495
41, 9, 325, 230, -0.8789270520210266
41, 10, 275, 232, -0.8550077676773071
41, 11, 458, 365, -0.27858299016952515
41, 12, 172, 370, -0.2942160367965698
41, 13, 530, 578, -0.17614585161209106
41, 14, 119, 558, -0.103890560567379
41, 15, 524, 742, -0.47575122117996216
41, 16, 100, 706, -0.4902975559234619
41, 17, 535, 795, -0.5670828223228455
41, 18, 84, 755, -0.6143050789833069
41, 19, 510, 792, -0.6570302248001099
41, 20, 108, 755, -0.7224787473678589
41, 21, 499, 769, -0.5288751721382141
41, 22, 122, 736, -0.5541442036628723
41, 23, 415, 741, -0.05441652983427048
41, 24, 223, 738, 0.059156786650419235
41, 25, 400, 1056, -0.1020132303237915
41, 26, 220, 1048, 0.015400869771838188
41, 27, 397, 1337, 0.4945119321346283
41, 28, 227, 1329, 0.4124228358268738
41, 29, 401, 1381, 0.5175146460533142
41, 30, 229, 1372, 0.42846933007240295
41, 31, 365, 1420, -0.12011256068944931
41, 32, 249, 1415, -0.24456579983234406
