0, 0, 386, 119, -0.9906567335128784
0, 1, 406, 93, -0.937678337097168
0, 2, 418, 93, -0.9379199743270874
0, 3, 428, 94, -0.937977135181427
0, 4, 371, 92, -0.9262630343437195
0, 5, 360, 92, -0.9256500005722046
0, 6, 350, 93, -0.9264106750488281
0, 7, 450, 110, -0.5495377779006958
0, 8, 344, 106, -0.4699922502040863
0, 9, 408, 150, -0.8390294313430786
0, 10, 365, 153, -0.8189243078231812
0, 11, 568, 260, -0.3047885596752167
0, 12, 262, 279, -0.21381530165672302
0, 13, 676, 467, -0.5295557379722595
0, 14, 179, 449, -0.2849265933036804
0, 15, 604, 538, -1.1068040132522583
0, 16, 153, 610, -0.9812939763069153
0, 17, 600, 578, -1.2514175176620483
0, 18, 138, 670, -1.1409192085266113
0, 19, 565, 559, -1.2514967918395996
0, 20, 172, 648, -1.2141618728637695
0, 21, 560, 546, -1.129609227180481
0, 22, 183, 628, -1.03618586063385
0, 23, 514, 661, -0.09384123980998993
0, 24, 300, 659, 0.10043661296367645
0, 25, 503, 972, -0.07992380112409592
0, 26, 302, 965, 0.08089163899421692
0, 27, 494, 1246, 0.5931284427642822
0, 28, 295, 1248, 0.541601836681366
0, 29, 500, 1296, 0.6247831583023071
0, 30, 292, 1300, 0.5682071447372437
0, 31, 451, 1344, -0.042656075209379196
0, 32, 327, 1346, -0.13160620629787445
1, 0, 387, 119, -1.3288142681121826
1, 1, 407, 90, -1.2673579454421997
1, 2, 419, 90, -1.2676230669021606
1, 3, 429, 91, -1.2675814628601074
1, 4, 372, 91, -1.2536334991455078
1, 5, 361, 91, -1.2534325122833252
1, 6, 351, 91, -1.25425386428833
1, 7, 450, 105, -0.7937292456626892
1, 8, 345, 105, -0.7069156169891357
1, 9, 410, 150, -1.1420204639434814
1, 10, 366, 153, -1.1188603639602661
1, 11, 572, 259, -0.44284504652023315
1, 12, 262, 276, -0.3165000379085541
1, 13, 697, 463, -0.8985064625740051
1, 14, 176, 446, -0.34506914019584656
1, 15, 561, 457, -1.7528722286224365
1, 16, 150, 603, -1.064942717552185
1, 17, 525, 471, -1.9502719640731812
1, 18, 135, 661, -1.2380577325820923
1, 19, 498, 438, -1.9019813537597656
1, 20, 167, 637, -1.3244595527648926
1, 21, 479, 419, -1.7583205699920654
1, 22, 178, 619, -1.1234759092330933
1, 23, 518, 662, -0.09344588220119476
1, 24, 306, 660, 0.09987357258796692
1, 25, 510, 978, -0.20193207263946533
1, 26, 313, 968, -0.21187841892242432
1, 27, 510, 1268, 0.3268137276172638
1, 28, 309, 1266, 0.10968738794326782
1, 29, 516, 1315, 0.33934396505355835
1, 30, 307, 1318, 0.11841952800750732
1, 31, 467, 1369, -0.3917398452758789
1, 32, 338, 1364, -0.6403554677963257
2, 0, 387, 118, -1.10219144821167
2, 1, 407, 88, -1.0199233293533325
2, 2, 420, 87, -1.019914150238037
2, 3, 430, 87, -1.0189992189407349
2, 4, 372, 88, -1.0112571716308594
2, 5, 361, 88, -1.0112712383270264
2, 6, 351, 89, -1.011946439743042
2, 7, 451, 100, -0.5366487503051758
2, 8, 345, 103, -0.4868055284023285
2, 9, 411, 148, -0.9103419184684753
2, 10, 366, 152, -0.9011122584342957
2, 11, 572, 257, -0.27182871103286743
2, 12, 265, 274, -0.20925195515155792
2, 13, 661, 456, -0.9183076620101929
2, 14, 172, 446, -0.6121989488601685
2, 15, 446, 373, -1.7501271963119507
2, 16, 172, 492, -1.6237545013427734
2, 17, 385, 362, -1.9322474002838135
2, 18, 192, 483, -1.8370981216430664
2, 19, 377, 333, -1.8107948303222656
2, 20, 206, 447, -1.8103349208831787
2, 21, 394, 336, -1.7224700450897217
2, 22, 208, 445, -1.6424108743667603
2, 23, 516, 665, -0.04317871481180191
2, 24, 299, 662, 0.04852580279111862
2, 25, 506, 985, -0.049256276339292526
2, 26, 310, 969, -0.3379053473472595
2, 27, 509, 1273, 0.4242326319217682
2, 28, 308, 1266, 0.038829054683446884
2, 29, 515, 1319, 0.45642104744911194
2, 30, 306, 1318, 0.05339968949556351
2, 31, 466, 1375, -0.24253487586975098
2, 32, 337, 1362, -0.7132053375244141
3, 0, 387, 116, -1.0258702039718628
3, 1, 408, 85, -0.947880744934082
3, 2, 420, 85, -0.9481515884399414
3, 3, 430, 85, -0.9473754167556763
3, 4, 372, 85, -0.9356778860092163
3, 5, 361, 85, -0.9352701306343079
3, 6, 351, 85, -0.9361608624458313
3, 7, 451, 97, -0.45491284132003784
3, 8, 344, 100, -0.37809064984321594
3, 9, 411, 146, -0.8318927884101868
3, 10, 366, 150, -0.8142203092575073
3, 11, 568, 251, -0.2612434923648834
3, 12, 266, 271, -0.11475689709186554
3, 13, 641, 448, -1.019670844078064
3, 14, 166, 447, -0.700196385383606
3, 15, 391, 316, -1.8831005096435547
3, 16, 204, 456, -1.766766905784607
3, 17, 327, 310, -2.0737290382385254
3, 18, 256, 439, -1.9764862060546875
3, 19, 322, 291, -1.947031021118164
3, 20, 258, 392, -1.9224821329116821
3, 21, 343, 296, -1.8533321619033813
3, 22, 252, 396, -1.7727062702178955
3, 23, 505, 665, -0.04958338662981987
3, 24, 286, 660, 0.05582170933485031
3, 25, 485, 975, 0.08042427152395248
3, 26, 280, 958, 0.06605633348226547
3, 27, 491, 1252, 0.77153480052948
3, 28, 287, 1246, 0.6168428063392639
3, 29, 498, 1292, 0.8019725680351257
3, 30, 285, 1289, 0.651315450668335
3, 31, 456, 1356, 0.10578775405883789
3, 32, 313, 1345, -0.08103251457214355
4, 0, 391, 114, -1.0254400968551636
4, 1, 411, 84, -0.9484086036682129
4, 2, 423, 84, -0.9486672282218933
4, 3, 432, 84, -0.9479601979255676
4, 4, 375, 83, -0.940104603767395
4, 5, 364, 83, -0.939681351184845
4, 6, 353, 83, -0.9405450820922852
4, 7, 451, 96, -0.44987916946411133
4, 8, 345, 96, -0.4067990779876709
4, 9, 414, 145, -0.8332325220108032
4, 10, 369, 149, -0.820857048034668
4, 11, 557, 245, -0.24707162380218506
4, 12, 266, 256, -0.1414412558078766
4, 13, 631, 419, -0.9830425381660461
4, 14, 160, 447, -0.8006046414375305
4, 15, 377, 276, -1.8121187686920166
4, 16, 232, 416, -1.8128591775894165
4, 17, 308, 249, -1.9961254596710205
4, 18, 288, 380, -2.024523973464966
4, 19, 306, 229, -1.8772428035736084
4, 20, 289, 334, -1.9530853033065796
4, 21, 330, 246, -1.7860578298568726
4, 22, 283, 343, -1.808990716934204
4, 23, 491, 650, -0.042188894003629684
4, 24, 274, 643, 0.04736121743917465
4, 25, 481, 960, 0.0729273185133934
4, 26, 282, 946, 0.04565378278493881
4, 27, 491, 1236, 0.6933630108833313
4, 28, 291, 1226, 0.5730512142181396
4, 29, 498, 1275, 0.7165364623069763
4, 30, 288, 1266, 0.6116905212402344
4, 31, 456, 1335, 0.024121519178152084
4, 32, 318, 1321, -0.09689705818891525
5, 0, 395, 116, -1.3901487588882446
5, 1, 416, 84, -1.3067090511322021
5, 2, 427, 84, -1.3068523406982422
5, 3, 436, 84, -1.3067269325256348
5, 4, 379, 84, -1.3076854944229126
5, 5, 367, 83, -1.307357907295227
5, 6, 356, 83, -1.3080904483795166
5, 7, 453, 97, -0.7099720239639282
5, 8, 345, 96, -0.6966747045516968
5, 9, 416, 148, -1.1664916276931763
5, 10, 372, 150, -1.1630064249038696
5, 11, 559, 258, -0.25477784872055054
5, 12, 266, 258, -0.4676675796508789
5, 13, 669, 436, -0.33209672570228577
5, 14, 160, 448, -1.1842091083526611
5, 15, 644, 538, -0.8358677625656128
5, 16, 293, 344, -2.3235433101654053
5, 17, 646, 583, -0.9487987756729126
5, 18, 359, 307, -2.557426929473877
5, 19, 624, 557, -0.9841004610061646
5, 20, 355, 273, -2.490712881088257
5, 21, 613, 545, -0.8676048517227173
5, 22, 346, 281, -2.317126750946045
5, 23, 494, 662, -0.048137370496988297
5, 24, 277, 650, 0.05348458141088486
5, 25, 480, 984, 0.054657965898513794
5, 26, 283, 972, 0.19161874055862427
5, 27, 478, 1264, 0.8154703974723816
5, 28, 287, 1252, 0.8646869659423828
5, 29, 483, 1302, 0.844406008720398
5, 30, 283, 1286, 0.9128962755203247
5, 31, 448, 1356, 0.10861776024103165
5, 32, 308, 1354, 0.1287394016981125
6, 0, 397, 116, -1.381225347518921
6, 1, 417, 84, -1.2956321239471436
6, 2, 428, 84, -1.295804738998413
6, 3, 437, 84, -1.2957032918930054
6, 4, 381, 83, -1.2993205785751343
6, 5, 369, 83, -1.2988460063934326
6, 6, 357, 83, -1.299578070640564
6, 7, 453, 97, -0.6908329129219055
6, 8, 345, 97, -0.6832125186920166
6, 9, 417, 147, -1.1538889408111572
6, 10, 373, 150, -1.1532479524612427
6, 11, 560, 258, -0.22003240883350372
6, 12, 266, 254, -0.4776507019996643
6, 13, 656, 432, -0.12040482461452484
6, 14, 157, 447, -1.214538812637329
6, 15, 720, 582, -0.5540264248847961
6, 16, 311, 322, -2.39585542678833
6, 17, 739, 632, -0.6507421135902405
6, 18, 368, 290, -2.6397974491119385
6, 19, 718, 612, -0.7197463512420654
6, 20, 365, 256, -2.578439235687256
6, 21, 698, 599, -0.5992559194564819
6, 22, 353, 264, -2.394094467163086
6, 23, 495, 662, -0.042981766164302826
6, 24, 278, 650, 0.047911759465932846
6, 25, 482, 988, 0.03169448673725128
6, 26, 284, 978, 0.1712823361158371
6, 27, 477, 1271, 0.778408408164978
6, 28, 287, 1262, 0.8379833102226257
6, 29, 480, 1310, 0.8041073679924011
6, 30, 283, 1295, 0.8850405812263489
6, 31, 448, 1362, 0.056025467813014984
6, 32, 307, 1362, 0.07820989191532135
7, 0, 398, 116, -1.1871649026870728
7, 1, 419, 84, -1.1009527444839478
7, 2, 429, 84, -1.100947380065918
7, 3, 438, 84, -1.100801706314087
7, 4, 383, 83, -1.1174649000167847
7, 5, 371, 83, -1.117199420928955
7, 6, 359, 83, -1.1182060241699219
7, 7, 454, 97, -0.5099772214889526
7, 8, 347, 97, -0.5327823758125305
7, 9, 418, 147, -0.9574388265609741
7, 10, 375, 150, -0.9700618982315063
7, 11, 560, 259, -0.0877724289894104
7, 12, 268, 251, -0.3913845419883728
7, 13, 617, 431, -0.2696261703968048
7, 14, 155, 443, -1.0567100048065186
7, 15, 646, 544, -0.9281260371208191
7, 16, 340, 315, -2.085251808166504
7, 17, 640, 581, -1.0563230514526367
7, 18, 392, 293, -2.301352024078369
7, 19, 619, 556, -1.0683740377426147
7, 20, 391, 263, -2.228184223175049
7, 21, 611, 546, -0.9548417925834656
7, 22, 378, 268, -2.0718295574188232
7, 23, 495, 659, -0.017877452075481415
7, 24, 279, 647, 0.022209620103240013
7, 25, 482, 984, 0.04724546894431114
7, 26, 285, 972, 0.08898939937353134
7, 27, 477, 1267, 0.7336836457252502
7, 28, 287, 1257, 0.6415183544158936
7, 29, 480, 1303, 0.7602232098579407
7, 30, 283, 1290, 0.6766337156295776
7, 31, 448, 1355, 0.03492051735520363
7, 32, 308, 1355, -0.10729263722896576
8, 0, 400, 113, -1.0619347095489502
8, 1, 420, 82, -0.9792630076408386
8, 2, 431, 83, -0.9792192578315735
8, 3, 439, 83, -0.9788133502006531
8, 4, 385, 82, -0.991833508014679
8, 5, 373, 81, -0.9914975166320801
8, 6, 361, 81, -0.9923442006111145
8, 7, 455, 97, -0.4367576539516449
8, 8, 348, 96, -0.46326565742492676
8, 9, 419, 144, -0.8590309023857117
8, 10, 377, 145, -0.8702374696731567
8, 11, 560, 259, -0.0889698937535286
8, 12, 268, 252, -0.38607683777809143
8, 13, 608, 433, -0.39168524742126465
8, 14, 154, 442, -0.994670033454895
8, 15, 572, 518, -1.1672239303588867
8, 16, 342, 316, -1.931099534034729
8, 17, 542, 539, -1.3093290328979492
8, 18, 383, 282, -2.134899139404297
8, 19, 534, 498, -1.2470290660858154
8, 20, 381, 257, -2.0617032051086426
8, 21, 534, 498, -1.1705384254455566
8, 22, 372, 266, -1.9166139364242554
8, 23, 496, 655, -0.0063830213621258736
8, 24, 280, 646, 0.010738839395344257
8, 25, 483, 979, 0.0513305738568306
8, 26, 286, 969, 0.01710483804345131
8, 27, 482, 1262, 0.7223694920539856
8, 28, 294, 1254, 0.46341127157211304
8, 29, 485, 1298, 0.7368418574333191
8, 30, 288, 1287, 0.4873693883419037
8, 31, 457, 1350, 0.024913184344768524
8, 32, 319, 1349, -0.2565461993217468
9, 0, 404, 113, -0.9416249990463257
9, 1, 424, 82, -0.8671787977218628
9, 2, 433, 83, -0.8671776652336121
9, 3, 441, 83, -0.8667438626289368
9, 4, 388, 82, -0.8759716749191284
9, 5, 375, 81, -0.8756187558174133
9, 6, 364, 81, -0.8764798045158386
9, 7, 456, 97, -0.3772175908088684
9, 8, 348, 96, -0.3925606608390808
9, 9, 422, 143, -0.7583003640174866
9, 10, 379, 145, -0.7647324800491333
9, 11, 560, 259, -0.10063944011926651
9, 12, 268, 253, -0.3256416916847229
9, 13, 599, 431, -0.5633602142333984
9, 14, 155, 442, -0.9710153341293335
9, 15, 488, 408, -1.3139560222625732
9, 16, 350, 335, -1.8599036931991577
9, 17, 445, 406, -1.456345796585083
9, 18, 404, 307, -2.0928494930267334
9, 19, 443, 369, -1.3590154647827148
9, 20, 397, 277, -1.9234813451766968
9, 21, 449, 378, -1.299675703048706
9, 22, 383, 284, -1.875889778137207
9, 23, 495, 650, -0.001999110449105501
9, 24, 277, 643, 0.005974865052849054
9, 25, 481, 971, 0.1350438892841339
9, 26, 284, 965, 0.0825081318616867
9, 27, 483, 1252, 0.7799326181411743
9, 28, 296, 1247, 0.5801590085029602
9, 29, 486, 1289, 0.8031131029129028
9, 30, 291, 1281, 0.6108980774879456
9, 31, 461, 1343, 0.133592426776886
9, 32, 325, 1345, -0.10875694453716278
10, 0, 405, 113, -0.9546269178390503
10, 1, 424, 82, -0.885949969291687
10, 2, 434, 83, -0.8859848976135254
10, 3, 442, 84, -0.8857583999633789
10, 4, 389, 82, -0.8907026052474976
10, 5, 376, 81, -0.8903581500053406
10, 6, 365, 81, -0.8912259340286255
10, 7, 458, 98, -0.3946872055530548
10, 8, 348, 96, -0.39569011330604553
10, 9, 423, 144, -0.7680891752243042
10, 10, 381, 145, -0.7697382569313049
10, 11, 560, 259, -0.06826364248991013
10, 12, 269, 251, -0.3023514151573181
10, 13, 593, 432, -0.3909757733345032
10, 14, 155, 441, -0.930807888507843
10, 15, 508, 436, -1.0725528001785278
10, 16, 333, 347, -1.8652070760726929
10, 17, 476, 439, -1.1975727081298828
10, 18, 385, 322, -2.0728952884674072
10, 19, 468, 373, -1.1629559993743896
10, 20, 382, 287, -1.967233419418335
10, 21, 471, 389, -1.0794262886047363
10, 22, 369, 294, -1.8561389446258545
10, 23, 490, 646, 0.004664015956223011
10, 24, 274, 635, -0.000648516695946455
10, 25, 473, 966, 0.09759482741355896
10, 26, 276, 953, 0.03253979980945587
10, 27, 473, 1248, 0.7181206345558167
10, 28, 289, 1238, 0.4950529634952545
10, 29, 477, 1285, 0.7338048219680786
10, 30, 284, 1272, 0.5203593373298645
10, 31, 450, 1338, 0.08964221179485321
10, 32, 317, 1335, -0.21201947331428528
11, 0, 405, 111, -0.9268568754196167
11, 1, 424, 81, -0.8596222996711731
11, 2, 434, 82, -0.8595105409622192
11, 3, 443, 83, -0.8589638471603394
11, 4, 389, 81, -0.8627997636795044
11, 5, 376, 80, -0.8622531890869141
11, 6, 365, 80, -0.8629528880119324
11, 7, 458, 98, -0.39456290006637573
11, 8, 348, 96, -0.38928377628326416
11, 9, 423, 143, -0.7536099553108215
11, 10, 381, 144, -0.7532142400741577
11, 11, 560, 259, -0.10600931942462921
11, 12, 268, 251, -0.2757725119590759
11, 13, 599, 433, -0.6435355544090271
11, 14, 156, 442, -0.9254654049873352
11, 15, 472, 372, -1.4721596240997314
11, 16, 324, 341, -1.8435615301132202
11, 17, 463, 343, -1.633710503578186
11, 18, 370, 305, -2.043394088745117
11, 19, 458, 304, -1.5425550937652588
11, 20, 369, 277, -1.9554380178451538
11, 21, 459, 318, -1.460867166519165
11, 22, 358, 288, -1.8341124057769775
11, 23, 490, 643, 0.0013788222568109632
11, 24, 274, 634, 0.0029432429000735283
11, 25, 474, 957, 0.09609083831310272
11, 26, 278, 946, 0.07095211744308472
11, 27, 476, 1235, 0.7119020819664001
11, 28, 290, 1226, 0.5633584260940552
11, 29, 481, 1272, 0.7296814918518066
11, 30, 284, 1262, 0.5931884050369263
11, 31, 453, 1328, 0.068959541618824
11, 32, 318, 1322, -0.11189818382263184
12, 0, 405, 111, -0.8248857259750366
12, 1, 424, 81, -0.7592557668685913
12, 2, 434, 81, -0.7592096924781799
12, 3, 443, 83, -0.7587056756019592
12, 4, 389, 80, -0.7571563124656677
12, 5, 376, 80, -0.7566012144088745
12, 6, 365, 80, -0.7573902010917664
12, 7, 459, 98, -0.31759995222091675
12, 8, 349, 96, -0.28801417350769043
12, 9, 423, 142, -0.6614803075790405
12, 10, 381, 143, -0.6546359658241272
12, 11, 559, 257, -0.11584766954183578
12, 12, 268, 250, -0.16133850812911987
12, 13, 595, 430, -0.6877821683883667
12, 14, 156, 442, -0.8377049565315247
12, 15, 422, 336, -1.3872549533843994
12, 16, 333, 321, -1.6295394897460938
12, 17, 390, 316, -1.538380742073059
12, 18, 385, 287, -1.8057622909545898
12, 19, 392, 282, -1.4497582912445068
12, 20, 386, 261, -1.6908267736434937
12, 21, 399, 297, -1.3727118968963623
12, 22, 373, 271, -1.6009700298309326
12, 23, 491, 639, -0.0012395504163578153
12, 24, 275, 631, 0.005771780852228403
12, 25, 475, 951, 0.08565576374530792
12, 26, 279, 940, 0.07042180001735687
12, 27, 477, 1228, 0.6544026732444763
12, 28, 290, 1219, 0.5030304193496704
12, 29, 481, 1264, 0.670798659324646
12, 30, 284, 1255, 0.5277042984962463
12, 31, 453, 1323, 0.03085845336318016
12, 32, 319, 1316, -0.15139898657798767
13, 0, 405, 111, -0.9070320129394531
13, 1, 425, 81, -0.8387729525566101
13, 2, 435, 82, -0.8387892842292786
13, 3, 443, 83, -0.8383916616439819
13, 4, 389, 81, -0.8373990058898926
13, 5, 377, 80, -0.8368909955024719
13, 6, 366, 80, -0.837680995464325
13, 7, 459, 98, -0.3645116686820984
13, 8, 350, 96, -0.34613877534866333
13, 9, 424, 142, -0.730636715888977
13, 10, 382, 143, -0.7268213033676147
13, 11, 560, 257, -0.05618174001574516
13, 12, 268, 249, -0.18999528884887695
13, 13, 597, 431, -0.4912542700767517
13, 14, 157, 443, -0.9282956123352051
13, 15, 515, 368, -1.3414438962936401
13, 16, 326, 325, -1.9000532627105713
13, 17, 496, 363, -1.4845178127288818
13, 18, 378, 298, -2.099335193634033
13, 19, 494, 327, -1.4162278175354004
13, 20, 380, 268, -2.0152628421783447
13, 21, 490, 334, -1.3296101093292236
13, 22, 368, 274, -1.880771279335022
13, 23, 491, 638, 0.006428210996091366
13, 24, 275, 630, -0.00225847982801497
13, 25, 476, 949, 0.09383530169725418
13, 26, 279, 940, 0.06769107282161713
13, 27, 477, 1227, 0.6632246375083923
13, 28, 292, 1221, 0.5042479634284973
13, 29, 481, 1263, 0.6766484379768372
13, 30, 286, 1257, 0.5289561152458191
13, 31, 455, 1321, 0.03347009792923927
13, 32, 322, 1317, -0.1517113745212555
14, 0, 405, 111, -0.8296180963516235
14, 1, 424, 81, -0.7609606981277466
14, 2, 434, 82, -0.7609215974807739
14, 3, 443, 83, -0.7603248953819275
14, 4, 389, 81, -0.7602028250694275
14, 5, 377, 80, -0.759661078453064
14, 6, 366, 80, -0.7604243755340576
14, 7, 459, 98, -0.32833248376846313
14, 8, 350, 96, -0.3058052659034729
14, 9, 424, 142, -0.6718281507492065
14, 10, 382, 143, -0.6672638654708862
14, 11, 558, 258, -0.07232123613357544
14, 12, 267, 250, -0.18652483820915222
14, 13, 599, 431, -0.6934665441513062
14, 14, 157, 445, -0.9144142270088196
14, 15, 455, 365, -1.3954530954360962
14, 16, 327, 327, -1.7638814449310303
14, 17, 424, 343, -1.5434033870697021
14, 18, 378, 299, -1.9397636651992798
14, 19, 421, 308, -1.435586929321289
14, 20, 380, 273, -1.8152198791503906
14, 21, 426, 321, -1.371657133102417
14, 22, 366, 280, -1.7285349369049072
14, 23, 493, 638, 0.0034738401882350445
14, 24, 276, 631, 0.0005525853484869003
14, 25, 480, 949, 0.10250435769557953
14, 26, 280, 941, 0.10992582887411118
14, 27, 486, 1226, 0.6922773718833923
14, 28, 296, 1220, 0.5686960816383362
14, 29, 491, 1263, 0.711340606212616
14, 30, 290, 1255, 0.5990835428237915
14, 31, 464, 1321, 0.08236918598413467
14, 32, 328, 1316, -0.06637725234031677
15, 0, 406, 115, -0.8728160858154297
15, 1, 425, 86, -0.802568256855011
15, 2, 435, 87, -0.8026089668273926
15, 3, 443, 88, -0.8022181391716003
15, 4, 391, 84, -0.8078826665878296
15, 5, 378, 84, -0.8074182271957397
15, 6, 367, 83, -0.8082688450813293
15, 7, 459, 100, -0.3376927971839905
15, 8, 351, 96, -0.33865171670913696
15, 9, 424, 146, -0.6992427110671997
15, 10, 383, 145, -0.7022292613983154
15, 11, 555, 258, -0.0654110461473465
15, 12, 267, 251, -0.1960591971874237
15, 13, 601, 432, -0.4991186559200287
15, 14, 157, 445, -0.9078813791275024
15, 15, 472, 379, -1.141663670539856
15, 16, 342, 332, -1.7552188634872437
15, 17, 442, 356, -1.2727954387664795
15, 18, 405, 306, -1.9343154430389404
15, 19, 436, 328, -1.194521188735962
15, 20, 398, 283, -1.8268911838531494
15, 21, 441, 337, -1.1302074193954468
15, 22, 381, 289, -1.7238061428070068
15, 23, 493, 638, 0.0027270708233118057
15, 24, 276, 632, 0.0013640562538057566
15, 25, 481, 949, 0.09545111656188965
15, 26, 282, 941, 0.10304628312587738
15, 27, 488, 1226, 0.6935835480690002
15, 28, 299, 1221, 0.5738669633865356
15, 29, 492, 1264, 0.7135097980499268
15, 30, 293, 1257, 0.6058046221733093
15, 31, 467, 1321, 0.07112081348896027
15, 32, 331, 1317, -0.0875721126794815
16, 0, 406, 117, -0.947283148765564
16, 1, 425, 88, -0.8708154559135437
16, 2, 435, 89, -0.8709970712661743
16, 3, 443, 90, -0.8708925247192383
16, 4, 391, 87, -0.8807339668273926
16, 5, 378, 87, -0.8803268671035767
16, 6, 368, 86, -0.8812372088432312
16, 7, 459, 101, -0.3523414731025696
16, 8, 351, 98, -0.35115617513656616
16, 9, 424, 149, -0.746158242225647
16, 10, 384, 150, -0.7537597417831421
16, 11, 556, 258, -0.037201859056949615
16, 12, 268, 251, -0.2623346447944641
16, 13, 602, 433, -0.21560843288898468
16, 14, 159, 445, -0.976608395576477
16, 15, 591, 479, -0.8499552011489868
16, 16, 340, 345, -2.042595148086548
16, 17, 586, 507, -0.9719812273979187
16, 18, 405, 325, -2.259469509124756
16, 19, 574, 474, -0.985649585723877
16, 20, 399, 292, -2.185177803039551
16, 21, 567, 467, -0.8765287399291992
16, 22, 382, 297, -2.027789831161499
16, 23, 496, 638, 0.0005383040988817811
16, 24, 276, 634, 0.003615188179537654
16, 25, 492, 949, 0.09570415318012238
16, 26, 293, 945, 0.15611743927001953
16, 27, 496, 1230, 0.7373222708702087
16, 28, 313, 1230, 0.7700955271720886
16, 29, 498, 1267, 0.7591375112533569
16, 30, 308, 1266, 0.8152251243591309
16, 31, 480, 1325, 0.07583262026309967
16, 32, 349, 1325, 0.06283901631832123
17, 0, 406, 119, -0.9343288540840149
17, 1, 425, 90, -0.8650341033935547
17, 2, 435, 90, -0.8651469349861145
17, 3, 443, 91, -0.8649137616157532
17, 4, 391, 89, -0.8687317967414856
17, 5, 379, 88, -0.8683198690414429
17, 6, 368, 88, -0.8691973686218262
17, 7, 459, 102, -0.3565141558647156
17, 8, 351, 99, -0.36139339208602905
17, 9, 424, 150, -0.7487984895706177
17, 10, 384, 151, -0.7494702935218811
17, 11, 556, 257, -0.1287631392478943
17, 12, 269, 251, -0.24480871856212616
17, 13, 601, 433, -0.5736822485923767
17, 14, 163, 445, -0.9616436958312988
17, 15, 475, 415, -1.2086212635040283
17, 16, 343, 347, -1.8823102712631226
17, 17, 429, 421, -1.3471331596374512
17, 18, 408, 328, -2.076875925064087
17, 19, 426, 385, -1.258466124534607
17, 20, 401, 292, -1.9587023258209229
17, 21, 435, 391, -1.1908918619155884
17, 22, 384, 300, -1.8465826511383057
17, 23, 496, 635, -0.0027087402995675802
17, 24, 277, 630, 0.006688826717436314
17, 25, 492, 947, 0.10644660145044327
17, 26, 293, 942, 0.14261679351329803
17, 27, 496, 1226, 0.7446380257606506
17, 28, 312, 1225, 0.6905303597450256
17, 29, 499, 1263, 0.768693208694458
17, 30, 307, 1261, 0.7277089953422546
17, 31, 478, 1322, 0.09982962161302567
17, 32, 346, 1323, -0.00572977727279067
18, 0, 405, 120, -1.079063892364502
18, 1, 424, 90, -1.007450819015503
18, 2, 434, 91, -1.0076133012771606
18, 3, 443, 92, -1.007506251335144
18, 4, 390, 89, -1.0047080516815186
18, 5, 378, 89, -1.0043843984603882
18, 6, 367, 88, -1.005314826965332
18, 7, 459, 102, -0.47714322805404663
18, 8, 351, 99, -0.43643084168434143
18, 9, 423, 152, -0.8809270858764648
18, 10, 383, 154, -0.8708578944206238
18, 11, 559, 257, -0.1281099021434784
18, 12, 269, 252, -0.305074006319046
18, 13, 654, 447, -0.31306105852127075
18, 14, 164, 445, -1.0157251358032227
18, 15, 607, 489, -0.9262895584106445
18, 16, 340, 356, -2.123873710632324
18, 17, 597, 521, -1.0433334112167358
18, 18, 400, 335, -2.347783327102661
18, 19, 582, 487, -1.0506426095962524
18, 20, 397, 298, -2.2644782066345215
18, 21, 577, 480, -0.9483281970024109
18, 22, 381, 305, -2.1071574687957764
18, 23, 503, 637, -0.014962722547352314
18, 24, 282, 633, 0.01885792426764965
18, 25, 502, 951, 0.10335198789834976
18, 26, 301, 948, 0.2424566000699997
18, 27, 507, 1233, 0.7822715044021606
18, 28, 320, 1233, 0.9410429000854492
18, 29, 509, 1271, 0.8083924055099487
18, 30, 316, 1269, 0.9936709403991699
18, 31, 490, 1329, 0.09666575491428375
18, 32, 354, 1333, 0.2218405306339264
19, 0, 404, 121, -1.238485336303711
19, 1, 423, 91, -1.150205135345459
19, 2, 434, 91, -1.150429368019104
19, 3, 442, 92, -1.1503944396972656
19, 4, 389, 90, -1.1573680639266968
19, 5, 376, 89, -1.157167911529541
19, 6, 365, 89, -1.1578960418701172
19, 7, 458, 103, -0.5760799646377563
19, 8, 351, 100, -0.5868726968765259
19, 9, 423, 153, -1.023616075515747
19, 10, 382, 155, -1.0276377201080322
19, 11, 554, 257, -0.15837989747524261
19, 12, 269, 256, -0.40344566106796265
19, 13, 653, 446, -0.35469314455986023
19, 14, 163, 442, -1.0533325672149658
19, 15, 592, 481, -0.9905431866645813
19, 16, 338, 372, -2.0804245471954346
19, 17, 580, 506, -1.1153558492660522
19, 18, 397, 359, -2.2917044162750244
19, 19, 564, 476, -1.1063125133514404
19, 20, 394, 315, -2.229145050048828
19, 21, 559, 471, -1.007232904434204
19, 22, 379, 323, -2.071408271789551
19, 23, 486, 655, -0.039065875113010406
19, 24, 280, 645, 0.042744625359773636
19, 25, 477, 968, -0.016287658363580704
19, 26, 294, 962, 0.17165538668632507
19, 27, 479, 1261, 0.6689559817314148
19, 28, 304, 1255, 0.7361410856246948
19, 29, 482, 1304, 0.6900689601898193
19, 30, 300, 1296, 0.7665792107582092
19, 31, 457, 1350, -0.029052535071969032
19, 32, 324, 1352, -0.019486071541905403
20, 0, 403, 121, -1.1742445230484009
20, 1, 422, 91, -1.1087766885757446
20, 2, 433, 91, -1.108995795249939
20, 3, 442, 92, -1.1097841262817383
20, 4, 387, 90, -1.0849313735961914
20, 5, 375, 89, -1.0842206478118896
20, 6, 364, 89, -1.083954095840454
20, 7, 458, 103, -0.5442283153533936
20, 8, 351, 100, -0.5659396052360535
20, 9, 422, 153, -0.9682307243347168
20, 10, 381, 155, -0.962073802947998
20, 11, 550, 250, -0.35399672389030457
20, 12, 277, 254, -0.19417132437229156
20, 13, 598, 427, -0.9818679094314575
20, 14, 163, 431, -0.7903134226799011
20, 15, 371, 290, -1.5574698448181152
20, 16, 272, 405, -1.7735925912857056
20, 17, 322, 261, -1.710552453994751
20, 18, 302, 395, -1.9624512195587158
20, 19, 319, 239, -1.5907256603240967
20, 20, 319, 358, -1.8977344036102295
20, 21, 345, 257, -1.525519609451294
20, 22, 315, 359, -1.7755218744277954
20, 23, 482, 653, -0.07729294896125793
20, 24, 277, 638, 0.08147446066141129
20, 25, 464, 967, 0.008044582791626453
20, 26, 277, 957, 0.14271079003810883
20, 27, 469, 1258, 0.6579152345657349
20, 28, 281, 1255, 0.5622173547744751
20, 29, 474, 1300, 0.6812315583229065
20, 30, 278, 1293, 0.5831568837165833
20, 31, 435, 1348, -0.01160492841154337
20, 32, 302, 1350, -0.1351666897535324
21, 0, 396, 122, -0.9500629305839539
21, 1, 416, 92, -0.8955363035202026
21, 2, 428, 93, -0.8955610394477844
21, 3, 439, 94, -0.895187258720398
21, 4, 382, 91, -0.86695396900177
21, 5, 370, 90, -0.8662738800048828
21, 6, 359, 90, -0.86670982837677
21, 7, 455, 105, -0.5239019989967346
21, 8, 350, 102, -0.39640504121780396
21, 9, 415, 155, -0.8059918284416199
21, 10, 372, 156, -0.7723544836044312
21, 11, 550, 250, -0.31975212693214417
21, 12, 277, 262, -0.10699598491191864
21, 13, 600, 431, -0.8683330416679382
21, 14, 164, 431, -0.5858250260353088
21, 15, 390, 336, -1.3755725622177124
21, 16, 212, 455, -1.5382260084152222
21, 17, 334, 316, -1.5135924816131592
21, 18, 221, 476, -1.7271020412445068
21, 19, 330, 296, -1.418461799621582
21, 20, 242, 440, -1.6895463466644287
21, 21, 351, 305, -1.349544882774353
21, 22, 244, 434, -1.5550992488861084
21, 23, 483, 658, -0.08366529643535614
21, 24, 277, 645, 0.08895917236804962
21, 25, 467, 977, -0.12037559598684311
21, 26, 276, 962, -0.12382028996944427
21, 27, 472, 1267, 0.35975074768066406
21, 28, 277, 1259, 0.14202697575092316
21, 29, 477, 1310, 0.3685230612754822
21, 30, 274, 1303, 0.14849531650543213
21, 31, 433, 1363, -0.3125975728034973
21, 32, 299, 1352, -0.5480818748474121
22, 0, 391, 123, -0.806221604347229
22, 1, 411, 93, -0.7514876127243042
22, 2, 423, 94, -0.7514618635177612
22, 3, 435, 94, -0.750980019569397
22, 4, 376, 92, -0.7405005097389221
22, 5, 364, 92, -0.7399024963378906
22, 6, 355, 92, -0.7404836416244507
22, 7, 452, 105, -0.39656761288642883
22, 8, 345, 103, -0.32498499751091003
22, 9, 411, 158, -0.664458155632019
22, 10, 368, 158, -0.6485387086868286
22, 11, 550, 249, -0.27035850286483765
22, 12, 268, 274, -0.07589976489543915
22, 13, 614, 430, -0.848665714263916
22, 14, 164, 433, -0.3751036822795868
22, 15, 417, 355, -0.9999392628669739
22, 16, 192, 518, -1.1551971435546875
22, 17, 364, 354, -1.1215234994888306
22, 18, 189, 556, -1.3271697759628296
22, 19, 352, 328, -1.0198643207550049
22, 20, 216, 527, -1.3365570306777954
22, 21, 374, 334, -0.9723011255264282
22, 22, 223, 516, -1.1909886598587036
22, 23, 493, 657, -0.07643043249845505
22, 24, 284, 650, 0.08206228166818619
22, 25, 476, 978, -0.25784140825271606
22, 26, 286, 968, -0.2988075911998749
22, 27, 477, 1275, 0.06348652392625809
22, 28, 279, 1274, -0.20610502362251282
22, 29, 483, 1320, 0.06071675568819046
22, 30, 274, 1325, -0.2182839810848236
22, 31, 437, 1379, -0.6120108366012573
22, 32, 302, 1366, -0.9071453213691711
23, 0, 389, 126, -0.9908980131149292
23, 1, 409, 96, -0.9415662884712219
23, 2, 422, 96, -0.9418095350265503
23, 3, 433, 96, -0.9417189359664917
23, 4, 372, 95, -0.9446659088134766
23, 5, 360, 95, -0.9440067410469055
23, 6, 350, 95, -0.9443669319152832
23, 7, 451, 107, -0.5417970418930054
23, 8, 341, 106, -0.528533935546875
23, 9, 408, 164, -0.8347347378730774
23, 10, 365, 163, -0.8336659669876099
23, 11, 550, 250, -0.2798376679420471
23, 12, 263, 283, -0.23904919624328613
23, 13, 650, 430, -0.6105303168296814
23, 14, 172, 443, -0.52044677734375
23, 15, 586, 436, -1.0798295736312866
23, 16, 224, 533, -1.3253575563430786
23, 17, 588, 456, -1.20693039894104
23, 18, 249, 563, -1.4978911876678467
23, 19, 561, 432, -1.1351816654205322
23, 20, 261, 528, -1.5046552419662476
23, 21, 552, 431, -1.0453565120697021
23, 22, 256, 520, -1.3511353731155396
23, 23, 504, 661, -0.07839363813400269
23, 24, 296, 665, 0.0841122567653656
23, 25, 498, 988, -0.1878214329481125
23, 26, 302, 989, -0.141627699136734
23, 27, 497, 1283, 0.48171132802963257
23, 28, 305, 1283, 0.18227031826972961
23, 29, 501, 1327, 0.5126324892044067
23, 30, 304, 1329, 0.19896601140499115
23, 31, 462, 1384, -0.1324613243341446
23, 32, 336, 1377, -0.4497605860233307
24, 0, 383, 127, -1.2132861614227295
24, 1, 402, 97, -1.1609599590301514
24, 2, 415, 97, -1.1610639095306396
24, 3, 427, 97, -1.1611528396606445
24, 4, 367, 97, -1.1483768224716187
24, 5, 356, 97, -1.1477127075195312
24, 6, 347, 97, -1.1482312679290771
24, 7, 445, 107, -0.7207478880882263
24, 8, 340, 109, -0.647234320640564
24, 9, 404, 163, -1.0434552431106567
24, 10, 362, 163, -1.0223385095596313
24, 11, 551, 259, -0.38635119795799255
24, 12, 263, 286, -0.34654250741004944
24, 13, 651, 454, -0.4230072498321533
24, 14, 172, 445, -0.42142343521118164
24, 15, 613, 574, -0.91619473695755
24, 16, 225, 540, -1.1698229312896729
24, 17, 619, 622, -1.0724245309829712
24, 18, 241, 585, -1.3559577465057373
24, 19, 589, 605, -1.125
24, 20, 256, 524, -1.4219120740890503
24, 21, 580, 587, -0.9599097371101379
24, 22, 259, 505, -1.2205495834350586
24, 23, 498, 675, -0.08535845577716827
24, 24, 296, 670, 0.09101934731006622
24, 25, 480, 1002, -0.1383723020553589
24, 26, 280, 996, 0.0423661433160305
24, 27, 465, 1296, 0.6918277144432068
24, 28, 272, 1295, 0.5687373876571655
24, 29, 468, 1341, 0.7265638113021851
24, 30, 271, 1341, 0.5997053384780884
24, 31, 425, 1392, 0.024396952241659164
24, 32, 292, 1387, -0.152037113904953
25, 0, 378, 128, -1.2341434955596924
25, 1, 397, 99, -1.1794897317886353
25, 2, 411, 98, -1.1795551776885986
25, 3, 424, 98, -1.1796505451202393
25, 4, 361, 98, -1.1651337146759033
25, 5, 351, 98, -1.1644505262374878
25, 6, 343, 99, -1.1649549007415771
25, 7, 443, 108, -0.7451969981193542
25, 8, 337, 111, -0.660750687122345
25, 9, 400, 163, -1.068013310432434
25, 10, 358, 164, -1.0434845685958862
25, 11, 552, 267, -0.407071977853775
25, 12, 258, 291, -0.39741426706314087
25, 13, 670, 455, -0.3701840341091156
25, 14, 172, 449, -0.46051010489463806
25, 15, 692, 626, -0.819169819355011
25, 16, 170, 593, -1.1565804481506348
25, 17, 719, 683, -0.9522755742073059
25, 18, 165, 645, -1.3318884372711182
25, 19, 683, 685, -1.048313021659851
25, 20, 194, 630, -1.4263454675674438
25, 21, 666, 665, -0.8796635866165161
25, 22, 200, 612, -1.2197972536087036
25, 23, 497, 687, -0.08650744706392288
25, 24, 295, 682, 0.09220889210700989
25, 25, 480, 1014, -0.12556320428848267
25, 26, 281, 1013, 0.06449766457080841
25, 27, 467, 1311, 0.6501448154449463
25, 28, 274, 1312, 0.5386113524436951
25, 29, 471, 1360, 0.6959579586982727
25, 30, 273, 1360, 0.5624996423721313
25, 31, 428, 1402, -0.07426765561103821
25, 32, 294, 1403, -0.18102721869945526
26, 0, 375, 129, -1.1708984375
26, 1, 395, 99, -1.1162734031677246
26, 2, 409, 99, -1.1163270473480225
26, 3, 421, 99, -1.1164779663085938
26, 4, 359, 100, -1.1054030656814575
26, 5, 348, 100, -1.1047674417495728
26, 6, 340, 100, -1.105240821838379
26, 7, 441, 108, -0.693885862827301
26, 8, 334, 112, -0.6233011484146118
26, 9, 398, 163, -1.0084481239318848
26, 10, 355, 164, -0.9882575273513794
26, 11, 554, 269, -0.37887150049209595
26, 12, 256, 294, -0.3898717164993286
26, 13, 678, 454, -0.3412925601005554
26, 14, 170, 450, -0.46373701095581055
26, 15, 706, 629, -0.7565942406654358
26, 16, 168, 600, -1.1324357986450195
26, 17, 734, 688, -0.8815517425537109
26, 18, 163, 652, -1.3002865314483643
26, 19, 697, 692, -0.9730528593063354
26, 20, 195, 640, -1.3870052099227905
26, 21, 680, 671, -0.8146659135818481
26, 22, 200, 622, -1.1912193298339844
26, 23, 497, 693, -0.08487162739038467
26, 24, 295, 689, 0.0904848650097847
26, 25, 480, 1021, -0.1344137340784073
26, 26, 282, 1023, 0.07512138783931732
26, 27, 469, 1322, 0.5462414026260376
26, 28, 276, 1320, 0.5228854417800903
26, 29, 473, 1372, 0.5776803493499756
26, 30, 275, 1369, 0.5566179752349854
26, 31, 430, 1411, -0.14066216349601746
26, 32, 297, 1414, -0.19535312056541443
27, 0, 374, 131, -1.1865208148956299
27, 1, 394, 101, -1.134141206741333
27, 2, 407, 100, -1.1341230869293213
27, 3, 420, 100, -1.1342806816101074
27, 4, 357, 102, -1.1275415420532227
27, 5, 346, 102, -1.1268861293792725
27, 6, 337, 102, -1.1273255348205566
27, 7, 439, 108, -0.7167851328849792
27, 8, 330, 113, -0.6648797988891602
27, 9, 397, 164, -1.0253088474273682
27, 10, 353, 166, -1.0099066495895386
27, 11, 557, 272, -0.39417365193367004
27, 12, 253, 296, -0.44491681456565857
27, 13, 676, 459, -0.3548336327075958
27, 14, 168, 454, -0.4541403651237488
27, 15, 698, 642, -0.7991895079612732
27, 16, 176, 623, -1.0275055170059204
27, 17, 726, 701, -0.9302607774734497
27, 18, 174, 678, -1.1833736896514893
27, 19, 688, 704, -1.0170719623565674
27, 20, 206, 668, -1.2732278108596802
27, 21, 671, 683, -0.8572878837585449
27, 22, 210, 648, -1.0838170051574707
27, 23, 498, 697, -0.08284677565097809
27, 24, 296, 696, 0.08833897858858109
27, 25, 483, 1028, -0.12193290144205093
27, 26, 284, 1032, 0.06808388978242874
27, 27, 475, 1331, 0.5423715114593506
27, 28, 282, 1330, 0.5149961113929749
27, 29, 479, 1381, 0.5709971785545349
27, 30, 282, 1379, 0.5394271612167358
27, 31, 435, 1422, -0.13504299521446228
27, 32, 304, 1423, -0.1958925426006317
28, 0, 372, 132, -1.2121226787567139
28, 1, 392, 102, -1.157726526260376
28, 2, 406, 101, -1.157691240310669
28, 3, 419, 101, -1.1578136682510376
28, 4, 356, 103, -1.149049997329712
28, 5, 345, 103, -1.1483912467956543
28, 6, 336, 103, -1.1488374471664429
28, 7, 438, 108, -0.7227395176887512
28, 8, 327, 114, -0.6630716323852539
28, 9, 396, 165, -1.0451740026474
28, 10, 351, 167, -1.0274693965911865
28, 11, 557, 273, -0.3840251564979553
28, 12, 250, 295, -0.43597275018692017
28, 13, 675, 435, -0.32319653034210205
28, 14, 167, 454, -0.4973129630088806
28, 15, 700, 646, -0.7659205198287964
28, 16, 179, 614, -1.187486171722412
28, 17, 726, 705, -0.8969751596450806
28, 18, 179, 667, -1.361670970916748
28, 19, 691, 708, -0.9907268285751343
28, 20, 210, 652, -1.4296653270721436
28, 21, 674, 687, -0.8266084790229797
28, 22, 214, 634, -1.2403250932693481
28, 23, 499, 698, -0.08145447075366974
28, 24, 297, 698, 0.08694291114807129
28, 25, 485, 1030, -0.11294488608837128
28, 26, 286, 1034, 0.07318197935819626
28, 27, 477, 1334, 0.5579456090927124
28, 28, 283, 1334, 0.5213653445243835
28, 29, 481, 1385, 0.5870081782341003
28, 30, 284, 1383, 0.5433463454246521
28, 31, 438, 1425, -0.13313259184360504
28, 32, 305, 1427, -0.19889429211616516
29, 0, 373, 133, -1.277113437652588
29, 1, 393, 103, -1.2192968130111694
29, 2, 406, 102, -1.219339370727539
29, 3, 419, 101, -1.2194252014160156
29, 4, 356, 104, -1.2125235795974731
29, 5, 345, 104, -1.211887240409851
29, 6, 336, 104, -1.2123777866363525
29, 7, 437, 109, -0.7630096673965454
29, 8, 328, 115, -0.7148764133453369
29, 9, 396, 165, -1.1017754077911377
29, 10, 352, 168, -1.087515115737915
29, 11, 557, 273, -0.398485004901886
29, 12, 250, 295, -0.4586934447288513
29, 13, 673, 442, -0.33210402727127075
29, 14, 167, 456, -0.5213481187820435
29, 15, 693, 638, -0.8010234832763672
29, 16, 178, 616, -1.2341253757476807
29, 17, 719, 697, -0.9355202913284302
29, 18, 175, 669, -1.4114406108856201
29, 19, 685, 700, -1.0272012948989868
29, 20, 205, 655, -1.4747306108474731
29, 21, 668, 680, -0.8618202209472656
29, 22, 210, 636, -1.289951205253601
29, 23, 499, 697, -0.08056122064590454
29, 24, 298, 697, 0.08599976450204849
29, 25, 486, 1028, -0.12927699089050293
29, 26, 287, 1033, 0.06962689757347107
29, 27, 477, 1334, 0.5374490022659302
29, 28, 285, 1336, 0.5193590521812439
29, 29, 482, 1385, 0.5632356405258179
29, 30, 286, 1385, 0.5375304818153381
29, 31, 439, 1424, -0.16618765890598297
29, 32, 306, 1427, -0.2276499718427658
30, 0, 373, 133, -1.3301136493682861
30, 1, 393, 103, -1.2702656984329224
30, 2, 406, 102, -1.2704436779022217
30, 3, 419, 101, -1.2705143690109253
30, 4, 356, 104, -1.26349675655365
30, 5, 346, 105, -1.262988567352295
30, 6, 336, 105, -1.2635260820388794
30, 7, 438, 109, -0.8036200404167175
30, 8, 328, 115, -0.7546058297157288
30, 9, 396, 165, -1.150467872619629
30, 10, 352, 168, -1.1362714767456055
30, 11, 559, 272, -0.4445493221282959
30, 12, 250, 294, -0.46084123849868774
30, 13, 669, 431, -0.35488346219062805
30, 14, 166, 456, -0.46586403250694275
30, 15, 689, 642, -0.8178067207336426
30, 16, 170, 615, -1.1225087642669678
30, 17, 712, 702, -0.9904252886772156
30, 18, 166, 667, -1.2982356548309326
30, 19, 678, 704, -1.1355140209197998
30, 20, 194, 653, -1.4048625230789185
30, 21, 661, 682, -0.9280902743339539
30, 22, 200, 635, -1.1902092695236206
30, 23, 500, 696, -0.08493096381425858
30, 24, 300, 697, 0.0904015600681305
30, 25, 488, 1029, -0.1688157618045807
30, 26, 291, 1033, 0.05152328684926033
30, 27, 480, 1337, 0.5043208003044128
30, 28, 291, 1338, 0.4908671975135803
30, 29, 485, 1387, 0.5287312269210815
30, 30, 292, 1388, 0.5066231489181519
30, 31, 443, 1427, -0.21129651367664337
30, 32, 310, 1429, -0.27057164907455444
31, 0, 373, 134, -1.320259928703308
31, 1, 393, 103, -1.2641791105270386
31, 2, 406, 102, -1.2642848491668701
31, 3, 419, 101, -1.2644448280334473
31, 4, 356, 105, -1.2565276622772217
31, 5, 345, 105, -1.2559969425201416
31, 6, 336, 105, -1.2565110921859741
31, 7, 438, 109, -0.802010715007782
31, 8, 327, 115, -0.7483718395233154
31, 9, 396, 165, -1.141050100326538
31, 10, 352, 169, -1.1253798007965088
31, 11, 559, 272, -0.43024587631225586
31, 12, 250, 294, -0.46260398626327515
31, 13, 668, 421, -0.3428513705730438
31, 14, 166, 459, -0.491304486989975
31, 15, 694, 637, -0.8049956560134888
31, 16, 178, 613, -1.1927082538604736
31, 17, 717, 697, -0.9498330354690552
31, 18, 180, 665, -1.3709185123443604
31, 19, 683, 698, -1.0632457733154297
31, 20, 205, 649, -1.4454448223114014
31, 21, 666, 677, -0.8774304389953613
31, 22, 210, 630, -1.2493574619293213
31, 23, 502, 696, -0.08609960228204727
31, 24, 302, 698, 0.09148935973644257
31, 25, 492, 1030, -0.15609046816825867
31, 26, 293, 1036, 0.07112577557563782
31, 27, 486, 1339, 0.5112974047660828
31, 28, 296, 1341, 0.5142493844032288
31, 29, 491, 1390, 0.5333727598190308
31, 30, 297, 1390, 0.5326754450798035
31, 31, 451, 1430, -0.188960462808609
31, 32, 316, 1433, -0.24078865349292755
