0, 0, 318, 153, -0.9791461229324341
0, 1, 339, 124, -0.9246023893356323
0, 2, 351, 124, -0.9245175123214722
0, 3, 361, 124, -0.9248339533805847
0, 4, 297, 125, -0.9334818720817566
0, 5, 283, 127, -0.9329317808151245
0, 6, 271, 127, -0.9334661364555359
0, 7, 378, 138, -0.5434209704399109
0, 8, 260, 141, -0.569172203540802
0, 9, 341, 182, -0.8332260251045227
0, 10, 292, 186, -0.8398281931877136
0, 11, 460, 294, -0.29363134503364563
0, 12, 177, 300, -0.40673986077308655
0, 13, 558, 467, -0.2807127833366394
0, 14, 57, 475, -0.33895987272262573
0, 15, 584, 629, -0.6303011775016785
0, 16, -10, 645, -0.6489049196243286
0, 17, 604, 676, -0.7087324857711792
0, 18, -33, 694, -0.7342408299446106
0, 19, 574, 678, -0.7768179178237915
0, 20, -6, 697, -0.830674946308136
0, 21, 562, 661, -0.6758539080619812
0, 22, 5, 681, -0.7038177847862244
0, 23, 410, 688, -0.005715679377317429
0, 24, 213, 693, 0.011185147799551487
0, 25, 403, 987, -0.048704199492931366
0, 26, 209, 990, -0.10188902914524078
0, 27, 401, 1257, 0.4959236979484558
0, 28, 217, 1258, 0.24073806405067444
0, 29, 407, 1303, 0.5184809565544128
0, 30, 215, 1304, 0.2527780830860138
0, 31, 371, 1345, -0.05397988110780716
0, 32, 245, 1341, -0.38768017292022705
1, 0, 317, 153, -0.9791189432144165
1, 1, 339, 124, -0.9249388575553894
1, 2, 350, 123, -0.9248727560043335
1, 3, 361, 124, -0.9251912832260132
1, 4, 297, 125, -0.9336656332015991
1, 5, 283, 126, -0.9331282377243042
1, 6, 271, 127, -0.9336436986923218
1, 7, 378, 138, -0.5467058420181274
1, 8, 260, 141, -0.5692078471183777
1, 9, 341, 182, -0.8332396745681763
1, 10, 292, 186, -0.839658260345459
1, 11, 460, 293, -0.2994709014892578
1, 12, 177, 300, -0.41065603494644165
1, 13, 558, 466, -0.3146054148674011
1, 14, 57, 473, -0.35437193512916565
1, 15, 584, 627, -0.6883641481399536
1, 16, -3, 650, -0.6853732466697693
1, 17, 604, 673, -0.7758902311325073
1, 18, -28, 699, -0.7752294540405273
1, 19, 575, 675, -0.8330597877502441
1, 20, 0, 704, -0.8701370358467102
1, 21, 563, 659, -0.7306622266769409
1, 22, 13, 687, -0.7391504049301147
1, 23, 414, 688, -0.02019786462187767
1, 24, 220, 694, 0.025096792727708817
1, 25, 412, 994, 0.002823128132149577
1, 26, 223, 1002, 0.047176897525787354
1, 27, 415, 1271, 0.6096871495246887
1, 28, 237, 1276, 0.4317418932914734
1, 29, 420, 1316, 0.6405102610588074
1, 30, 237, 1321, 0.45176759362220764
1, 31, 386, 1361, 0.08278241008520126
1, 32, 267, 1363, -0.16025260090827942
2, 0, 317, 153, -0.9768668413162231
2, 1, 338, 124, -0.9224885702133179
2, 2, 350, 123, -0.9224581718444824
2, 3, 360, 124, -0.922775387763977
2, 4, 297, 125, -0.9314306378364563
2, 5, 283, 126, -0.9308757781982422
2, 6, 271, 127, -0.9313725233078003
2, 7, 378, 138, -0.5385628938674927
2, 8, 260, 141, -0.5610367655754089
2, 9, 341, 183, -0.8288086652755737
2, 10, 291, 186, -0.8350831270217896
2, 11, 460, 293, -0.2793305814266205
2, 12, 177, 300, -0.4099368453025818
2, 13, 557, 464, -0.28758344054222107
2, 14, 60, 469, -0.353850781917572
2, 15, 591, 629, -0.6739739179611206
2, 16, -8, 650, -0.6812210083007812
2, 17, 615, 675, -0.7632803320884705
2, 18, -39, 698, -0.7714874744415283
2, 19, 588, 678, -0.8296350240707397
2, 20, -11, 704, -0.8737083673477173
2, 21, 573, 662, -0.7255643606185913
2, 22, 4, 686, -0.7380425930023193
2, 23, 414, 689, -0.019427374005317688
2, 24, 220, 695, 0.024390820413827896
2, 25, 412, 997, -0.026360219344496727
2, 26, 222, 1002, 0.00023388948466163129
2, 27, 414, 1276, 0.5317997336387634
2, 28, 235, 1276, 0.3873441815376282
2, 29, 420, 1322, 0.5544325113296509
2, 30, 234, 1321, 0.4100468158721924
2, 31, 384, 1363, -0.034481726586818695
2, 32, 264, 1361, -0.21850118041038513
3, 0, 316, 153, -0.9682419896125793
3, 1, 338, 124, -0.9144832491874695
3, 2, 350, 123, -0.9144763946533203
3, 3, 360, 124, -0.9148051142692566
3, 4, 297, 125, -0.9240403175354004
3, 5, 283, 126, -0.9234490394592285
3, 6, 270, 127, -0.9239107966423035
3, 7, 378, 138, -0.5294414758682251
3, 8, 260, 140, -0.5535414218902588
3, 9, 341, 183, -0.8188870549201965
3, 10, 291, 186, -0.8255642056465149
3, 11, 460, 294, -0.265580415725708
3, 12, 177, 300, -0.4067070484161377
3, 13, 557, 464, -0.278464138507843
3, 14, 63, 466, -0.3434837758541107
3, 15, 594, 631, -0.6548696756362915
3, 16, 0, 652, -0.6608364582061768
3, 17, 619, 677, -0.737522304058075
3, 18, -29, 700, -0.7497704029083252
3, 19, 591, 681, -0.8041990995407104
3, 20, 0, 708, -0.8492740392684937
3, 21, 576, 665, -0.7056624293327332
3, 22, 15, 690, -0.7167029976844788
3, 23, 414, 691, -0.01895705610513687
3, 24, 220, 696, 0.02397647127509117
3, 25, 410, 1001, -0.06467319279909134
3, 26, 222, 1004, -0.05517712980508804
3, 27, 411, 1281, 0.43923696875572205
3, 28, 234, 1278, 0.23779936134815216
3, 29, 416, 1328, 0.4569326937198639
3, 30, 234, 1323, 0.2465616911649704
3, 31, 379, 1368, -0.12431459128856659
3, 32, 260, 1362, -0.3733479380607605
4, 0, 316, 153, -0.9953656196594238
4, 1, 338, 124, -0.9413359761238098
4, 2, 350, 123, -0.9413691759109497
4, 3, 360, 124, -0.9416975975036621
4, 4, 297, 125, -0.9495745897293091
4, 5, 283, 126, -0.9490541219711304
4, 6, 270, 127, -0.9495341181755066
4, 7, 378, 138, -0.54542475938797
4, 8, 260, 140, -0.5631533861160278
4, 9, 340, 183, -0.8417528867721558
4, 10, 290, 186, -0.8463908433914185
4, 11, 460, 294, -0.2701888084411621
4, 12, 177, 300, -0.413132905960083
4, 13, 557, 464, -0.27872157096862793
4, 14, 63, 466, -0.3529035449028015
4, 15, 599, 632, -0.660475492477417
4, 16, -2, 652, -0.6854544878005981
4, 17, 624, 679, -0.7430241703987122
4, 18, -33, 701, -0.7772929072380066
4, 19, 598, 683, -0.8157156705856323
4, 20, -3, 709, -0.8840988874435425
4, 21, 582, 668, -0.7115018367767334
4, 22, 12, 691, -0.7448176741600037
4, 23, 414, 694, -0.022805776447057724
4, 24, 220, 699, 0.02771082893013954
4, 25, 410, 1006, -0.038336798548698425
4, 26, 221, 1009, 0.017221923917531967
4, 27, 410, 1287, 0.5505260825157166
4, 28, 233, 1283, 0.3950592577457428
4, 29, 416, 1333, 0.5772538185119629
4, 30, 233, 1328, 0.41271740198135376
4, 31, 378, 1373, -0.01440073736011982
4, 32, 260, 1369, -0.2196693867444992
5, 0, 316, 153, -1.005615472793579
5, 1, 338, 123, -0.9507628679275513
5, 2, 350, 123, -0.9508074522018433
5, 3, 360, 124, -0.9511185884475708
5, 4, 297, 125, -0.9612108469009399
5, 5, 282, 126, -0.9607426524162292
5, 6, 270, 127, -0.9612453579902649
5, 7, 378, 138, -0.5500340461730957
5, 8, 260, 140, -0.5767838954925537
5, 9, 340, 183, -0.8498615026473999
5, 10, 290, 186, -0.8572793006896973
5, 11, 460, 294, -0.26951563358306885
5, 12, 177, 300, -0.42766299843788147
5, 13, 557, 464, -0.27712687849998474
5, 14, 62, 467, -0.3742510974407196
5, 15, 602, 631, -0.668184220790863
5, 16, -3, 654, -0.7075775861740112
5, 17, 627, 677, -0.7517427206039429
5, 18, -33, 703, -0.800033688545227
5, 19, 601, 682, -0.8237811923027039
5, 20, -3, 712, -0.9046187400817871
5, 21, 586, 667, -0.7185021638870239
5, 22, 12, 694, -0.7656266093254089
5, 23, 414, 695, -0.022228199988603592
5, 24, 219, 701, 0.027004718780517578
5, 25, 410, 1008, -0.02621561847627163
5, 26, 221, 1012, 0.00442486209794879
5, 27, 411, 1289, 0.5593468546867371
5, 28, 235, 1288, 0.3756268620491028
5, 29, 416, 1336, 0.5854017734527588
5, 30, 235, 1333, 0.39141374826431274
5, 31, 381, 1375, -0.003958308603614569
5, 32, 263, 1372, -0.24233219027519226
6, 0, 316, 152, -1.0210636854171753
6, 1, 338, 123, -0.9649151563644409
6, 2, 350, 123, -0.9650413393974304
6, 3, 360, 124, -0.9653666615486145
6, 4, 297, 125, -0.9727446436882019
6, 5, 283, 126, -0.9723291397094727
6, 6, 270, 126, -0.9728236198425293
6, 7, 378, 138, -0.5597227811813354
6, 8, 260, 140, -0.5775768756866455
6, 9, 341, 183, -0.8647840619087219
6, 10, 290, 186, -0.8687702417373657
6, 11, 461, 294, -0.2869549095630646
6, 12, 177, 301, -0.4188250005245209
6, 13, 557, 463, -0.30885180830955505
6, 14, 62, 467, -0.35505571961402893
6, 15, 604, 630, -0.7260774374008179
6, 16, -22, 650, -0.7034714818000793
6, 17, 628, 677, -0.8130687475204468
6, 18, -59, 696, -0.7978819608688354
6, 19, 602, 681, -0.8861367106437683
6, 20, -32, 706, -0.9104169011116028
6, 21, 587, 666, -0.7762289047241211
6, 22, -15, 690, -0.7654630541801453
6, 23, 414, 696, -0.03417762741446495
6, 24, 220, 702, 0.0388813242316246
6, 25, 411, 1009, -0.01481588650494814
6, 26, 224, 1014, 0.05168934538960457
6, 27, 413, 1291, 0.616118848323822
6, 28, 238, 1290, 0.4636414051055908
6, 29, 418, 1338, 0.6476246118545532
6, 30, 237, 1335, 0.4851323664188385
6, 31, 384, 1377, 0.05647329241037369
6, 32, 266, 1376, -0.15739834308624268
7, 0, 316, 152, -0.9695388078689575
7, 1, 338, 123, -0.9119240045547485
7, 2, 350, 123, -0.9120402336120605
7, 3, 360, 123, -0.9124067425727844
7, 4, 297, 125, -0.9212573170661926
7, 5, 283, 126, -0.9208297729492188
7, 6, 270, 126, -0.9213101267814636
7, 7, 378, 138, -0.5133976340293884
7, 8, 260, 140, -0.5356363654136658
7, 9, 341, 183, -0.8165711164474487
7, 10, 290, 186, -0.8223624229431152
7, 11, 461, 294, -0.2574836015701294
7, 12, 177, 301, -0.3921627402305603
7, 13, 557, 463, -0.27879294753074646
7, 14, 62, 466, -0.3357519507408142
7, 15, 604, 630, -0.6788617968559265
7, 16, -26, 649, -0.6881849765777588
7, 17, 628, 677, -0.7580969929695129
7, 18, -63, 695, -0.7813582420349121
7, 19, 602, 681, -0.8317897915840149
7, 20, -35, 706, -0.9001138806343079
7, 21, 587, 666, -0.7296182513237
7, 22, -18, 690, -0.7532396912574768
7, 23, 416, 698, -0.03309553116559982
7, 24, 223, 704, 0.0378694050014019
7, 25, 417, 1011, -0.05026302859187126
7, 26, 231, 1018, 0.027271036058664322
7, 27, 422, 1295, 0.5296330451965332
7, 28, 246, 1295, 0.4440860152244568
7, 29, 428, 1342, 0.5555658340454102
7, 30, 245, 1341, 0.4505074918270111
7, 31, 393, 1381, -0.03278514742851257
7, 32, 275, 1381, -0.1690962165594101
8, 0, 316, 152, -0.978471577167511
8, 1, 338, 123, -0.9195843935012817
8, 2, 350, 123, -0.9197092056274414
8, 3, 360, 123, -0.9200870394706726
8, 4, 297, 125, -0.9286576509475708
8, 5, 283, 126, -0.9281853437423706
8, 6, 271, 126, -0.9286466836929321
8, 7, 378, 137, -0.5160929560661316
8, 8, 260, 140, -0.5391377210617065
8, 9, 341, 183, -0.8225299119949341
8, 10, 290, 186, -0.8279513120651245
8, 11, 461, 294, -0.2606772780418396
8, 12, 177, 300, -0.3932878375053406
8, 13, 557, 462, -0.28744447231292725
8, 14, 62, 466, -0.33551740646362305
8, 15, 605, 630, -0.7009559273719788
8, 16, -29, 648, -0.6869315505027771
8, 17, 628, 677, -0.7851351499557495
8, 18, -64, 693, -0.7797418236732483
8, 19, 601, 681, -0.857768177986145
8, 20, -37, 703, -0.8950048685073853
8, 21, 587, 666, -0.7514532804489136
8, 22, -20, 688, -0.7507385611534119
8, 23, 416, 698, -0.03205295652151108
8, 24, 223, 705, 0.0368768647313118
8, 25, 417, 1012, -0.0607898123562336
8, 26, 230, 1019, 0.022742798551917076
8, 27, 421, 1297, 0.49981603026390076
8, 28, 245, 1297, 0.3652430772781372
8, 29, 427, 1344, 0.5231260061264038
8, 30, 244, 1343, 0.37045180797576904
8, 31, 392, 1383, -0.07681108266115189
8, 32, 273, 1382, -0.27084293961524963
9, 0, 316, 152, -1.0118858814239502
9, 1, 338, 123, -0.9533761143684387
9, 2, 350, 123, -0.9535136222839355
9, 3, 360, 123, -0.9538734555244446
9, 4, 297, 125, -0.9611773490905762
9, 5, 283, 126, -0.9607139825820923
9, 6, 271, 126, -0.9611994624137878
9, 7, 378, 137, -0.5420790314674377
9, 8, 260, 140, -0.5578429698944092
9, 9, 341, 183, -0.8535928726196289
9, 10, 290, 186, -0.8575185537338257
9, 11, 461, 294, -0.2736397087574005
9, 12, 177, 300, -0.3940719962120056
9, 13, 557, 462, -0.30114343762397766
9, 14, 62, 466, -0.3356476426124573
9, 15, 606, 629, -0.7174420952796936
9, 16, -35, 645, -0.6901244521141052
9, 17, 631, 676, -0.802227795124054
9, 18, -71, 689, -0.7847872972488403
9, 19, 605, 681, -0.8784366846084595
9, 20, -45, 699, -0.901252269744873
9, 21, 590, 665, -0.7694417238235474
9, 22, -28, 684, -0.7551571130752563
9, 23, 417, 698, -0.032172318547964096
9, 24, 224, 704, 0.03701523691415787
9, 25, 419, 1012, -0.06414296478033066
9, 26, 233, 1018, 0.01460803858935833
9, 27, 425, 1296, 0.5015081167221069
9, 28, 248, 1297, 0.3631380498409271
9, 29, 431, 1344, 0.5251149535179138
9, 30, 248, 1343, 0.3699108958244324
9, 31, 396, 1382, -0.08193573355674744
9, 32, 278, 1382, -0.28769782185554504
10, 0, 316, 152, -1.0302529335021973
10, 1, 338, 123, -0.972641110420227
10, 2, 350, 122, -0.9727494120597839
10, 3, 361, 123, -0.9731249809265137
10, 4, 297, 125, -0.9826624989509583
10, 5, 283, 126, -0.9822357296943665
10, 6, 271, 126, -0.9827713966369629
10, 7, 378, 137, -0.5586414933204651
10, 8, 260, 140, -0.5860884189605713
10, 9, 341, 183, -0.8707974553108215
10, 10, 291, 186, -0.8779633641242981
10, 11, 461, 294, -0.27495455741882324
10, 12, 177, 300, -0.4237295687198639
10, 13, 557, 462, -0.29021814465522766
10, 14, 62, 467, -0.380805104970932
10, 15, 613, 633, -0.7167828679084778
10, 16, -27, 651, -0.7509058117866516
10, 17, 640, 680, -0.7973977327346802
10, 18, -60, 697, -0.851281464099884
10, 19, 616, 685, -0.8672725558280945
10, 20, -32, 705, -0.9627882838249207
10, 21, 600, 670, -0.762757420539856
10, 22, -16, 690, -0.8130784034729004
10, 23, 417, 699, -0.03190964460372925
10, 24, 224, 706, 0.03682545945048332
10, 25, 418, 1014, -0.0435667559504509
10, 26, 232, 1020, 0.01932581700384617
10, 27, 425, 1298, 0.5530054569244385
10, 28, 248, 1298, 0.395118772983551
10, 29, 431, 1346, 0.579515814781189
10, 30, 247, 1344, 0.40990495681762695
10, 31, 395, 1384, -0.021428335458040237
10, 32, 276, 1383, -0.23736515641212463
11, 0, 316, 151, -0.9785048365592957
11, 1, 338, 122, -0.9231653213500977
11, 2, 350, 122, -0.9232412576675415
11, 3, 361, 122, -0.923637866973877
11, 4, 297, 125, -0.9330786466598511
11, 5, 283, 126, -0.9326542019844055
11, 6, 271, 126, -0.9331457018852234
11, 7, 378, 137, -0.5290217995643616
11, 8, 260, 140, -0.5548318028450012
11, 9, 341, 183, -0.8271976709365845
11, 10, 291, 186, -0.8339826464653015
11, 11, 461, 294, -0.26345306634902954
11, 12, 177, 300, -0.4138740003108978
11, 13, 557, 462, -0.24378898739814758
11, 14, 63, 467, -0.3741661608219147
11, 15, 616, 635, -0.5999297499656677
11, 16, -13, 655, -0.749099850654602
11, 17, 644, 682, -0.678440272808075
11, 18, -43, 702, -0.8480538129806519
11, 19, 619, 688, -0.7549429535865784
11, 20, -13, 710, -0.9608074426651001
11, 21, 602, 672, -0.6505990028381348
11, 22, 1, 693, -0.8109712600708008
11, 23, 419, 699, -0.032322682440280914
11, 24, 225, 706, 0.03719005733728409
11, 25, 419, 1014, -0.04363153129816055
11, 26, 232, 1021, 0.035677891224622726
11, 27, 424, 1300, 0.5499604344367981
11, 28, 247, 1299, 0.40595370531082153
11, 29, 430, 1347, 0.5763291120529175
11, 30, 246, 1344, 0.4226454794406891
11, 31, 395, 1386, -0.012765188701450825
11, 32, 276, 1384, -0.20497331023216248
12, 0, 317, 151, -0.9566555023193359
12, 1, 338, 122, -0.9001981616020203
12, 2, 350, 122, -0.9002590179443359
12, 3, 361, 122, -0.9006295204162598
12, 4, 297, 125, -0.9122251272201538
12, 5, 283, 126, -0.9117944836616516
12, 6, 271, 126, -0.9122582674026489
12, 7, 378, 136, -0.5048462152481079
12, 8, 260, 140, -0.5395215153694153
12, 9, 341, 183, -0.8050003051757812
12, 10, 291, 186, -0.814466118812561
12, 11, 461, 294, -0.23527339100837708
12, 12, 177, 300, -0.40732479095458984
12, 13, 557, 462, -0.19395491480827332
12, 14, 64, 467, -0.37091484665870667
12, 15, 619, 635, -0.540044367313385
12, 16, -8, 655, -0.7473400831222534
12, 17, 648, 682, -0.6160000562667847
12, 18, -36, 702, -0.8424485325813293
12, 19, 625, 687, -0.6963006258010864
12, 20, -6, 710, -0.9488658905029297
12, 21, 608, 672, -0.593085765838623
12, 22, 8, 693, -0.8057233691215515
12, 23, 422, 699, -0.03208089619874954
12, 24, 228, 706, 0.036908142268657684
12, 25, 425, 1014, -0.06678037345409393
12, 26, 236, 1021, 0.03071753680706024
12, 27, 433, 1299, 0.5152534246444702
12, 28, 256, 1299, 0.3943807780742645
12, 29, 440, 1346, 0.5405983924865723
12, 30, 255, 1344, 0.411210834980011
12, 31, 406, 1385, -0.04497385770082474
12, 32, 287, 1384, -0.22282056510448456
13, 0, 317, 151, -0.9389922022819519
13, 1, 338, 121, -0.8829887509346008
13, 2, 350, 121, -0.8830453753471375
13, 3, 361, 122, -0.8833891153335571
13, 4, 297, 124, -0.8930690884590149
13, 5, 283, 125, -0.8926289677619934
13, 6, 271, 126, -0.893083930015564
13, 7, 378, 136, -0.4963095188140869
13, 8, 260, 140, -0.5223370790481567
13, 9, 341, 182, -0.7915722131729126
13, 10, 291, 185, -0.7983316779136658
13, 11, 461, 293, -0.2384302169084549
13, 12, 177, 301, -0.3958905041217804
13, 13, 557, 461, -0.2116619050502777
13, 14, 66, 467, -0.3526345193386078
13, 15, 618, 633, -0.5689073204994202
13, 16, -21, 649, -0.7392067909240723
13, 17, 646, 679, -0.6477336883544922
13, 18, -59, 692, -0.838657557964325
13, 19, 622, 684, -0.727228045463562
13, 20, -32, 700, -0.9400306940078735
13, 21, 606, 669, -0.6204702854156494
13, 22, -14, 685, -0.8023431897163391
13, 23, 423, 699, -0.031752102077007294
13, 24, 230, 706, 0.036583371460437775
13, 25, 426, 1014, -0.0660725086927414
13, 26, 236, 1021, 0.036009591072797775
13, 27, 434, 1298, 0.5161927938461304
13, 28, 256, 1298, 0.3940930664539337
13, 29, 440, 1346, 0.5417927503585815
13, 30, 255, 1343, 0.4103553295135498
13, 31, 407, 1384, -0.037975411862134933
13, 32, 288, 1384, -0.21444228291511536
14, 0, 317, 150, -1.294152855873108
14, 1, 338, 120, -1.2299648523330688
14, 2, 350, 120, -1.2302238941192627
14, 3, 361, 121, -1.2302968502044678
14, 4, 297, 123, -1.2353489398956299
14, 5, 283, 124, -1.235090970993042
14, 6, 271, 124, -1.2355743646621704
14, 7, 378, 135, -0.7546993494033813
14, 8, 260, 138, -0.7692686319351196
14, 9, 341, 181, -1.113795518875122
14, 10, 291, 184, -1.1178038120269775
14, 11, 460, 291, -0.41435542702674866
14, 12, 178, 301, -0.4501309394836426
14, 13, 558, 461, -0.4160293638706207
14, 14, 67, 474, -0.5422800183296204
14, 15, 614, 627, -0.9572094678878784
14, 16, 41, 608, -1.3191580772399902
14, 17, 634, 670, -1.113281011581421
14, 18, 37, 649, -1.49485445022583
14, 19, 611, 663, -1.1944968700408936
14, 20, 64, 627, -1.584869146347046
14, 21, 594, 651, -1.0142360925674438
14, 22, 72, 616, -1.380854845046997
14, 23, 425, 691, -0.05791572853922844
14, 24, 230, 701, 0.06290051341056824
14, 25, 426, 1012, -0.08554120361804962
14, 26, 235, 1020, 0.030418118461966515
14, 27, 433, 1298, 0.5720356106758118
14, 28, 255, 1298, 0.47328537702560425
14, 29, 439, 1344, 0.5989245772361755
14, 30, 255, 1340, 0.5011158585548401
14, 31, 406, 1384, -0.041948266327381134
14, 32, 285, 1383, -0.21652086079120636
15, 0, 317, 150, -1.4813112020492554
15, 1, 339, 120, -1.4208675622940063
15, 2, 350, 120, -1.4211832284927368
15, 3, 361, 121, -1.4211244583129883
15, 4, 297, 123, -1.4239861965179443
15, 5, 283, 124, -1.423732042312622
15, 6, 271, 124, -1.4241809844970703
15, 7, 378, 135, -0.9194164276123047
15, 8, 260, 138, -0.9279653429985046
15, 9, 341, 181, -1.285717487335205
15, 10, 291, 184, -1.2893813848495483
15, 11, 459, 289, -0.5262627005577087
15, 12, 178, 300, -0.5649184584617615
15, 13, 557, 460, -0.5554834008216858
15, 14, 74, 473, -0.9560630917549133
15, 15, 592, 618, -1.1226818561553955
15, 16, 162, 486, -1.9945123195648193
15, 17, 604, 663, -1.269266128540039
15, 18, 192, 491, -2.2059926986694336
15, 19, 580, 648, -1.3370254039764404
15, 20, 190, 462, -2.2147531509399414
15, 21, 566, 635, -1.1691930294036865
15, 22, 187, 458, -2.0240817070007324
15, 23, 422, 685, -0.06398186832666397
15, 24, 225, 689, 0.06863687932491302
15, 25, 419, 1006, -0.08678766340017319
15, 26, 230, 1001, -0.02833564579486847
15, 27, 415, 1294, 0.6071678996086121
15, 28, 238, 1284, 0.47278887033462524
15, 29, 417, 1337, 0.6318533420562744
15, 30, 237, 1327, 0.5042677521705627
15, 31, 392, 1382, -0.05454332381486893
15, 32, 263, 1370, -0.23445439338684082
16, 0, 317, 150, -1.6200380325317383
16, 1, 339, 120, -1.552696943283081
16, 2, 350, 120, -1.5529563426971436
16, 3, 361, 121, -1.552794337272644
16, 4, 297, 123, -1.5554344654083252
16, 5, 283, 124, -1.5556304454803467
16, 6, 271, 124, -1.5560534000396729
16, 7, 378, 135, -1.0312862396240234
16, 8, 260, 137, -1.0397831201553345
16, 9, 341, 181, -1.4191395044326782
16, 10, 291, 184, -1.4223238229751587
16, 11, 458, 289, -0.6458578705787659
16, 12, 178, 303, -0.6395955681800842
16, 13, 557, 468, -0.8966452479362488
16, 14, 71, 473, -1.1286050081253052
16, 15, 528, 581, -1.655726671218872
16, 16, 141, 460, -2.2317490577697754
16, 17, 519, 615, -1.8306357860565186
16, 18, 188, 414, -2.443605661392212
16, 19, 449, 528, -1.85207200050354
16, 20, 185, 400, -2.4179842472076416
16, 21, 450, 515, -1.683855414390564
16, 22, 181, 406, -2.245710611343384
16, 23, 410, 684, -0.08340782672166824
16, 24, 217, 686, 0.08761891722679138
16, 25, 399, 1003, -0.13726821541786194
16, 26, 213, 995, 0.0805913507938385
16, 27, 394, 1290, 0.5905789136886597
16, 28, 223, 1275, 0.5673918128013611
16, 29, 396, 1332, 0.616848349571228
16, 30, 222, 1315, 0.5935636162757874
16, 31, 373, 1375, -0.09653394669294357
16, 32, 245, 1362, -0.12089107930660248
17, 0, 317, 150, -1.3875139951705933
17, 1, 339, 121, -1.3246012926101685
17, 2, 350, 120, -1.3248727321624756
17, 3, 361, 121, -1.324761152267456
17, 4, 298, 123, -1.326781988143921
17, 5, 284, 124, -1.326696515083313
17, 6, 272, 124, -1.3270514011383057
17, 7, 378, 135, -0.8433319926261902
17, 8, 261, 137, -0.8626850843429565
17, 9, 341, 181, -1.1994357109069824
17, 10, 292, 184, -1.2020552158355713
17, 11, 457, 287, -0.5376104116439819
17, 12, 179, 303, -0.40484708547592163
17, 13, 551, 467, -0.7075775265693665
17, 14, 80, 473, -0.8258217573165894
17, 15, 460, 514, -1.5320780277252197
17, 16, 130, 437, -1.970727562904358
17, 17, 470, 550, -1.7123870849609375
17, 18, 164, 394, -2.187885284423828
17, 19, 417, 473, -1.7253713607788086
17, 20, 171, 357, -2.178427219390869
17, 21, 423, 468, -1.5559557676315308
17, 22, 177, 374, -1.9930055141448975
17, 23, 407, 671, -0.07872889935970306
17, 24, 218, 671, 0.0830731987953186
17, 25, 399, 987, -0.1967892348766327
17, 26, 214, 979, -0.018936587497591972
17, 27, 393, 1272, 0.3667178750038147
17, 28, 223, 1261, 0.2967398762702942
17, 29, 395, 1312, 0.3790445327758789
17, 30, 222, 1300, 0.30327045917510986
17, 31, 369, 1356, -0.30234405398368835
17, 32, 245, 1347, -0.4108596444129944
18, 0, 321, 150, -1.4563777446746826
18, 1, 340, 121, -1.3882644176483154
18, 2, 351, 121, -1.38856840133667
18, 3, 362, 121, -1.3882479667663574
18, 4, 301, 123, -1.392638087272644
18, 5, 288, 123, -1.3927977085113525
18, 6, 276, 123, -1.3931090831756592
18, 7, 378, 135, -0.8716052770614624
18, 8, 261, 135, -0.8917304277420044
18, 9, 341, 181, -1.2589701414108276
18, 10, 296, 184, -1.2658257484436035
18, 11, 456, 287, -0.5172246694564819
18, 12, 179, 305, -0.4129484295845032
18, 13, 552, 477, -0.9024335741996765
18, 14, 88, 535, -0.8879896402359009
18, 15, 435, 478, -1.87531316280365
18, 16, 120, 414, -2.1126084327697754
18, 17, 400, 468, -2.0596883296966553
18, 18, 137, 362, -2.32999849319458
18, 19, 390, 436, -2.034939765930176
18, 20, 148, 330, -2.3077051639556885
18, 21, 397, 438, -1.8826587200164795
18, 22, 156, 349, -2.130229949951172
18, 23, 406, 669, -0.07425889372825623
18, 24, 214, 671, 0.07786087691783905
18, 25, 399, 986, -0.1708214282989502
18, 26, 211, 980, -0.0731150209903717
18, 27, 396, 1269, 0.4288942813873291
18, 28, 225, 1260, 0.2772897779941559
18, 29, 399, 1310, 0.44620341062545776
18, 30, 224, 1299, 0.28704288601875305
18, 31, 370, 1352, -0.2154521942138672
18, 32, 247, 1347, -0.4248479902744293
19, 0, 322, 150, -1.405432939529419
19, 1, 342, 121, -1.3402198553085327
19, 2, 352, 121, -1.3403784036636353
19, 3, 363, 121, -1.3398739099502563
19, 4, 305, 122, -1.3360646963119507
19, 5, 291, 122, -1.3360927104949951
19, 6, 279, 122, -1.336476445198059
19, 7, 379, 135, -0.8360999226570129
19, 8, 264, 134, -0.8375563621520996
19, 9, 341, 181, -1.215113639831543
19, 10, 297, 183, -1.210868239402771
19, 11, 456, 289, -0.5099645256996155
19, 12, 183, 302, -0.3933276832103729
19, 13, 546, 491, -1.0420522689819336
19, 14, 96, 525, -0.9017906188964844
19, 15, 423, 451, -2.0821385383605957
19, 16, 119, 390, -2.1504645347595215
19, 17, 387, 433, -2.277522563934326
19, 18, 122, 335, -2.3678743839263916
19, 19, 370, 403, -2.237619161605835
19, 20, 140, 310, -2.3427183628082275
19, 21, 376, 406, -2.085155963897705
19, 22, 151, 329, -2.1690258979797363
19, 23, 405, 669, -0.07183460891246796
19, 24, 210, 666, 0.07585032284259796
19, 25, 396, 981, -0.03320200368762016
19, 26, 206, 971, -0.021496906876564026
19, 27, 395, 1255, 0.5667725801467896
19, 28, 219, 1243, 0.39103221893310547
19, 29, 398, 1294, 0.5862800478935242
19, 30, 216, 1279, 0.40823784470558167
19, 31, 370, 1337, -0.07110144942998886
19, 32, 244, 1330, -0.2883988916873932
20, 0, 323, 150, -1.3765203952789307
20, 1, 342, 121, -1.3128657341003418
20, 2, 353, 121, -1.3129589557647705
20, 3, 364, 121, -1.3124076128005981
20, 4, 306, 122, -1.3055598735809326
20, 5, 292, 122, -1.3055496215820312
20, 6, 281, 122, -1.3059602975845337
20, 7, 380, 135, -0.8187620043754578
20, 8, 265, 134, -0.826389491558075
20, 9, 342, 181, -1.1912115812301636
20, 10, 298, 183, -1.1830124855041504
20, 11, 456, 289, -0.5179650187492371
20, 12, 187, 298, -0.3834238350391388
20, 13, 536, 501, -1.1121355295181274
20, 14, 96, 515, -0.928179144859314
20, 15, 417, 428, -2.134072780609131
20, 16, 120, 374, -2.1438348293304443
20, 17, 392, 389, -2.3238625526428223
20, 18, 114, 313, -2.351161241531372
20, 19, 374, 364, -2.269274950027466
20, 20, 141, 294, -2.315662145614624
20, 21, 373, 375, -2.1315829753875732
20, 22, 154, 315, -2.1582703590393066
20, 23, 403, 666, -0.06962849944829941
20, 24, 206, 658, 0.0736524760723114
20, 25, 390, 976, -0.012825188226997852
20, 26, 198, 962, 0.04770771041512489
20, 27, 389, 1245, 0.587716281414032
20, 28, 207, 1229, 0.4661523699760437
20, 29, 392, 1283, 0.6093114614486694
20, 30, 203, 1264, 0.4857766628265381
20, 31, 364, 1326, -0.03741269186139107
20, 32, 233, 1316, -0.18813690543174744
21, 0, 322, 149, -1.2691309452056885
21, 1, 342, 121, -1.2101600170135498
21, 2, 352, 121, -1.210237741470337
21, 3, 363, 121, -1.2093589305877686
21, 4, 306, 121, -1.1922221183776855
21, 5, 292, 121, -1.1920444965362549
21, 6, 281, 121, -1.1924850940704346
21, 7, 380, 135, -0.7407969236373901
21, 8, 265, 134, -0.674275279045105
21, 9, 341, 181, -1.0959703922271729
21, 10, 298, 182, -1.0751012563705444
21, 11, 456, 290, -0.4909971356391907
21, 12, 189, 295, -0.29343193769454956
21, 13, 521, 515, -1.0222374200820923
21, 14, 97, 512, -0.8473756909370422
21, 15, 416, 418, -2.0122063159942627
21, 16, 123, 369, -1.9929344654083252
21, 17, 388, 376, -2.1929144859313965
21, 18, 119, 310, -2.1914219856262207
21, 19, 377, 345, -2.137099504470825
21, 20, 142, 288, -2.153050184249878
21, 21, 375, 358, -2.0093231201171875
21, 22, 154, 308, -2.0074305534362793
21, 23, 401, 663, -0.06816618144512177
21, 24, 203, 652, 0.07224737852811813
21, 25, 385, 969, -0.015191147103905678
21, 26, 191, 954, 0.08631366491317749
21, 27, 381, 1235, 0.5108036398887634
21, 28, 198, 1218, 0.5068889856338501
21, 29, 385, 1272, 0.5274073481559753
21, 30, 194, 1252, 0.5286834239959717
21, 31, 354, 1317, -0.11380108445882797
21, 32, 224, 1307, -0.13114099204540253
22, 0, 322, 149, -1.115443468093872
22, 1, 342, 121, -1.0595266819000244
22, 2, 351, 120, -1.0596574544906616
22, 3, 362, 121, -1.058942198753357
22, 4, 305, 121, -1.0426738262176514
22, 5, 292, 121, -1.0423150062561035
22, 6, 281, 121, -1.0427347421646118
22, 7, 378, 134, -0.6164196729660034
22, 8, 265, 134, -0.540280818939209
22, 9, 341, 181, -0.952436089515686
22, 10, 298, 182, -0.9312660098075867
22, 11, 455, 290, -0.3662639856338501
22, 12, 192, 293, -0.18925417959690094
22, 13, 510, 564, -0.9108482599258423
22, 14, 99, 510, -0.7136451005935669
22, 15, 413, 412, -1.8692232370376587
22, 16, 137, 360, -1.8695135116577148
22, 17, 381, 369, -2.0466175079345703
22, 18, 142, 297, -2.058042049407959
22, 19, 378, 335, -1.9881569147109985
22, 20, 165, 274, -2.119436740875244
22, 21, 380, 346, -1.8650776147842407
22, 22, 179, 294, -1.9035028219223022
22, 23, 399, 652, -0.0671413242816925
22, 24, 202, 640, 0.07126165926456451
22, 25, 379, 958, -0.02979946695268154
22, 26, 188, 943, 0.08851593732833862
22, 27, 372, 1223, 0.4949285089969635
22, 28, 194, 1209, 0.511052131652832
22, 29, 377, 1258, 0.5105384588241577
22, 30, 189, 1242, 0.534511923789978
22, 31, 347, 1305, -0.12022696435451508
22, 32, 219, 1298, -0.12844637036323547
23, 0, 321, 149, -0.997106671333313
23, 1, 341, 121, -0.9422072172164917
23, 2, 350, 120, -0.9424705505371094
23, 3, 359, 121, -0.9418689608573914
23, 4, 305, 121, -0.9318863749504089
23, 5, 292, 121, -0.9316145181655884
23, 6, 281, 121, -0.9320304989814758
23, 7, 376, 134, -0.5219905376434326
23, 8, 266, 134, -0.47567620873451233
23, 9, 339, 181, -0.8405173420906067
23, 10, 298, 181, -0.8285984992980957
23, 11, 453, 288, -0.2797221839427948
23, 12, 194, 290, -0.15086807310581207
23, 13, 496, 542, -0.7762817144393921
23, 14, 103, 501, -0.6221473217010498
23, 15, 401, 403, -1.8594545125961304
23, 16, 159, 355, -1.7337558269500732
23, 17, 365, 368, -1.9715341329574585
23, 18, 175, 308, -1.9082635641098022
23, 19, 365, 334, -1.8711086511611938
23, 20, 187, 285, -1.885101079940796
23, 21, 372, 343, -1.7744884490966797
23, 22, 199, 300, -1.7475866079330444
23, 23, 400, 630, -0.05647609382867813
23, 24, 205, 623, 0.06053166836500168
23, 25, 382, 927, -0.06494180858135223
23, 26, 193, 916, 0.02058427408337593
23, 27, 376, 1190, 0.4182806611061096
23, 28, 199, 1180, 0.34612804651260376
23, 29, 381, 1224, 0.43149012327194214
23, 30, 191, 1214, 0.36076992750167847
23, 31, 349, 1272, -0.15902559459209442
23, 32, 224, 1261, -0.2564317584037781
24, 0, 319, 149, -0.9976304769515991
24, 1, 338, 120, -0.9318548440933228
24, 2, 348, 120, -0.9322354197502136
24, 3, 356, 121, -0.931747555732727
24, 4, 304, 121, -0.9290974736213684
24, 5, 292, 121, -0.9289275407791138
24, 6, 281, 121, -0.9294206500053406
24, 7, 372, 134, -0.4667894244194031
24, 8, 266, 134, -0.4531424045562744
24, 9, 338, 179, -0.822915256023407
24, 10, 297, 179, -0.8208239674568176
24, 11, 449, 285, -0.20705464482307434
24, 12, 196, 283, -0.15420685708522797
24, 13, 475, 522, -0.7551614046096802
24, 14, 110, 478, -0.6608352661132812
24, 15, 368, 390, -1.7433054447174072
24, 16, 185, 350, -1.7422714233398438
24, 17, 324, 360, -1.9054170846939087
24, 18, 209, 315, -1.9270954132080078
24, 19, 326, 329, -1.8454878330230713
24, 20, 220, 291, -1.8944551944732666
24, 21, 335, 336, -1.7226009368896484
24, 22, 225, 304, -1.7523672580718994
24, 23, 394, 622, -0.03961753472685814
24, 24, 205, 614, 0.04344397038221359
24, 25, 379, 916, -0.07189492136240005
24, 26, 194, 900, -0.057384051382541656
24, 27, 376, 1176, 0.41268691420555115
24, 28, 201, 1163, 0.2643951177597046
24, 29, 380, 1211, 0.4249882698059082
24, 30, 195, 1199, 0.2760990858078003
24, 31, 351, 1256, -0.18681789934635162
24, 32, 227, 1243, -0.37169498205184937
25, 0, 318, 148, -1.068935513496399
25, 1, 337, 120, -1.0118043422698975
25, 2, 347, 120, -1.0120753049850464
25, 3, 354, 120, -1.0116230249404907
25, 4, 303, 120, -1.0036605596542358
25, 5, 292, 120, -1.00339674949646
25, 6, 281, 120, -1.0038760900497437
25, 7, 372, 132, -0.5523309707641602
25, 8, 266, 133, -0.5206695795059204
25, 9, 338, 177, -0.8991365432739258
25, 10, 297, 176, -0.8882392644882202
25, 11, 446, 280, -0.21392571926116943
25, 12, 199, 270, -0.20994384586811066
25, 13, 462, 507, -0.8480140566825867
25, 14, 117, 468, -0.6762098670005798
25, 15, 326, 383, -1.751020073890686
25, 16, 233, 371, -1.7040497064590454
25, 17, 284, 355, -1.9220149517059326
25, 18, 269, 329, -1.873326301574707
25, 19, 292, 322, -1.8589540719985962
25, 20, 269, 298, -1.8140535354614258
25, 21, 302, 331, -1.738975167274475
25, 22, 266, 311, -1.6994657516479492
25, 23, 391, 614, -0.03992005065083504
25, 24, 204, 606, 0.04395411163568497
25, 25, 375, 899, -0.0068513331934809685
25, 26, 194, 885, 0.03152204304933548
25, 27, 373, 1151, 0.5560743808746338
25, 28, 203, 1140, 0.45874470472335815
25, 29, 378, 1184, 0.5765252709388733
25, 30, 198, 1174, 0.4825490117073059
25, 31, 349, 1233, -0.03590410202741623
25, 32, 229, 1220, -0.17124035954475403
26, 0, 318, 146, -0.6451095938682556
26, 1, 335, 119, -0.5917659997940063
26, 2, 346, 118, -0.5921791195869446
26, 3, 353, 118, -0.591616153717041
26, 4, 302, 120, -0.5786887407302856
26, 5, 291, 120, -0.5783295631408691
26, 6, 280, 120, -0.5790248513221741
26, 7, 371, 132, -0.24630549550056458
26, 8, 266, 133, -0.17473076283931732
26, 9, 338, 175, -0.5169345140457153
26, 10, 297, 175, -0.49893397092819214
26, 11, 445, 279, -0.1689290702342987
26, 12, 203, 273, -0.024807767942547798
26, 13, 449, 494, -0.7004015445709229
26, 14, 127, 456, -0.557205080986023
26, 15, 294, 375, -1.1854277849197388
26, 16, 281, 359, -1.256036400794983
26, 17, 238, 361, -1.2951639890670776
26, 18, 315, 316, -1.3850171566009521
26, 19, 244, 333, -1.1921314001083374
26, 20, 311, 294, -1.2878931760787964
26, 21, 260, 336, -1.1513903141021729
26, 22, 301, 308, -1.2350995540618896
26, 23, 392, 622, -0.055952899158000946
26, 24, 204, 615, 0.060308266431093216
26, 25, 373, 912, -0.01708139479160309
26, 26, 193, 901, 0.12758657336235046
26, 27, 366, 1163, 0.5178669095039368
26, 28, 200, 1153, 0.5171091556549072
26, 29, 371, 1198, 0.5397852659225464
26, 30, 195, 1187, 0.5414838790893555
26, 31, 340, 1247, -0.041149139404296875
26, 32, 224, 1237, -0.02066691219806671
27, 0, 317, 146, -0.513817548751831
27, 1, 333, 118, -0.46005111932754517
27, 2, 344, 118, -0.4603938162326813
27, 3, 351, 118, -0.4598120152950287
27, 4, 300, 120, -0.44945135712623596
27, 5, 290, 120, -0.449291855096817
27, 6, 280, 120, -0.4499993324279785
27, 7, 368, 131, -0.12349484860897064
27, 8, 266, 134, -0.057202279567718506
27, 9, 338, 174, -0.38935646414756775
27, 10, 297, 175, -0.3735716938972473
27, 11, 442, 273, -0.06193350628018379
27, 12, 209, 274, 0.050846852362155914
27, 13, 442, 485, -0.563862681388855
27, 14, 136, 449, -0.4577014446258545
27, 15, 272, 384, -0.9362441897392273
27, 16, 301, 326, -0.9410578608512878
27, 17, 207, 377, -1.0256129503250122
27, 18, 330, 283, -1.0475382804870605
27, 19, 211, 348, -0.9134710431098938
27, 20, 327, 273, -0.9284062385559082
27, 21, 232, 349, -0.8984106183052063
27, 22, 318, 289, -0.9089897871017456
27, 23, 393, 627, -0.05599600076675415
27, 24, 206, 621, 0.06031975895166397
27, 25, 374, 910, -0.05352042242884636
27, 26, 196, 902, 0.11408716440200806
27, 27, 367, 1161, 0.4185212552547455
27, 28, 201, 1156, 0.48578619956970215
27, 29, 372, 1195, 0.4370495676994324
27, 30, 196, 1191, 0.5073824524879456
27, 31, 343, 1247, -0.06416822969913483
27, 32, 225, 1244, -0.07217033207416534
28, 0, 316, 146, -0.534185528755188
28, 1, 332, 118, -0.48235994577407837
28, 2, 343, 118, -0.48268136382102966
28, 3, 350, 118, -0.48210349678993225
28, 4, 299, 120, -0.4663902223110199
28, 5, 289, 121, -0.46615251898765564
28, 6, 279, 121, -0.46678978204727173
28, 7, 367, 131, -0.15079763531684875
28, 8, 266, 135, -0.06075827404856682
28, 9, 338, 174, -0.4117550253868103
28, 10, 297, 175, -0.388881117105484
28, 11, 441, 271, -0.0967513769865036
28, 12, 213, 275, 0.05928044393658638
28, 13, 440, 481, -0.6172799468040466
28, 14, 145, 450, -0.4495408535003662
28, 15, 282, 391, -1.0655555725097656
28, 16, 301, 328, -0.9970695376396179
28, 17, 221, 387, -1.1655350923538208
28, 18, 329, 281, -1.112030029296875
28, 19, 226, 356, -1.0571542978286743
28, 20, 326, 268, -0.9995013475418091
28, 21, 244, 355, -1.029995322227478
28, 22, 316, 287, -0.9678870439529419
28, 23, 396, 629, -0.06196104362607002
28, 24, 211, 622, 0.0663241520524025
28, 25, 375, 910, -0.046720195561647415
28, 26, 203, 904, 0.1044313907623291
28, 27, 369, 1159, 0.4212714731693268
28, 28, 205, 1158, 0.46624594926834106
28, 29, 373, 1194, 0.4426654875278473
28, 30, 201, 1192, 0.4837645888328552
28, 31, 345, 1245, -0.04129263013601303
28, 32, 226, 1247, -0.10677973926067352
29, 0, 315, 145, -0.6048392653465271
29, 1, 331, 117, -0.5498186349868774
29, 2, 342, 117, -0.5502091646194458
29, 3, 349, 116, -0.5496963262557983
29, 4, 298, 120, -0.5345252752304077
29, 5, 288, 121, -0.5343298316001892
29, 6, 279, 121, -0.5349742770195007
29, 7, 366, 130, -0.2069971114397049
29, 8, 267, 135, -0.12480936199426651
29, 9, 338, 171, -0.4785407483577728
29, 10, 296, 173, -0.457512229681015
29, 11, 441, 272, -0.15125706791877747
29, 12, 212, 277, 0.03645898774266243
29, 13, 442, 479, -0.6239966750144958
29, 14, 140, 453, -0.44584304094314575
29, 15, 292, 394, -1.2170403003692627
29, 16, 270, 340, -1.092139720916748
29, 17, 233, 387, -1.33121657371521
29, 18, 311, 296, -1.2131179571151733
29, 19, 235, 356, -1.2374694347381592
29, 20, 309, 280, -1.1221188306808472
29, 21, 253, 356, -1.1881731748580933
29, 22, 297, 297, -1.0733811855316162
29, 23, 396, 630, -0.06422404199838638
29, 24, 212, 624, 0.06853631138801575
29, 25, 375, 912, -0.01241731271147728
29, 26, 203, 905, 0.09299689531326294
29, 27, 367, 1162, 0.480762243270874
29, 28, 204, 1159, 0.44686251878738403
29, 29, 372, 1197, 0.5037329196929932
29, 30, 201, 1194, 0.46161070466041565
29, 31, 342, 1247, -0.010648224502801895
29, 32, 223, 1247, -0.12476639449596405
30, 0, 314, 145, -0.6379544734954834
30, 1, 330, 118, -0.5809870362281799
30, 2, 342, 117, -0.5813700556755066
30, 3, 349, 117, -0.5809712409973145
30, 4, 297, 121, -0.5643932223320007
30, 5, 287, 121, -0.564107358455658
30, 6, 278, 122, -0.5647359490394592
30, 7, 366, 132, -0.2238265573978424
30, 8, 267, 137, -0.13794545829296112
30, 9, 337, 173, -0.5054399967193604
30, 10, 295, 174, -0.4830307960510254
30, 11, 439, 272, -0.17375192046165466
30, 12, 211, 278, 0.056161172688007355
30, 13, 441, 478, -0.7317531108856201
30, 14, 139, 454, -0.3767743706703186
30, 15, 306, 391, -1.3197786808013916
30, 16, 254, 347, -1.0607622861862183
30, 17, 247, 385, -1.43862783908844
30, 18, 286, 326, -1.1855831146240234
30, 19, 250, 352, -1.3474520444869995
30, 20, 288, 288, -1.1125986576080322
30, 21, 267, 352, -1.2893515825271606
30, 22, 281, 303, -1.0517799854278564
30, 23, 394, 631, -0.06399927288293839
30, 24, 211, 624, 0.06830129027366638
30, 25, 370, 912, -0.001595599576830864
30, 26, 201, 900, 0.010002261027693748
30, 27, 359, 1162, 0.48137181997299194
30, 28, 198, 1157, 0.3317188322544098
30, 29, 363, 1197, 0.5037145614624023
30, 30, 195, 1193, 0.3419545292854309
30, 31, 329, 1248, -0.02899535931646824
30, 32, 212, 1242, -0.250118225812912
31, 0, 312, 146, -0.7041951417922974
31, 1, 329, 119, -0.6460068821907043
31, 2, 341, 119, -0.6463073492050171
31, 3, 349, 119, -0.6457523703575134
31, 4, 297, 121, -0.6399185061454773
31, 5, 287, 122, -0.6399540901184082
31, 6, 278, 123, -0.6406146287918091
31, 7, 364, 134, -0.2838851809501648
31, 8, 266, 137, -0.2095506489276886
31, 9, 335, 175, -0.5700262784957886
31, 10, 292, 175, -0.5571524500846863
31, 11, 435, 272, -0.18762840330600739
31, 12, 210, 278, 0.023777473717927933
31, 13, 444, 479, -0.7553092241287231
31, 14, 138, 454, -0.45568394660949707
31, 15, 308, 392, -1.5353105068206787
31, 16, 230, 341, -1.3894588947296143
31, 17, 259, 387, -1.698906660079956
31, 18, 283, 317, -1.55796480178833
31, 19, 254, 353, -1.6306260824203491
31, 20, 287, 280, -1.4945627450942993
31, 21, 270, 354, -1.5209624767303467
31, 22, 275, 291, -1.3890422582626343
31, 23, 386, 622, -0.06520786881446838
31, 24, 203, 610, 0.06957687437534332
31, 25, 368, 903, -0.009615653194487095
31, 26, 198, 887, 0.03320962190628052
31, 27, 357, 1150, 0.4817436635494232
31, 28, 194, 1141, 0.38463294506073
31, 29, 362, 1183, 0.5036308169364929
31, 30, 189, 1176, 0.3983742892742157
31, 31, 326, 1233, -0.05646290257573128
31, 32, 209, 1223, -0.22574353218078613
32, 0, 307, 148, -0.7080897092819214
32, 1, 326, 120, -0.6523835062980652
32, 2, 338, 120, -0.6527114510536194
32, 3, 347, 120, -0.6521679162979126
32, 4, 294, 123, -0.635214626789093
32, 5, 285, 123, -0.6347790956497192
32, 6, 277, 123, -0.635301947593689
32, 7, 360, 135, -0.2644839882850647
32, 8, 266, 137, -0.16443608701229095
32, 9, 329, 176, -0.5651513338088989
32, 10, 289, 177, -0.5403305888175964
32, 11, 432, 273, -0.1236858144402504
32, 12, 209, 270, 0.06492616981267929
32, 13, 446, 480, -0.625338077545166
32, 14, 133, 452, -0.46407127380371094
32, 15, 327, 398, -1.3886525630950928
32, 16, 224, 299, -1.4332592487335205
32, 17, 288, 389, -1.5510311126708984
32, 18, 277, 269, -1.6104304790496826
32, 19, 293, 354, -1.4931432008743286
32, 20, 282, 241, -1.5401084423065186
32, 21, 304, 356, -1.3777762651443481
32, 22, 273, 254, -1.431037425994873
32, 23, 381, 608, -0.06547145545482635
32, 24, 198, 595, 0.06986288726329803
32, 25, 366, 887, -0.06424874067306519
32, 26, 196, 870, 0.07009445130825043
32, 27, 357, 1132, 0.38802799582481384
32, 28, 195, 1123, 0.42582130432128906
32, 29, 361, 1165, 0.39952152967453003
32, 30, 190, 1157, 0.44310808181762695
32, 31, 328, 1214, -0.18032778799533844
32, 32, 211, 1204, -0.1678461879491806
33, 0, 307, 150, -0.6363491415977478
33, 1, 327, 122, -0.586656928062439
33, 2, 338, 121, -0.5868188142776489
33, 3, 347, 121, -0.5861650705337524
33, 4, 294, 124, -0.5661133527755737
33, 5, 285, 124, -0.5654134154319763
33, 6, 277, 124, -0.5658254027366638
33, 7, 360, 135, -0.23492538928985596
33, 8, 266, 137, -0.1304837018251419
33, 9, 327, 179, -0.5083008408546448
33, 10, 288, 179, -0.47993364930152893
33, 11, 432, 276, -0.10563372075557709
33, 12, 208, 271, 0.09792079031467438
33, 13, 447, 495, -0.5419154763221741
33, 14, 124, 457, -0.3859999179840088
33, 15, 350, 404, -1.2536050081253052
33, 16, 205, 306, -1.3266642093658447
33, 17, 311, 390, -1.3943201303482056
33, 18, 239, 274, -1.4872030019760132
33, 19, 317, 353, -1.3243889808654785
33, 20, 252, 239, -1.4120466709136963
33, 21, 325, 356, -1.237034797668457
33, 22, 247, 257, -1.3224961757659912
33, 23, 383, 601, -0.0653834193944931
33, 24, 199, 589, 0.06974096596240997
33, 25, 367, 878, -0.08432857692241669
33, 26, 196, 867, 0.1182774156332016
33, 27, 357, 1122, 0.3862380087375641
33, 28, 195, 1117, 0.49980735778808594
33, 29, 361, 1153, 0.4011947512626648
33, 30, 190, 1149, 0.5233415365219116
33, 31, 329, 1204, -0.15943163633346558
33, 32, 211, 1198, -0.05676974728703499
34, 0, 308, 150, -0.8141502141952515
34, 1, 328, 122, -0.7700062394142151
34, 2, 339, 122, -0.7700322866439819
34, 3, 347, 122, -0.7693217992782593
34, 4, 298, 124, -0.7548577189445496
34, 5, 288, 124, -0.7541598081588745
34, 6, 279, 124, -0.7544695734977722
34, 7, 360, 136, -0.39997583627700806
34, 8, 267, 137, -0.32659727334976196
34, 9, 327, 179, -0.6763252019882202
34, 10, 289, 180, -0.6556600332260132
34, 11, 433, 277, -0.182249516248703
34, 12, 208, 270, -0.02712683379650116
34, 13, 450, 499, -0.5975314378738403
34, 14, 123, 462, -0.44320011138916016
34, 15, 361, 404, -1.366599678993225
34, 16, 192, 315, -1.4695324897766113
34, 17, 324, 388, -1.5273350477218628
34, 18, 215, 282, -1.6291601657867432
34, 19, 329, 350, -1.4743763208389282
34, 20, 224, 249, -1.5820947885513306
34, 21, 337, 354, -1.3598991632461548
34, 22, 225, 265, -1.4751231670379639
34, 23, 383, 593, -0.05304504558444023
34, 24, 199, 583, 0.05744023248553276
34, 25, 367, 867, -0.08001875132322311
34, 26, 196, 860, 0.10981570184230804
34, 27, 355, 1108, 0.4480690360069275
34, 28, 195, 1107, 0.5186337232589722
34, 29, 358, 1138, 0.4689663052558899
34, 30, 191, 1139, 0.5437713265419006
34, 31, 330, 1187, -0.08079691231250763
34, 32, 210, 1183, -0.054975468665361404
35, 0, 310, 150, -0.9556035995483398
35, 1, 330, 123, -0.9108360409736633
35, 2, 339, 123, -0.910979151725769
35, 3, 347, 123, -0.9102804064750671
35, 4, 299, 124, -0.8962437510490417
35, 5, 290, 124, -0.8957729339599609
35, 6, 281, 124, -0.8961207270622253
35, 7, 360, 136, -0.528867781162262
35, 8, 267, 137, -0.45715460181236267
35, 9, 328, 180, -0.8126258850097656
35, 10, 291, 180, -0.7927706241607666
35, 11, 433, 277, -0.30353015661239624
35, 12, 208, 271, -0.13162963092327118
35, 13, 451, 498, -0.6607456803321838
35, 14, 121, 470, -0.5460754632949829
35, 15, 362, 403, -1.4831455945968628
35, 16, 187, 320, -1.597197413444519
35, 17, 326, 384, -1.6459699869155884
35, 18, 209, 287, -1.7657461166381836
35, 19, 330, 346, -1.6054675579071045
35, 20, 215, 256, -1.728832483291626
35, 21, 338, 350, -1.4806368350982666
35, 22, 218, 272, -1.6069443225860596
35, 23, 385, 584, -0.05301034450531006
35, 24, 203, 577, 0.05738293007016182
35, 25, 372, 856, -0.07671023905277252
35, 26, 206, 851, 0.11844934523105621
35, 27, 362, 1095, 0.44762635231018066
35, 28, 207, 1095, 0.5537048578262329
35, 29, 365, 1125, 0.4674951434135437
35, 30, 202, 1127, 0.581081211566925
35, 31, 341, 1173, -0.08433277159929276
35, 32, 223, 1169, -0.019775761291384697
36, 0, 310, 152, -0.7862269878387451
36, 1, 330, 125, -0.7423195242881775
36, 2, 340, 125, -0.7425848245620728
36, 3, 347, 126, -0.7419195175170898
36, 4, 299, 125, -0.7244840264320374
36, 5, 290, 125, -0.7238940000534058
36, 6, 281, 125, -0.7242389917373657
36, 7, 360, 138, -0.39523807168006897
36, 8, 267, 137, -0.3029944598674774
36, 9, 328, 182, -0.6569846868515015
36, 10, 291, 181, -0.6326063275337219
36, 11, 432, 277, -0.2333296537399292
36, 12, 208, 271, -0.031063348054885864
36, 13, 451, 492, -0.5961012244224548
36, 14, 125, 469, -0.48572954535484314
36, 15, 361, 402, -1.3179479837417603
36, 16, 190, 323, -1.5051391124725342
36, 17, 323, 381, -1.4690401554107666
36, 18, 214, 288, -1.6666030883789062
36, 19, 327, 342, -1.4193389415740967
36, 20, 220, 258, -1.6168454885482788
36, 21, 335, 346, -1.309455156326294
36, 22, 221, 275, -1.508205771446228
36, 23, 388, 583, -0.05358650162816048
36, 24, 209, 577, 0.0580131933093071
36, 25, 380, 850, -0.07979650795459747
36, 26, 217, 844, 0.11408774554729462
36, 27, 376, 1086, 0.40314245223999023
36, 28, 224, 1085, 0.5230820775032043
36, 29, 380, 1117, 0.41830724477767944
36, 30, 219, 1117, 0.5470466017723083
36, 31, 355, 1165, -0.12333683669567108
36, 32, 242, 1160, -0.045582354068756104
37, 0, 310, 150, -0.6375837326049805
37, 1, 330, 123, -0.5904790759086609
37, 2, 340, 122, -0.5907434225082397
37, 3, 347, 123, -0.5900613069534302
37, 4, 298, 124, -0.5720422267913818
37, 5, 288, 124, -0.5714543461799622
37, 6, 279, 124, -0.5719541907310486
37, 7, 361, 136, -0.26781582832336426
37, 8, 267, 136, -0.17212174832820892
37, 9, 328, 179, -0.5188284516334534
37, 10, 290, 179, -0.4938528537750244
37, 11, 433, 276, -0.15915922820568085
37, 12, 207, 269, 0.04871928691864014
37, 13, 452, 487, -0.5704494714736938
37, 14, 128, 466, -0.28179651498794556
37, 15, 323, 379, -1.1838122606277466
37, 16, 239, 355, -0.9415463209152222
37, 17, 279, 356, -1.3084852695465088
37, 18, 276, 330, -1.0509456396102905
37, 19, 283, 325, -1.2289550304412842
37, 20, 267, 281, -0.9761027097702026
37, 21, 295, 332, -1.1599153280258179
37, 22, 260, 295, -0.9278399348258972
37, 23, 388, 586, -0.054648447781801224
37, 24, 209, 581, 0.059192556887865067
37, 25, 378, 853, -0.06253670156002045
37, 26, 216, 847, 0.11151281744241714
37, 27, 371, 1086, 0.43730735778808594
37, 28, 221, 1084, 0.5152009129524231
37, 29, 375, 1117, 0.457639217376709
37, 30, 217, 1117, 0.5400410294532776
37, 31, 351, 1166, -0.07124821841716766
37, 32, 239, 1160, -0.06046329811215401
38, 0, 309, 150, -0.431750625371933
38, 1, 328, 123, -0.39174866676330566
38, 2, 339, 122, -0.39174237847328186
38, 3, 347, 123, -0.3910037875175476
38, 4, 296, 124, -0.3689578175544739
38, 5, 286, 124, -0.36847811937332153
38, 6, 278, 124, -0.3690488934516907
38, 7, 361, 135, -0.11413665860891342
38, 8, 267, 136, 0.0067250654101371765
38, 9, 328, 178, -0.33015310764312744
38, 10, 290, 178, -0.29794588685035706
38, 11, 433, 270, -0.08357919752597809
38, 12, 211, 266, 0.14501777291297913
38, 13, 437, 476, -0.387784481048584
38, 14, 136, 446, -0.28331202268600464
38, 15, 260, 364, -0.5426214337348938
38, 16, 286, 348, -0.8278905153274536
38, 17, 203, 357, -0.6039930582046509
38, 18, 323, 324, -0.945380687713623
38, 19, 205, 329, -0.5165443420410156
38, 20, 321, 283, -0.8372393846511841
38, 21, 223, 332, -0.5069446563720703
38, 22, 311, 295, -0.8043445348739624
38, 23, 390, 590, -0.05736295506358147
38, 24, 210, 583, 0.06191655248403549
38, 25, 378, 855, -0.08460275083780289
38, 26, 215, 850, 0.12325748056173325
38, 27, 371, 1088, 0.32254186272621155
38, 28, 219, 1085, 0.4537401795387268
38, 29, 375, 1120, 0.33337289094924927
38, 30, 215, 1117, 0.4714491367340088
38, 31, 351, 1171, -0.17418630421161652
38, 32, 237, 1166, -0.06880068778991699
39, 0, 308, 151, -0.4418574869632721
39, 1, 326, 123, -0.3966483175754547
39, 2, 337, 123, -0.39677414298057556
39, 3, 346, 123, -0.39599788188934326
39, 4, 293, 125, -0.370678573846817
39, 5, 283, 125, -0.3702293336391449
39, 6, 276, 126, -0.37085583806037903
39, 7, 361, 135, -0.10915001481771469
39, 8, 267, 137, 0.027117783203721046
39, 9, 328, 179, -0.3380034565925598
39, 10, 289, 180, -0.30154770612716675
39, 11, 434, 271, -0.09902074933052063
39, 12, 212, 266, 0.15722164511680603
39, 13, 435, 472, -0.46115928888320923
39, 14, 135, 443, -0.31198254227638245
39, 15, 254, 369, -0.6308402419090271
39, 16, 295, 347, -0.8295809626579285
39, 17, 195, 358, -0.6920489072799683
39, 18, 344, 313, -0.9393995404243469
39, 19, 194, 336, -0.595533013343811
39, 20, 347, 283, -0.8137292861938477
39, 21, 212, 333, -0.5908269882202148
39, 22, 333, 296, -0.7985812425613403
39, 23, 392, 601, -0.06534550338983536
39, 24, 210, 592, 0.06993510574102402
39, 25, 378, 860, -0.0828089565038681
39, 26, 213, 855, 0.150014266371727
39, 27, 364, 1096, 0.36189350485801697
39, 28, 211, 1092, 0.4767838418483734
39, 29, 368, 1127, 0.3765370845794678
39, 30, 207, 1125, 0.4971463680267334
39, 31, 343, 1178, -0.16464467346668243
39, 32, 227, 1172, -0.0259191133081913
40, 0, 308, 151, -0.44478780031204224
40, 1, 326, 124, -0.4007083773612976
40, 2, 338, 123, -0.4008837342262268
40, 3, 346, 123, -0.4001891016960144
40, 4, 293, 125, -0.3879818618297577
40, 5, 283, 126, -0.38777217268943787
40, 6, 276, 127, -0.3883982002735138
40, 7, 361, 135, -0.10004851967096329
40, 8, 267, 138, -0.02420925907790661
40, 9, 328, 179, -0.3321661353111267
40, 10, 289, 181, -0.3133416771888733
40, 11, 434, 270, -0.04430091008543968
40, 12, 211, 266, 0.10528890788555145
40, 13, 431, 472, -0.30563977360725403
40, 14, 146, 435, -0.34851059317588806
40, 15, 245, 374, -0.4040103554725647
40, 16, 325, 335, -0.8208745121955872
40, 17, 182, 368, -0.46096330881118774
40, 18, 365, 300, -0.9211074709892273
40, 19, 181, 351, -0.37407177686691284
40, 20, 369, 280, -0.8097750544548035
40, 21, 200, 344, -0.3657754361629486
40, 22, 358, 290, -0.7890721559524536
40, 23, 391, 603, -0.03243234381079674
40, 24, 210, 594, 0.036382924765348434
40, 25, 374, 862, -0.08320354670286179
40, 26, 212, 856, 0.14595167338848114
40, 27, 356, 1094, 0.3431970477104187
40, 28, 208, 1088, 0.4691944122314453
40, 29, 357, 1125, 0.357638418674469
40, 30, 204, 1120, 0.4906114637851715
40, 31, 339, 1175, -0.14927755296230316
40, 32, 222, 1168, -0.021198634058237076
41, 0, 308, 151, -0.485598623752594
41, 1, 326, 124, -0.43830394744873047
41, 2, 338, 123, -0.4385191798210144
41, 3, 346, 123, -0.43783965706825256
41, 4, 293, 125, -0.42808714509010315
41, 5, 283, 126, -0.4278171956539154
41, 6, 276, 127, -0.42839717864990234
41, 7, 361, 134, -0.12575915455818176
41, 8, 267, 138, -0.05935714393854141
41, 9, 328, 179, -0.36962342262268066
41, 10, 290, 181, -0.35295936465263367
41, 11, 434, 266, -0.06528554856777191
41, 12, 211, 266, 0.08019482344388962
41, 13, 434, 473, -0.31801921129226685
41, 14, 160, 430, -0.41936174035072327
41, 15, 248, 383, -0.44932135939598083
41, 16, 333, 334, -0.959213137626648
41, 17, 184, 388, -0.5176492929458618
41, 18, 369, 299, -1.0769283771514893
41, 19, 182, 367, -0.4364609122276306
41, 20, 373, 280, -0.9821549654006958
41, 21, 203, 360, -0.4141072630882263
41, 22, 360, 290, -0.9360910654067993
41, 23, 391, 603, -0.025287892669439316
41, 24, 211, 593, 0.029260903596878052
41, 25, 374, 860, -0.08671286702156067
41, 26, 211, 855, 0.13820002973079681
41, 27, 355, 1090, 0.34277063608169556
41, 28, 208, 1086, 0.47490715980529785
41, 29, 357, 1121, 0.3570173382759094
41, 30, 204, 1117, 0.4967714250087738
41, 31, 339, 1171, -0.1436130702495575
41, 32, 222, 1166, -0.010641613975167274
42, 0, 308, 152, -0.5021138191223145
42, 1, 327, 124, -0.44844627380371094
42, 2, 338, 123, -0.44864344596862793
42, 3, 346, 123, -0.4479261040687561
42, 4, 294, 126, -0.44121137261390686
42, 5, 283, 126, -0.4409092962741852
42, 6, 276, 127, -0.44150495529174805
42, 7, 361, 134, -0.12043644487857819
42, 8, 267, 138, -0.06784364581108093
42, 9, 329, 180, -0.3820124566555023
42, 10, 290, 182, -0.3688051402568817
42, 11, 434, 266, -0.056928474456071854
42, 12, 209, 268, 0.06074870750308037
42, 13, 435, 474, -0.3150583803653717
42, 14, 155, 434, -0.4663734436035156
42, 15, 252, 395, -0.48098331689834595
42, 16, 328, 336, -1.0163052082061768
42, 17, 187, 405, -0.5505799651145935
42, 18, 369, 302, -1.1391751766204834
42, 19, 184, 383, -0.46300411224365234
42, 20, 372, 281, -1.041955828666687
42, 21, 204, 376, -0.44461026787757874
42, 22, 357, 294, -0.9933781623840332
42, 23, 393, 603, -0.022885385900735855
42, 24, 212, 596, 0.026915812864899635
42, 25, 379, 861, -0.08260691165924072
42, 26, 215, 856, 0.14120018482208252
42, 27, 362, 1090, 0.35442349314689636
42, 28, 216, 1086, 0.5147140026092529
42, 29, 364, 1121, 0.3694961667060852
42, 30, 212, 1118, 0.5402246713638306
42, 31, 347, 1172, -0.11961300671100616
42, 32, 235, 1167, 0.023518942296504974
43, 0, 308, 152, -0.5226292014122009
43, 1, 327, 124, -0.46825551986694336
43, 2, 338, 123, -0.4688166677951813
43, 3, 346, 123, -0.46841487288475037
43, 4, 294, 126, -0.46901655197143555
43, 5, 283, 126, -0.4687625467777252
43, 6, 276, 127, -0.46932467818260193
43, 7, 361, 134, -0.1237250342965126
43, 8, 267, 138, -0.08907760679721832
43, 9, 329, 180, -0.39053407311439514
43, 10, 290, 183, -0.3853248059749603
43, 11, 435, 266, -0.09959778189659119
43, 12, 208, 270, 0.009183035232126713
43, 13, 455, 474, -0.37821686267852783
43, 14, 152, 435, -0.5480148792266846
43, 15, 260, 414, -0.5311831831932068
43, 16, 325, 334, -1.1263253688812256
43, 17, 196, 426, -0.6000272035598755
43, 18, 363, 298, -1.2531707286834717
43, 19, 194, 399, -0.513088583946228
43, 20, 366, 278, -1.1342707872390747
43, 21, 213, 395, -0.4940001368522644
43, 22, 350, 292, -1.092644453048706
43, 23, 398, 607, -0.032766614109277725
43, 24, 215, 601, 0.036692820489406586
43, 25, 381, 864, -0.05665094777941704
43, 26, 215, 865, 0.22046761214733124
43, 27, 364, 1091, 0.48288097977638245
43, 28, 216, 1091, 0.6647640466690063
43, 29, 366, 1122, 0.5083678960800171
43, 30, 213, 1121, 0.6984739899635315
43, 31, 349, 1173, 0.004941319581121206
43, 32, 234, 1176, 0.17418116331100464
44, 0, 309, 153, -0.6300594806671143
44, 1, 327, 124, -0.5692492127418518
44, 2, 338, 123, -0.5693759322166443
44, 3, 346, 123, -0.5687453746795654
44, 4, 294, 126, -0.5670315623283386
44, 5, 283, 126, -0.5666775703430176
44, 6, 276, 128, -0.5672541260719299
44, 7, 361, 133, -0.19450703263282776
44, 8, 267, 138, -0.16058462858200073
44, 9, 329, 181, -0.4904254078865051
44, 10, 290, 184, -0.48234158754348755
44, 11, 436, 266, -0.12008489668369293
44, 12, 205, 278, -0.07790800929069519
44, 13, 480, 474, -0.428109735250473
44, 14, 151, 438, -0.661871075630188
44, 15, 271, 435, -0.6655384302139282
44, 16, 329, 332, -1.234573483467102
44, 17, 199, 437, -0.7500342130661011
44, 18, 365, 290, -1.364744782447815
44, 19, 199, 414, -0.6627629995346069
44, 20, 365, 272, -1.2515085935592651
44, 21, 215, 409, -0.6334152221679688
44, 22, 351, 287, -1.2024952173233032
44, 23, 412, 617, -0.03394687920808792
44, 24, 222, 616, 0.03803689405322075
44, 25, 398, 877, 0.06022568419575691
44, 26, 220, 884, 0.1910618245601654
44, 27, 388, 1103, 0.7130609750747681
44, 28, 226, 1111, 0.6139283776283264
44, 29, 392, 1136, 0.7487627267837524
44, 30, 223, 1143, 0.643217921257019
44, 31, 371, 1189, 0.22295942902565002
44, 32, 247, 1198, 0.09789939224720001
45, 0, 309, 153, -1.3265348672866821
45, 1, 327, 124, -1.2782341241836548
45, 2, 338, 123, -1.2785189151763916
45, 3, 346, 123, -1.278137445449829
45, 4, 293, 126, -1.2744407653808594
45, 5, 283, 127, -1.2747188806533813
45, 6, 275, 128, -1.2755018472671509
45, 7, 361, 133, -0.8489216566085815
45, 8, 267, 138, -0.811252236366272
45, 9, 329, 182, -1.156654715538025
45, 10, 290, 184, -1.1487929821014404
45, 11, 440, 270, -0.5587401390075684
45, 12, 204, 279, -0.53472501039505
45, 13, 496, 475, -0.8806446194648743
45, 14, 141, 449, -1.0057027339935303
45, 15, 308, 454, -1.3573790788650513
45, 16, 308, 334, -1.6558277606964111
45, 17, 262, 468, -1.4566208124160767
45, 18, 356, 290, -1.7876818180084229
45, 19, 262, 429, -1.3790175914764404
45, 20, 356, 272, -1.6927858591079712
45, 21, 278, 423, -1.3323369026184082
45, 22, 345, 287, -1.6286901235580444
45, 23, 416, 622, -0.0370432585477829
45, 24, 228, 623, 0.04021192714571953
45, 25, 402, 887, 0.12773090600967407
45, 26, 224, 890, 0.18969039618968964
45, 27, 392, 1116, 0.8687288165092468
45, 28, 230, 1123, 0.767794668674469
45, 29, 394, 1151, 0.9123436808586121
45, 30, 230, 1158, 0.8134139180183411
45, 31, 376, 1202, 0.3594559133052826
45, 32, 251, 1208, 0.23004472255706787
46, 0, 309, 153, -1.3603110313415527
46, 1, 327, 123, -1.3064669370651245
46, 2, 339, 123, -1.3065803050994873
46, 3, 346, 123, -1.3060874938964844
46, 4, 293, 126, -1.302411675453186
46, 5, 283, 126, -1.3023756742477417
46, 6, 275, 128, -1.3029515743255615
46, 7, 362, 133, -0.8536737561225891
46, 8, 267, 138, -0.8158290982246399
46, 9, 329, 182, -1.1833467483520508
46, 10, 290, 184, -1.1749284267425537
46, 11, 444, 280, -0.49460363388061523
46, 12, 200, 282, -0.5101783275604248
46, 13, 523, 486, -0.768742561340332
46, 14, 114, 473, -0.9459714889526367
46, 15, 381, 495, -1.355743169784546
46, 16, 272, 376, -1.7413924932479858
46, 17, 337, 491, -1.478792667388916
46, 18, 337, 330, -1.9027001857757568
46, 19, 339, 458, -1.4169297218322754
46, 20, 333, 302, -1.8162305355072021
46, 21, 345, 453, -1.341698408126831
46, 22, 316, 316, -1.719813585281372
46, 23, 413, 632, -0.04078320413827896
46, 24, 227, 634, 0.04399498552083969
46, 25, 399, 904, 0.09738299995660782
46, 26, 223, 902, 0.12737616896629333
46, 27, 389, 1136, 0.8434786796569824
46, 28, 229, 1139, 0.6916214823722839
46, 29, 391, 1170, 0.8828660249710083
46, 30, 228, 1174, 0.7321629524230957
46, 31, 373, 1222, 0.2812961935997009
46, 32, 250, 1223, 0.15148082375526428
47, 0, 309, 152, -1.2833728790283203
47, 1, 328, 121, -1.2296472787857056
47, 2, 339, 121, -1.2296257019042969
47, 3, 347, 121, -1.229468584060669
47, 4, 293, 124, -1.221104621887207
47, 5, 283, 125, -1.220609188079834
47, 6, 275, 126, -1.2208234071731567
47, 7, 363, 132, -0.8068643808364868
47, 8, 267, 137, -0.7474662065505981
47, 9, 330, 181, -1.1213829517364502
47, 10, 290, 184, -1.105830192565918
47, 11, 450, 285, -0.48992952704429626
47, 12, 198, 287, -0.48385271430015564
47, 13, 541, 485, -0.4931204915046692
47, 14, 102, 471, -0.8600309491157532
47, 15, 526, 632, -0.7671021223068237
47, 16, 218, 445, -1.6900787353515625
47, 17, 537, 677, -0.8582985997200012
47, 18, 285, 407, -1.856204628944397
47, 19, 507, 672, -0.9157305955886841
47, 20, 293, 374, -1.8088401556015015
47, 21, 496, 657, -0.8000105023384094
47, 22, 277, 382, -1.6895685195922852
47, 23, 412, 651, -0.06583066284656525
47, 24, 226, 652, 0.07027862966060638
47, 25, 398, 942, 0.16665084660053253
47, 26, 222, 944, 0.37298816442489624
47, 27, 389, 1187, 1.071860432624817
47, 28, 228, 1192, 1.146134853363037
47, 29, 392, 1226, 1.1260840892791748
47, 30, 226, 1232, 1.2111939191818237
47, 31, 370, 1277, 0.5161389112472534
47, 32, 248, 1281, 0.5581988096237183
48, 0, 309, 149, -1.2073920965194702
48, 1, 328, 119, -1.1554073095321655
48, 2, 340, 119, -1.1557458639144897
48, 3, 347, 119, -1.1559747457504272
48, 4, 294, 121, -1.1534942388534546
48, 5, 283, 121, -1.15348482131958
48, 6, 275, 123, -1.1540251970291138
48, 7, 364, 131, -0.747057318687439
48, 8, 267, 135, -0.7303470373153687
48, 9, 331, 177, -1.048814058303833
48, 10, 290, 180, -1.0442641973495483
48, 11, 449, 284, -0.4679906368255615
48, 12, 198, 287, -0.4141177237033844
48, 13, 539, 462, -0.4944034516811371
48, 14, 98, 466, -0.5506395697593689
48, 15, 558, 583, -0.9046500325202942
48, 16, 95, 515, -1.3139674663543701
48, 17, 575, 627, -1.042258381843567
48, 18, 96, 549, -1.490180253982544
48, 19, 551, 619, -1.15304434299469
48, 20, 117, 529, -1.5696531534194946
48, 21, 538, 604, -0.9789600372314453
48, 22, 121, 518, -1.4224693775177002
48, 23, 404, 649, -0.0658344030380249
48, 24, 226, 646, 0.07013203203678131
48, 25, 389, 936, -0.11339907348155975
48, 26, 211, 930, -0.09490501135587692
48, 27, 380, 1190, 0.48239511251449585
48, 28, 205, 1184, 0.29576289653778076
48, 29, 382, 1231, 0.5058096647262573
48, 30, 205, 1225, 0.31285372376441956
48, 31, 350, 1273, -0.09156911820173264
48, 32, 224, 1266, -0.33295902609825134
49, 0, 309, 147, -1.2205381393432617
49, 1, 329, 119, -1.1661527156829834
49, 2, 341, 118, -1.1662641763687134
49, 3, 348, 119, -1.1662938594818115
49, 4, 294, 119, -1.167504072189331
49, 5, 283, 120, -1.1673853397369385
49, 6, 275, 121, -1.1678407192230225
49, 7, 365, 131, -0.7507007122039795
49, 8, 267, 134, -0.7455167174339294
49, 9, 332, 176, -1.0597312450408936
49, 10, 290, 178, -1.0587084293365479
49, 11, 449, 284, -0.4278066158294678
49, 12, 194, 287, -0.43236202001571655
49, 13, 551, 460, -0.4639508128166199
49, 14, 86, 465, -0.5555013418197632
49, 15, 541, 577, -0.9172738790512085
49, 16, 149, 505, -1.2448396682739258
49, 17, 542, 615, -1.0476651191711426
49, 18, 181, 513, -1.3994863033294678
49, 19, 516, 602, -1.095989465713501
49, 20, 202, 479, -1.451495885848999
49, 21, 509, 591, -0.9654790759086609
49, 22, 197, 472, -1.2835378646850586
49, 23, 404, 650, -0.06569048017263412
49, 24, 225, 649, 0.06990261375904083
49, 25, 389, 937, -0.09479783475399017
49, 26, 211, 931, -0.053672634065151215
49, 27, 380, 1194, 0.5079507827758789
49, 28, 205, 1187, 0.3535888195037842
49, 29, 382, 1234, 0.5326277017593384
49, 30, 204, 1227, 0.375704288482666
49, 31, 349, 1278, -0.06607642769813538
49, 32, 224, 1269, -0.26288822293281555
50, 0, 310, 143, -1.0019643306732178
50, 1, 330, 116, -0.935610294342041
50, 2, 341, 116, -0.935698390007019
50, 3, 349, 116, -0.9363444447517395
50, 4, 294, 117, -0.9577220678329468
50, 5, 283, 118, -0.9573578834533691
50, 6, 275, 119, -0.9576684236526489
50, 7, 366, 129, -0.5652608871459961
50, 8, 266, 134, -0.6598299145698547
50, 9, 334, 172, -0.867311954498291
50, 10, 290, 174, -0.8975642323493958
50, 11, 451, 283, -0.32224777340888977
50, 12, 192, 290, -0.38810139894485474
50, 13, 553, 453, -0.27319616079330444
50, 14, 86, 463, -0.403770387172699
50, 15, 616, 604, -0.5939921140670776
50, 16, 40, 594, -0.8171070218086243
50, 17, 646, 649, -0.6718538403511047
50, 18, 22, 638, -0.9140718579292297
50, 19, 624, 654, -0.7614511847496033
50, 20, 48, 638, -1.0109076499938965
50, 21, 606, 640, -0.6492103934288025
50, 22, 58, 622, -0.8741370439529419
50, 23, 412, 655, -0.054640911519527435
50, 24, 230, 659, 0.05902077630162239
50, 25, 401, 944, -0.06675834953784943
50, 26, 218, 949, 0.018990427255630493
50, 27, 396, 1206, 0.5177545547485352
50, 28, 220, 1203, 0.40392017364501953
50, 29, 400, 1250, 0.5438779592514038
50, 30, 219, 1246, 0.42084091901779175
50, 31, 366, 1286, -0.010901011526584625
50, 32, 246, 1284, -0.1620689332485199
51, 0, 310, 140, -0.9716698527336121
51, 1, 330, 113, -0.9061695337295532
51, 2, 342, 113, -0.9063121676445007
51, 3, 350, 113, -0.9068824052810669
51, 4, 294, 116, -0.9266119003295898
51, 5, 283, 116, -0.9262150526046753
51, 6, 275, 117, -0.926568329334259
51, 7, 367, 128, -0.539090096950531
51, 8, 266, 133, -0.5927534103393555
51, 9, 335, 169, -0.8391277194023132
51, 10, 290, 172, -0.875241756439209
51, 11, 452, 283, -0.30508214235305786
51, 12, 191, 290, -0.39306584000587463
51, 13, 560, 452, -0.26247522234916687
51, 14, 82, 463, -0.36258643865585327
51, 15, 633, 614, -0.5673927068710327
51, 16, 14, 608, -0.7187573313713074
51, 17, 664, 660, -0.638756513595581
51, 18, -8, 652, -0.8068922162055969
51, 19, 642, 668, -0.7241762280464172
51, 20, 16, 655, -0.9101346731185913
51, 21, 624, 653, -0.6204459071159363
51, 22, 27, 639, -0.7774389982223511
51, 23, 416, 660, -0.052088744938373566
51, 24, 232, 665, 0.05650734156370163
51, 25, 406, 953, -0.06206585839390755
51, 26, 223, 960, 0.044918548315763474
51, 27, 401, 1219, 0.524612307548523
51, 28, 225, 1218, 0.4295617640018463
51, 29, 405, 1264, 0.55195552110672
51, 30, 223, 1261, 0.4468361437320709
51, 31, 371, 1300, 0.0011043361155316234
51, 32, 252, 1299, -0.1388949602842331
52, 0, 310, 138, -0.9716189503669739
52, 1, 331, 111, -0.9074390530586243
52, 2, 342, 111, -0.9075819253921509
52, 3, 350, 112, -0.9080303907394409
52, 4, 294, 114, -0.9260488748550415
52, 5, 283, 115, -0.925674557685852
52, 6, 274, 116, -0.9260488748550415
52, 7, 368, 127, -0.537806510925293
52, 8, 265, 132, -0.5769740343093872
52, 9, 336, 167, -0.8389934301376343
52, 10, 290, 170, -0.8612598180770874
52, 11, 453, 283, -0.2953494191169739
52, 12, 190, 292, -0.42801982164382935
52, 13, 564, 450, -0.26764219999313354
52, 14, 83, 463, -0.3964712619781494
52, 15, 629, 613, -0.6048821806907654
52, 16, 36, 624, -0.7470723390579224
52, 17, 658, 659, -0.6820988059043884
52, 18, 19, 673, -0.8390515446662903
52, 19, 635, 666, -0.7613987326622009
52, 20, 47, 677, -0.9314967393875122
52, 21, 619, 651, -0.655957043170929
52, 22, 56, 659, -0.7991902828216553
52, 23, 420, 664, -0.042247530072927475
52, 24, 235, 670, 0.046570874750614166
52, 25, 413, 960, -0.057244788855314255
52, 26, 229, 968, 0.03732214495539665
52, 27, 409, 1229, 0.535575270652771
52, 28, 234, 1229, 0.3956674337387085
52, 29, 414, 1273, 0.5625035762786865
52, 30, 233, 1272, 0.41088128089904785
52, 31, 380, 1310, 0.013808952644467354
52, 32, 262, 1309, -0.17540694773197174
53, 0, 311, 137, -0.9432964324951172
53, 1, 331, 110, -0.881891131401062
53, 2, 343, 110, -0.8820242881774902
53, 3, 351, 111, -0.8824362754821777
53, 4, 294, 114, -0.9006131887435913
53, 5, 283, 115, -0.900274932384491
53, 6, 274, 116, -0.9007218480110168
53, 7, 368, 126, -0.5100086331367493
53, 8, 265, 131, -0.5616308450698853
53, 9, 336, 166, -0.8062116503715515
53, 10, 290, 169, -0.8292428851127625
53, 11, 453, 283, -0.2648739814758301
53, 12, 188, 292, -0.4241865575313568
53, 13, 565, 450, -0.23457007110118866
53, 14, 82, 462, -0.40072664618492126
53, 15, 631, 613, -0.5661598443984985
53, 16, 29, 633, -0.7405815124511719
53, 17, 661, 660, -0.6403921842575073
53, 18, 7, 682, -0.8301535844802856
53, 19, 638, 666, -0.7236911058425903
53, 20, 35, 688, -0.9291521310806274
53, 21, 621, 652, -0.6191946268081665
53, 22, 47, 670, -0.7955706119537354
53, 23, 420, 667, -0.032353512942790985
53, 24, 236, 673, 0.03666316345334053
53, 25, 413, 965, -0.06118287891149521
53, 26, 230, 972, 0.014456694945693016
53, 27, 408, 1237, 0.4811921715736389
53, 28, 235, 1235, 0.33050301671028137
53, 29, 413, 1281, 0.5042237639427185
53, 30, 234, 1278, 0.3419955372810364
53, 31, 379, 1318, -0.030799727886915207
53, 32, 262, 1316, -0.23397164046764374
54, 0, 311, 135, -0.9591659307479858
54, 1, 332, 108, -0.892713189125061
54, 2, 344, 108, -0.8929025530815125
54, 3, 352, 109, -0.893498420715332
54, 4, 294, 112, -0.9143773317337036
54, 5, 283, 113, -0.9140592813491821
54, 6, 274, 114, -0.9145757555961609
54, 7, 369, 125, -0.5120788812637329
54, 8, 265, 129, -0.5632473230361938
54, 9, 336, 164, -0.8163505792617798
54, 10, 290, 167, -0.837556004524231
54, 11, 454, 283, -0.2699207663536072
54, 12, 187, 292, -0.41911959648132324
54, 13, 566, 451, -0.2695254683494568
54, 14, 78, 463, -0.38401979207992554
54, 15, 620, 615, -0.6440103650093079
54, 16, 29, 635, -0.7444115877151489
54, 17, 646, 663, -0.7300295829772949
54, 18, 10, 686, -0.8425616025924683
54, 19, 622, 668, -0.7727986574172974
54, 20, 37, 690, -0.9463874101638794
54, 21, 606, 653, -0.6854988932609558
54, 22, 48, 672, -0.8017648458480835
54, 23, 421, 670, -0.03023739717900753
54, 24, 235, 677, 0.034572504460811615
54, 25, 415, 970, -0.05418650060892105
54, 26, 232, 978, 0.015115978196263313
54, 27, 412, 1244, 0.49717146158218384
54, 28, 237, 1245, 0.37771907448768616
54, 29, 416, 1289, 0.5210317969322205
54, 30, 236, 1289, 0.3942030072212219
54, 31, 385, 1327, -0.025404488667845726
54, 32, 265, 1325, -0.2061656266450882
55, 0, 311, 133, -1.15045166015625
55, 1, 333, 106, -1.08615243434906
55, 2, 345, 107, -1.0863407850265503
55, 3, 353, 108, -1.0866930484771729
55, 4, 294, 110, -1.0969936847686768
55, 5, 283, 111, -1.0967442989349365
55, 6, 274, 113, -1.0972799062728882
55, 7, 370, 125, -0.6651225686073303
55, 8, 265, 128, -0.6951225996017456
55, 9, 337, 162, -0.9919348955154419
55, 10, 290, 165, -1.0005381107330322
55, 11, 454, 283, -0.37738358974456787
55, 12, 186, 292, -0.49747294187545776
55, 13, 567, 451, -0.39664575457572937
55, 14, 76, 463, -0.4206429123878479
55, 15, 594, 614, -0.8891226649284363
55, 16, 26, 638, -0.8422207832336426
55, 17, 627, 666, -1.0055994987487793
55, 18, 6, 689, -0.9534355998039246
55, 19, 600, 670, -1.0839663743972778
55, 20, 33, 694, -1.0353296995162964
55, 21, 586, 655, -0.9429208040237427
55, 22, 44, 676, -0.8972363471984863
55, 23, 421, 673, -0.03127747029066086
55, 24, 235, 680, 0.03560134768486023
55, 25, 415, 977, 0.010469851084053516
55, 26, 231, 982, 0.02671092376112938
55, 27, 412, 1252, 0.665643572807312
55, 28, 237, 1254, 0.46693167090415955
55, 29, 415, 1298, 0.6981064677238464
55, 30, 235, 1300, 0.4911772608757019
55, 31, 385, 1337, 0.10463865846395493
55, 32, 265, 1336, -0.20445482432842255
56, 0, 311, 132, -1.180991291999817
56, 1, 333, 106, -1.1190624237060547
56, 2, 345, 106, -1.1192790269851685
56, 3, 353, 107, -1.119584083557129
56, 4, 294, 109, -1.1239415407180786
56, 5, 283, 111, -1.1236387491226196
56, 6, 274, 112, -1.1242073774337769
56, 7, 371, 124, -0.6977863311767578
56, 8, 265, 127, -0.7026028633117676
56, 9, 337, 161, -1.0221123695373535
56, 10, 289, 164, -1.0228592157363892
56, 11, 455, 284, -0.4050619602203369
56, 12, 185, 292, -0.4880167543888092
56, 13, 564, 452, -0.42082858085632324
56, 14, 74, 463, -0.43107858300209045
56, 15, 612, 620, -0.8953383564949036
56, 16, 15, 637, -0.855758547782898
56, 17, 637, 668, -1.0113495588302612
56, 18, -5, 687, -0.9710836410522461
56, 19, 612, 671, -1.0911333560943604
56, 20, 20, 690, -1.0674692392349243
56, 21, 596, 657, -0.9495022892951965
56, 22, 32, 673, -0.91814124584198
56, 23, 420, 676, -0.040696706622838974
56, 24, 233, 681, 0.04529382288455963
56, 25, 414, 982, 0.00845753401517868
56, 26, 230, 984, 0.030186763033270836
56, 27, 410, 1259, 0.6963652968406677
56, 28, 234, 1256, 0.5454977750778198
56, 29, 413, 1306, 0.7302124500274658
56, 30, 232, 1303, 0.5758673548698425
56, 31, 384, 1344, 0.11288265138864517
56, 32, 264, 1339, -0.1282946914434433
57, 0, 312, 131, -1.1985256671905518
57, 1, 334, 105, -1.1369364261627197
57, 2, 346, 105, -1.137149691581726
57, 3, 354, 107, -1.1374409198760986
57, 4, 294, 108, -1.1422271728515625
57, 5, 283, 110, -1.1419281959533691
57, 6, 274, 111, -1.142530918121338
57, 7, 371, 124, -0.7111977934837341
57, 8, 265, 127, -0.7181447744369507
57, 9, 337, 161, -1.0369795560836792
57, 10, 289, 163, -1.0384995937347412
57, 11, 456, 285, -0.4135846197605133
57, 12, 185, 292, -0.48831525444984436
57, 13, 563, 453, -0.4537600576877594
57, 14, 69, 463, -0.4287111759185791
57, 15, 598, 621, -0.9539119005203247
57, 16, 10, 630, -0.8516631126403809
57, 17, 617, 667, -1.0779684782028198
57, 18, -7, 679, -0.9706236124038696
57, 19, 591, 668, -1.150314450263977
57, 20, 19, 681, -1.0750935077667236
57, 21, 577, 653, -1.005460500717163
57, 22, 30, 664, -0.9143567085266113
57, 23, 419, 681, -0.04244699701666832
57, 24, 228, 684, 0.04719751700758934
57, 25, 411, 990, -0.0024175038561224937
57, 26, 222, 989, 0.017141876742243767
57, 27, 407, 1268, 0.6619905233383179
57, 28, 224, 1264, 0.5270160436630249
57, 29, 411, 1315, 0.6932823061943054
57, 30, 223, 1311, 0.5596252083778381
57, 31, 379, 1354, 0.07638583332300186
57, 32, 253, 1347, -0.16108101606369019
58, 0, 313, 130, -1.1077487468719482
58, 1, 335, 104, -1.0419723987579346
58, 2, 347, 104, -1.0421874523162842
58, 3, 355, 106, -1.0426608324050903
58, 4, 295, 107, -1.0512607097625732
58, 5, 283, 109, -1.0507750511169434
58, 6, 273, 110, -1.0513859987258911
58, 7, 373, 123, -0.6265910863876343
58, 8, 265, 126, -0.6510515809059143
58, 9, 338, 160, -0.9515714645385742
58, 10, 289, 162, -0.9580385088920593
58, 11, 457, 286, -0.3499072194099426
58, 12, 184, 293, -0.4781612753868103
58, 13, 562, 455, -0.3524656891822815
58, 14, 67, 464, -0.4065483510494232
58, 15, 621, 631, -0.7840226888656616
58, 16, 3, 630, -0.8204325437545776
58, 17, 648, 679, -0.8850908279418945
58, 18, -18, 679, -0.9316457509994507
58, 19, 623, 682, -0.9892959594726562
58, 20, 8, 681, -1.0404831171035767
58, 21, 606, 666, -0.8481153249740601
58, 22, 21, 665, -0.8838008046150208
58, 23, 419, 687, -0.04029327258467674
58, 24, 225, 690, 0.04516168683767319
58, 25, 411, 996, -0.007962953299283981
58, 26, 220, 997, 0.016036463901400566
58, 27, 407, 1273, 0.6322970390319824
58, 28, 224, 1268, 0.4565545916557312
58, 29, 410, 1320, 0.6610668897628784
58, 30, 223, 1315, 0.47923722863197327
58, 31, 378, 1359, 0.053961824625730515
58, 32, 253, 1351, -0.18005892634391785
59, 0, 313, 130, -1.0525232553482056
59, 1, 336, 103, -0.990219235420227
59, 2, 348, 104, -0.9903630018234253
59, 3, 357, 105, -0.9907596707344055
59, 4, 295, 106, -0.9985553622245789
59, 5, 283, 108, -0.9980449676513672
59, 6, 273, 109, -0.9985963106155396
59, 7, 374, 122, -0.5855714082717896
59, 8, 265, 124, -0.6067441701889038
59, 9, 339, 160, -0.9001051783561707
59, 10, 289, 162, -0.9054609537124634
59, 11, 458, 287, -0.31868976354599
59, 12, 183, 293, -0.47000688314437866
59, 13, 563, 456, -0.31030794978141785
59, 14, 63, 464, -0.40228360891342163
59, 15, 627, 634, -0.7067626714706421
59, 16, 0, 628, -0.8154332041740417
59, 17, 655, 682, -0.7990857362747192
59, 18, -24, 677, -0.9215267300605774
59, 19, 630, 685, -0.8905454874038696
59, 20, 3, 680, -1.028422474861145
59, 21, 613, 669, -0.7645373940467834
59, 22, 16, 664, -0.8773370981216431
59, 23, 418, 690, -0.04008161276578903
59, 24, 222, 692, 0.0449734702706337
59, 25, 410, 999, -0.008836129680275917
59, 26, 217, 1000, 0.04046519473195076
59, 27, 407, 1277, 0.6274689435958862
59, 28, 223, 1270, 0.4671574532985687
59, 29, 410, 1323, 0.6562045216560364
59, 30, 221, 1315, 0.4892297685146332
59, 31, 377, 1362, 0.05692887306213379
59, 32, 252, 1354, -0.1576879620552063
60, 0, 314, 130, -0.9976438283920288
60, 1, 337, 103, -0.9374233484268188
60, 2, 349, 103, -0.937496542930603
60, 3, 358, 105, -0.9377989768981934
60, 4, 296, 105, -0.946338951587677
60, 5, 283, 107, -0.9458341598510742
60, 6, 273, 108, -0.9463478326797485
60, 7, 376, 122, -0.5417560338973999
60, 8, 265, 123, -0.5651021599769592
60, 9, 339, 160, -0.8487920761108398
60, 10, 289, 162, -0.8547388315200806
60, 11, 459, 287, -0.277474045753479
60, 12, 182, 293, -0.46403297781944275
60, 13, 563, 457, -0.2567998170852661
60, 14, 61, 464, -0.40489116311073303
60, 15, 638, 634, -0.6297129392623901
60, 16, -6, 631, -0.8030027151107788
60, 17, 670, 682, -0.7138042449951172
60, 18, -34, 680, -0.9049168825149536
60, 19, 646, 686, -0.8047043085098267
60, 20, -4, 684, -1.0157467126846313
60, 21, 627, 671, -0.6876274943351746
60, 22, 9, 668, -0.8663203120231628
60, 23, 418, 693, -0.03326186165213585
60, 24, 222, 694, 0.03827337175607681
60, 25, 410, 1004, -0.0182112418115139
60, 26, 217, 1005, 0.040990013629198074
60, 27, 407, 1283, 0.5977396965026855
60, 28, 224, 1276, 0.44796258211135864
60, 29, 411, 1330, 0.6243301630020142
60, 30, 222, 1320, 0.46720820665359497
60, 31, 377, 1367, 0.03294507414102554
60, 32, 253, 1360, -0.16550859808921814
61, 0, 314, 130, -0.9051998257637024
61, 1, 338, 103, -0.8495163917541504
61, 2, 349, 103, -0.8496279716491699
61, 3, 359, 105, -0.8499479293823242
61, 4, 296, 104, -0.8568295240402222
61, 5, 283, 106, -0.8562944531440735
61, 6, 273, 108, -0.8568035364151001
61, 7, 376, 122, -0.47972550988197327
61, 8, 264, 122, -0.4930814802646637
61, 9, 340, 160, -0.7660948038101196
61, 10, 289, 162, -0.7694158554077148
61, 11, 459, 288, -0.24849101901054382
61, 12, 181, 293, -0.4129432141780853
61, 13, 563, 457, -0.22161035239696503
61, 14, 63, 464, -0.36980485916137695
61, 15, 638, 636, -0.5464509725570679
61, 16, -1, 644, -0.726974368095398
61, 17, 670, 685, -0.6257754564285278
61, 18, -29, 695, -0.819675087928772
61, 19, 647, 689, -0.7102206945419312
61, 20, -1, 699, -0.9350080490112305
61, 21, 628, 674, -0.6013144850730896
61, 22, 13, 682, -0.7911383509635925
61, 23, 418, 694, -0.03238914534449577
61, 24, 222, 696, 0.03738057613372803
61, 25, 412, 1006, -0.052093543112277985
61, 26, 219, 1009, 0.0439847931265831
61, 27, 409, 1287, 0.5377210378646851
61, 28, 227, 1281, 0.4279857575893402
61, 29, 414, 1333, 0.5630180835723877
61, 30, 224, 1325, 0.4457617700099945
61, 31, 379, 1372, -0.009048597887158394
61, 32, 256, 1367, -0.16945438086986542
62, 0, 314, 130, -0.9009416699409485
62, 1, 339, 103, -0.845869243144989
62, 2, 350, 103, -0.8459253311157227
62, 3, 360, 105, -0.8462269902229309
62, 4, 296, 104, -0.8538435101509094
62, 5, 283, 106, -0.8533747792243958
62, 6, 273, 107, -0.8539007306098938
62, 7, 377, 121, -0.4766940176486969
62, 8, 264, 122, -0.4939529001712799
62, 9, 340, 160, -0.7614635825157166
62, 10, 289, 162, -0.7657504677772522
62, 11, 460, 288, -0.2449299842119217
62, 12, 180, 293, -0.40778470039367676
62, 13, 563, 457, -0.23362001776695251
62, 14, 63, 466, -0.37987250089645386
62, 15, 632, 640, -0.5738274455070496
62, 16, 2, 653, -0.7361059784889221
62, 17, 662, 689, -0.6546279191970825
62, 18, -23, 705, -0.828225314617157
62, 19, 639, 694, -0.7339884042739868
62, 20, 6, 710, -0.9347912073135376
62, 21, 621, 678, -0.6264008283615112
62, 22, 20, 692, -0.7955922484397888
62, 23, 419, 694, -0.029589688405394554
62, 24, 222, 697, 0.03449048474431038
62, 25, 411, 1007, -0.05939332768321037
62, 26, 219, 1010, 0.026069018989801407
62, 27, 409, 1289, 0.506911039352417
62, 28, 227, 1283, 0.3733762800693512
62, 29, 414, 1336, 0.5303875207901001
62, 30, 224, 1327, 0.3883248567581177
62, 31, 379, 1375, -0.03366882726550102
62, 32, 256, 1369, -0.21685917675495148
63, 0, 315, 130, -0.8753224611282349
63, 1, 339, 103, -0.8229920268058777
63, 2, 350, 103, -0.8230385780334473
63, 3, 360, 105, -0.8233705759048462
63, 4, 296, 104, -0.8302048444747925
63, 5, 283, 106, -0.8297127485275269
63, 6, 273, 107, -0.8301953077316284
63, 7, 378, 121, -0.46291598677635193
63, 8, 264, 122, -0.4764116704463959
63, 9, 340, 160, -0.7385777235031128
63, 10, 289, 162, -0.7416633367538452
63, 11, 460, 288, -0.24496683478355408
63, 12, 180, 293, -0.3901447653770447
63, 13, 563, 457, -0.24023863673210144
63, 14, 63, 467, -0.36480584740638733
63, 15, 617, 637, -0.566974401473999
63, 16, 8, 659, -0.7101370096206665
63, 17, 654, 691, -0.6497000455856323
63, 18, -15, 712, -0.801784336566925
63, 19, 630, 694, -0.7231153845787048
63, 20, 13, 715, -0.9032734632492065
63, 21, 613, 679, -0.6166115999221802
63, 22, 26, 698, -0.7669392824172974
63, 23, 419, 694, -0.02985815703868866
63, 24, 222, 698, 0.03473861515522003
63, 25, 412, 1008, -0.05580728501081467
63, 26, 219, 1011, 0.02743034064769745
63, 27, 409, 1291, 0.5130130052566528
63, 28, 228, 1284, 0.3773716688156128
63, 29, 414, 1337, 0.5373398065567017
63, 30, 226, 1328, 0.3941887617111206
63, 31, 379, 1378, -0.021016916260123253
63, 32, 257, 1371, -0.20623131096363068
64, 0, 315, 130, -0.8772739171981812
64, 1, 339, 103, -0.8248240351676941
64, 2, 350, 103, -0.8248685002326965
64, 3, 360, 105, -0.8251554369926453
64, 4, 296, 104, -0.8314937353134155
64, 5, 283, 106, -0.8310232162475586
64, 6, 273, 108, -0.8315032720565796
64, 7, 378, 121, -0.4648773670196533
64, 8, 264, 122, -0.4758678078651428
64, 9, 340, 160, -0.7409529685974121
64, 10, 289, 162, -0.7432237863540649
64, 11, 461, 288, -0.2483561486005783
64, 12, 179, 294, -0.3879074454307556
64, 13, 563, 457, -0.2545512318611145
64, 14, 64, 467, -0.37060266733169556
64, 15, 622, 640, -0.5962250232696533
64, 16, 2, 657, -0.7224574089050293
64, 17, 654, 691, -0.6802640557289124
64, 18, -24, 707, -0.8149734735488892
64, 19, 630, 694, -0.7553707361221313
64, 20, 4, 711, -0.9172847867012024
64, 21, 613, 679, -0.6467999219894409
64, 22, 20, 694, -0.7802532911300659
64, 23, 420, 695, -0.02950436994433403
64, 24, 224, 700, 0.03429267555475235
64, 25, 414, 1009, -0.040437620133161545
64, 26, 224, 1014, 0.028643816709518433
64, 27, 415, 1292, 0.5156815052032471
64, 28, 237, 1287, 0.39026886224746704
64, 29, 420, 1338, 0.5414591431617737
64, 30, 236, 1331, 0.40874847769737244
64, 31, 386, 1380, 0.00685069989413023
64, 32, 266, 1373, -0.19635191559791565
65, 0, 315, 130, -0.8671256303787231
65, 1, 339, 103, -0.815573513507843
65, 2, 350, 103, -0.8156206011772156
65, 3, 360, 105, -0.8159362077713013
65, 4, 296, 104, -0.8215610384941101
65, 5, 283, 106, -0.8211223483085632
65, 6, 273, 108, -0.821593165397644
65, 7, 378, 121, -0.4581872522830963
65, 8, 264, 122, -0.4664151072502136
65, 9, 340, 160, -0.7313815355300903
65, 10, 289, 162, -0.7329153418540955
65, 11, 461, 288, -0.2455260455608368
65, 12, 179, 294, -0.3771366775035858
65, 13, 562, 457, -0.2525791525840759
65, 14, 62, 468, -0.35847029089927673
65, 15, 620, 641, -0.5842535495758057
65, 16, 4, 658, -0.707633376121521
65, 17, 651, 691, -0.6668509244918823
65, 18, -21, 708, -0.799752414226532
65, 19, 627, 693, -0.7393180131912231
65, 20, 8, 711, -0.8984344601631165
65, 21, 610, 678, -0.6333810687065125
65, 22, 23, 695, -0.7636692523956299
65, 23, 420, 695, -0.02958006039261818
65, 24, 224, 701, 0.03433322161436081
65, 25, 415, 1010, -0.039959799498319626
65, 26, 225, 1015, 0.027838189154863358
65, 27, 415, 1294, 0.5252024531364441
65, 28, 239, 1290, 0.3834368586540222
65, 29, 420, 1340, 0.5511301755905151
65, 30, 237, 1334, 0.40209078788757324
65, 31, 387, 1383, 0.007133169565349817
65, 32, 267, 1376, -0.19510462880134583
66, 0, 315, 130, -0.8883098363876343
66, 1, 339, 103, -0.834773063659668
66, 2, 350, 103, -0.8348415493965149
66, 3, 360, 105, -0.8351165056228638
66, 4, 296, 104, -0.8410145044326782
66, 5, 283, 106, -0.8405557870864868
66, 6, 273, 108, -0.8410313725471497
66, 7, 378, 121, -0.4710220694541931
66, 8, 264, 122, -0.4804747700691223
66, 9, 340, 160, -0.7506688237190247
66, 10, 289, 162, -0.7527788877487183
66, 11, 462, 288, -0.24857039749622345
66, 12, 179, 294, -0.37879154086112976
66, 13, 563, 457, -0.25825315713882446
66, 14, 62, 468, -0.35957658290863037
66, 15, 619, 640, -0.5992253422737122
66, 16, 3, 658, -0.723971426486969
66, 17, 646, 689, -0.6851800680160522
66, 18, -21, 709, -0.8200505971908569
66, 19, 621, 691, -0.759036660194397
66, 20, 9, 713, -0.916969895362854
66, 21, 606, 676, -0.6490997076034546
66, 22, 24, 696, -0.7794206738471985
66, 23, 420, 695, -0.030719956383109093
66, 24, 224, 702, 0.035407956689596176
66, 25, 415, 1010, -0.03861517459154129
66, 26, 226, 1016, 0.028546560555696487
66, 27, 415, 1295, 0.5285843014717102
66, 28, 239, 1292, 0.39025282859802246
66, 29, 420, 1341, 0.5562504529953003
66, 30, 238, 1336, 0.40925127267837524
66, 31, 386, 1384, 0.01568692736327648
66, 32, 267, 1377, -0.19109955430030823
67, 0, 315, 130, -0.8969771265983582
67, 1, 339, 103, -0.8422290682792664
67, 2, 351, 103, -0.8422630429267883
67, 3, 360, 105, -0.8424714803695679
67, 4, 296, 104, -0.8491250276565552
67, 5, 283, 106, -0.8486383557319641
67, 6, 273, 108, -0.8490970730781555
67, 7, 378, 121, -0.4764854311943054
67, 8, 264, 122, -0.48728641867637634
67, 9, 340, 160, -0.7590337991714478
67, 10, 289, 162, -0.7617219686508179
67, 11, 462, 288, -0.25186657905578613
67, 12, 179, 294, -0.37840765714645386
67, 13, 563, 457, -0.2669357657432556
67, 14, 62, 468, -0.3579045832157135
67, 15, 618, 639, -0.6405797600746155
67, 16, 5, 658, -0.7244154214859009
67, 17, 640, 687, -0.7290045022964478
67, 18, -19, 709, -0.8206787109375
67, 19, 613, 689, -0.7971290946006775
67, 20, 11, 714, -0.9154523015022278
67, 21, 599, 674, -0.687376081943512
67, 22, 25, 696, -0.7786450982093811
67, 23, 420, 695, -0.03164065256714821
67, 24, 224, 702, 0.03626857325434685
67, 25, 415, 1011, -0.0427544079720974
67, 26, 226, 1016, 0.026040419936180115
67, 27, 415, 1296, 0.5203608870506287
67, 28, 239, 1293, 0.37792783975601196
67, 29, 420, 1343, 0.546679675579071
67, 30, 238, 1338, 0.39507392048835754
67, 31, 386, 1385, -0.003059020731598139
67, 32, 266, 1379, -0.20717886090278625
