0, 0, 646, 181, -0.5905280113220215
0, 1, 675, 144, -0.5515050292015076
0, 2, 691, 145, -0.551190972328186
0, 3, 709, 145, -0.5511834621429443
0, 4, 615, 144, -0.5472848415374756
0, 5, 596, 146, -0.5469537377357483
0, 6, 578, 148, -0.547322690486908
0, 7, 740, 169, -0.31096184253692627
0, 8, 562, 171, -0.27571484446525574
0, 9, 684, 227, -0.5006837844848633
0, 10, 616, 234, -0.49069589376449585
0, 11, 889, 402, -0.21632356941699982
0, 12, 444, 443, -0.13679523766040802
0, 13, 1040, 689, -0.3735796809196472
0, 14, 311, 724, -0.11230719089508057
0, 15, 654, 746, -0.5832914113998413
0, 16, 271, 974, -0.3844011723995209
0, 17, 556, 758, -0.6549577713012695
0, 18, 256, 1050, -0.4429101347923279
0, 19, 505, 713, -0.5603429079055786
0, 20, 294, 1027, -0.48014920949935913
0, 21, 542, 708, -0.5526868104934692
0, 22, 305, 1002, -0.41072964668273926
0, 23, 838, 989, -0.04664741829037666
0, 24, 575, 1053, 0.0513027086853981
0, 25, 838, 1472, -0.038681987673044205
0, 26, 549, 1490, 0.0974782332777977
0, 27, 840, 1880, 0.38092154264450073
0, 28, 548, 1905, 0.35349443554878235
0, 29, 856, 1944, 0.4030182361602783
0, 30, 543, 1975, 0.3662354648113251
0, 31, 782, 2034, -0.005415366496890783
0, 32, 588, 2055, -0.08322764188051224
1, 0, 646, 180, -0.5749962329864502
1, 1, 674, 143, -0.5321897864341736
1, 2, 691, 143, -0.5318564176559448
1, 3, 707, 144, -0.531718373298645
1, 4, 615, 144, -0.5266898274421692
1, 5, 596, 146, -0.5262128114700317
1, 6, 578, 148, -0.526559591293335
1, 7, 736, 168, -0.2831847071647644
1, 8, 562, 171, -0.2442409098148346
1, 9, 684, 226, -0.4845837652683258
1, 10, 615, 233, -0.4736923575401306
1, 11, 889, 402, -0.21585015952587128
1, 12, 444, 443, -0.10217718034982681
1, 13, 1039, 690, -0.412341445684433
1, 14, 310, 723, -0.10087297856807709
1, 15, 660, 746, -0.6715145111083984
1, 16, 214, 976, -0.39993202686309814
1, 17, 555, 753, -0.753545343875885
1, 18, 178, 1055, -0.4654395580291748
1, 19, 505, 718, -0.6680677533149719
1, 20, 220, 1037, -0.5147129893302917
1, 21, 538, 710, -0.6444736123085022
1, 22, 239, 1010, -0.43340200185775757
1, 23, 838, 1025, -0.05004254728555679
1, 24, 540, 1044, 0.05470156669616699
1, 25, 835, 1489, -0.07125886529684067
1, 26, 544, 1506, 0.06292169541120529
1, 27, 839, 1912, 0.29491934180259705
1, 28, 543, 1939, 0.2383260726928711
1, 29, 854, 1975, 0.3101331889629364
1, 30, 539, 2009, 0.2404383420944214
1, 31, 778, 2067, -0.12196891009807587
1, 32, 581, 2086, -0.2233622968196869
2, 0, 645, 180, -0.6194356679916382
2, 1, 673, 143, -0.5777879953384399
2, 2, 689, 143, -0.5774520635604858
2, 3, 705, 144, -0.5771833658218384
2, 4, 615, 144, -0.5714129209518433
2, 5, 595, 146, -0.5709459781646729
2, 6, 578, 148, -0.5712699890136719
2, 7, 734, 168, -0.3233174681663513
2, 8, 562, 172, -0.28279954195022583
2, 9, 683, 226, -0.5265207290649414
2, 10, 613, 233, -0.5151007771492004
2, 11, 889, 402, -0.2567291557788849
2, 12, 444, 444, -0.11636608839035034
2, 13, 1038, 694, -0.48522692918777466
2, 14, 309, 719, -0.14149193465709686
2, 15, 660, 744, -0.760913610458374
2, 16, 190, 972, -0.49038416147232056
2, 17, 550, 753, -0.8427941203117371
2, 18, 151, 1054, -0.5613139867782593
2, 19, 505, 718, -0.7587324976921082
2, 20, 193, 1037, -0.6069943308830261
2, 21, 537, 711, -0.7332528233528137
2, 22, 213, 1010, -0.5244678258895874
2, 23, 838, 1029, -0.04985296353697777
2, 24, 530, 1045, 0.05448678135871887
2, 25, 835, 1508, -0.04427816718816757
2, 26, 543, 1523, 0.061617590487003326
2, 27, 841, 1935, 0.31780189275741577
2, 28, 544, 1959, 0.2639670670032501
2, 29, 857, 1997, 0.3288837671279907
2, 30, 541, 2028, 0.2695850729942322
2, 31, 780, 2089, -0.11014826595783234
2, 32, 583, 2106, -0.18951113522052765
3, 0, 643, 180, -0.6146472692489624
3, 1, 672, 142, -0.5736706852912903
3, 2, 689, 142, -0.5733296871185303
3, 3, 703, 143, -0.573134183883667
3, 4, 614, 144, -0.5679317116737366
3, 5, 594, 146, -0.5674978494644165
3, 6, 577, 148, -0.5678284764289856
3, 7, 731, 166, -0.31654030084609985
3, 8, 561, 172, -0.2892693877220154
3, 9, 682, 226, -0.5254445672035217
3, 10, 610, 233, -0.51125168800354
3, 11, 887, 397, -0.24366135895252228
3, 12, 442, 444, -0.12604764103889465
3, 13, 1033, 693, -0.4365912973880768
3, 14, 301, 720, -0.12156544625759125
3, 15, 634, 739, -0.7055230140686035
3, 16, 199, 972, -0.38449472188949585
3, 17, 523, 751, -0.8066465258598328
3, 18, 183, 1057, -0.4465554654598236
3, 19, 489, 717, -0.7547632455825806
3, 20, 234, 1038, -0.49094557762145996
3, 21, 523, 710, -0.680191695690155
3, 22, 245, 1010, -0.4125353693962097
3, 23, 834, 1026, -0.046061351895332336
3, 24, 519, 1043, 0.05039999634027481
3, 25, 829, 1513, -0.01468175370246172
3, 26, 533, 1528, 0.048787131905555725
3, 27, 835, 1943, 0.37418633699417114
3, 28, 542, 1963, 0.2688426375389099
3, 29, 850, 2003, 0.39045658707618713
3, 30, 540, 2030, 0.2771669924259186
3, 31, 778, 2099, -0.0296037457883358
3, 32, 581, 2112, -0.18254944682121277
4, 0, 641, 180, -0.611602246761322
4, 1, 670, 142, -0.5708440542221069
4, 2, 687, 141, -0.5705154538154602
4, 3, 701, 142, -0.5703423023223877
4, 4, 612, 144, -0.5660324692726135
4, 5, 592, 146, -0.5656166672706604
4, 6, 576, 148, -0.5659507513046265
4, 7, 730, 166, -0.3160664439201355
4, 8, 561, 172, -0.28853839635849
4, 9, 681, 226, -0.5220147967338562
4, 10, 607, 232, -0.5090010762214661
4, 11, 887, 395, -0.24017739295959473
4, 12, 441, 444, -0.12651292979717255
4, 13, 1026, 693, -0.43256431818008423
4, 14, 300, 720, -0.1416812241077423
4, 15, 626, 733, -0.6876562237739563
4, 16, 211, 958, -0.48444128036499023
4, 17, 520, 749, -0.7742729187011719
4, 18, 193, 1047, -0.5576215386390686
4, 19, 485, 716, -0.6972035765647888
4, 20, 241, 1025, -0.5965460538864136
4, 21, 518, 708, -0.6599990725517273
4, 22, 252, 995, -0.5135290622711182
4, 23, 833, 1025, -0.0453018881380558
4, 24, 517, 1041, 0.049581874161958694
4, 25, 827, 1513, -0.0018414730438962579
4, 26, 529, 1528, 0.05405239388346672
4, 27, 834, 1942, 0.40166592597961426
4, 28, 541, 1962, 0.2811988592147827
4, 29, 849, 2003, 0.42077022790908813
4, 30, 540, 2028, 0.2902624011039734
4, 31, 777, 2098, 0.003882619785144925
4, 32, 581, 2110, -0.16739468276500702
5, 0, 640, 179, -0.5711675882339478
5, 1, 669, 141, -0.5270601511001587
5, 2, 687, 141, -0.5267840623855591
5, 3, 700, 142, -0.5265854597091675
5, 4, 611, 144, -0.5248377323150635
5, 5, 591, 146, -0.524380087852478
5, 6, 576, 148, -0.5247264504432678
5, 7, 728, 166, -0.26252323389053345
5, 8, 560, 172, -0.2440451830625534
5, 9, 680, 225, -0.47485023736953735
5, 10, 605, 232, -0.46835389733314514
5, 11, 884, 392, -0.2109767496585846
5, 12, 440, 445, -0.09124156832695007
5, 13, 1020, 690, -0.4278091490268707
5, 14, 298, 720, -0.1363539844751358
5, 15, 624, 731, -0.6780890226364136
5, 16, 213, 944, -0.47684186697006226
5, 17, 516, 748, -0.7649741768836975
5, 18, 203, 1037, -0.5538177490234375
5, 19, 481, 716, -0.6858261823654175
5, 20, 255, 1010, -0.5910533666610718
5, 21, 513, 708, -0.6510396003723145
5, 22, 264, 979, -0.5055760145187378
5, 23, 832, 1024, -0.04531298205256462
5, 24, 515, 1040, 0.04958866536617279
5, 25, 826, 1513, -0.021532488986849785
5, 26, 528, 1530, 0.04029833525419235
5, 27, 834, 1944, 0.3363560736179352
5, 28, 541, 1964, 0.21885351836681366
5, 29, 849, 2005, 0.3507288098335266
5, 30, 540, 2030, 0.22185644507408142
5, 31, 777, 2100, -0.08377610892057419
5, 32, 581, 2114, -0.2427707463502884
6, 0, 640, 179, -0.5744829773902893
6, 1, 668, 140, -0.5301641821861267
6, 2, 686, 140, -0.529873251914978
6, 3, 700, 141, -0.5298055410385132
6, 4, 610, 143, -0.5273131728172302
6, 5, 591, 146, -0.5269337892532349
6, 6, 575, 148, -0.5272808074951172
6, 7, 727, 163, -0.2595728933811188
6, 8, 560, 172, -0.23737935721874237
6, 9, 680, 225, -0.4787711501121521
6, 10, 604, 232, -0.4719042181968689
6, 11, 882, 388, -0.17098142206668854
6, 12, 438, 445, -0.0965578556060791
6, 13, 1014, 684, -0.4009951949119568
6, 14, 294, 733, -0.3783339262008667
6, 15, 614, 724, -0.6147617101669312
6, 16, 659, 748, -0.7352383732795715
6, 17, 510, 740, -0.6788887977600098
6, 18, 768, 745, -0.8103951215744019
6, 19, 480, 711, -0.5779361128807068
6, 20, 791, 709, -0.7390164732933044
6, 21, 512, 702, -0.5748180747032166
6, 22, 747, 711, -0.7096079587936401
6, 23, 830, 1022, -0.04361887648701668
6, 24, 507, 1036, 0.047746479511260986
6, 25, 815, 1512, -0.012386505492031574
6, 26, 512, 1528, 0.08320280909538269
6, 27, 814, 1941, 0.40963682532310486
6, 28, 520, 1960, 0.4137648046016693
6, 29, 824, 2002, 0.42528972029685974
6, 30, 517, 2027, 0.43082863092422485
6, 31, 767, 2098, -0.08020592480897903
6, 32, 560, 2110, -0.08547475188970566
7, 0, 637, 181, -0.6267586946487427
7, 1, 665, 141, -0.5824266672134399
7, 2, 684, 141, -0.5821660757064819
7, 3, 697, 141, -0.5817819833755493
7, 4, 606, 144, -0.579367995262146
7, 5, 588, 146, -0.578984260559082
7, 6, 572, 149, -0.5793336629867554
7, 7, 723, 163, -0.28764310479164124
7, 8, 557, 172, -0.2648417055606842
7, 9, 677, 226, -0.5186107754707336
7, 10, 601, 232, -0.5116362571716309
7, 11, 881, 388, -0.17584671080112457
7, 12, 432, 446, -0.13196887075901031
7, 13, 1015, 683, -0.3901958763599396
7, 14, 282, 750, -0.4779718816280365
7, 15, 692, 715, -0.6954399347305298
7, 16, 545, 709, -0.9926549196243286
7, 17, 592, 727, -0.7751392126083374
7, 18, 640, 692, -1.094663381576538
7, 19, 574, 689, -0.7077986598014832
7, 20, 657, 663, -1.0243850946426392
7, 21, 595, 679, -0.6707150340080261
7, 22, 637, 662, -0.9710389971733093
7, 23, 830, 1022, -0.03044755384325981
7, 24, 507, 1034, 0.03432527184486389
7, 25, 818, 1504, 0.05650721862912178
7, 26, 514, 1519, 0.06319458782672882
7, 27, 830, 1926, 0.5134853720664978
7, 28, 527, 1943, 0.37536701560020447
7, 29, 841, 1985, 0.5333547592163086
7, 30, 523, 2006, 0.38780394196510315
7, 31, 789, 2079, 0.08318334072828293
7, 32, 572, 2088, -0.10041175782680511
8, 0, 633, 183, -0.6785259246826172
8, 1, 661, 142, -0.6363047361373901
8, 2, 681, 141, -0.6361315250396729
8, 3, 695, 141, -0.635715126991272
8, 4, 601, 145, -0.6336836218833923
8, 5, 583, 146, -0.6334059834480286
8, 6, 569, 149, -0.6338159441947937
8, 7, 720, 163, -0.3415760397911072
8, 8, 553, 172, -0.32096192240715027
8, 9, 673, 227, -0.5667709112167358
8, 10, 596, 233, -0.5611326694488525
8, 11, 878, 384, -0.1918807327747345
8, 12, 423, 447, -0.17129918932914734
8, 13, 1013, 681, -0.4231002926826477
8, 14, 272, 760, -0.5197799205780029
8, 15, 684, 710, -0.7923089861869812
8, 16, 511, 712, -1.0820660591125488
8, 17, 585, 724, -0.8807989358901978
8, 18, 612, 688, -1.193296194076538
8, 19, 564, 679, -0.8107191920280457
8, 20, 641, 645, -1.126554250717163
8, 21, 585, 668, -0.7666043043136597
8, 22, 606, 644, -1.0636793375015259
8, 23, 827, 1019, -0.02404404804110527
8, 24, 498, 1029, 0.027791574597358704
8, 25, 817, 1496, 0.07144221663475037
8, 26, 509, 1506, 0.05539506673812866
8, 27, 831, 1915, 0.5166167616844177
8, 28, 527, 1922, 0.3579196035861969
8, 29, 842, 1974, 0.535957932472229
8, 30, 523, 1982, 0.36961761116981506
8, 31, 791, 2065, 0.0902215763926506
8, 32, 580, 2068, -0.10966124385595322
9, 0, 626, 188, -0.6659904718399048
9, 1, 653, 145, -0.6231394410133362
9, 2, 673, 145, -0.6228486895561218
9, 3, 690, 144, -0.6227093935012817
9, 4, 593, 148, -0.6188031435012817
9, 5, 575, 149, -0.618474543094635
9, 6, 563, 151, -0.6188004612922668
9, 7, 712, 164, -0.3242136538028717
9, 8, 546, 175, -0.31659242510795593
9, 9, 665, 232, -0.5598663091659546
9, 10, 589, 237, -0.5594506859779358
9, 11, 871, 379, -0.1722463071346283
9, 12, 418, 448, -0.1655014008283615
9, 13, 1008, 680, -0.4173605442047119
9, 14, 272, 764, -0.49868065118789673
9, 15, 678, 696, -0.769721269607544
9, 16, 509, 683, -1.058911919593811
9, 17, 581, 706, -0.8512568473815918
9, 18, 607, 652, -1.1634275913238525
9, 19, 555, 664, -0.774872899055481
9, 20, 637, 597, -1.088473916053772
9, 21, 577, 650, -0.7413806319236755
9, 22, 606, 600, -1.0367698669433594
9, 23, 826, 1000, -0.020470615476369858
9, 24, 498, 1015, 0.024185681715607643
9, 25, 818, 1471, 0.0123301325365901
9, 26, 511, 1482, -0.010558106005191803
9, 27, 842, 1893, 0.3597787618637085
9, 28, 543, 1895, 0.1928965151309967
9, 29, 855, 1953, 0.3676665127277374
9, 30, 540, 1953, 0.1957388073205948
9, 31, 807, 2038, -0.09333988279104233
9, 32, 601, 2039, -0.28164544701576233
10, 0, 624, 188, -0.44019001722335815
10, 1, 649, 146, -0.39493462443351746
10, 2, 669, 145, -0.39482131600379944
10, 3, 686, 144, -0.3944883942604065
10, 4, 589, 148, -0.3921452760696411
10, 5, 571, 149, -0.3916393518447876
10, 6, 559, 151, -0.39210230112075806
10, 7, 709, 164, -0.11486510932445526
10, 8, 542, 176, -0.08534450829029083
10, 9, 664, 232, -0.33621516823768616
10, 10, 588, 237, -0.3295894265174866
10, 11, 863, 374, -0.04236710071563721
10, 12, 419, 447, 0.04342891648411751
10, 13, 993, 670, -0.2725984752178192
10, 14, 276, 764, -0.4802459180355072
10, 15, 616, 698, -0.5088573694229126
10, 16, 551, 595, -0.8677824139595032
10, 17, 520, 710, -0.5747920274734497
10, 18, 638, 587, -0.9639368057250977
10, 19, 503, 669, -0.48826128244400024
10, 20, 655, 530, -0.9190986752510071
10, 21, 535, 656, -0.47488561272621155
10, 22, 636, 536, -0.8549115061759949
10, 23, 821, 998, -0.026563823223114014
10, 24, 500, 1035, 0.030564118176698685
10, 25, 818, 1466, -0.055280037224292755
10, 26, 512, 1478, 0.13722701370716095
10, 27, 839, 1889, 0.291715145111084
10, 28, 541, 1893, 0.4485341012477875
10, 29, 853, 1947, 0.29892614483833313
10, 30, 535, 1952, 0.4676455557346344
10, 31, 806, 2037, -0.1610693633556366
10, 32, 599, 2041, -0.004905449692159891
11, 0, 621, 189, -0.43005937337875366
11, 1, 646, 146, -0.3816896677017212
11, 2, 666, 145, -0.3815613389015198
11, 3, 683, 144, -0.3811871409416199
11, 4, 586, 148, -0.37365296483039856
11, 5, 568, 149, -0.37312763929367065
11, 6, 556, 151, -0.3735540509223938
11, 7, 706, 164, -0.10304288566112518
11, 8, 539, 177, -0.046020910143852234
11, 9, 662, 233, -0.3281231224536896
11, 10, 585, 238, -0.31352025270462036
11, 11, 864, 375, -0.06444543600082397
11, 12, 419, 447, 0.06418059021234512
11, 13, 978, 662, -0.3049483895301819
11, 14, 281, 763, -0.3988057076931
11, 15, 557, 700, -0.4707059860229492
11, 16, 583, 579, -0.8729459047317505
11, 17, 453, 728, -0.5276957154273987
11, 18, 683, 540, -0.9779332280158997
11, 19, 442, 670, -0.4416201114654541
11, 20, 689, 496, -0.8834772109985352
11, 21, 478, 661, -0.43630099296569824
11, 22, 670, 509, -0.8452991247177124
11, 23, 820, 1004, -0.03850841522216797
11, 24, 489, 1034, 0.04268806427717209
11, 25, 818, 1485, -0.0895424634218216
11, 26, 512, 1496, 0.11359337717294693
11, 27, 840, 1918, 0.2676286995410919
11, 28, 547, 1919, 0.4449736177921295
11, 29, 854, 1979, 0.2729553282260895
11, 30, 542, 1976, 0.4530445635318756
11, 31, 806, 2065, -0.21457819640636444
11, 32, 602, 2078, -0.10065708309412003
12, 0, 616, 190, -0.356662392616272
12, 1, 640, 146, -0.3081209659576416
12, 2, 659, 145, -0.3080046772956848
12, 3, 677, 144, -0.30765482783317566
12, 4, 580, 148, -0.298251748085022
12, 5, 563, 150, -0.2976931631565094
12, 6, 550, 152, -0.29814261198043823
12, 7, 702, 164, -0.035075828433036804
12, 8, 534, 178, 0.031325388699769974
12, 9, 658, 234, -0.25856292247772217
12, 10, 582, 240, -0.24123676121234894
12, 11, 861, 375, -0.008297992870211601
12, 12, 420, 444, 0.11306419223546982
12, 13, 965, 652, -0.24493186175823212
12, 14, 285, 746, -0.3267434239387512
12, 15, 532, 701, -0.3544408679008484
12, 16, 609, 532, -0.7833113074302673
12, 17, 428, 740, -0.4048236012458801
12, 18, 688, 491, -0.904079794883728
12, 19, 418, 674, -0.32161277532577515
12, 20, 691, 449, -0.7624642848968506
12, 21, 449, 664, -0.32085493206977844
12, 22, 675, 462, -0.740673303604126
12, 23, 816, 1002, -0.03906208649277687
12, 24, 480, 1020, 0.04320806264877319
12, 25, 813, 1486, -0.10231109708547592
12, 26, 508, 1497, 0.07257732003927231
12, 27, 833, 1922, 0.21728673577308655
12, 28, 547, 1923, 0.262071430683136
12, 29, 847, 1984, 0.21828165650367737
12, 30, 542, 1978, 0.2635291516780853
12, 31, 805, 2068, -0.2767997086048126
12, 32, 601, 2084, -0.2589775323867798
13, 0, 613, 191, -0.4077524244785309
13, 1, 637, 146, -0.36347058415412903
13, 2, 656, 145, -0.36337167024612427
13, 3, 675, 144, -0.36307278275489807
13, 4, 577, 149, -0.3499620258808136
13, 5, 560, 151, -0.349423348903656
13, 6, 547, 153, -0.3498951494693756
13, 7, 698, 164, -0.09196481853723526
13, 8, 531, 179, -0.005073088221251965
13, 9, 655, 235, -0.3087223470211029
13, 10, 580, 242, -0.2857123613357544
13, 11, 862, 377, -0.05684603005647659
13, 12, 420, 443, 0.08595140278339386
13, 13, 953, 641, -0.2851312458515167
13, 14, 286, 736, -0.3610784411430359
13, 15, 507, 701, -0.4109341502189636
13, 16, 594, 533, -0.8466196060180664
13, 17, 414, 754, -0.4655783772468567
13, 18, 677, 482, -0.9620963931083679
13, 19, 403, 690, -0.3808741867542267
13, 20, 681, 442, -0.8411687016487122
13, 21, 426, 671, -0.3774401843547821
13, 22, 664, 455, -0.8134292364120483
13, 23, 808, 1006, -0.051992036402225494
13, 24, 469, 1020, 0.05612971633672714
13, 25, 799, 1499, -0.11099942028522491
13, 26, 492, 1505, 0.0942152738571167
13, 27, 809, 1942, 0.24813930690288544
13, 28, 520, 1942, 0.30800721049308777
13, 29, 823, 2004, 0.2533482015132904
13, 30, 517, 1998, 0.31393370032310486
13, 31, 772, 2088, -0.24862174689769745
13, 32, 567, 2107, -0.23622527718544006
14, 0, 609, 196, -0.4344111382961273
14, 1, 632, 147, -0.39187413454055786
14, 2, 651, 145, -0.39130112528800964
14, 3, 669, 145, -0.3909471035003662
14, 4, 574, 152, -0.3882521092891693
14, 5, 557, 154, -0.3875845968723297
14, 6, 544, 157, -0.3878437280654907
14, 7, 693, 164, -0.12902814149856567
14, 8, 530, 180, -0.0616547055542469
14, 9, 649, 239, -0.33845049142837524
14, 10, 577, 248, -0.3278917670249939
14, 11, 860, 378, -0.07704873383045197
14, 12, 420, 442, 0.04412747174501419
14, 13, 954, 628, -0.3546239733695984
14, 14, 286, 728, -0.45952367782592773
14, 15, 502, 697, -0.45828691124916077
14, 16, 596, 510, -0.9466379880905151
14, 17, 390, 759, -0.5144727826118469
14, 18, 685, 462, -1.0628539323806763
14, 19, 380, 699, -0.4256446361541748
14, 20, 687, 430, -0.9388295412063599
14, 21, 425, 672, -0.4227209687232971
14, 22, 669, 444, -0.9117539525032043
14, 23, 809, 1007, -0.05353818088769913
14, 24, 469, 1020, 0.057324059307575226
14, 25, 800, 1501, -0.09396843612194061
14, 26, 494, 1507, 0.13266217708587646
14, 27, 811, 1940, 0.2499312460422516
14, 28, 521, 1942, 0.4334580898284912
14, 29, 823, 2002, 0.2551648020744324
14, 30, 518, 1999, 0.451810747385025
14, 31, 781, 2089, -0.19602623581886292
14, 32, 569, 2105, -0.06615466624498367
15, 0, 603, 202, -0.507797122001648
15, 1, 628, 151, -0.4622744023799896
15, 2, 646, 149, -0.4622108042240143
15, 3, 664, 148, -0.46180400252342224
15, 4, 570, 157, -0.4462861120700836
15, 5, 554, 159, -0.44594305753707886
15, 6, 541, 162, -0.44656023383140564
15, 7, 690, 166, -0.17923247814178467
15, 8, 528, 183, -0.08247648179531097
15, 9, 643, 244, -0.40547943115234375
15, 10, 574, 255, -0.3775021433830261
15, 11, 863, 385, -0.14510886371135712
15, 12, 420, 441, 0.038807205855846405
15, 13, 950, 609, -0.4036470353603363
15, 14, 285, 727, -0.504764199256897
15, 15, 493, 691, -0.4864277243614197
15, 16, 580, 533, -1.004441738128662
15, 17, 387, 757, -0.5473030805587769
15, 18, 678, 482, -1.1237938404083252
15, 19, 378, 696, -0.4607611298561096
15, 20, 688, 448, -1.006160855293274
15, 21, 415, 673, -0.45255622267723083
15, 22, 664, 459, -0.9722546339035034
15, 23, 812, 1007, -0.05279853940010071
15, 24, 472, 1020, 0.05660950392484665
15, 25, 813, 1500, -0.02732863649725914
15, 26, 501, 1507, 0.18223360180854797
15, 27, 831, 1933, 0.4424377381801605
15, 28, 537, 1936, 0.5618951320648193
15, 29, 844, 1995, 0.45965561270713806
15, 30, 535, 1992, 0.5882558226585388
15, 31, 806, 2082, -0.03883443772792816
15, 32, 592, 2100, 0.0733388215303421
16, 0, 600, 206, -0.4991578459739685
16, 1, 625, 155, -0.4496195912361145
16, 2, 643, 153, -0.4496890902519226
16, 3, 660, 152, -0.44927769899368286
16, 4, 568, 160, -0.43622511625289917
16, 5, 553, 162, -0.4359421133995056
16, 6, 539, 164, -0.43661466240882874
16, 7, 687, 169, -0.15787820518016815
16, 8, 525, 184, -0.07467837631702423
16, 9, 638, 250, -0.3935093283653259
16, 10, 570, 260, -0.36933067440986633
16, 11, 860, 386, -0.1179044097661972
16, 12, 419, 440, 0.023688610643148422
16, 13, 951, 580, -0.39657843112945557
16, 14, 285, 727, -0.49763017892837524
16, 15, 505, 676, -0.5374258756637573
16, 16, 568, 548, -1.0211424827575684
16, 17, 405, 721, -0.6074397563934326
16, 18, 671, 493, -1.143462061882019
16, 19, 390, 663, -0.5263675451278687
16, 20, 678, 456, -1.0365841388702393
16, 21, 427, 664, -0.5089994668960571
16, 22, 656, 467, -0.9925333857536316
16, 23, 813, 1006, -0.04959290474653244
16, 24, 472, 1020, 0.05341489985585213
16, 25, 817, 1494, -0.026002386584877968
16, 26, 506, 1502, 0.15892240405082703
16, 27, 843, 1924, 0.417414128780365
16, 28, 555, 1924, 0.5059114694595337
16, 29, 856, 1986, 0.43186530470848083
16, 30, 555, 1979, 0.5286507606506348
16, 31, 821, 2069, -0.06166102737188339
16, 32, 616, 2083, 0.01839248463511467
17, 0, 595, 209, -0.49169474840164185
17, 1, 621, 157, -0.4421425759792328
17, 2, 639, 155, -0.4422723650932312
17, 3, 656, 154, -0.44195303320884705
17, 4, 565, 163, -0.4303274154663086
17, 5, 550, 165, -0.43008118867874146
17, 6, 536, 167, -0.43074241280555725
17, 7, 684, 170, -0.15205463767051697
17, 8, 523, 186, -0.07725238054990768
17, 9, 632, 252, -0.3863146901130676
17, 10, 566, 263, -0.36509403586387634
17, 11, 853, 382, -0.1178978830575943
17, 12, 419, 439, 0.026609573513269424
17, 13, 954, 570, -0.3929142951965332
17, 14, 285, 725, -0.4759501814842224
17, 15, 506, 675, -0.4864138662815094
17, 16, 560, 552, -1.0017716884613037
17, 17, 417, 708, -0.5480881333351135
17, 18, 668, 492, -1.1228654384613037
17, 19, 396, 667, -0.46870750188827515
17, 20, 675, 458, -1.0147563219070435
17, 21, 427, 665, -0.45467767119407654
17, 22, 654, 470, -0.9730715751647949
17, 23, 813, 996, -0.04991187900304794
17, 24, 474, 1010, 0.05361751839518547
17, 25, 819, 1480, -0.035206977277994156
17, 26, 509, 1492, 0.154595747590065
17, 27, 845, 1912, 0.3849159777164459
17, 28, 557, 1913, 0.4767376482486725
17, 29, 858, 1975, 0.3943907618522644
17, 30, 556, 1967, 0.49629759788513184
17, 31, 820, 2057, -0.10603497177362442
17, 32, 615, 2071, -0.008034810423851013
18, 0, 593, 209, -0.5340741276741028
18, 1, 619, 158, -0.488551527261734
18, 2, 637, 156, -0.48874107003211975
18, 3, 654, 154, -0.48852843046188354
18, 4, 563, 164, -0.4763980507850647
18, 5, 548, 166, -0.4761362075805664
18, 6, 533, 168, -0.4767751693725586
18, 7, 682, 170, -0.19322000443935394
18, 8, 521, 186, -0.11226858198642731
18, 9, 630, 253, -0.4246044158935547
18, 10, 564, 265, -0.40289241075515747
18, 11, 851, 369, -0.15661975741386414
18, 12, 419, 438, 0.008196390233933926
18, 13, 955, 567, -0.4348936975002289
18, 14, 282, 725, -0.532775342464447
18, 15, 513, 665, -0.5905145406723022
18, 16, 525, 563, -1.133263111114502
18, 17, 423, 695, -0.665458083152771
18, 18, 655, 503, -1.262943983078003
18, 19, 401, 668, -0.5874217748641968
18, 20, 663, 463, -1.1605093479156494
18, 21, 433, 661, -0.5598294734954834
18, 22, 640, 477, -1.1070054769515991
18, 23, 813, 992, -0.05400971323251724
18, 24, 475, 1008, 0.05756348371505737
18, 25, 821, 1476, -0.036128152161836624
18, 26, 513, 1491, 0.19258856773376465
18, 27, 847, 1910, 0.3886144459247589
18, 28, 560, 1911, 0.5592988729476929
18, 29, 862, 1973, 0.40018802881240845
18, 30, 560, 1965, 0.5842766761779785
18, 31, 819, 2055, -0.10036998987197876
18, 32, 615, 2070, 0.07392814755439758
19, 0, 593, 211, -0.5013033151626587
19, 1, 618, 159, -0.45504769682884216
19, 2, 636, 157, -0.4553355276584625
19, 3, 653, 155, -0.45507630705833435
19, 4, 563, 165, -0.44102635979652405
19, 5, 547, 168, -0.44073182344436646
19, 6, 533, 170, -0.44135603308677673
19, 7, 682, 171, -0.1668882668018341
19, 8, 520, 187, -0.07790371030569077
19, 9, 631, 257, -0.39541155099868774
19, 10, 565, 269, -0.37171274423599243
19, 11, 851, 369, -0.14627483487129211
19, 12, 420, 439, 0.058842260390520096
19, 13, 956, 570, -0.41965413093566895
19, 14, 282, 730, -0.46983447670936584
19, 15, 515, 659, -0.48355770111083984
19, 16, 530, 532, -1.0803470611572266
19, 17, 427, 690, -0.5388563871383667
19, 18, 649, 482, -1.2435052394866943
19, 19, 406, 668, -0.4391734004020691
19, 20, 658, 447, -1.0268806219100952
19, 21, 437, 662, -0.44241827726364136
19, 22, 636, 455, -1.0242011547088623
19, 23, 817, 995, -0.06649480760097504
19, 24, 477, 1013, 0.07002487033605576
19, 25, 829, 1485, -0.06656113266944885
19, 26, 524, 1507, 0.18697401881217957
19, 27, 856, 1925, 0.3545941412448883
19, 28, 574, 1929, 0.5148017406463623
19, 29, 874, 1990, 0.3647415339946747
19, 30, 576, 1985, 0.5361593961715698
19, 31, 825, 2068, -0.13102686405181885
19, 32, 627, 2089, 0.03231746330857277
20, 0, 593, 212, -0.44649243354797363
20, 1, 618, 159, -0.4038638472557068
20, 2, 636, 157, -0.4041540026664734
20, 3, 652, 155, -0.4039691090583801
20, 4, 562, 167, -0.3915422856807709
20, 5, 547, 169, -0.391231507062912
20, 6, 532, 171, -0.3917514383792877
20, 7, 680, 171, -0.12613780796527863
20, 8, 517, 187, -0.04474227875471115
20, 9, 631, 256, -0.3426613509654999
20, 10, 565, 269, -0.3215980529785156
20, 11, 846, 355, -0.09809879958629608
20, 12, 421, 437, 0.10682956129312515
20, 13, 966, 571, -0.34734901785850525
20, 14, 279, 737, -0.3575921952724457
20, 15, 516, 654, -0.3931410312652588
20, 16, 520, 522, -0.9177172780036926
20, 17, 433, 689, -0.44210368394851685
20, 18, 623, 474, -1.039331316947937
20, 19, 410, 669, -0.3385022282600403
20, 20, 631, 434, -0.906898021697998
20, 21, 440, 662, -0.3475917875766754
20, 22, 616, 442, -0.8831700086593628
20, 23, 818, 989, -0.06980506330728531
20, 24, 479, 1009, 0.07323481142520905
20, 25, 836, 1484, -0.07026068866252899
20, 26, 535, 1507, 0.18336552381515503
20, 27, 867, 1925, 0.331348717212677
20, 28, 590, 1930, 0.4931778013706207
20, 29, 886, 1989, 0.34112030267715454
20, 30, 593, 1986, 0.5129786729812622
20, 31, 840, 2068, -0.13582554459571838
20, 32, 643, 2090, 0.013047495856881142
21, 0, 593, 213, -0.4268898069858551
21, 1, 618, 161, -0.3838058114051819
21, 2, 636, 159, -0.38407275080680847
21, 3, 653, 156, -0.3839019238948822
21, 4, 562, 167, -0.3739481270313263
21, 5, 546, 170, -0.3736479580402374
21, 6, 532, 172, -0.37411174178123474
21, 7, 681, 170, -0.10476081073284149
21, 8, 517, 187, -0.03623137250542641
21, 9, 632, 257, -0.32154834270477295
21, 10, 565, 270, -0.3042178452014923
21, 11, 842, 343, -0.07295078039169312
21, 12, 426, 435, 0.1190619245171547
21, 13, 978, 566, -0.3364555537700653
21, 14, 279, 740, -0.3501540422439575
21, 15, 529, 642, -0.39748191833496094
21, 16, 493, 499, -0.9093009233474731
21, 17, 451, 690, -0.44759470224380493
21, 18, 574, 456, -1.0241751670837402
21, 19, 418, 670, -0.3386211097240448
21, 20, 593, 425, -0.9077936410903931
21, 21, 445, 662, -0.350309282541275
21, 22, 587, 435, -0.8792659044265747
21, 23, 818, 985, -0.07049259543418884
21, 24, 480, 1004, 0.07385436445474625
21, 25, 836, 1484, -0.06935938447713852
21, 26, 539, 1507, 0.18141838908195496
21, 27, 867, 1925, 0.3229432702064514
21, 28, 592, 1930, 0.4323309063911438
21, 29, 885, 1990, 0.33225223422050476
21, 30, 594, 1986, 0.4478568136692047
21, 31, 840, 2069, -0.13638027012348175
21, 32, 645, 2091, -0.03801455348730087
22, 0, 593, 212, -0.41870036721229553
22, 1, 618, 161, -0.3721667230129242
22, 2, 636, 159, -0.37245672941207886
22, 3, 653, 156, -0.3723025321960449
22, 4, 562, 167, -0.36375099420547485
22, 5, 547, 170, -0.36348551511764526
22, 6, 532, 172, -0.36399829387664795
22, 7, 681, 169, -0.08740171045064926
22, 8, 517, 187, -0.026878291741013527
22, 9, 633, 257, -0.31229713559150696
22, 10, 565, 269, -0.297249436378479
22, 11, 839, 343, -0.06831106543540955
22, 12, 427, 436, 0.12707732617855072
22, 13, 983, 562, -0.33768612146377563
22, 14, 279, 745, -0.36255377531051636
22, 15, 538, 641, -0.41273626685142517
22, 16, 485, 509, -0.9558635950088501
22, 17, 459, 692, -0.4680629372596741
22, 18, 558, 455, -1.0768319368362427
22, 19, 424, 677, -0.36363786458969116
22, 20, 574, 423, -0.9717782139778137
22, 21, 451, 665, -0.3685421347618103
22, 22, 569, 439, -0.9329093098640442
22, 23, 819, 985, -0.07106439769268036
22, 24, 482, 1004, 0.07439911365509033
22, 25, 838, 1483, -0.05791603773832321
22, 26, 540, 1506, 0.18013842403888702
22, 27, 870, 1925, 0.34262436628341675
22, 28, 592, 1928, 0.43437185883522034
22, 29, 889, 1989, 0.35323935747146606
22, 30, 593, 1985, 0.44966283440589905
22, 31, 843, 2067, -0.10382668673992157
22, 32, 646, 2089, -0.027966463938355446
23, 0, 594, 212, -0.4125702977180481
23, 1, 619, 161, -0.3654852509498596
23, 2, 637, 159, -0.3657536208629608
23, 3, 653, 156, -0.36552882194519043
23, 4, 562, 168, -0.35772567987442017
23, 5, 547, 170, -0.35745662450790405
23, 6, 532, 172, -0.35807520151138306
23, 7, 681, 169, -0.07808832824230194
23, 8, 517, 187, -0.019627701491117477
23, 9, 634, 256, -0.3060026168823242
23, 10, 565, 269, -0.29144448041915894
23, 11, 837, 339, -0.042396046221256256
23, 12, 428, 435, 0.12450410425662994
23, 13, 988, 563, -0.3038526475429535
23, 14, 279, 756, -0.32861265540122986
23, 15, 539, 642, -0.37232428789138794
23, 16, 487, 510, -0.8593266606330872
23, 17, 460, 688, -0.42248186469078064
23, 18, 564, 457, -0.9705721735954285
23, 19, 427, 676, -0.3102627098560333
23, 20, 576, 417, -0.8697484135627747
23, 21, 454, 662, -0.3252033591270447
23, 22, 568, 427, -0.8360658884048462
23, 23, 819, 986, -0.06615123897790909
23, 24, 480, 1003, 0.06947603821754456
23, 25, 838, 1482, -0.054095156490802765
23, 26, 537, 1505, 0.1709764450788498
23, 27, 868, 1923, 0.3533704876899719
23, 28, 589, 1927, 0.42736268043518066
23, 29, 886, 1987, 0.3653750717639923
23, 30, 590, 1984, 0.4442693591117859
23, 31, 841, 2067, -0.09411929547786713
23, 32, 645, 2089, -0.040785882622003555
24, 0, 594, 212, -0.4181349277496338
24, 1, 619, 161, -0.37026485800743103
24, 2, 637, 159, -0.37050876021385193
24, 3, 654, 156, -0.3702385723590851
24, 4, 562, 168, -0.3630266487598419
24, 5, 547, 170, -0.3627714216709137
24, 6, 533, 172, -0.3633992075920105
24, 7, 681, 169, -0.08076445758342743
24, 8, 517, 187, -0.025177311152219772
24, 9, 634, 257, -0.31149226427078247
24, 10, 565, 269, -0.2976710796356201
24, 11, 836, 339, -0.04423828423023224
24, 12, 428, 435, 0.12064139544963837
24, 13, 989, 558, -0.2893522381782532
24, 14, 279, 755, -0.31635206937789917
24, 15, 540, 643, -0.3246610164642334
24, 16, 506, 512, -0.7740707993507385
24, 17, 460, 689, -0.37056854367256165
24, 18, 585, 464, -0.878457248210907
24, 19, 427, 677, -0.2621244788169861
24, 20, 599, 425, -0.7676790356636047
24, 21, 455, 662, -0.2788246273994446
24, 22, 586, 434, -0.7455558180809021
24, 23, 820, 986, -0.06575725227594376
24, 24, 480, 1004, 0.06911352276802063
24, 25, 838, 1483, -0.05949962139129639
24, 26, 537, 1506, 0.16826972365379333
24, 27, 868, 1924, 0.3378373682498932
24, 28, 589, 1929, 0.428439199924469
24, 29, 885, 1989, 0.3476036489009857
24, 30, 589, 1986, 0.44539347290992737
24, 31, 840, 2069, -0.11891210079193115
24, 32, 643, 2091, -0.043827123939991
25, 0, 594, 212, -0.400648295879364
25, 1, 619, 161, -0.3504551351070404
25, 2, 637, 159, -0.3506515622138977
25, 3, 654, 156, -0.35034555196762085
25, 4, 562, 168, -0.3444015085697174
25, 5, 547, 170, -0.3441311717033386
25, 6, 533, 172, -0.34471431374549866
25, 7, 682, 169, -0.05658243969082832
25, 8, 517, 188, -0.0071126422844827175
25, 9, 634, 256, -0.29297947883605957
25, 10, 565, 269, -0.2811984717845917
25, 11, 836, 340, -0.021574929356575012
25, 12, 428, 436, 0.13248662650585175
25, 13, 995, 553, -0.26401466131210327
25, 14, 280, 747, -0.2916935086250305
25, 15, 548, 626, -0.2667321264743805
25, 16, 535, 514, -0.6929560303688049
25, 17, 475, 686, -0.30828678607940674
25, 18, 623, 469, -0.7900646924972534
25, 19, 432, 673, -0.1971355676651001
25, 20, 634, 431, -0.6743934750556946
25, 21, 457, 656, -0.2198564112186432
25, 22, 617, 439, -0.6618250012397766
25, 23, 822, 986, -0.06833299994468689
25, 24, 482, 1004, 0.07185333967208862
25, 25, 838, 1487, -0.07720756530761719
25, 26, 539, 1513, 0.18215851485729218
25, 27, 867, 1935, 0.30517059564590454
25, 28, 588, 1945, 0.44592413306236267
25, 29, 884, 2002, 0.3125833570957184
25, 30, 589, 2004, 0.46271151304244995
25, 31, 839, 2079, -0.1603609323501587
25, 32, 641, 2107, -0.034793104976415634
26, 0, 594, 212, -0.40157395601272583
26, 1, 619, 162, -0.3520612418651581
26, 2, 637, 160, -0.3521849513053894
26, 3, 655, 158, -0.3518438935279846
26, 4, 563, 168, -0.34535786509513855
26, 5, 547, 170, -0.34513193368911743
26, 6, 533, 172, -0.3457190990447998
26, 7, 682, 170, -0.06312987208366394
26, 8, 517, 187, -0.0118669169023633
26, 9, 634, 257, -0.29559263586997986
26, 10, 565, 269, -0.2829596996307373
26, 11, 836, 341, -0.020819591358304024
26, 12, 427, 436, 0.1254306137561798
26, 13, 1000, 550, -0.26930779218673706
26, 14, 278, 747, -0.3129653334617615
26, 15, 560, 615, -0.32570356130599976
26, 16, 533, 532, -0.7097911238670349
26, 17, 486, 675, -0.37367695569992065
26, 18, 620, 489, -0.8033758997917175
26, 19, 448, 653, -0.2696066200733185
26, 20, 632, 447, -0.6806232333183289
26, 21, 474, 634, -0.28169137239456177
26, 22, 615, 457, -0.6809777021408081
26, 23, 822, 980, -0.0528816357254982
26, 24, 483, 1000, 0.05615757033228874
26, 25, 842, 1475, -0.07470928877592087
26, 26, 544, 1497, 0.11206094920635223
26, 27, 873, 1919, 0.291705846786499
26, 28, 598, 1930, 0.33655452728271484
26, 29, 889, 1983, 0.2969476580619812
26, 30, 597, 1988, 0.34642675518989563
26, 31, 853, 2065, -0.17357048392295837
26, 32, 659, 2087, -0.15083184838294983
27, 0, 595, 212, -0.39261019229888916
27, 1, 620, 163, -0.34150516986846924
27, 2, 638, 161, -0.3415723741054535
27, 3, 656, 159, -0.3412102162837982
27, 4, 564, 168, -0.33524447679519653
27, 5, 548, 170, -0.33500978350639343
27, 6, 533, 172, -0.3355881869792938
27, 7, 682, 171, -0.05782033130526543
27, 8, 518, 188, -0.0104446392506361
27, 9, 635, 257, -0.28917616605758667
27, 10, 566, 269, -0.2775799334049225
27, 11, 836, 346, -0.010940581560134888
27, 12, 423, 436, 0.1203240379691124
27, 13, 1005, 550, -0.26231157779693604
27, 14, 269, 751, -0.32056811451911926
27, 15, 578, 611, -0.34782928228378296
27, 16, 503, 563, -0.783926248550415
27, 17, 496, 666, -0.3982087969779968
27, 18, 594, 528, -0.9000087976455688
27, 19, 463, 641, -0.2947802245616913
27, 20, 615, 473, -0.8068462610244751
27, 21, 486, 624, -0.30493855476379395
27, 22, 598, 484, -0.7641453742980957
27, 23, 820, 968, -0.04060285910964012
27, 24, 481, 987, 0.044037751853466034
27, 25, 842, 1463, -0.07388301193714142
27, 26, 543, 1479, 0.06384522467851639
27, 27, 873, 1907, 0.2847118675708771
27, 28, 596, 1916, 0.28333181142807007
27, 29, 888, 1970, 0.2889563739299774
27, 30, 596, 1976, 0.2913581132888794
27, 31, 850, 2052, -0.18409836292266846
27, 32, 656, 2069, -0.21659967303276062
28, 0, 598, 212, -0.4365772604942322
28, 1, 624, 163, -0.3818897306919098
28, 2, 642, 161, -0.3818091154098511
28, 3, 659, 160, -0.38132891058921814
28, 4, 567, 168, -0.3793225884437561
28, 5, 550, 171, -0.37895941734313965
28, 6, 535, 173, -0.3793889284133911
28, 7, 685, 172, -0.08424822986125946
28, 8, 520, 188, -0.056004852056503296
28, 9, 640, 258, -0.3287010192871094
28, 10, 569, 269, -0.3219531178474426
28, 11, 836, 351, -0.01956808567047119
28, 12, 423, 437, 0.08414925634860992
28, 13, 1016, 550, -0.2779580056667328
28, 14, 268, 757, -0.3696272373199463
28, 15, 626, 603, -0.46299248933792114
28, 16, 468, 584, -0.9596937894821167
28, 17, 541, 652, -0.5287847518920898
28, 18, 557, 563, -1.0807774066925049
28, 19, 507, 627, -0.4293040633201599
28, 20, 587, 502, -0.9860242605209351
28, 21, 526, 612, -0.42310386896133423
28, 22, 570, 512, -0.9376646876335144
28, 23, 820, 968, -0.036177631467580795
28, 24, 481, 988, 0.03987734392285347
28, 25, 842, 1463, -0.038845714181661606
28, 26, 545, 1479, 0.08200886100530624
28, 27, 872, 1905, 0.3454463481903076
28, 28, 594, 1915, 0.33125850558280945
28, 29, 887, 1967, 0.35338646173477173
28, 30, 594, 1974, 0.3432428240776062
28, 31, 849, 2050, -0.12212665379047394
28, 32, 653, 2067, -0.16316504776477814
29, 0, 599, 213, -0.44366583228111267
29, 1, 626, 163, -0.38992762565612793
29, 2, 645, 162, -0.38993018865585327
29, 3, 660, 160, -0.38949504494667053
29, 4, 569, 168, -0.3871225416660309
29, 5, 551, 171, -0.38681355118751526
29, 6, 536, 173, -0.3872648775577545
29, 7, 686, 173, -0.09339701384305954
29, 8, 521, 188, -0.0637134462594986
29, 9, 641, 259, -0.33512523770332336
29, 10, 570, 270, -0.32797467708587646
29, 11, 836, 352, -0.020958317443728447
29, 12, 423, 441, 0.08451148122549057
29, 13, 1027, 551, -0.3203430771827698
29, 14, 268, 763, -0.3632124960422516
29, 15, 617, 599, -0.48516717553138733
29, 16, 445, 584, -0.9292224645614624
29, 17, 532, 651, -0.5474218130111694
29, 18, 537, 552, -1.0472218990325928
29, 19, 499, 628, -0.4377599358558655
29, 20, 551, 502, -0.9463340044021606
29, 21, 518, 614, -0.4394984245300293
29, 22, 542, 519, -0.9050701260566711
29, 23, 820, 969, -0.03696981817483902
29, 24, 481, 989, 0.040588680654764175
29, 25, 842, 1463, -0.0311477929353714
29, 26, 544, 1480, 0.09025800973176956
29, 27, 871, 1906, 0.36725836992263794
29, 28, 594, 1917, 0.3481657803058624
29, 29, 886, 1969, 0.3786564767360687
29, 30, 594, 1978, 0.36166244745254517
29, 31, 848, 2051, -0.07752641290426254
29, 32, 649, 2068, -0.14867748320102692
30, 0, 601, 213, -0.4739638864994049
30, 1, 627, 163, -0.4222256541252136
30, 2, 646, 162, -0.4221615195274353
30, 3, 662, 161, -0.4217076897621155
30, 4, 570, 168, -0.41539907455444336
30, 5, 552, 171, -0.4149981439113617
30, 6, 537, 173, -0.41543251276016235
30, 7, 688, 173, -0.1219065934419632
30, 8, 521, 189, -0.07463079690933228
30, 9, 643, 260, -0.3634233772754669
30, 10, 572, 271, -0.35115641355514526
30, 11, 838, 352, -0.076011061668396
30, 12, 424, 444, 0.08369693160057068
30, 13, 1043, 551, -0.3873351812362671
30, 14, 268, 763, -0.3686176836490631
30, 15, 615, 600, -0.5338054895401001
30, 16, 436, 568, -0.928572952747345
30, 17, 534, 654, -0.5956545472145081
30, 18, 520, 542, -1.040637493133545
30, 19, 494, 632, -0.47462812066078186
30, 20, 546, 492, -0.9380348324775696
30, 21, 512, 617, -0.48348894715309143
30, 22, 538, 515, -0.9040398597717285
30, 23, 827, 976, -0.04831862077116966
30, 24, 483, 993, 0.05257236212491989
30, 25, 844, 1476, 0.0014891355531290174
30, 26, 545, 1496, 0.19120386242866516
30, 27, 870, 1917, 0.4683610498905182
30, 28, 588, 1932, 0.5150554776191711
30, 29, 886, 1981, 0.4871635437011719
30, 30, 587, 1993, 0.5356016159057617
30, 31, 844, 2064, 0.020973872393369675
30, 32, 633, 2091, 0.030931979417800903
31, 0, 602, 212, -0.46778440475463867
31, 1, 628, 163, -0.41843700408935547
31, 2, 647, 162, -0.4184088706970215
31, 3, 663, 161, -0.4179667830467224
31, 4, 571, 168, -0.4099477231502533
31, 5, 552, 171, -0.4095749258995056
31, 6, 537, 173, -0.410036563873291
31, 7, 690, 172, -0.13306137919425964
31, 8, 522, 189, -0.07095030695199966
31, 9, 645, 259, -0.36025312542915344
31, 10, 574, 271, -0.34589099884033203
31, 11, 843, 350, -0.08459815382957458
31, 12, 428, 445, 0.09275002777576447
31, 13, 1057, 561, -0.3866559863090515
31, 14, 269, 763, -0.35289955139160156
31, 15, 623, 594, -0.5738998651504517
31, 16, 426, 563, -0.9427925944328308
31, 17, 542, 652, -0.6398004293441772
31, 18, 495, 526, -1.0584557056427002
31, 19, 507, 630, -0.5317510962486267
31, 20, 526, 484, -0.9585229158401489
31, 21, 521, 613, -0.5292895436286926
31, 22, 524, 514, -0.9202477335929871
31, 23, 831, 973, -0.0484648123383522
31, 24, 486, 991, 0.05267993360757828
31, 25, 845, 1473, 0.012288483791053295
31, 26, 544, 1489, 0.1573391854763031
31, 27, 870, 1909, 0.4576297700405121
31, 28, 582, 1925, 0.45514124631881714
31, 29, 885, 1971, 0.47463569045066833
31, 30, 581, 1985, 0.4721570909023285
31, 31, 842, 2058, 0.012524942867457867
31, 32, 628, 2082, -0.02903037704527378
32, 0, 602, 212, -0.4739522337913513
32, 1, 629, 163, -0.42655253410339355
32, 2, 648, 161, -0.42656850814819336
32, 3, 664, 160, -0.4261546730995178
32, 4, 572, 168, -0.41481876373291016
32, 5, 554, 171, -0.4144401550292969
32, 6, 538, 173, -0.41490811109542847
32, 7, 691, 171, -0.14125213027000427
32, 8, 523, 189, -0.06905089318752289
32, 9, 647, 259, -0.36763161420822144
32, 10, 575, 271, -0.3486971855163574
32, 11, 845, 350, -0.09264086931943893
32, 12, 429, 445, 0.09670241177082062
32, 13, 1069, 566, -0.3994082510471344
32, 14, 268, 762, -0.3628422021865845
32, 15, 627, 589, -0.5777624845504761
32, 16, 421, 561, -1.0248321294784546
32, 17, 546, 649, -0.6449640989303589
32, 18, 490, 521, -1.1507904529571533
32, 19, 512, 627, -0.5330163240432739
32, 20, 519, 479, -1.0529983043670654
32, 21, 523, 610, -0.5310767889022827
32, 22, 516, 511, -1.0045621395111084
32, 23, 835, 972, -0.05135813355445862
32, 24, 488, 989, 0.055518776178359985
32, 25, 846, 1472, 0.006853738334029913
32, 26, 544, 1486, 0.16143657267093658
32, 27, 870, 1907, 0.4462469518184662
32, 28, 581, 1919, 0.462534099817276
32, 29, 885, 1968, 0.46180397272109985
32, 30, 579, 1978, 0.4805603623390198
32, 31, 842, 2056, -0.009143167175352573
32, 32, 627, 2079, -0.022626925259828568
33, 0, 604, 212, -0.48349612951278687
33, 1, 630, 163, -0.43417564034461975
33, 2, 650, 161, -0.4341965317726135
33, 3, 665, 160, -0.433741956949234
33, 4, 574, 168, -0.42338496446609497
33, 5, 555, 170, -0.4229729175567627
33, 6, 539, 173, -0.42344188690185547
33, 7, 693, 171, -0.14413946866989136
33, 8, 524, 188, -0.07620317488908768
33, 9, 648, 258, -0.37651509046554565
33, 10, 576, 271, -0.3588469326496124
33, 11, 847, 351, -0.09376443922519684
33, 12, 429, 445, 0.09329056739807129
33, 13, 1075, 572, -0.40445294976234436
33, 14, 268, 763, -0.36294716596603394
33, 15, 632, 587, -0.5869947671890259
33, 16, 418, 561, -0.9902618527412415
33, 17, 548, 647, -0.6545131206512451
33, 18, 495, 523, -1.1091541051864624
33, 19, 514, 621, -0.5356228351593018
33, 20, 519, 480, -1.0134327411651611
33, 21, 524, 605, -0.5377620458602905
33, 22, 515, 509, -0.9698566198348999
33, 23, 834, 972, -0.051424674689769745
33, 24, 488, 989, 0.05563616007566452
33, 25, 846, 1473, 0.004141780082136393
33, 26, 542, 1487, 0.15818101167678833
33, 27, 864, 1907, 0.45337963104248047
33, 28, 570, 1919, 0.458178848028183
33, 29, 878, 1969, 0.4702230393886566
33, 30, 568, 1978, 0.4762590527534485
33, 31, 832, 2057, -0.0007632702472619712
33, 32, 615, 2079, -0.02825036644935608
34, 0, 606, 212, -0.49918922781944275
34, 1, 634, 163, -0.44431719183921814
34, 2, 654, 161, -0.4443013668060303
34, 3, 668, 160, -0.44376325607299805
34, 4, 576, 168, -0.4368359446525574
34, 5, 558, 170, -0.4364407956600189
34, 6, 541, 173, -0.4368833601474762
34, 7, 697, 171, -0.1447204351425171
34, 8, 526, 188, -0.09106619656085968
34, 9, 650, 258, -0.3899175822734833
34, 10, 578, 271, -0.37697362899780273
34, 11, 847, 364, -0.09115554392337799
34, 12, 429, 446, 0.06445494294166565
34, 13, 1081, 579, -0.426865816116333
34, 14, 269, 763, -0.37946754693984985
34, 15, 653, 578, -0.6362572908401489
34, 16, 426, 564, -0.9612349271774292
34, 17, 567, 630, -0.7092409729957581
34, 18, 504, 523, -1.0693042278289795
34, 19, 537, 596, -0.5853480100631714
34, 20, 527, 492, -0.9670389294624329
34, 21, 546, 586, -0.5874308347702026
34, 22, 521, 514, -0.9374815225601196
34, 23, 833, 988, -0.05059757083654404
34, 24, 485, 1004, 0.05490952730178833
34, 25, 839, 1491, 0.010051594115793705
34, 26, 534, 1504, 0.13928937911987305
34, 27, 851, 1925, 0.4707542061805725
34, 28, 557, 1935, 0.4447939991950989
34, 29, 865, 1987, 0.4885271191596985
34, 30, 555, 1996, 0.462606817483902
34, 31, 817, 2076, 0.016484223306179047
34, 32, 602, 2092, -0.05451991409063339
35, 0, 610, 211, -0.49888649582862854
35, 1, 640, 163, -0.4440838694572449
35, 2, 659, 161, -0.4440493583679199
35, 3, 672, 160, -0.44348496198654175
35, 4, 580, 168, -0.436858594417572
35, 5, 561, 170, -0.4364561140537262
35, 6, 543, 173, -0.43688613176345825
35, 7, 701, 171, -0.14404623210430145
35, 8, 527, 188, -0.09263183921575546
35, 9, 653, 258, -0.39029213786125183
35, 10, 581, 270, -0.3776857554912567
35, 11, 849, 371, -0.08642204850912094
35, 12, 429, 446, 0.0602191686630249
35, 13, 1097, 597, -0.4219498038291931
35, 14, 267, 767, -0.37886738777160645
35, 15, 668, 575, -0.6630289554595947
35, 16, 430, 584, -0.9227286577224731
35, 17, 578, 619, -0.7367603778839111
35, 18, 507, 529, -1.027567744255066
35, 19, 551, 576, -0.613447368144989
35, 20, 532, 492, -0.9242080450057983
35, 21, 562, 569, -0.6144933104515076
35, 22, 521, 530, -0.8969283103942871
35, 23, 833, 989, -0.04780687764286995
35, 24, 485, 1006, 0.05219832807779312
35, 25, 836, 1493, 0.005610128864645958
35, 26, 531, 1506, 0.11074976623058319
35, 27, 844, 1928, 0.45344051718711853
35, 28, 550, 1940, 0.4068058133125305
35, 29, 856, 1989, 0.46964067220687866
35, 30, 547, 2002, 0.42237788438796997
35, 31, 812, 2081, -0.0025887773372232914
35, 32, 596, 2096, -0.10241160541772842
36, 0, 616, 211, -0.524941086769104
36, 1, 645, 162, -0.46866375207901
36, 2, 663, 161, -0.46856802701950073
36, 3, 676, 160, -0.46789559721946716
36, 4, 585, 167, -0.46461644768714905
36, 5, 566, 169, -0.46414700150489807
36, 6, 547, 172, -0.46444493532180786
36, 7, 705, 171, -0.16042958199977875
36, 8, 529, 187, -0.12522652745246887
36, 9, 657, 257, -0.4138116240501404
36, 10, 586, 270, -0.40556827187538147
36, 11, 855, 377, -0.08711562305688858
36, 12, 428, 446, 0.03248649835586548
36, 13, 1107, 615, -0.41112571954727173
36, 14, 266, 768, -0.38337478041648865
36, 15, 678, 577, -0.6577969789505005
36, 16, 425, 604, -0.9627726674079895
36, 17, 587, 621, -0.7360326647758484
36, 18, 500, 571, -1.0752694606781006
36, 19, 560, 576, -0.619886577129364
36, 20, 511, 523, -0.9856923818588257
36, 21, 573, 570, -0.6120185256004333
36, 22, 510, 550, -0.943284809589386
36, 23, 835, 986, -0.03615432232618332
36, 24, 486, 1005, 0.040876857936382294
36, 25, 840, 1493, 0.028623336926102638
36, 26, 536, 1505, 0.11338742077350616
36, 27, 846, 1928, 0.4853009283542633
36, 28, 555, 1939, 0.41463103890419006
36, 29, 856, 1989, 0.5027016401290894
36, 30, 551, 2000, 0.4309878945350647
36, 31, 815, 2080, 0.026591602712869644
36, 32, 603, 2095, -0.09869343042373657
37, 0, 620, 209, -0.5283583402633667
37, 1, 649, 162, -0.4766719937324524
37, 2, 666, 160, -0.4765281677246094
37, 3, 679, 159, -0.4758759140968323
37, 4, 589, 166, -0.47219452261924744
37, 5, 570, 168, -0.4717208743095398
37, 6, 550, 170, -0.4720227122306824
37, 7, 709, 171, -0.17402932047843933
37, 8, 531, 185, -0.14005146920681
37, 9, 661, 256, -0.4176899492740631
37, 10, 590, 268, -0.4091450273990631
37, 11, 860, 378, -0.08866177499294281
37, 12, 425, 446, 0.03281272202730179
37, 13, 1114, 631, -0.3879162669181824
37, 14, 263, 768, -0.3845677077770233
37, 15, 689, 579, -0.6445704698562622
37, 16, 406, 611, -1.0753180980682373
37, 17, 594, 622, -0.726244330406189
37, 18, 474, 577, -1.2026609182357788
37, 19, 566, 578, -0.6172296404838562
37, 20, 488, 537, -1.126544713973999
37, 21, 583, 572, -0.6007534265518188
37, 22, 488, 556, -1.06187105178833
37, 23, 841, 984, -0.0324397012591362
37, 24, 489, 1004, 0.03705160319805145
37, 25, 848, 1488, 0.042758453637361526
37, 26, 541, 1501, 0.1047837883234024
37, 27, 854, 1921, 0.5052851438522339
37, 28, 559, 1935, 0.4131599962711334
37, 29, 863, 1981, 0.5238807797431946
37, 30, 553, 1997, 0.43000850081443787
37, 31, 824, 2076, 0.061955563724040985
37, 32, 611, 2087, -0.09508107602596283
38, 0, 624, 208, -0.5210243463516235
38, 1, 653, 161, -0.47002512216567993
38, 2, 669, 159, -0.4699109196662903
38, 3, 683, 159, -0.4693072438240051
38, 4, 594, 165, -0.4670032560825348
38, 5, 575, 167, -0.46658405661582947
38, 6, 556, 169, -0.46688395738601685
38, 7, 711, 170, -0.16823554039001465
38, 8, 534, 184, -0.1445460170507431
38, 9, 663, 254, -0.41025280952453613
38, 10, 594, 267, -0.4032885432243347
38, 11, 861, 378, -0.0787864476442337
38, 12, 423, 446, 0.03172653168439865
38, 13, 1118, 639, -0.36903610825538635
38, 14, 260, 767, -0.3831140100955963
38, 15, 711, 580, -0.7068163156509399
38, 16, 393, 621, -1.1127350330352783
38, 17, 619, 624, -0.8052129745483398
38, 18, 453, 583, -1.243983268737793
38, 19, 585, 581, -0.7051337957382202
38, 20, 470, 546, -1.1850664615631104
38, 21, 610, 575, -0.6685747504234314
38, 22, 469, 561, -1.1049418449401855
38, 23, 844, 978, -0.02975551225244999
38, 24, 499, 1002, 0.034092411398887634
38, 25, 857, 1473, 0.045983780175447464
38, 26, 553, 1490, 0.08515524119138718
38, 27, 869, 1908, 0.5008457899093628
38, 28, 581, 1922, 0.37735456228256226
38, 29, 878, 1967, 0.519538164138794
38, 30, 575, 1984, 0.39309054613113403
38, 31, 845, 2060, 0.07189582288265228
38, 32, 635, 2067, -0.10614953935146332
39, 0, 625, 207, -0.5061984658241272
39, 1, 655, 160, -0.45124000310897827
39, 2, 670, 159, -0.45114240050315857
39, 3, 684, 158, -0.45051079988479614
39, 4, 596, 164, -0.45267969369888306
39, 5, 577, 165, -0.45229536294937134
39, 6, 559, 168, -0.4525042176246643
39, 7, 711, 170, -0.13962797820568085
39, 8, 535, 182, -0.13795770704746246
39, 9, 664, 253, -0.3932521939277649
39, 10, 595, 264, -0.39441177248954773
39, 11, 861, 379, -0.05235982686281204
39, 12, 423, 443, 0.03642123192548752
39, 13, 1115, 646, -0.37580519914627075
39, 14, 261, 747, -0.39737650752067566
39, 15, 713, 580, -0.8117843866348267
39, 16, 389, 638, -1.1739623546600342
39, 17, 623, 624, -0.9270650148391724
39, 18, 438, 605, -1.313564658164978
39, 19, 588, 581, -0.830429196357727
39, 20, 456, 577, -1.2651840448379517
39, 21, 612, 575, -0.7779978513717651
39, 22, 464, 591, -1.1725226640701294
39, 23, 843, 977, -0.024127982556819916
39, 24, 501, 1002, 0.028343116864562035
39, 25, 856, 1472, 0.04042335972189903
39, 26, 553, 1487, 0.024509849026799202
39, 27, 869, 1908, 0.426159530878067
39, 28, 581, 1921, 0.25175806879997253
39, 29, 877, 1967, 0.4384416937828064
39, 30, 575, 1982, 0.2596009373664856
39, 31, 844, 2058, 0.0011374686146155
39, 32, 634, 2064, -0.2329411804676056
40, 0, 627, 206, -0.5244258046150208
40, 1, 657, 159, -0.4713327884674072
40, 2, 672, 158, -0.47116613388061523
40, 3, 685, 158, -0.47061091661453247
40, 4, 598, 163, -0.4706799387931824
40, 5, 579, 165, -0.4702507555484772
40, 6, 561, 167, -0.47042879462242126
40, 7, 714, 170, -0.1678285300731659
40, 8, 537, 182, -0.15802475810050964
40, 9, 666, 252, -0.41361016035079956
40, 10, 596, 262, -0.4119552969932556
40, 11, 862, 380, -0.07061849534511566
40, 12, 424, 443, 0.008827107027173042
40, 13, 1118, 657, -0.41374748945236206
40, 14, 270, 736, -0.41164645552635193
40, 15, 713, 588, -0.8169831037521362
40, 16, 360, 665, -1.171715259552002
40, 17, 622, 629, -0.9208146929740906
40, 18, 382, 636, -1.3065415620803833
40, 19, 587, 591, -0.8175710439682007
40, 20, 417, 605, -1.259855031967163
40, 21, 612, 582, -0.780937671661377
40, 22, 432, 614, -1.173051118850708
40, 23, 844, 990, -0.025675177574157715
40, 24, 507, 1014, 0.02986660972237587
40, 25, 855, 1498, 0.012102868407964706
40, 26, 553, 1512, 0.013825682923197746
40, 27, 869, 1946, 0.40996307134628296
40, 28, 577, 1960, 0.23851695656776428
40, 29, 877, 2006, 0.4235641062259674
40, 30, 572, 2025, 0.24482107162475586
40, 31, 834, 2097, -0.028457036241889
40, 32, 623, 2104, -0.25561875104904175
41, 0, 631, 203, -0.5384432077407837
41, 1, 660, 157, -0.48843955993652344
41, 2, 675, 156, -0.4881993234157562
41, 3, 691, 156, -0.4876179099082947
41, 4, 602, 161, -0.4867202639579773
41, 5, 582, 162, -0.4862636923789978
41, 6, 564, 164, -0.48643049597740173
41, 7, 718, 168, -0.19415052235126495
41, 8, 540, 180, -0.18106195330619812
41, 9, 669, 250, -0.42994171380996704
41, 10, 600, 259, -0.42728176712989807
41, 11, 868, 382, -0.08650697767734528
41, 12, 426, 443, -0.01739111915230751
41, 13, 1116, 662, -0.4081670641899109
41, 14, 276, 732, -0.4061926007270813
41, 15, 716, 600, -0.7748672962188721
41, 16, 363, 671, -1.118014931678772
41, 17, 624, 638, -0.8707496523857117
41, 18, 378, 653, -1.2472989559173584
41, 19, 586, 605, -0.774365246295929
41, 20, 417, 623, -1.1960949897766113
41, 21, 614, 595, -0.7414119839668274
41, 22, 434, 629, -1.1158744096755981
41, 23, 844, 995, -0.022418387234210968
41, 24, 510, 1019, 0.027067914605140686
41, 25, 855, 1507, -0.031288404017686844
41, 26, 552, 1520, -0.048765625804662704
41, 27, 867, 1962, 0.333943635225296
41, 28, 569, 1977, 0.13190792500972748
41, 29, 875, 2024, 0.34352773427963257
41, 30, 564, 2045, 0.13152268528938293
41, 31, 822, 2116, -0.11762334406375885
41, 32, 611, 2121, -0.376200795173645
42, 0, 634, 202, -0.5955402255058289
42, 1, 664, 157, -0.5499954223632812
42, 2, 679, 156, -0.5497738122940063
42, 3, 696, 155, -0.5492295026779175
42, 4, 605, 160, -0.5487668514251709
42, 5, 585, 161, -0.548326849937439
42, 6, 567, 163, -0.5485345125198364
42, 7, 724, 168, -0.26043540239334106
42, 8, 542, 179, -0.2478964626789093
42, 9, 670, 250, -0.48664364218711853
42, 10, 602, 258, -0.48405107855796814
42, 11, 872, 388, -0.13939103484153748
42, 12, 426, 443, -0.08026940375566483
42, 13, 1114, 667, -0.4087110459804535
42, 14, 290, 728, -0.43022704124450684
42, 15, 734, 622, -0.7561503648757935
42, 16, 374, 682, -1.0984883308410645
42, 17, 642, 651, -0.8478919267654419
42, 18, 398, 677, -1.2242755889892578
42, 19, 604, 618, -0.761451244354248
42, 20, 430, 640, -1.1718350648880005
42, 21, 638, 610, -0.7266356945037842
42, 22, 438, 641, -1.095218539237976
42, 23, 843, 999, -0.022631080821156502
42, 24, 510, 1021, 0.027338404208421707
42, 25, 848, 1509, -0.05092782899737358
42, 26, 540, 1518, -0.05866743251681328
42, 27, 853, 1963, 0.31713244318962097
42, 28, 551, 1974, 0.13796530663967133
42, 29, 862, 2026, 0.3272245228290558
42, 30, 546, 2043, 0.13916458189487457
42, 31, 801, 2119, -0.13740672171115875
42, 32, 592, 2118, -0.3652307391166687
43, 0, 638, 202, -0.601110577583313
43, 1, 667, 157, -0.5551009774208069
43, 2, 682, 156, -0.5549431443214417
43, 3, 701, 155, -0.554423987865448
43, 4, 609, 160, -0.5557935237884521
43, 5, 587, 161, -0.5553877949714661
43, 6, 570, 163, -0.5556367635726929
43, 7, 729, 169, -0.2652728855609894
43, 8, 545, 180, -0.2600260376930237
43, 9, 674, 250, -0.49153217673301697
43, 10, 606, 258, -0.490873247385025
43, 11, 875, 391, -0.13615670800209045
43, 12, 426, 444, -0.10047183185815811
43, 13, 1113, 674, -0.3799588680267334
43, 14, 294, 723, -0.41114234924316406
43, 15, 760, 644, -0.7448992133140564
43, 16, 388, 724, -0.9724677205085754
43, 17, 663, 667, -0.8322458267211914
43, 18, 424, 714, -1.0856115818023682
43, 19, 624, 635, -0.7349810600280762
43, 20, 432, 671, -1.056335687637329
43, 21, 656, 626, -0.7037860155105591
43, 22, 441, 667, -0.9757567644119263
43, 23, 841, 1001, -0.021972663700580597
43, 24, 509, 1022, 0.026740217581391335
43, 25, 839, 1511, -0.08754085749387741
43, 26, 529, 1517, -0.11148659139871597
43, 27, 845, 1969, 0.23940607905387878
43, 28, 544, 1971, 0.051465846598148346
43, 29, 853, 2034, 0.24534103274345398
43, 30, 542, 2041, 0.049018532037734985
43, 31, 795, 2126, -0.22540469467639923
43, 32, 587, 2115, -0.45832523703575134
44, 0, 641, 202, -0.63242107629776
44, 1, 669, 157, -0.5905250310897827
44, 2, 684, 156, -0.5902756452560425
44, 3, 703, 155, -0.5897963643074036
44, 4, 612, 160, -0.5954636931419373
44, 5, 590, 161, -0.5949982404708862
44, 6, 573, 163, -0.5952087640762329
44, 7, 731, 169, -0.3028605580329895
44, 8, 547, 180, -0.3198396861553192
44, 9, 676, 250, -0.5221772193908691
44, 10, 609, 258, -0.5271376371383667
44, 11, 878, 391, -0.14293180406093597
44, 12, 427, 444, -0.1502992808818817
44, 13, 1106, 673, -0.32956069707870483
44, 14, 286, 722, -0.4043805003166199
44, 15, 770, 662, -0.7271077632904053
44, 16, 397, 735, -0.9205271005630493
44, 17, 682, 683, -0.8267806172370911
44, 18, 426, 730, -1.0265283584594727
44, 19, 643, 649, -0.724946141242981
44, 20, 435, 690, -0.9969374537467957
44, 21, 670, 639, -0.69526606798172
44, 22, 445, 684, -0.9201896786689758
44, 23, 839, 1001, -0.014519615098834038
44, 24, 509, 1021, 0.019054166972637177
44, 25, 831, 1509, -0.07910461723804474
44, 26, 523, 1516, -0.10931175947189331
44, 27, 841, 1965, 0.2990623116493225
44, 28, 543, 1968, 0.08927427977323532
44, 29, 848, 2029, 0.3086487650871277
44, 30, 542, 2037, 0.0914253294467926
44, 31, 794, 2120, -0.1568806916475296
44, 32, 584, 2115, -0.4158070683479309
45, 0, 642, 202, -0.6627089381217957
45, 1, 670, 156, -0.6201192736625671
45, 2, 684, 156, -0.6198248267173767
45, 3, 704, 155, -0.6192757487297058
45, 4, 612, 159, -0.625420868396759
45, 5, 590, 161, -0.6249399781227112
45, 6, 573, 163, -0.6252666711807251
45, 7, 732, 168, -0.3325752019882202
45, 8, 548, 179, -0.3501163125038147
45, 9, 677, 250, -0.5525380373001099
45, 10, 611, 258, -0.5581244230270386
45, 11, 880, 390, -0.1514860987663269
45, 12, 427, 444, -0.19595693051815033
45, 13, 1102, 683, -0.3259953260421753
45, 14, 269, 731, -0.4096505641937256
45, 15, 784, 677, -0.7232539653778076
45, 16, 471, 764, -0.8453322649002075
45, 17, 704, 700, -0.8255910873413086
45, 18, 544, 778, -0.9345922470092773
45, 19, 665, 670, -0.7196587920188904
45, 20, 564, 710, -0.8883253931999207
45, 21, 691, 656, -0.6891493201255798
45, 22, 553, 703, -0.834316074848175
45, 23, 840, 1000, -0.012196152471005917
45, 24, 510, 1021, 0.016969621181488037
45, 25, 831, 1508, -0.07870417088270187
45, 26, 524, 1517, -0.1307847648859024
45, 27, 841, 1965, 0.2689030170440674
45, 28, 542, 1974, 0.03902621939778328
45, 29, 849, 2029, 0.27624502778053284
45, 30, 541, 2045, 0.03761085495352745
45, 31, 796, 2124, -0.19918015599250793
45, 32, 582, 2119, -0.47994905710220337
46, 0, 643, 201, -0.6285024285316467
46, 1, 670, 156, -0.5845952033996582
46, 2, 685, 155, -0.5843497514724731
46, 3, 704, 154, -0.5839088559150696
46, 4, 613, 158, -0.5870665907859802
46, 5, 591, 160, -0.5865691900253296
46, 6, 575, 162, -0.5868914127349854
46, 7, 733, 167, -0.29904723167419434
46, 8, 550, 179, -0.30300450325012207
46, 9, 679, 248, -0.5198021531105042
46, 10, 612, 255, -0.5212056040763855
46, 11, 882, 390, -0.16635790467262268
46, 12, 427, 444, -0.14447763562202454
46, 13, 1097, 681, -0.33612820506095886
46, 14, 262, 728, -0.12797090411186218
46, 15, 781, 700, -0.7266062498092651
46, 16, 213, 994, -0.4088592529296875
46, 17, 690, 732, -0.82709139585495
46, 18, 185, 1091, -0.47234004735946655
46, 19, 655, 702, -0.7433012127876282
46, 20, 235, 1074, -0.5297423601150513
46, 21, 680, 687, -0.702486515045166
46, 22, 253, 1043, -0.4439280033111572
46, 23, 840, 1019, -0.02789478562772274
46, 24, 513, 1045, 0.03279859945178032
46, 25, 831, 1541, -0.08049682527780533
46, 26, 525, 1561, -0.047414638102054596
46, 27, 845, 2009, 0.2767287492752075
46, 28, 543, 2025, 0.1009071096777916
46, 29, 856, 2075, 0.28847700357437134
46, 30, 542, 2094, 0.10514391958713531
46, 31, 797, 2168, -0.1679079830646515
46, 32, 594, 2175, -0.46049731969833374
47, 0, 646, 201, -0.6216722130775452
47, 1, 672, 155, -0.5808666944503784
47, 2, 688, 155, -0.5806256532669067
47, 3, 707, 154, -0.5804663896560669
47, 4, 617, 158, -0.5850092172622681
47, 5, 595, 160, -0.5845130085945129
47, 6, 577, 161, -0.5848656892776489
47, 7, 735, 167, -0.2965483069419861
47, 8, 552, 178, -0.30803564190864563
47, 9, 681, 248, -0.5132877826690674
47, 10, 615, 255, -0.5158630609512329
47, 11, 887, 389, -0.18037714064121246
47, 12, 427, 444, -0.14818687736988068
47, 13, 1088, 682, -0.34107932448387146
47, 14, 256, 719, -0.12089969217777252
47, 15, 777, 721, -0.7223280668258667
47, 16, 144, 1024, -0.4018631875514984
47, 17, 681, 754, -0.8201395273208618
47, 18, 99, 1118, -0.46767789125442505
47, 19, 650, 716, -0.7455127835273743
47, 20, 146, 1109, -0.5369148254394531
47, 21, 675, 702, -0.7001491785049438
47, 22, 171, 1080, -0.4430753290653229
47, 23, 840, 1032, -0.03285955637693405
47, 24, 517, 1057, 0.037532635033130646
47, 25, 832, 1566, -0.02121470496058464
47, 26, 524, 1589, 0.014273444190621376
47, 27, 847, 2036, 0.40360990166664124
47, 28, 543, 2059, 0.23803098499774933
47, 29, 859, 2102, 0.424966961145401
47, 30, 543, 2125, 0.24899978935718536
47, 31, 801, 2195, -0.004963791463524103
47, 32, 598, 2215, -0.2575146555900574
48, 0, 650, 201, -0.6282379031181335
48, 1, 675, 155, -0.5886387228965759
48, 2, 691, 155, -0.5883995294570923
48, 3, 710, 154, -0.588294506072998
48, 4, 620, 158, -0.5938774943351746
48, 5, 598, 160, -0.5933670401573181
48, 6, 580, 161, -0.5937539339065552
48, 7, 737, 167, -0.3046708106994629
48, 8, 554, 178, -0.3223802447319031
48, 9, 683, 248, -0.5201565027236938
48, 10, 617, 254, -0.5247580409049988
48, 11, 889, 389, -0.18574103713035583
48, 12, 428, 445, -0.16976304352283478
48, 13, 1082, 687, -0.3574255108833313
48, 14, 254, 713, -0.17640414834022522
48, 15, 777, 737, -0.7462396621704102
48, 16, 150, 1013, -0.4946773052215576
48, 17, 682, 767, -0.8503150939941406
48, 18, 108, 1104, -0.5691021680831909
48, 19, 650, 727, -0.791390597820282
48, 20, 156, 1093, -0.6324557662010193
48, 21, 675, 712, -0.7339197397232056
48, 22, 181, 1064, -0.5344454050064087
48, 23, 838, 1034, -0.03273221477866173
48, 24, 517, 1058, 0.03740731626749039
48, 25, 829, 1563, -0.06551649421453476
48, 26, 520, 1586, -0.01362831611186266
48, 27, 844, 2037, 0.2685976028442383
48, 28, 542, 2059, 0.125348761677742
48, 29, 855, 2104, 0.27996450662612915
48, 30, 541, 2128, 0.12454159557819366
48, 31, 797, 2194, -0.16082772612571716
48, 32, 594, 2211, -0.36805564165115356
49, 0, 652, 200, -0.6733957529067993
49, 1, 677, 155, -0.6366645097732544
49, 2, 694, 154, -0.6364102959632874
49, 3, 712, 154, -0.63636314868927
49, 4, 622, 157, -0.6410680413246155
49, 5, 601, 159, -0.6405580043792725
49, 6, 582, 161, -0.6409640312194824
49, 7, 739, 167, -0.3534212112426758
49, 8, 556, 178, -0.36635154485702515
49, 9, 685, 247, -0.5648021697998047
49, 10, 618, 253, -0.5681982636451721
49, 11, 891, 389, -0.22071567177772522
49, 12, 429, 445, -0.20853865146636963
49, 13, 1080, 701, -0.3937869668006897
49, 14, 251, 708, -0.20526960492134094
49, 15, 788, 754, -0.7685822248458862
49, 16, 146, 1018, -0.5098860859870911
49, 17, 692, 784, -0.870144248008728
49, 18, 105, 1111, -0.5793837308883667
49, 19, 658, 739, -0.8120267987251282
49, 20, 155, 1101, -0.6438547372817993
49, 21, 683, 721, -0.7572665214538574
49, 22, 179, 1072, -0.5489393472671509
49, 23, 836, 1041, -0.034842975437641144
49, 24, 517, 1063, 0.03939647600054741
49, 25, 825, 1571, -0.07661530375480652
49, 26, 512, 1592, -0.010853796266019344
49, 27, 838, 2047, 0.27133214473724365
49, 28, 535, 2066, 0.14402781426906586
49, 29, 850, 2114, 0.2837899923324585
49, 30, 534, 2135, 0.14582017064094543
49, 31, 791, 2204, -0.16299985349178314
49, 32, 585, 2217, -0.3507707715034485
50, 0, 652, 198, -0.6553596258163452
50, 1, 678, 154, -0.6176650524139404
50, 2, 694, 154, -0.6173986196517944
50, 3, 713, 153, -0.6172460913658142
50, 4, 622, 156, -0.6203643679618835
50, 5, 601, 157, -0.619841456413269
50, 6, 582, 159, -0.6202384233474731
50, 7, 741, 167, -0.3388136029243469
50, 8, 557, 177, -0.34169062972068787
50, 9, 686, 246, -0.5478521585464478
50, 10, 618, 250, -0.5491112470626831
50, 11, 893, 391, -0.20688164234161377
50, 12, 429, 444, -0.18668006360530853
50, 13, 1079, 708, -0.3900335729122162
50, 14, 248, 704, -0.15962651371955872
50, 15, 807, 773, -0.7549554109573364
50, 16, 132, 1026, -0.4384025037288666
50, 17, 706, 796, -0.85954749584198
50, 18, 90, 1122, -0.5050011277198792
50, 19, 681, 741, -0.7926689386367798
50, 20, 144, 1113, -0.5737659335136414
50, 21, 703, 724, -0.7486042380332947
50, 22, 169, 1082, -0.4807288646697998
50, 23, 831, 1046, -0.04017201066017151
50, 24, 511, 1064, 0.04511918127536774
50, 25, 811, 1577, -0.08060261607170105
50, 26, 494, 1593, -0.008351759985089302
50, 27, 811, 2052, 0.28469565510749817
50, 28, 506, 2070, 0.15567077696323395
50, 29, 822, 2120, 0.2981414198875427
50, 30, 504, 2143, 0.15939004719257355
50, 31, 755, 2213, -0.15202538669109344
50, 32, 552, 2223, -0.34029120206832886
51, 0, 654, 194, -0.6683954000473022
51, 1, 678, 151, -0.6331347227096558
51, 2, 695, 151, -0.6328858137130737
51, 3, 714, 151, -0.6327045559883118
51, 4, 623, 152, -0.6350148916244507
51, 5, 602, 153, -0.634530782699585
51, 6, 584, 155, -0.6349868774414062
51, 7, 742, 166, -0.35803237557411194
51, 8, 558, 176, -0.35869336128234863
51, 9, 689, 242, -0.5620259046554565
51, 10, 620, 246, -0.5623961687088013
51, 11, 895, 392, -0.21118631958961487
51, 12, 430, 444, -0.213077574968338
51, 13, 1072, 710, -0.3962911069393158
51, 14, 247, 698, -0.19397032260894775
51, 15, 835, 795, -0.7764930129051208
51, 16, 136, 1007, -0.5588561296463013
51, 17, 810, 819, -0.876440703868866
51, 18, 99, 1099, -0.6395193934440613
51, 19, 713, 747, -0.8235639333724976
51, 20, 154, 1089, -0.6552343964576721
51, 21, 731, 729, -0.7722201943397522
51, 22, 176, 1060, -0.579883873462677
51, 23, 831, 1055, -0.04018774256110191
51, 24, 511, 1070, 0.04514241963624954
51, 25, 813, 1584, -0.07888835668563843
51, 26, 496, 1602, 0.005366458557546139
51, 27, 815, 2059, 0.33791226148605347
51, 28, 511, 2076, 0.22041988372802734
51, 29, 826, 2129, 0.3567841649055481
51, 30, 509, 2149, 0.22976048290729523
51, 31, 763, 2217, -0.09024348855018616
51, 32, 559, 2228, -0.26714152097702026
52, 0, 656, 191, -0.6991140246391296
52, 1, 679, 149, -0.6638047695159912
52, 2, 695, 149, -0.6635862588882446
52, 3, 714, 149, -0.6637036800384521
52, 4, 624, 150, -0.6654689311981201
52, 5, 604, 151, -0.6650195121765137
52, 6, 586, 153, -0.6654361486434937
52, 7, 742, 165, -0.39076268672943115
52, 8, 560, 176, -0.3903343081474304
52, 9, 691, 239, -0.5949093103408813
52, 10, 621, 242, -0.5940922498703003
52, 11, 897, 395, -0.24658235907554626
52, 12, 432, 443, -0.2769124507904053
52, 13, 1053, 709, -0.2784343361854553
52, 14, 247, 693, -0.25065118074417114
52, 15, 1028, 942, -0.5378155708312988
52, 16, 140, 1001, -0.5699186325073242
52, 17, 1058, 1008, -0.6193885803222656
52, 18, 107, 1090, -0.6491343975067139
52, 19, 1010, 1000, -0.6683944463729858
52, 20, 165, 1087, -0.6994448900222778
52, 21, 991, 977, -0.5729639530181885
52, 22, 185, 1060, -0.6065036058425903
52, 23, 830, 1066, -0.03710389882326126
52, 24, 511, 1075, 0.041766129434108734
52, 25, 814, 1591, -0.05029121786355972
52, 26, 497, 1604, 0.01401807926595211
52, 27, 818, 2066, 0.40531134605407715
52, 28, 511, 2078, 0.2638389468193054
52, 29, 829, 2137, 0.42634516954421997
52, 30, 508, 2150, 0.2750075161457062
52, 31, 766, 2221, -0.015200537629425526
52, 32, 556, 2228, -0.21926936507225037
53, 0, 659, 190, -0.76573646068573
53, 1, 681, 147, -0.7203634977340698
53, 2, 696, 147, -0.7201856374740601
53, 3, 715, 147, -0.7204135656356812
53, 4, 627, 148, -0.7271450757980347
53, 5, 607, 149, -0.7268227338790894
53, 6, 589, 151, -0.7272247672080994
53, 7, 742, 165, -0.41054457426071167
53, 8, 562, 175, -0.43394869565963745
53, 9, 693, 237, -0.6493237614631653
53, 10, 624, 240, -0.6550933122634888
53, 11, 896, 402, -0.2290438711643219
53, 12, 432, 443, -0.328978955745697
53, 13, 1028, 706, -0.15551355481147766
53, 14, 248, 692, -0.33528831601142883
53, 15, 1129, 968, -0.45862236618995667
53, 16, 143, 1012, -0.654248833656311
53, 17, 1193, 1040, -0.5330878496170044
53, 18, 107, 1101, -0.7440241575241089
53, 19, 1162, 1054, -0.6197972297668457
53, 20, 167, 1108, -0.8330497741699219
53, 21, 1127, 1031, -0.5106649398803711
53, 22, 185, 1080, -0.7053161859512329
53, 23, 823, 1068, -0.02050626650452614
53, 24, 524, 1098, 0.024623671546578407
53, 25, 815, 1592, 0.02099815383553505
53, 26, 505, 1607, 0.021621866151690483
53, 27, 821, 2066, 0.5332644581794739
53, 28, 521, 2086, 0.3246072828769684
53, 29, 830, 2141, 0.5592582821846008
53, 30, 508, 2163, 0.3386511206626892
53, 31, 794, 2214, 0.1263023018836975
53, 32, 593, 2227, -0.1748625636100769
54, 0, 660, 189, -0.75103360414505
54, 1, 682, 145, -0.7024217247962952
54, 2, 697, 145, -0.7022832632064819
54, 3, 715, 145, -0.7025315165519714
54, 4, 628, 146, -0.7094243168830872
54, 5, 609, 147, -0.7090190649032593
54, 6, 591, 150, -0.7093819379806519
54, 7, 742, 164, -0.388334184885025
54, 8, 563, 174, -0.4102076590061188
54, 9, 694, 237, -0.6339349746704102
54, 10, 624, 239, -0.6399367451667786
54, 11, 893, 403, -0.22041311860084534
54, 12, 432, 439, -0.30554789304733276
54, 13, 1013, 690, -0.11346378177404404
54, 14, 250, 684, -0.3584372401237488
54, 15, 1170, 956, -0.38865578174591064
54, 16, 127, 997, -0.750787615776062
54, 17, 1243, 1029, -0.4501916766166687
54, 18, 78, 1084, -0.8457058668136597
54, 19, 1214, 1047, -0.539871335029602
54, 20, 140, 1091, -0.9296830296516418
54, 21, 1176, 1024, -0.44217386841773987
54, 22, 161, 1062, -0.8015798330307007
54, 23, 802, 1064, -0.023401057347655296
54, 24, 535, 1083, 0.027271056547760963
54, 25, 786, 1591, 0.005300359334796667
54, 26, 483, 1600, 0.07293553650379181
54, 27, 779, 2061, 0.490977942943573
54, 28, 489, 2080, 0.38496270775794983
54, 29, 786, 2132, 0.5152454376220703
54, 30, 479, 2163, 0.3983480632305145
54, 31, 741, 2204, 0.05946023017168045
54, 32, 540, 2217, -0.1317467838525772
55, 0, 660, 189, -0.7263771295547485
55, 1, 682, 144, -0.6814522743225098
55, 2, 697, 143, -0.6812416911125183
55, 3, 715, 144, -0.6814028024673462
55, 4, 629, 145, -0.6863948106765747
55, 5, 610, 146, -0.6859761476516724
55, 6, 592, 148, -0.6863142251968384
55, 7, 742, 163, -0.37847739458084106
55, 8, 565, 172, -0.39408236742019653
55, 9, 694, 236, -0.6132270097732544
55, 10, 625, 238, -0.6169150471687317
55, 11, 893, 404, -0.21468277275562286
55, 12, 433, 438, -0.2920741140842438
55, 13, 1015, 690, -0.13031527400016785
55, 14, 253, 685, -0.3537282645702362
55, 15, 1184, 976, -0.3963790833950043
55, 16, 144, 1011, -0.7200171947479248
55, 17, 1255, 1047, -0.4622095227241516
55, 18, 108, 1103, -0.8104876279830933
55, 19, 1229, 1062, -0.5429689288139343
55, 20, 164, 1109, -0.8746891021728516
55, 21, 1191, 1042, -0.4442461431026459
55, 22, 184, 1081, -0.7619919180870056
55, 23, 804, 1067, -0.02266616001725197
55, 24, 547, 1091, 0.026451250538229942
55, 25, 793, 1593, 0.0409274697303772
55, 26, 497, 1609, 0.0707167461514473
55, 27, 797, 2067, 0.5824621915817261
55, 28, 513, 2090, 0.4024880826473236
55, 29, 803, 2139, 0.6114465594291687
55, 30, 497, 2166, 0.42058953642845154
55, 31, 781, 2209, 0.17630502581596375
55, 32, 586, 2232, -0.10095876455307007
56, 0, 661, 188, -0.6781004667282104
56, 1, 683, 142, -0.6420574188232422
56, 2, 698, 142, -0.6417678594589233
56, 3, 715, 142, -0.6421433091163635
56, 4, 630, 143, -0.6463898420333862
56, 5, 611, 143, -0.6459437012672424
56, 6, 594, 145, -0.6461787819862366
56, 7, 743, 163, -0.3726373612880707
56, 8, 566, 170, -0.39085280895233154
56, 9, 695, 235, -0.5777580142021179
56, 10, 625, 237, -0.5799316167831421
56, 11, 892, 404, -0.21115121245384216
56, 12, 434, 438, -0.2804428040981293
56, 13, 1016, 687, -0.15028515458106995
56, 14, 257, 685, -0.3402530550956726
56, 15, 1189, 973, -0.386446475982666
56, 16, 152, 1016, -0.6663737297058105
56, 17, 1262, 1040, -0.4518097937107086
56, 18, 117, 1110, -0.7407959699630737
56, 19, 1235, 1054, -0.5277072191238403
56, 20, 175, 1114, -0.8181508183479309
56, 21, 1196, 1036, -0.4324309229850769
56, 22, 194, 1087, -0.7112760543823242
56, 23, 805, 1069, -0.024822022765874863
56, 24, 556, 1100, 0.028329169377684593
56, 25, 795, 1594, 0.02374175935983658
56, 26, 498, 1610, 0.07171851396560669
56, 27, 802, 2069, 0.5407365560531616
56, 28, 514, 2087, 0.39180222153663635
56, 29, 807, 2140, 0.5677732825279236
56, 30, 499, 2160, 0.41092419624328613
56, 31, 785, 2215, 0.1431705504655838
56, 32, 586, 2233, -0.09184115380048752
57, 0, 662, 187, -0.667382538318634
57, 1, 684, 140, -0.6322885751724243
57, 2, 699, 140, -0.6320199966430664
57, 3, 716, 140, -0.632451057434082
57, 4, 631, 141, -0.6372839212417603
57, 5, 612, 142, -0.6368374824523926
57, 6, 595, 144, -0.6370571851730347
57, 7, 743, 162, -0.36951497197151184
57, 8, 567, 169, -0.3828698396682739
57, 9, 695, 234, -0.5693415999412537
57, 10, 626, 235, -0.572252094745636
57, 11, 892, 405, -0.21126747131347656
57, 12, 435, 438, -0.2814248502254486
57, 13, 1019, 684, -0.16354720294475555
57, 14, 260, 684, -0.3445177674293518
57, 15, 1204, 978, -0.3951281011104584
57, 16, 155, 1015, -0.6601011157035828
57, 17, 1279, 1046, -0.4607710838317871
57, 18, 122, 1108, -0.7312859296798706
57, 19, 1251, 1061, -0.5351737141609192
57, 20, 179, 1110, -0.8097464442253113
57, 21, 1210, 1043, -0.4400797486305237
57, 22, 198, 1084, -0.705183207988739
57, 23, 807, 1076, -0.025030752643942833
57, 24, 560, 1099, 0.028578653931617737
57, 25, 800, 1597, 0.02878904715180397
57, 26, 504, 1613, 0.07093754410743713
57, 27, 809, 2072, 0.541610598564148
57, 28, 516, 2088, 0.38261011242866516
57, 29, 815, 2141, 0.568463921546936
57, 30, 500, 2160, 0.40137895941734314
57, 31, 789, 2220, 0.15629038214683533
57, 32, 584, 2235, -0.08657422661781311
58, 0, 665, 186, -0.6611385941505432
58, 1, 686, 138, -0.6240197420120239
58, 2, 701, 138, -0.6237435936927795
58, 3, 717, 139, -0.6241176128387451
58, 4, 633, 139, -0.6304237246513367
58, 5, 614, 141, -0.6299499273300171
58, 6, 597, 142, -0.630146861076355
58, 7, 743, 162, -0.36143285036087036
58, 8, 568, 168, -0.37870925664901733
58, 9, 698, 232, -0.5626775026321411
58, 10, 628, 234, -0.5672980546951294
58, 11, 892, 405, -0.21054446697235107
58, 12, 435, 438, -0.2908798158168793
58, 13, 1020, 681, -0.1686580330133438
58, 14, 263, 684, -0.33780840039253235
58, 15, 1201, 975, -0.4268786311149597
58, 16, 157, 1029, -0.621224582195282
58, 17, 1275, 1042, -0.49799710512161255
58, 18, 121, 1123, -0.6948610544204712
58, 19, 1244, 1055, -0.566602349281311
58, 20, 179, 1127, -0.7744905948638916
58, 21, 1204, 1039, -0.4720326364040375
58, 22, 200, 1100, -0.6667511463165283
58, 23, 807, 1075, -0.02321832813322544
58, 24, 560, 1099, 0.026773959398269653
58, 25, 801, 1598, 0.02483976259827614
58, 26, 507, 1613, 0.0660596638917923
58, 27, 809, 2073, 0.5222686529159546
58, 28, 519, 2088, 0.35966378450393677
58, 29, 816, 2142, 0.5473371744155884
58, 30, 504, 2159, 0.3752603530883789
58, 31, 790, 2220, 0.13021764159202576
58, 32, 584, 2234, -0.12077528238296509
59, 0, 667, 185, -0.6622446179389954
59, 1, 687, 137, -0.6241852641105652
59, 2, 702, 137, -0.6238945722579956
59, 3, 718, 138, -0.6242923736572266
59, 4, 634, 138, -0.6317347288131714
59, 5, 615, 139, -0.6312604546546936
59, 6, 598, 141, -0.6314330697059631
59, 7, 744, 161, -0.3606148064136505
59, 8, 568, 167, -0.37826862931251526
59, 9, 699, 232, -0.5636287927627563
59, 10, 628, 233, -0.5695920586585999
59, 11, 890, 405, -0.21030470728874207
59, 12, 435, 438, -0.3037715554237366
59, 13, 1021, 672, -0.16233721375465393
59, 14, 264, 685, -0.3476768136024475
59, 15, 1212, 968, -0.423825740814209
59, 16, 158, 1040, -0.6256264448165894
59, 17, 1287, 1036, -0.4953239858150482
59, 18, 119, 1134, -0.703062117099762
59, 19, 1256, 1050, -0.5704339146614075
59, 20, 179, 1139, -0.784394383430481
59, 21, 1215, 1035, -0.471592515707016
59, 22, 200, 1112, -0.6697777509689331
59, 23, 810, 1074, -0.020569678395986557
59, 24, 562, 1097, 0.024145521223545074
59, 25, 811, 1597, 0.023796837776899338
59, 26, 519, 1614, 0.06217284873127937
59, 27, 820, 2073, 0.5272394418716431
59, 28, 528, 2090, 0.3531366288661957
59, 29, 825, 2143, 0.5530607104301453
59, 30, 512, 2162, 0.3693009912967682
59, 31, 806, 2218, 0.13995280861854553
59, 32, 593, 2233, -0.12879067659378052
