0, 0, 0, 0, 0, 0.0
0, 0, 1, 0, 0, 0.0
0, 0, 2, 0, 0, 0.0
0, 0, 3, 0, 0, 0.0
0, 0, 4, 0, 0, 0.0
0, 0, 5, 0, 0, 0.0
0, 0, 6, 0, 0, 0.0
0, 0, 7, 0, 0, 0.0
0, 0, 8, 0, 0, 0.0
0, 0, 9, 0, 0, 0.0
0, 0, 10, 0, 0, 0.0
0, 0, 11, 0, 0, 0.0
0, 0, 12, 0, 0, 0.0
0, 0, 13, 0, 0, 0.0
0, 0, 14, 0, 0, 0.0
0, 0, 15, 0, 0, 0.0
0, 0, 16, 0, 0, 0.0
0, 0, 17, 0, 0, 0.0
0, 0, 18, 0, 0, 0.0
0, 0, 19, 0, 0, 0.0
0, 0, 20, 0, 0, 0.0
0, 1, 0, 0, 0, 0.0
0, 1, 1, 0, 0, 0.0
0, 1, 2, 0, 0, 0.0
0, 1, 3, 0, 0, 0.0
0, 1, 4, 0, 0, 0.0
0, 1, 5, 0, 0, 0.0
0, 1, 6, 0, 0, 0.0
0, 1, 7, 0, 0, 0.0
0, 1, 8, 0, 0, 0.0
0, 1, 9, 0, 0, 0.0
0, 1, 10, 0, 0, 0.0
0, 1, 11, 0, 0, 0.0
0, 1, 12, 0, 0, 0.0
0, 1, 13, 0, 0, 0.0
0, 1, 14, 0, 0, 0.0
0, 1, 15, 0, 0, 0.0
0, 1, 16, 0, 0, 0.0
0, 1, 17, 0, 0, 0.0
0, 1, 18, 0, 0, 0.0
0, 1, 19, 0, 0, 0.0
0, 1, 20, 0, 0, 0.0
1, 0, 0, 0, 0, 0.0
1, 0, 1, 0, 0, 0.0
1, 0, 2, 0, 0, 0.0
1, 0, 3, 0, 0, 0.0
1, 0, 4, 0, 0, 0.0
1, 0, 5, 0, 0, 0.0
1, 0, 6, 0, 0, 0.0
1, 0, 7, 0, 0, 0.0
1, 0, 8, 0, 0, 0.0
1, 0, 9, 0, 0, 0.0
1, 0, 10, 0, 0, 0.0
1, 0, 11, 0, 0, 0.0
1, 0, 12, 0, 0, 0.0
1, 0, 13, 0, 0, 0.0
1, 0, 14, 0, 0, 0.0
1, 0, 15, 0, 0, 0.0
1, 0, 16, 0, 0, 0.0
1, 0, 17, 0, 0, 0.0
1, 0, 18, 0, 0, 0.0
1, 0, 19, 0, 0, 0.0
1, 0, 20, 0, 0, 0.0
1, 1, 0, 0, 0, 0.0
1, 1, 1, 0, 0, 0.0
1, 1, 2, 0, 0, 0.0
1, 1, 3, 0, 0, 0.0
1, 1, 4, 0, 0, 0.0
1, 1, 5, 0, 0, 0.0
1, 1, 6, 0, 0, 0.0
1, 1, 7, 0, 0, 0.0
1, 1, 8, 0, 0, 0.0
1, 1, 9, 0, 0, 0.0
1, 1, 10, 0, 0, 0.0
1, 1, 11, 0, 0, 0.0
1, 1, 12, 0, 0, 0.0
1, 1, 13, 0, 0, 0.0
1, 1, 14, 0, 0, 0.0
1, 1, 15, 0, 0, 0.0
1, 1, 16, 0, 0, 0.0
1, 1, 17, 0, 0, 0.0
1, 1, 18, 0, 0, 0.0
1, 1, 19, 0, 0, 0.0
1, 1, 20, 0, 0, 0.0
2, 0, 0, 0, 0, 0.0
2, 0, 1, 0, 0, 0.0
2, 0, 2, 0, 0, 0.0
2, 0, 3, 0, 0, 0.0
2, 0, 4, 0, 0, 0.0
2, 0, 5, 0, 0, 0.0
2, 0, 6, 0, 0, 0.0
2, 0, 7, 0, 0, 0.0
2, 0, 8, 0, 0, 0.0
2, 0, 9, 0, 0, 0.0
2, 0, 10, 0, 0, 0.0
2, 0, 11, 0, 0, 0.0
2, 0, 12, 0, 0, 0.0
2, 0, 13, 0, 0, 0.0
2, 0, 14, 0, 0, 0.0
2, 0, 15, 0, 0, 0.0
2, 0, 16, 0, 0, 0.0
2, 0, 17, 0, 0, 0.0
2, 0, 18, 0, 0, 0.0
2, 0, 19, 0, 0, 0.0
2, 0, 20, 0, 0, 0.0
2, 1, 0, 0, 0, 0.0
2, 1, 1, 0, 0, 0.0
2, 1, 2, 0, 0, 0.0
2, 1, 3, 0, 0, 0.0
2, 1, 4, 0, 0, 0.0
2, 1, 5, 0, 0, 0.0
2, 1, 6, 0, 0, 0.0
2, 1, 7, 0, 0, 0.0
2, 1, 8, 0, 0, 0.0
2, 1, 9, 0, 0, 0.0
2, 1, 10, 0, 0, 0.0
2, 1, 11, 0, 0, 0.0
2, 1, 12, 0, 0, 0.0
2, 1, 13, 0, 0, 0.0
2, 1, 14, 0, 0, 0.0
2, 1, 15, 0, 0, 0.0
2, 1, 16, 0, 0, 0.0
2, 1, 17, 0, 0, 0.0
2, 1, 18, 0, 0, 0.0
2, 1, 19, 0, 0, 0.0
2, 1, 20, 0, 0, 0.0
3, 0, 0, 0, 0, 0.0
3, 0, 1, 0, 0, 0.0
3, 0, 2, 0, 0, 0.0
3, 0, 3, 0, 0, 0.0
3, 0, 4, 0, 0, 0.0
3, 0, 5, 0, 0, 0.0
3, 0, 6, 0, 0, 0.0
3, 0, 7, 0, 0, 0.0
3, 0, 8, 0, 0, 0.0
3, 0, 9, 0, 0, 0.0
3, 0, 10, 0, 0, 0.0
3, 0, 11, 0, 0, 0.0
3, 0, 12, 0, 0, 0.0
3, 0, 13, 0, 0, 0.0
3, 0, 14, 0, 0, 0.0
3, 0, 15, 0, 0, 0.0
3, 0, 16, 0, 0, 0.0
3, 0, 17, 0, 0, 0.0
3, 0, 18, 0, 0, 0.0
3, 0, 19, 0, 0, 0.0
3, 0, 20, 0, 0, 0.0
3, 1, 0, 0, 0, 0.0
3, 1, 1, 0, 0, 0.0
3, 1, 2, 0, 0, 0.0
3, 1, 3, 0, 0, 0.0
3, 1, 4, 0, 0, 0.0
3, 1, 5, 0, 0, 0.0
3, 1, 6, 0, 0, 0.0
3, 1, 7, 0, 0, 0.0
3, 1, 8, 0, 0, 0.0
3, 1, 9, 0, 0, 0.0
3, 1, 10, 0, 0, 0.0
3, 1, 11, 0, 0, 0.0
3, 1, 12, 0, 0, 0.0
3, 1, 13, 0, 0, 0.0
3, 1, 14, 0, 0, 0.0
3, 1, 15, 0, 0, 0.0
3, 1, 16, 0, 0, 0.0
3, 1, 17, 0, 0, 0.0
3, 1, 18, 0, 0, 0.0
3, 1, 19, 0, 0, 0.0
3, 1, 20, 0, 0, 0.0
4, 0, 0, 0, 0, 0.0
4, 0, 1, 0, 0, 0.0
4, 0, 2, 0, 0, 0.0
4, 0, 3, 0, 0, 0.0
4, 0, 4, 0, 0, 0.0
4, 0, 5, 0, 0, 0.0
4, 0, 6, 0, 0, 0.0
4, 0, 7, 0, 0, 0.0
4, 0, 8, 0, 0, 0.0
4, 0, 9, 0, 0, 0.0
4, 0, 10, 0, 0, 0.0
4, 0, 11, 0, 0, 0.0
4, 0, 12, 0, 0, 0.0
4, 0, 13, 0, 0, 0.0
4, 0, 14, 0, 0, 0.0
4, 0, 15, 0, 0, 0.0
4, 0, 16, 0, 0, 0.0
4, 0, 17, 0, 0, 0.0
4, 0, 18, 0, 0, 0.0
4, 0, 19, 0, 0, 0.0
4, 0, 20, 0, 0, 0.0
4, 1, 0, 0, 0, 0.0
4, 1, 1, 0, 0, 0.0
4, 1, 2, 0, 0, 0.0
4, 1, 3, 0, 0, 0.0
4, 1, 4, 0, 0, 0.0
4, 1, 5, 0, 0, 0.0
4, 1, 6, 0, 0, 0.0
4, 1, 7, 0, 0, 0.0
4, 1, 8, 0, 0, 0.0
4, 1, 9, 0, 0, 0.0
4, 1, 10, 0, 0, 0.0
4, 1, 11, 0, 0, 0.0
4, 1, 12, 0, 0, 0.0
4, 1, 13, 0, 0, 0.0
4, 1, 14, 0, 0, 0.0
4, 1, 15, 0, 0, 0.0
4, 1, 16, 0, 0, 0.0
4, 1, 17, 0, 0, 0.0
4, 1, 18, 0, 0, 0.0
4, 1, 19, 0, 0, 0.0
4, 1, 20, 0, 0, 0.0
5, 0, 0, 0, 0, 0.0
5, 0, 1, 0, 0, 0.0
5, 0, 2, 0, 0, 0.0
5, 0, 3, 0, 0, 0.0
5, 0, 4, 0, 0, 0.0
5, 0, 5, 0, 0, 0.0
5, 0, 6, 0, 0, 0.0
5, 0, 7, 0, 0, 0.0
5, 0, 8, 0, 0, 0.0
5, 0, 9, 0, 0, 0.0
5, 0, 10, 0, 0, 0.0
5, 0, 11, 0, 0, 0.0
5, 0, 12, 0, 0, 0.0
5, 0, 13, 0, 0, 0.0
5, 0, 14, 0, 0, 0.0
5, 0, 15, 0, 0, 0.0
5, 0, 16, 0, 0, 0.0
5, 0, 17, 0, 0, 0.0
5, 0, 18, 0, 0, 0.0
5, 0, 19, 0, 0, 0.0
5, 0, 20, 0, 0, 0.0
5, 1, 0, 0, 0, 0.0
5, 1, 1, 0, 0, 0.0
5, 1, 2, 0, 0, 0.0
5, 1, 3, 0, 0, 0.0
5, 1, 4, 0, 0, 0.0
5, 1, 5, 0, 0, 0.0
5, 1, 6, 0, 0, 0.0
5, 1, 7, 0, 0, 0.0
5, 1, 8, 0, 0, 0.0
5, 1, 9, 0, 0, 0.0
5, 1, 10, 0, 0, 0.0
5, 1, 11, 0, 0, 0.0
5, 1, 12, 0, 0, 0.0
5, 1, 13, 0, 0, 0.0
5, 1, 14, 0, 0, 0.0
5, 1, 15, 0, 0, 0.0
5, 1, 16, 0, 0, 0.0
5, 1, 17, 0, 0, 0.0
5, 1, 18, 0, 0, 0.0
5, 1, 19, 0, 0, 0.0
5, 1, 20, 0, 0, 0.0
6, 0, 0, 404, 419, -6.169778998810216e-08
6, 0, 1, 374, 402, -0.006487703416496515
6, 0, 2, 336, 403, -0.011327587068080902
6, 0, 3, 312, 422, -0.015373487025499344
6, 0, 4, 303, 443, -0.019286688417196274
6, 0, 5, 329, 406, -0.01767457276582718
6, 0, 6, 300, 435, -0.032176673412323
6, 0, 7, 301, 443, -0.0413544587790966
6, 0, 8, 309, 441, -0.04509926587343216
6, 0, 9, 340, 427, -0.019205057993531227
6, 0, 10, 311, 452, -0.02749393880367279
6, 0, 11, 313, 457, -0.03206082060933113
6, 0, 12, 321, 454, -0.035415105521678925
6, 0, 13, 353, 446, -0.020796949043869972
6, 0, 14, 326, 467, -0.027045652270317078
6, 0, 15, 330, 469, -0.023802118375897408
6, 0, 16, 338, 465, -0.021567296236753464
6, 0, 17, 366, 465, -0.02252434939146042
6, 0, 18, 342, 477, -0.025401361286640167
6, 0, 19, 346, 476, -0.01856876164674759
6, 0, 20, 354, 472, -0.012975539080798626
6, 1, 0, 0, 0, 0.0
6, 1, 1, 0, 0, 0.0
6, 1, 2, 0, 0, 0.0
6, 1, 3, 0, 0, 0.0
6, 1, 4, 0, 0, 0.0
6, 1, 5, 0, 0, 0.0
6, 1, 6, 0, 0, 0.0
6, 1, 7, 0, 0, 0.0
6, 1, 8, 0, 0, 0.0
6, 1, 9, 0, 0, 0.0
6, 1, 10, 0, 0, 0.0
6, 1, 11, 0, 0, 0.0
6, 1, 12, 0, 0, 0.0
6, 1, 13, 0, 0, 0.0
6, 1, 14, 0, 0, 0.0
6, 1, 15, 0, 0, 0.0
6, 1, 16, 0, 0, 0.0
6, 1, 17, 0, 0, 0.0
6, 1, 18, 0, 0, 0.0
6, 1, 19, 0, 0, 0.0
6, 1, 20, 0, 0, 0.0
7, 0, 0, 405, 388, -1.8984678717970382e-08
7, 0, 1, 376, 374, 0.0006366264424286783
7, 0, 2, 337, 378, -0.0023747319355607033
7, 0, 3, 311, 394, -0.006078138016164303
7, 0, 4, 297, 410, -0.011319165118038654
7, 0, 5, 324, 374, -0.013129906728863716
7, 0, 6, 296, 390, -0.025910325348377228
7, 0, 7, 280, 405, -0.03614164888858795
7, 0, 8, 269, 418, -0.04295831546187401
7, 0, 9, 332, 392, -0.020107634365558624
7, 0, 10, 304, 408, -0.027968769893050194
7, 0, 11, 288, 421, -0.03339733928442001
7, 0, 12, 277, 432, -0.039017561823129654
7, 0, 13, 344, 411, -0.026840219274163246
7, 0, 14, 315, 426, -0.03247374668717384
7, 0, 15, 299, 438, -0.03317699581384659
7, 0, 16, 288, 446, -0.03523985669016838
7, 0, 17, 358, 431, -0.03335143253207207
7, 0, 18, 332, 443, -0.03810476139187813
7, 0, 19, 318, 450, -0.0370929092168808
7, 0, 20, 307, 457, -0.03659329190850258
7, 1, 0, 0, 0, 0.0
7, 1, 1, 0, 0, 0.0
7, 1, 2, 0, 0, 0.0
7, 1, 3, 0, 0, 0.0
7, 1, 4, 0, 0, 0.0
7, 1, 5, 0, 0, 0.0
7, 1, 6, 0, 0, 0.0
7, 1, 7, 0, 0, 0.0
7, 1, 8, 0, 0, 0.0
7, 1, 9, 0, 0, 0.0
7, 1, 10, 0, 0, 0.0
7, 1, 11, 0, 0, 0.0
7, 1, 12, 0, 0, 0.0
7, 1, 13, 0, 0, 0.0
7, 1, 14, 0, 0, 0.0
7, 1, 15, 0, 0, 0.0
7, 1, 16, 0, 0, 0.0
7, 1, 17, 0, 0, 0.0
7, 1, 18, 0, 0, 0.0
7, 1, 19, 0, 0, 0.0
7, 1, 20, 0, 0, 0.0
8, 0, 0, 386, 352, -4.1759786739703486e-08
8, 0, 1, 364, 336, -0.0038925257977098227
8, 0, 2, 327, 335, -0.010251804254949093
8, 0, 3, 301, 348, -0.0157955102622509
8, 0, 4, 286, 364, -0.023186150938272476
8, 0, 5, 317, 329, -0.025168683379888535
8, 0, 6, 288, 351, -0.04141257703304291
8, 0, 7, 271, 367, -0.053134191781282425
8, 0, 8, 259, 382, -0.060734957456588745
8, 0, 9, 324, 346, -0.03127553313970566
8, 0, 10, 294, 369, -0.0443895049393177
8, 0, 11, 276, 386, -0.053120460361242294
8, 0, 12, 263, 400, -0.060647882521152496
8, 0, 13, 334, 364, -0.03681599721312523
8, 0, 14, 304, 385, -0.04736378416419029
8, 0, 15, 286, 400, -0.052465032786130905
8, 0, 16, 273, 413, -0.05667851120233536
8, 0, 17, 345, 383, -0.04204762727022171
8, 0, 18, 319, 399, -0.052163947373628616
8, 0, 19, 304, 410, -0.055834826081991196
8, 0, 20, 292, 419, -0.05790305882692337
8, 1, 0, 398, 361, -9.861538075028875e-08
8, 1, 1, 369, 347, 0.0023273476399481297
8, 1, 2, 330, 347, -0.0021563994232565165
8, 1, 3, 301, 359, -0.007519705221056938
8, 1, 4, 284, 375, -0.014518966898322105
8, 1, 5, 316, 337, -0.017074795439839363
8, 1, 6, 284, 358, -0.03229619935154915
8, 1, 7, 268, 375, -0.04338105767965317
8, 1, 8, 258, 389, -0.050163283944129944
8, 1, 9, 324, 353, -0.025892198085784912
8, 1, 10, 292, 376, -0.03657428175210953
8, 1, 11, 274, 391, -0.04386017844080925
8, 1, 12, 264, 405, -0.05063679814338684
8, 1, 13, 334, 371, -0.034152813255786896
8, 1, 14, 302, 392, -0.04223301634192467
8, 1, 15, 284, 407, -0.04583020880818367
8, 1, 16, 274, 418, -0.04973367229104042
8, 1, 17, 345, 391, -0.041755568236112595
8, 1, 18, 318, 407, -0.049184881150722504
8, 1, 19, 304, 417, -0.05110674723982811
8, 1, 20, 293, 426, -0.05248329043388367
9, 0, 0, 390, 337, -1.5391705687761714e-07
9, 0, 1, 361, 319, 0.005776949692517519
9, 0, 2, 321, 318, 0.0007748505449853837
9, 0, 3, 293, 330, -0.00569602707400918
9, 0, 4, 276, 345, -0.014402786269783974
9, 0, 5, 309, 306, -0.018644366413354874
9, 0, 6, 274, 331, -0.03410535305738449
9, 0, 7, 257, 348, -0.045570313930511475
9, 0, 8, 248, 362, -0.05259324982762337
9, 0, 9, 316, 322, -0.028992485255002975
9, 0, 10, 281, 348, -0.03977375477552414
9, 0, 11, 263, 365, -0.04715482145547867
9, 0, 12, 252, 379, -0.05440821498632431
9, 0, 13, 326, 341, -0.038181256502866745
9, 0, 14, 291, 364, -0.04556587338447571
9, 0, 15, 273, 379, -0.04988141730427742
9, 0, 16, 261, 392, -0.05507723614573479
9, 0, 17, 336, 361, -0.04632353410124779
9, 0, 18, 308, 378, -0.05330197885632515
9, 0, 19, 293, 388, -0.0562749058008194
9, 0, 20, 281, 397, -0.05907295644283295
9, 1, 0, 0, 0, 0.0
9, 1, 1, 0, 0, 0.0
9, 1, 2, 0, 0, 0.0
9, 1, 3, 0, 0, 0.0
9, 1, 4, 0, 0, 0.0
9, 1, 5, 0, 0, 0.0
9, 1, 6, 0, 0, 0.0
9, 1, 7, 0, 0, 0.0
9, 1, 8, 0, 0, 0.0
9, 1, 9, 0, 0, 0.0
9, 1, 10, 0, 0, 0.0
9, 1, 11, 0, 0, 0.0
9, 1, 12, 0, 0, 0.0
9, 1, 13, 0, 0, 0.0
9, 1, 14, 0, 0, 0.0
9, 1, 15, 0, 0, 0.0
9, 1, 16, 0, 0, 0.0
9, 1, 17, 0, 0, 0.0
9, 1, 18, 0, 0, 0.0
9, 1, 19, 0, 0, 0.0
9, 1, 20, 0, 0, 0.0
10, 0, 0, 382, 329, -1.8907547882918152e-07
10, 0, 1, 352, 311, 0.005782993044704199
10, 0, 2, 316, 307, -7.962184463394806e-05
10, 0, 3, 289, 316, -0.007837570272386074
10, 0, 4, 272, 330, -0.017485173419117928
10, 0, 5, 301, 289, -0.016543298959732056
10, 0, 6, 267, 311, -0.032897818833589554
10, 0, 7, 248, 330, -0.044961944222450256
10, 0, 8, 237, 344, -0.052863959223032
10, 0, 9, 308, 302, -0.027559351176023483
10, 0, 10, 273, 328, -0.04051739349961281
10, 0, 11, 255, 346, -0.04807531461119652
10, 0, 12, 242, 360, -0.05528915300965309
10, 0, 13, 317, 320, -0.03777335584163666
10, 0, 14, 282, 345, -0.04781950265169144
10, 0, 15, 264, 361, -0.051433321088552475
10, 0, 16, 251, 374, -0.05562178045511246
10, 0, 17, 327, 339, -0.04706912860274315
10, 0, 18, 299, 358, -0.05610350891947746
10, 0, 19, 282, 369, -0.05963059142231941
10, 0, 20, 267, 379, -0.0626235082745552
10, 1, 0, 0, 0, 0.0
10, 1, 1, 0, 0, 0.0
10, 1, 2, 0, 0, 0.0
10, 1, 3, 0, 0, 0.0
10, 1, 4, 0, 0, 0.0
10, 1, 5, 0, 0, 0.0
10, 1, 6, 0, 0, 0.0
10, 1, 7, 0, 0, 0.0
10, 1, 8, 0, 0, 0.0
10, 1, 9, 0, 0, 0.0
10, 1, 10, 0, 0, 0.0
10, 1, 11, 0, 0, 0.0
10, 1, 12, 0, 0, 0.0
10, 1, 13, 0, 0, 0.0
10, 1, 14, 0, 0, 0.0
10, 1, 15, 0, 0, 0.0
10, 1, 16, 0, 0, 0.0
10, 1, 17, 0, 0, 0.0
10, 1, 18, 0, 0, 0.0
10, 1, 19, 0, 0, 0.0
10, 1, 20, 0, 0, 0.0
11, 0, 0, 367, 337, -2.771863023554033e-07
11, 0, 1, 331, 332, 0.003237520344555378
11, 0, 2, 298, 324, -0.0046703084371984005
11, 0, 3, 273, 322, -0.013985011726617813
11, 0, 4, 255, 326, -0.0245711300522089
11, 0, 5, 292, 284, -0.018429532647132874
11, 0, 6, 255, 309, -0.03779752925038338
11, 0, 7, 235, 328, -0.05287318304181099
11, 0, 8, 223, 342, -0.06222798302769661
11, 0, 9, 301, 290, -0.02929585985839367
11, 0, 10, 262, 319, -0.04438519477844238
11, 0, 11, 242, 339, -0.053813643753528595
11, 0, 12, 227, 356, -0.06234203279018402
11, 0, 13, 310, 304, -0.03973350673913956
11, 0, 14, 271, 332, -0.05201399698853493
11, 0, 15, 250, 350, -0.055701449513435364
11, 0, 16, 234, 365, -0.05962640419602394
11, 0, 17, 318, 324, -0.04960281029343605
11, 0, 18, 286, 345, -0.05985131114721298
11, 0, 19, 269, 357, -0.06243475154042244
11, 0, 20, 254, 367, -0.06438664346933365
11, 1, 0, 0, 0, 0.0
11, 1, 1, 0, 0, 0.0
11, 1, 2, 0, 0, 0.0
11, 1, 3, 0, 0, 0.0
11, 1, 4, 0, 0, 0.0
11, 1, 5, 0, 0, 0.0
11, 1, 6, 0, 0, 0.0
11, 1, 7, 0, 0, 0.0
11, 1, 8, 0, 0, 0.0
11, 1, 9, 0, 0, 0.0
11, 1, 10, 0, 0, 0.0
11, 1, 11, 0, 0, 0.0
11, 1, 12, 0, 0, 0.0
11, 1, 13, 0, 0, 0.0
11, 1, 14, 0, 0, 0.0
11, 1, 15, 0, 0, 0.0
11, 1, 16, 0, 0, 0.0
11, 1, 17, 0, 0, 0.0
11, 1, 18, 0, 0, 0.0
11, 1, 19, 0, 0, 0.0
11, 1, 20, 0, 0, 0.0
12, 0, 0, 67, 290, -4.612604698195355e-07
12, 0, 1, 91, 281, -0.03738752380013466
12, 0, 2, 104, 275, -0.06447692960500717
12, 0, 3, 105, 281, -0.08426272124052048
12, 0, 4, 101, 297, -0.10543102025985718
12, 0, 5, 70, 246, -0.0737304836511612
12, 0, 6, 78, 279, -0.10053762048482895
12, 0, 7, 83, 306, -0.11636137962341309
12, 0, 8, 87, 327, -0.12429644912481308
12, 0, 9, 45, 253, -0.06471161544322968
12, 0, 10, 55, 292, -0.08525368571281433
12, 0, 11, 64, 321, -0.09289193898439407
12, 0, 12, 74, 341, -0.09762552380561829
12, 0, 13, 29, 267, -0.05530047416687012
12, 0, 14, 39, 304, -0.07456154376268387
12, 0, 15, 52, 326, -0.0755322128534317
12, 0, 16, 64, 342, -0.07417911291122437
12, 0, 17, 20, 284, -0.048141587525606155
12, 0, 18, 29, 311, -0.06284619122743607
12, 0, 19, 44, 327, -0.059145305305719376
12, 0, 20, 57, 338, -0.053368743509054184
12, 1, 0, 362, 344, -4.1249097648687894e-07
12, 1, 1, 316, 352, 0.0014183789025992155
12, 1, 2, 283, 347, -0.007936060428619385
12, 1, 3, 260, 346, -0.019703973084688187
12, 1, 4, 242, 348, -0.03219232335686684
12, 1, 5, 288, 281, -0.013684208504855633
12, 1, 6, 247, 307, -0.03608106076717377
12, 1, 7, 226, 330, -0.05616310238838196
12, 1, 8, 214, 349, -0.06842448562383652
12, 1, 9, 298, 285, -0.024885056540369987
12, 1, 10, 253, 316, -0.04119066521525383
12, 1, 11, 232, 340, -0.05464363843202591
12, 1, 12, 217, 361, -0.06595738977193832
12, 1, 13, 306, 298, -0.03642714396119118
12, 1, 14, 264, 328, -0.05039570853114128
12, 1, 15, 242, 350, -0.057106006890535355
12, 1, 16, 226, 368, -0.06245984509587288
12, 1, 17, 312, 319, -0.04775210842490196
12, 1, 18, 278, 341, -0.05834202095866203
12, 1, 19, 260, 355, -0.06141970679163933
12, 1, 20, 246, 368, -0.06322193890810013
13, 0, 0, 46, 295, -1.2569915952553856e-07
13, 0, 1, 63, 281, -0.02090054750442505
13, 0, 2, 82, 281, -0.045746590942144394
13, 0, 3, 96, 296, -0.07140232622623444
13, 0, 4, 108, 316, -0.09929553419351578
13, 0, 5, 54, 252, -0.04841180518269539
13, 0, 6, 77, 287, -0.08728604018688202
13, 0, 7, 97, 311, -0.1147247850894928
13, 0, 8, 113, 325, -0.12879711389541626
13, 0, 9, 34, 271, -0.05340525135397911
13, 0, 10, 64, 308, -0.08572287112474442
13, 0, 11, 90, 328, -0.09573008120059967
13, 0, 12, 108, 340, -0.09927351027727127
13, 0, 13, 21, 294, -0.05993468314409256
13, 0, 14, 52, 326, -0.08748390525579453
13, 0, 15, 77, 340, -0.08456055819988251
13, 0, 16, 95, 348, -0.07689698785543442
13, 0, 17, 15, 315, -0.06890781223773956
13, 0, 18, 40, 338, -0.08404409140348434
13, 0, 19, 61, 346, -0.07712537050247192
13, 0, 20, 77, 351, -0.06809381395578384
13, 1, 0, 371, 343, -5.455017344502266e-07
13, 1, 1, 330, 343, 0.0022505519445985556
13, 1, 2, 291, 338, -0.006845187861472368
13, 1, 3, 264, 339, -0.018741726875305176
13, 1, 4, 245, 347, -0.03306269645690918
13, 1, 5, 283, 289, -0.018979789689183235
13, 1, 6, 240, 323, -0.04719575494527817
13, 1, 7, 221, 351, -0.07036557048559189
13, 1, 8, 213, 373, -0.08339352905750275
13, 1, 9, 294, 296, -0.03126763924956322
13, 1, 10, 250, 329, -0.0524979904294014
13, 1, 11, 230, 357, -0.0660167932510376
13, 1, 12, 220, 382, -0.07612557709217072
13, 1, 13, 306, 310, -0.04381547123193741
13, 1, 14, 262, 338, -0.06307519227266312
13, 1, 15, 241, 364, -0.07005297392606735
13, 1, 16, 230, 385, -0.07414701581001282
13, 1, 17, 318, 330, -0.055717531591653824
13, 1, 18, 280, 350, -0.07288668304681778
13, 1, 19, 260, 368, -0.07721129804849625
13, 1, 20, 248, 383, -0.07813157886266708
14, 0, 0, 64, 333, -1.329618584122727e-07
14, 0, 1, 88, 311, -0.02337680570781231
14, 0, 2, 94, 295, -0.04029669240117073
14, 0, 3, 84, 300, -0.05315043404698372
14, 0, 4, 70, 314, -0.06441882997751236
14, 0, 5, 51, 258, -0.04060520604252815
14, 0, 6, 72, 298, -0.0686810314655304
14, 0, 7, 87, 318, -0.0885588750243187
14, 0, 8, 93, 320, -0.10169835388660431
14, 0, 9, 29, 274, -0.03991253674030304
14, 0, 10, 54, 313, -0.058456651866436005
14, 0, 11, 71, 327, -0.06375399231910706
14, 0, 12, 74, 326, -0.06897582858800888
14, 0, 13, 14, 296, -0.041231587529182434
14, 0, 14, 39, 328, -0.056600894778966904
14, 0, 15, 54, 336, -0.05301786959171295
14, 0, 16, 55, 332, -0.05138370394706726
14, 0, 17, 7, 317, -0.04509288817644119
14, 0, 18, 30, 340, -0.053744908422231674
14, 0, 19, 44, 345, -0.049462951719760895
14, 0, 20, 45, 342, -0.045948576182127
14, 1, 0, 393, 337, -5.375982823352388e-07
14, 1, 1, 355, 325, 0.008537789806723595
14, 1, 2, 312, 324, -3.596731767174788e-05
14, 1, 3, 281, 334, -0.012759646400809288
14, 1, 4, 261, 350, -0.02859877422451973
14, 1, 5, 299, 292, -0.01670718379318714
14, 1, 6, 257, 328, -0.045816849917173386
14, 1, 7, 238, 355, -0.06810210645198822
14, 1, 8, 230, 375, -0.08047302812337875
14, 1, 9, 311, 301, -0.03334752097725868
14, 1, 10, 269, 337, -0.05459960550069809
14, 1, 11, 247, 363, -0.0660451278090477
14, 1, 12, 233, 385, -0.07440150529146194
14, 1, 13, 324, 317, -0.049768075346946716
14, 1, 14, 282, 350, -0.06880927830934525
14, 1, 15, 258, 374, -0.07049870491027832
14, 1, 16, 242, 391, -0.07073759287595749
14, 1, 17, 336, 337, -0.0651540607213974
14, 1, 18, 299, 366, -0.08216767013072968
14, 1, 19, 279, 383, -0.0821429118514061
14, 1, 20, 265, 397, -0.07938511669635773
15, 0, 0, 64, 309, -3.908789665274526e-07
15, 0, 1, 85, 305, -0.02877826616168022
15, 0, 2, 103, 304, -0.05574614927172661
15, 0, 3, 104, 316, -0.0798603743314743
15, 0, 4, 95, 332, -0.10611781477928162
15, 0, 5, 73, 258, -0.062097083777189255
15, 0, 6, 82, 301, -0.10152101516723633
15, 0, 7, 84, 331, -0.12837637960910797
15, 0, 8, 89, 351, -0.1422278732061386
15, 0, 9, 45, 268, -0.061448968946933746
15, 0, 10, 57, 313, -0.0939151868224144
15, 0, 11, 65, 344, -0.10440915822982788
15, 0, 12, 76, 367, -0.10793052613735199
15, 0, 13, 26, 285, -0.06192982941865921
15, 0, 14, 41, 328, -0.09210260212421417
15, 0, 15, 54, 354, -0.0920514166355133
15, 0, 16, 67, 372, -0.0862409695982933
15, 0, 17, 17, 306, -0.06471423804759979
15, 0, 18, 32, 339, -0.08525363355875015
15, 0, 19, 47, 356, -0.08280407637357712
15, 0, 20, 59, 366, -0.07609475404024124
15, 1, 0, 413, 335, -4.24856949621244e-07
15, 1, 1, 372, 320, 0.0009448776254430413
15, 1, 2, 324, 323, -0.011881648562848568
15, 1, 3, 291, 342, -0.026965267956256866
15, 1, 4, 275, 364, -0.041797418147325516
15, 1, 5, 304, 294, -0.03160136193037033
15, 1, 6, 266, 358, -0.06229659914970398
15, 1, 7, 274, 367, -0.07460243999958038
15, 1, 8, 280, 358, -0.07918543368577957
15, 1, 9, 324, 303, -0.04648134484887123
15, 1, 10, 285, 371, -0.07421806454658508
15, 1, 11, 290, 376, -0.07771790772676468
15, 1, 12, 293, 368, -0.07877199351787567
15, 1, 13, 345, 319, -0.06167522072792053
15, 1, 14, 305, 380, -0.08617132157087326
15, 1, 15, 305, 386, -0.07878301292657852
15, 1, 16, 304, 379, -0.07137029618024826
15, 1, 17, 366, 337, -0.07659890502691269
15, 1, 18, 327, 382, -0.09666843712329865
15, 1, 19, 323, 389, -0.09301701188087463
15, 1, 20, 322, 384, -0.08638608455657959
16, 0, 0, 407, 356, -3.610938961173815e-07
16, 0, 1, 403, 323, -0.019235603511333466
16, 0, 2, 378, 312, -0.0362718403339386
16, 0, 3, 359, 330, -0.05109317973256111
16, 0, 4, 350, 355, -0.06595636159181595
16, 0, 5, 338, 294, -0.03194769099354744
16, 0, 6, 368, 337, -0.06714023649692535
16, 0, 7, 392, 349, -0.09845416247844696
16, 0, 8, 405, 349, -0.11643669009208679
16, 0, 9, 324, 325, -0.03400909900665283
16, 0, 10, 341, 365, -0.05427977070212364
16, 0, 11, 354, 368, -0.06664823740720749
16, 0, 12, 360, 361, -0.07655917853116989
16, 0, 13, 320, 357, -0.03790904954075813
16, 0, 14, 329, 390, -0.05310913547873497
16, 0, 15, 344, 386, -0.049607113003730774
16, 0, 16, 350, 374, -0.047481223940849304
16, 0, 17, 322, 386, -0.0439910963177681
16, 0, 18, 328, 408, -0.052235864102840424
16, 0, 19, 343, 405, -0.04186905547976494
16, 0, 20, 350, 395, -0.03259043022990227
16, 1, 0, 0, 0, 0.0
16, 1, 1, 0, 0, 0.0
16, 1, 2, 0, 0, 0.0
16, 1, 3, 0, 0, 0.0
16, 1, 4, 0, 0, 0.0
16, 1, 5, 0, 0, 0.0
16, 1, 6, 0, 0, 0.0
16, 1, 7, 0, 0, 0.0
16, 1, 8, 0, 0, 0.0
16, 1, 9, 0, 0, 0.0
16, 1, 10, 0, 0, 0.0
16, 1, 11, 0, 0, 0.0
16, 1, 12, 0, 0, 0.0
16, 1, 13, 0, 0, 0.0
16, 1, 14, 0, 0, 0.0
16, 1, 15, 0, 0, 0.0
16, 1, 16, 0, 0, 0.0
16, 1, 17, 0, 0, 0.0
16, 1, 18, 0, 0, 0.0
16, 1, 19, 0, 0, 0.0
16, 1, 20, 0, 0, 0.0
17, 0, 0, 0, 0, 0.0
17, 0, 1, 0, 0, 0.0
17, 0, 2, 0, 0, 0.0
17, 0, 3, 0, 0, 0.0
17, 0, 4, 0, 0, 0.0
17, 0, 5, 0, 0, 0.0
17, 0, 6, 0, 0, 0.0
17, 0, 7, 0, 0, 0.0
17, 0, 8, 0, 0, 0.0
17, 0, 9, 0, 0, 0.0
17, 0, 10, 0, 0, 0.0
17, 0, 11, 0, 0, 0.0
17, 0, 12, 0, 0, 0.0
17, 0, 13, 0, 0, 0.0
17, 0, 14, 0, 0, 0.0
17, 0, 15, 0, 0, 0.0
17, 0, 16, 0, 0, 0.0
17, 0, 17, 0, 0, 0.0
17, 0, 18, 0, 0, 0.0
17, 0, 19, 0, 0, 0.0
17, 0, 20, 0, 0, 0.0
17, 1, 0, 0, 0, 0.0
17, 1, 1, 0, 0, 0.0
17, 1, 2, 0, 0, 0.0
17, 1, 3, 0, 0, 0.0
17, 1, 4, 0, 0, 0.0
17, 1, 5, 0, 0, 0.0
17, 1, 6, 0, 0, 0.0
17, 1, 7, 0, 0, 0.0
17, 1, 8, 0, 0, 0.0
17, 1, 9, 0, 0, 0.0
17, 1, 10, 0, 0, 0.0
17, 1, 11, 0, 0, 0.0
17, 1, 12, 0, 0, 0.0
17, 1, 13, 0, 0, 0.0
17, 1, 14, 0, 0, 0.0
17, 1, 15, 0, 0, 0.0
17, 1, 16, 0, 0, 0.0
17, 1, 17, 0, 0, 0.0
17, 1, 18, 0, 0, 0.0
17, 1, 19, 0, 0, 0.0
17, 1, 20, 0, 0, 0.0
18, 0, 0, 0, 0, 0.0
18, 0, 1, 0, 0, 0.0
18, 0, 2, 0, 0, 0.0
18, 0, 3, 0, 0, 0.0
18, 0, 4, 0, 0, 0.0
18, 0, 5, 0, 0, 0.0
18, 0, 6, 0, 0, 0.0
18, 0, 7, 0, 0, 0.0
18, 0, 8, 0, 0, 0.0
18, 0, 9, 0, 0, 0.0
18, 0, 10, 0, 0, 0.0
18, 0, 11, 0, 0, 0.0
18, 0, 12, 0, 0, 0.0
18, 0, 13, 0, 0, 0.0
18, 0, 14, 0, 0, 0.0
18, 0, 15, 0, 0, 0.0
18, 0, 16, 0, 0, 0.0
18, 0, 17, 0, 0, 0.0
18, 0, 18, 0, 0, 0.0
18, 0, 19, 0, 0, 0.0
18, 0, 20, 0, 0, 0.0
18, 1, 0, 0, 0, 0.0
18, 1, 1, 0, 0, 0.0
18, 1, 2, 0, 0, 0.0
18, 1, 3, 0, 0, 0.0
18, 1, 4, 0, 0, 0.0
18, 1, 5, 0, 0, 0.0
18, 1, 6, 0, 0, 0.0
18, 1, 7, 0, 0, 0.0
18, 1, 8, 0, 0, 0.0
18, 1, 9, 0, 0, 0.0
18, 1, 10, 0, 0, 0.0
18, 1, 11, 0, 0, 0.0
18, 1, 12, 0, 0, 0.0
18, 1, 13, 0, 0, 0.0
18, 1, 14, 0, 0, 0.0
18, 1, 15, 0, 0, 0.0
18, 1, 16, 0, 0, 0.0
18, 1, 17, 0, 0, 0.0
18, 1, 18, 0, 0, 0.0
18, 1, 19, 0, 0, 0.0
18, 1, 20, 0, 0, 0.0
19, 0, 0, 210, 331, -1.0915788806187265e-07
19, 0, 1, 230, 351, -0.01622769422829151
19, 0, 2, 268, 353, -0.024288203567266464
19, 0, 3, 294, 344, -0.031008126214146614
19, 0, 4, 308, 332, -0.03681778535246849
19, 0, 5, 287, 329, -0.0193194393068552
19, 0, 6, 308, 323, -0.03940942883491516
19, 0, 7, 302, 328, -0.05384063720703125
19, 0, 8, 297, 335, -0.0620691180229187
19, 0, 9, 281, 309, -0.019565721973776817
19, 0, 10, 302, 305, -0.03660498932003975
19, 0, 11, 293, 310, -0.04397077485918999
19, 0, 12, 285, 317, -0.04711095616221428
19, 0, 13, 271, 291, -0.021800749003887177
19, 0, 14, 293, 286, -0.038129620254039764
19, 0, 15, 285, 292, -0.03461618348956108
19, 0, 16, 277, 301, -0.029990103095769882
19, 0, 17, 258, 277, -0.02517000027000904
19, 0, 18, 276, 269, -0.0380266048014164
19, 0, 19, 267, 276, -0.03222191333770752
19, 0, 20, 258, 285, -0.025163602083921432
19, 1, 0, 0, 0, 0.0
19, 1, 1, 0, 0, 0.0
19, 1, 2, 0, 0, 0.0
19, 1, 3, 0, 0, 0.0
19, 1, 4, 0, 0, 0.0
19, 1, 5, 0, 0, 0.0
19, 1, 6, 0, 0, 0.0
19, 1, 7, 0, 0, 0.0
19, 1, 8, 0, 0, 0.0
19, 1, 9, 0, 0, 0.0
19, 1, 10, 0, 0, 0.0
19, 1, 11, 0, 0, 0.0
19, 1, 12, 0, 0, 0.0
19, 1, 13, 0, 0, 0.0
19, 1, 14, 0, 0, 0.0
19, 1, 15, 0, 0, 0.0
19, 1, 16, 0, 0, 0.0
19, 1, 17, 0, 0, 0.0
19, 1, 18, 0, 0, 0.0
19, 1, 19, 0, 0, 0.0
19, 1, 20, 0, 0, 0.0
20, 0, 0, 234, 314, -5.11677399117616e-07
20, 0, 1, 267, 271, -0.007421070244163275
20, 0, 2, 313, 260, -0.012395414523780346
20, 0, 3, 341, 275, -0.016850074753165245
20, 0, 4, 348, 295, -0.020342806354165077
20, 0, 5, 365, 301, -0.006467754021286964
20, 0, 6, 372, 302, -0.010057653300464153
20, 0, 7, 354, 295, -0.01987762190401554
20, 0, 8, 341, 292, -0.02879469096660614
20, 0, 9, 354, 329, -0.008205585181713104
20, 0, 10, 361, 324, -0.006219291593879461
20, 0, 11, 348, 315, -0.010732554830610752
20, 0, 12, 332, 313, -0.017097072675824165
20, 0, 13, 337, 350, -0.009682225994765759
20, 0, 14, 349, 344, -0.008322753012180328
20, 0, 15, 338, 334, -0.006075004581362009
20, 0, 16, 323, 331, -0.006384667009115219
20, 0, 17, 317, 365, -0.012082080356776714
20, 0, 18, 332, 357, -0.010114331729710102
20, 0, 19, 323, 348, -0.0016600757371634245
20, 0, 20, 311, 346, 0.00519019179046154
20, 1, 0, 218, 308, 6.519409794236708e-07
20, 1, 1, 243, 285, -0.007823321968317032
20, 1, 2, 278, 275, -0.020047156140208244
20, 1, 3, 306, 279, -0.03098105825483799
20, 1, 4, 326, 289, -0.04323441907763481
20, 1, 5, 288, 266, -0.03387967869639397
20, 1, 6, 319, 285, -0.056042641401290894
20, 1, 7, 343, 300, -0.07307402789592743
20, 1, 8, 364, 313, -0.08393993228673935
20, 1, 9, 281, 280, -0.04018740728497505
20, 1, 10, 316, 301, -0.058282334357500076
20, 1, 11, 342, 317, -0.06916690617799759
20, 1, 12, 363, 329, -0.07771358639001846
20, 1, 13, 273, 299, -0.04593073949217796
20, 1, 14, 309, 317, -0.061055734753608704
20, 1, 15, 333, 331, -0.06550204008817673
20, 1, 16, 352, 342, -0.0684719830751419
20, 1, 17, 264, 320, -0.05191149190068245
20, 1, 18, 296, 333, -0.06262413412332535
20, 1, 19, 317, 343, -0.06331176310777664
20, 1, 20, 333, 352, -0.06331531703472137
21, 0, 0, 235, 300, 7.235345833578322e-07
21, 0, 1, 261, 275, -0.004884387832134962
21, 0, 2, 296, 264, -0.016481837257742882
21, 0, 3, 326, 271, -0.02766314707696438
21, 0, 4, 348, 283, -0.038852665573358536
21, 0, 5, 308, 244, -0.0311590526252985
21, 0, 6, 343, 273, -0.05105593800544739
21, 0, 7, 363, 293, -0.06450477987527847
21, 0, 8, 378, 311, -0.07274117320775986
21, 0, 9, 299, 255, -0.03814954310655594
21, 0, 10, 336, 288, -0.055422455072402954
21, 0, 11, 356, 312, -0.06265632063150406
21, 0, 12, 371, 332, -0.06802141666412354
21, 0, 13, 289, 273, -0.04453779757022858
21, 0, 14, 325, 304, -0.05875048413872719
21, 0, 15, 344, 325, -0.06172344461083412
21, 0, 16, 357, 343, -0.0632016733288765
21, 0, 17, 278, 294, -0.05119069293141365
21, 0, 18, 309, 316, -0.06031428277492523
21, 0, 19, 326, 331, -0.06111995503306389
21, 0, 20, 339, 345, -0.060539860278367996
21, 1, 0, 0, 0, 0.0
21, 1, 1, 0, 0, 0.0
21, 1, 2, 0, 0, 0.0
21, 1, 3, 0, 0, 0.0
21, 1, 4, 0, 0, 0.0
21, 1, 5, 0, 0, 0.0
21, 1, 6, 0, 0, 0.0
21, 1, 7, 0, 0, 0.0
21, 1, 8, 0, 0, 0.0
21, 1, 9, 0, 0, 0.0
21, 1, 10, 0, 0, 0.0
21, 1, 11, 0, 0, 0.0
21, 1, 12, 0, 0, 0.0
21, 1, 13, 0, 0, 0.0
21, 1, 14, 0, 0, 0.0
21, 1, 15, 0, 0, 0.0
21, 1, 16, 0, 0, 0.0
21, 1, 17, 0, 0, 0.0
21, 1, 18, 0, 0, 0.0
21, 1, 19, 0, 0, 0.0
21, 1, 20, 0, 0, 0.0
22, 0, 0, 230, 288, 5.420936872724269e-07
22, 0, 1, 253, 263, -0.004328419454395771
22, 0, 2, 287, 252, -0.014060580171644688
22, 0, 3, 318, 257, -0.02470208890736103
22, 0, 4, 338, 268, -0.03548530861735344
22, 0, 5, 298, 229, -0.02546261064708233
22, 0, 6, 336, 255, -0.0455007441341877
22, 0, 7, 356, 276, -0.05828353390097618
22, 0, 8, 369, 294, -0.06564746797084808
22, 0, 9, 290, 241, -0.03303661197423935
22, 0, 10, 329, 272, -0.0488743856549263
22, 0, 11, 349, 295, -0.05497310683131218
22, 0, 12, 363, 313, -0.05989103019237518
22, 0, 13, 281, 258, -0.04076486453413963
22, 0, 14, 318, 288, -0.05513846501708031
22, 0, 15, 336, 309, -0.05826762691140175
22, 0, 16, 349, 325, -0.05943921208381653
22, 0, 17, 274, 280, -0.04902429133653641
22, 0, 18, 304, 301, -0.05772257596254349
22, 0, 19, 319, 316, -0.05834385007619858
22, 0, 20, 331, 327, -0.057564131915569305
22, 1, 0, 0, 0, 0.0
22, 1, 1, 0, 0, 0.0
22, 1, 2, 0, 0, 0.0
22, 1, 3, 0, 0, 0.0
22, 1, 4, 0, 0, 0.0
22, 1, 5, 0, 0, 0.0
22, 1, 6, 0, 0, 0.0
22, 1, 7, 0, 0, 0.0
22, 1, 8, 0, 0, 0.0
22, 1, 9, 0, 0, 0.0
22, 1, 10, 0, 0, 0.0
22, 1, 11, 0, 0, 0.0
22, 1, 12, 0, 0, 0.0
22, 1, 13, 0, 0, 0.0
22, 1, 14, 0, 0, 0.0
22, 1, 15, 0, 0, 0.0
22, 1, 16, 0, 0, 0.0
22, 1, 17, 0, 0, 0.0
22, 1, 18, 0, 0, 0.0
22, 1, 19, 0, 0, 0.0
22, 1, 20, 0, 0, 0.0
23, 0, 0, 207, 280, 4.02996278126011e-07
23, 0, 1, 234, 256, 0.00019849007367156446
23, 0, 2, 270, 244, -0.0073960707522928715
23, 0, 3, 299, 247, -0.016526492312550545
23, 0, 4, 320, 257, -0.02564343623816967
23, 0, 5, 276, 225, -0.01538362167775631
23, 0, 6, 309, 244, -0.03224288299679756
23, 0, 7, 331, 259, -0.04473137855529785
23, 0, 8, 345, 273, -0.052752479910850525
23, 0, 9, 268, 237, -0.0244596004486084
23, 0, 10, 300, 259, -0.0379490926861763
23, 0, 11, 322, 276, -0.045280031859874725
23, 0, 12, 339, 289, -0.051565635949373245
23, 0, 13, 259, 255, -0.03354743495583534
23, 0, 14, 291, 276, -0.046191051602363586
23, 0, 15, 312, 290, -0.04914340749382973
23, 0, 16, 328, 302, -0.05089408904314041
23, 0, 17, 251, 276, -0.04291839525103569
23, 0, 18, 279, 292, -0.05074232444167137
23, 0, 19, 298, 301, -0.05119983106851578
23, 0, 20, 314, 309, -0.05092010647058487
23, 1, 0, 0, 0, 0.0
23, 1, 1, 0, 0, 0.0
23, 1, 2, 0, 0, 0.0
23, 1, 3, 0, 0, 0.0
23, 1, 4, 0, 0, 0.0
23, 1, 5, 0, 0, 0.0
23, 1, 6, 0, 0, 0.0
23, 1, 7, 0, 0, 0.0
23, 1, 8, 0, 0, 0.0
23, 1, 9, 0, 0, 0.0
23, 1, 10, 0, 0, 0.0
23, 1, 11, 0, 0, 0.0
23, 1, 12, 0, 0, 0.0
23, 1, 13, 0, 0, 0.0
23, 1, 14, 0, 0, 0.0
23, 1, 15, 0, 0, 0.0
23, 1, 16, 0, 0, 0.0
23, 1, 17, 0, 0, 0.0
23, 1, 18, 0, 0, 0.0
23, 1, 19, 0, 0, 0.0
23, 1, 20, 0, 0, 0.0
24, 0, 0, 182, 274, 2.8245281669114775e-07
24, 0, 1, 211, 250, 0.005289929453283548
24, 0, 2, 247, 240, -0.0016788680804893374
24, 0, 3, 272, 242, -0.010757784359157085
24, 0, 4, 288, 253, -0.019747626036405563
24, 0, 5, 254, 228, -0.014071454294025898
24, 0, 6, 283, 240, -0.028200345113873482
24, 0, 7, 297, 254, -0.03787238895893097
24, 0, 8, 305, 265, -0.04416203498840332
24, 0, 9, 242, 240, -0.024936821311712265
24, 0, 10, 273, 256, -0.035652585327625275
24, 0, 11, 291, 270, -0.04033531993627548
24, 0, 12, 303, 281, -0.044985994696617126
24, 0, 13, 230, 255, -0.03489907458424568
24, 0, 14, 264, 273, -0.043891146779060364
24, 0, 15, 283, 285, -0.043882809579372406
24, 0, 16, 295, 294, -0.044196758419275284
24, 0, 17, 219, 273, -0.044451866298913956
24, 0, 18, 250, 288, -0.04801756516098976
24, 0, 19, 269, 296, -0.04508867487311363
24, 0, 20, 283, 301, -0.04304531589150429
24, 1, 0, 0, 0, 0.0
24, 1, 1, 0, 0, 0.0
24, 1, 2, 0, 0, 0.0
24, 1, 3, 0, 0, 0.0
24, 1, 4, 0, 0, 0.0
24, 1, 5, 0, 0, 0.0
24, 1, 6, 0, 0, 0.0
24, 1, 7, 0, 0, 0.0
24, 1, 8, 0, 0, 0.0
24, 1, 9, 0, 0, 0.0
24, 1, 10, 0, 0, 0.0
24, 1, 11, 0, 0, 0.0
24, 1, 12, 0, 0, 0.0
24, 1, 13, 0, 0, 0.0
24, 1, 14, 0, 0, 0.0
24, 1, 15, 0, 0, 0.0
24, 1, 16, 0, 0, 0.0
24, 1, 17, 0, 0, 0.0
24, 1, 18, 0, 0, 0.0
24, 1, 19, 0, 0, 0.0
24, 1, 20, 0, 0, 0.0
25, 0, 0, 526, 287, -2.896860564760573e-07
25, 0, 1, 512, 291, -0.011853864416480064
25, 0, 2, 485, 290, -0.01945577748119831
25, 0, 3, 457, 290, -0.023846641182899475
25, 0, 4, 436, 292, -0.0277897659689188
25, 0, 5, 500, 275, -0.033276643604040146
25, 0, 6, 454, 289, -0.044011589139699936
25, 0, 7, 432, 300, -0.04686170816421509
25, 0, 8, 418, 306, -0.0479082353413105
25, 0, 9, 497, 271, -0.031924016773700714
25, 0, 10, 453, 293, -0.039800975471735
25, 0, 11, 431, 304, -0.042230285704135895
25, 0, 12, 416, 311, -0.045918919146060944
25, 0, 13, 490, 272, -0.030387282371520996
25, 0, 14, 447, 294, -0.03773322328925133
25, 0, 15, 427, 306, -0.03827701508998871
25, 0, 16, 412, 314, -0.03994469717144966
25, 0, 17, 479, 276, -0.02890927717089653
25, 0, 18, 444, 294, -0.03690417483448982
25, 0, 19, 425, 305, -0.03714166209101677
25, 0, 20, 412, 312, -0.0371902771294117
25, 1, 0, 0, 0, 0.0
25, 1, 1, 0, 0, 0.0
25, 1, 2, 0, 0, 0.0
25, 1, 3, 0, 0, 0.0
25, 1, 4, 0, 0, 0.0
25, 1, 5, 0, 0, 0.0
25, 1, 6, 0, 0, 0.0
25, 1, 7, 0, 0, 0.0
25, 1, 8, 0, 0, 0.0
25, 1, 9, 0, 0, 0.0
25, 1, 10, 0, 0, 0.0
25, 1, 11, 0, 0, 0.0
25, 1, 12, 0, 0, 0.0
25, 1, 13, 0, 0, 0.0
25, 1, 14, 0, 0, 0.0
25, 1, 15, 0, 0, 0.0
25, 1, 16, 0, 0, 0.0
25, 1, 17, 0, 0, 0.0
25, 1, 18, 0, 0, 0.0
25, 1, 19, 0, 0, 0.0
25, 1, 20, 0, 0, 0.0
26, 0, 0, 481, 279, -3.7593853363659946e-08
26, 0, 1, 484, 288, -0.02585109882056713
26, 0, 2, 480, 304, -0.0494537353515625
26, 0, 3, 476, 325, -0.07079534232616425
26, 0, 4, 468, 338, -0.09265847504138947
26, 0, 5, 444, 287, -0.048646748065948486
26, 0, 6, 414, 303, -0.07134196162223816
26, 0, 7, 394, 315, -0.08645693957805634
26, 0, 8, 378, 325, -0.09718387573957443
26, 0, 9, 434, 287, -0.04863602668046951
26, 0, 10, 403, 305, -0.06885668635368347
26, 0, 11, 383, 316, -0.08076032251119614
26, 0, 12, 366, 325, -0.09014630317687988
26, 0, 13, 428, 289, -0.04996158182621002
26, 0, 14, 398, 308, -0.06684736907482147
26, 0, 15, 381, 321, -0.07339828461408615
26, 0, 16, 366, 330, -0.07801035046577454
26, 0, 17, 424, 293, -0.053249381482601166
26, 0, 18, 399, 312, -0.06748080998659134
26, 0, 19, 384, 323, -0.07158486545085907
26, 0, 20, 370, 332, -0.07384750992059708
26, 1, 0, 0, 0, 0.0
26, 1, 1, 0, 0, 0.0
26, 1, 2, 0, 0, 0.0
26, 1, 3, 0, 0, 0.0
26, 1, 4, 0, 0, 0.0
26, 1, 5, 0, 0, 0.0
26, 1, 6, 0, 0, 0.0
26, 1, 7, 0, 0, 0.0
26, 1, 8, 0, 0, 0.0
26, 1, 9, 0, 0, 0.0
26, 1, 10, 0, 0, 0.0
26, 1, 11, 0, 0, 0.0
26, 1, 12, 0, 0, 0.0
26, 1, 13, 0, 0, 0.0
26, 1, 14, 0, 0, 0.0
26, 1, 15, 0, 0, 0.0
26, 1, 16, 0, 0, 0.0
26, 1, 17, 0, 0, 0.0
26, 1, 18, 0, 0, 0.0
26, 1, 19, 0, 0, 0.0
26, 1, 20, 0, 0, 0.0
27, 0, 0, 446, 306, -1.526341009139287e-07
27, 0, 1, 421, 285, -0.006581224966794252
27, 0, 2, 389, 280, -0.017302626743912697
27, 0, 3, 364, 291, -0.027681386098265648
27, 0, 4, 346, 304, -0.040110908448696136
27, 0, 5, 381, 273, -0.035663850605487823
27, 0, 6, 348, 291, -0.058922022581100464
27, 0, 7, 329, 307, -0.07436760514974594
27, 0, 8, 315, 321, -0.08406300097703934
27, 0, 9, 389, 286, -0.04343290627002716
27, 0, 10, 354, 308, -0.06471747159957886
27, 0, 11, 332, 323, -0.07662150263786316
27, 0, 12, 313, 335, -0.08569301664829254
27, 0, 13, 399, 301, -0.05074283108115196
27, 0, 14, 364, 325, -0.06930744647979736
27, 0, 15, 342, 339, -0.07561898231506348
27, 0, 16, 324, 350, -0.0795564204454422
27, 0, 17, 409, 318, -0.05789440870285034
27, 0, 18, 380, 336, -0.07514767348766327
27, 0, 19, 360, 347, -0.08111930638551712
27, 0, 20, 344, 356, -0.08419544994831085
27, 1, 0, 474, 299, 3.2738995514591807e-07
27, 1, 1, 470, 319, -0.037806108593940735
27, 1, 2, 457, 333, -0.06207960844039917
27, 1, 3, 443, 341, -0.08067316561937332
27, 1, 4, 431, 345, -0.09876187145709991
27, 1, 5, 429, 306, -0.05718591436743736
27, 1, 6, 395, 318, -0.08318991214036942
27, 1, 7, 370, 329, -0.10145781189203262
27, 1, 8, 350, 340, -0.11305056512355804
27, 1, 9, 422, 294, -0.04968973249197006
27, 1, 10, 387, 305, -0.07470890879631042
27, 1, 11, 361, 317, -0.09012489020824432
27, 1, 12, 340, 327, -0.10004056990146637
27, 1, 13, 418, 286, -0.04408625513315201
27, 1, 14, 385, 294, -0.06521689891815186
27, 1, 15, 360, 306, -0.07543975859880447
27, 1, 16, 341, 316, -0.0801839604973793
27, 1, 17, 415, 281, -0.04130743816494942
27, 1, 18, 386, 286, -0.0583677664399147
27, 1, 19, 366, 294, -0.06590282171964645
27, 1, 20, 349, 304, -0.06924395263195038
28, 0, 0, 452, 337, 1.941149747608506e-07
28, 0, 1, 423, 320, 0.007331200409680605
28, 0, 2, 395, 308, 0.00779375433921814
28, 0, 3, 373, 303, 0.005422963760793209
28, 0, 4, 355, 306, 0.0027916990220546722
28, 0, 5, 387, 293, 0.007877801544964314
28, 0, 6, 363, 287, -5.090538616059348e-05
28, 0, 7, 345, 290, -0.00874817930161953
28, 0, 8, 331, 295, -0.014435009099543095
28, 0, 9, 388, 300, -0.00022884132340550423
28, 0, 10, 361, 300, -0.005581539124250412
28, 0, 11, 341, 304, -0.01275728177279234
28, 0, 12, 326, 310, -0.01835685223340988
28, 0, 13, 389, 311, -0.008215129375457764
28, 0, 14, 361, 318, -0.013366730883717537
28, 0, 15, 343, 326, -0.016500132158398628
28, 0, 16, 329, 334, -0.018426256254315376
28, 0, 17, 390, 326, -0.015760231763124466
28, 0, 18, 366, 336, -0.020171601325273514
28, 0, 19, 351, 345, -0.020795999094843864
28, 0, 20, 340, 354, -0.020159410312771797
28, 1, 0, 0, 0, 0.0
28, 1, 1, 0, 0, 0.0
28, 1, 2, 0, 0, 0.0
28, 1, 3, 0, 0, 0.0
28, 1, 4, 0, 0, 0.0
28, 1, 5, 0, 0, 0.0
28, 1, 6, 0, 0, 0.0
28, 1, 7, 0, 0, 0.0
28, 1, 8, 0, 0, 0.0
28, 1, 9, 0, 0, 0.0
28, 1, 10, 0, 0, 0.0
28, 1, 11, 0, 0, 0.0
28, 1, 12, 0, 0, 0.0
28, 1, 13, 0, 0, 0.0
28, 1, 14, 0, 0, 0.0
28, 1, 15, 0, 0, 0.0
28, 1, 16, 0, 0, 0.0
28, 1, 17, 0, 0, 0.0
28, 1, 18, 0, 0, 0.0
28, 1, 19, 0, 0, 0.0
28, 1, 20, 0, 0, 0.0
29, 0, 0, 402, 326, -4.150312520323496e-07
29, 0, 1, 368, 321, 0.0007555079064331949
29, 0, 2, 338, 313, -0.005043178331106901
29, 0, 3, 317, 312, -0.011573832482099533
29, 0, 4, 303, 318, -0.02033940888941288
29, 0, 5, 334, 276, -0.023028550669550896
29, 0, 6, 301, 300, -0.04012872651219368
29, 0, 7, 284, 320, -0.05236080661416054
29, 0, 8, 273, 337, -0.05973450839519501
29, 0, 9, 347, 281, -0.032135289162397385
29, 0, 10, 311, 312, -0.04575099050998688
29, 0, 11, 293, 335, -0.05381382629275322
29, 0, 12, 280, 353, -0.06160162389278412
29, 0, 13, 358, 295, -0.04049362242221832
29, 0, 14, 324, 324, -0.05442183464765549
29, 0, 15, 306, 343, -0.0607476644217968
29, 0, 16, 293, 358, -0.06564956903457642
29, 0, 17, 368, 314, -0.04801861569285393
29, 0, 18, 339, 335, -0.06097615510225296
29, 0, 19, 323, 348, -0.06509973853826523
29, 0, 20, 310, 357, -0.06736848503351212
29, 1, 0, 109, 275, 9.018238955604829e-08
29, 1, 1, 130, 260, -0.016315797343850136
29, 1, 2, 149, 258, -0.038111910223960876
29, 1, 3, 163, 272, -0.060840677469968796
29, 1, 4, 174, 291, -0.08523382991552353
29, 1, 5, 126, 240, -0.04547043517231941
29, 1, 6, 149, 268, -0.07710623741149902
29, 1, 7, 163, 290, -0.10119135677814484
29, 1, 8, 173, 304, -0.11605661362409592
29, 1, 9, 106, 255, -0.05184134095907211
29, 1, 10, 133, 282, -0.08044678717851639
29, 1, 11, 152, 304, -0.09159798920154572
29, 1, 12, 165, 319, -0.09898441284894943
29, 1, 13, 93, 270, -0.058782629668712616
29, 1, 14, 121, 295, -0.08424549549818039
29, 1, 15, 139, 312, -0.08432579040527344
29, 1, 16, 151, 324, -0.08128970116376877
29, 1, 17, 88, 286, -0.06739167124032974
29, 1, 18, 111, 304, -0.07947899401187897
29, 1, 19, 128, 315, -0.07366123050451279
29, 1, 20, 140, 323, -0.06852598488330841
29, 2, 0, 419, 344, -2.2185552950304555e-07
29, 2, 1, 376, 335, 0.005757041275501251
29, 2, 2, 345, 325, 0.0026355453301221132
29, 2, 3, 324, 319, -0.0028085492085665464
29, 2, 4, 306, 319, -0.009201068431138992
29, 2, 5, 343, 285, -0.002264814916998148
29, 2, 6, 314, 309, -0.014493025839328766
29, 2, 7, 296, 325, -0.027178723365068436
29, 2, 8, 282, 338, -0.03588316962122917
29, 2, 9, 353, 288, -0.012629234232008457
29, 2, 10, 319, 316, -0.020950060337781906
29, 2, 11, 299, 334, -0.029453016817569733
29, 2, 12, 284, 350, -0.0375334806740284
29, 2, 13, 362, 298, -0.02282717265188694
29, 2, 14, 329, 326, -0.031161503866314888
29, 2, 15, 310, 343, -0.03484053909778595
29, 2, 16, 296, 359, -0.03802458941936493
29, 2, 17, 371, 315, -0.0325576551258564
29, 2, 18, 343, 335, -0.040329597890377045
29, 2, 19, 326, 347, -0.04200347885489464
29, 2, 20, 313, 358, -0.04243491590023041
30, 0, 0, 408, 339, -4.0387175204159576e-07
30, 0, 1, 369, 328, 0.004727015271782875
30, 0, 2, 339, 318, -0.0006496311980299652
30, 0, 3, 318, 314, -0.00856747105717659
30, 0, 4, 303, 316, -0.018111400306224823
30, 0, 5, 335, 276, -0.010471596382558346
30, 0, 6, 301, 301, -0.028929898515343666
30, 0, 7, 285, 321, -0.04425610974431038
30, 0, 8, 275, 338, -0.05336024612188339
30, 0, 9, 347, 282, -0.021607903763651848
30, 0, 10, 311, 313, -0.03496716171503067
30, 0, 11, 294, 335, -0.04491892457008362
30, 0, 12, 282, 353, -0.05386849120259285
30, 0, 13, 359, 296, -0.03277008607983589
30, 0, 14, 325, 326, -0.045241665095090866
30, 0, 15, 307, 345, -0.05178806930780411
30, 0, 16, 293, 361, -0.05719054490327835
30, 0, 17, 369, 315, -0.04320305958390236
30, 0, 18, 341, 337, -0.05335282161831856
30, 0, 19, 324, 350, -0.05718835070729256
30, 0, 20, 310, 361, -0.0597427673637867
30, 1, 0, 0, 0, 0.0
30, 1, 1, 0, 0, 0.0
30, 1, 2, 0, 0, 0.0
30, 1, 3, 0, 0, 0.0
30, 1, 4, 0, 0, 0.0
30, 1, 5, 0, 0, 0.0
30, 1, 6, 0, 0, 0.0
30, 1, 7, 0, 0, 0.0
30, 1, 8, 0, 0, 0.0
30, 1, 9, 0, 0, 0.0
30, 1, 10, 0, 0, 0.0
30, 1, 11, 0, 0, 0.0
30, 1, 12, 0, 0, 0.0
30, 1, 13, 0, 0, 0.0
30, 1, 14, 0, 0, 0.0
30, 1, 15, 0, 0, 0.0
30, 1, 16, 0, 0, 0.0
30, 1, 17, 0, 0, 0.0
30, 1, 18, 0, 0, 0.0
30, 1, 19, 0, 0, 0.0
30, 1, 20, 0, 0, 0.0
31, 0, 0, 365, 312, -2.4206369175772124e-07
31, 0, 1, 349, 330, -0.006716851145029068
31, 0, 2, 323, 348, -0.019279899075627327
31, 0, 3, 302, 363, -0.02966742403805256
31, 0, 4, 291, 375, -0.04142262041568756
31, 0, 5, 328, 311, -0.045979104936122894
31, 0, 6, 299, 333, -0.06438910961151123
31, 0, 7, 289, 350, -0.07377883791923523
31, 0, 8, 285, 363, -0.07879699021577835
31, 0, 9, 337, 304, -0.05053839087486267
31, 0, 10, 310, 330, -0.0666019394993782
31, 0, 11, 297, 351, -0.07068313658237457
31, 0, 12, 291, 366, -0.07483987510204315
31, 0, 13, 345, 300, -0.053540442138910294
31, 0, 14, 317, 328, -0.06649903953075409
31, 0, 15, 303, 349, -0.06549594551324844
31, 0, 16, 296, 365, -0.06501157581806183
31, 0, 17, 349, 298, -0.05592869967222214
31, 0, 18, 327, 323, -0.06854237616062164
31, 0, 19, 314, 342, -0.06812738627195358
31, 0, 20, 305, 359, -0.06694092601537704
31, 1, 0, 414, 340, -4.850332402384083e-07
31, 1, 1, 381, 322, 0.0011964733712375164
31, 1, 2, 346, 315, -0.007428488694131374
31, 1, 3, 317, 321, -0.01800704374909401
31, 1, 4, 300, 334, -0.030826658010482788
31, 1, 5, 334, 283, -0.022689400240778923
31, 1, 6, 297, 318, -0.04474511742591858
31, 1, 7, 285, 343, -0.060076870024204254
31, 1, 8, 282, 361, -0.06885291635990143
31, 1, 9, 348, 292, -0.033209528774023056
31, 1, 10, 310, 326, -0.050307970494031906
31, 1, 11, 295, 351, -0.05987851321697235
31, 1, 12, 286, 371, -0.06830354779958725
31, 1, 13, 363, 307, -0.043265052139759064
31, 1, 14, 327, 338, -0.059933535754680634
31, 1, 15, 309, 359, -0.06547845155000687
31, 1, 16, 298, 377, -0.06957411766052246
31, 1, 17, 376, 326, -0.05255628004670143
31, 1, 18, 346, 347, -0.06774404644966125
31, 1, 19, 329, 362, -0.0720229223370552
31, 1, 20, 317, 375, -0.07389635592699051
32, 0, 0, 420, 353, -4.5624136646438274e-07
32, 0, 1, 390, 333, -0.0021990446839481592
32, 0, 2, 352, 325, -0.013353530317544937
32, 0, 3, 321, 332, -0.025268251076340675
32, 0, 4, 304, 349, -0.04018039628863335
32, 0, 5, 339, 299, -0.03716020658612251
32, 0, 6, 302, 334, -0.062103740870952606
32, 0, 7, 287, 358, -0.07773859053850174
32, 0, 8, 279, 377, -0.08697797358036041
32, 0, 9, 352, 311, -0.04761163517832756
32, 0, 10, 315, 346, -0.06853358447551727
32, 0, 11, 296, 371, -0.0777871310710907
32, 0, 12, 284, 394, -0.08591008931398392
32, 0, 13, 366, 329, -0.05726277083158493
32, 0, 14, 330, 361, -0.07740486413240433
32, 0, 15, 308, 382, -0.08272235840559006
32, 0, 16, 295, 400, -0.08651223033666611
32, 0, 17, 379, 350, -0.06626974046230316
32, 0, 18, 348, 374, -0.08684923499822617
32, 0, 19, 328, 389, -0.0934295728802681
32, 0, 20, 314, 403, -0.09644746780395508
32, 1, 0, 0, 0, 0.0
32, 1, 1, 0, 0, 0.0
32, 1, 2, 0, 0, 0.0
32, 1, 3, 0, 0, 0.0
32, 1, 4, 0, 0, 0.0
32, 1, 5, 0, 0, 0.0
32, 1, 6, 0, 0, 0.0
32, 1, 7, 0, 0, 0.0
32, 1, 8, 0, 0, 0.0
32, 1, 9, 0, 0, 0.0
32, 1, 10, 0, 0, 0.0
32, 1, 11, 0, 0, 0.0
32, 1, 12, 0, 0, 0.0
32, 1, 13, 0, 0, 0.0
32, 1, 14, 0, 0, 0.0
32, 1, 15, 0, 0, 0.0
32, 1, 16, 0, 0, 0.0
32, 1, 17, 0, 0, 0.0
32, 1, 18, 0, 0, 0.0
32, 1, 19, 0, 0, 0.0
32, 1, 20, 0, 0, 0.0
33, 0, 0, 373, 368, -2.251620045967684e-08
33, 0, 1, 348, 341, 0.0038531541358679533
33, 0, 2, 317, 347, 0.012465418316423893
33, 0, 3, 300, 367, 0.01883809268474579
33, 0, 4, 293, 386, 0.024496477097272873
33, 0, 5, 293, 377, 0.03288285434246063
33, 0, 6, 283, 394, 0.03868725150823593
33, 0, 7, 282, 404, 0.03528371453285217
33, 0, 8, 283, 410, 0.031843941658735275
33, 0, 9, 301, 397, 0.03145650774240494
33, 0, 10, 290, 414, 0.039396028965711594
33, 0, 11, 292, 421, 0.03574194386601448
33, 0, 12, 293, 424, 0.0319768562912941
33, 0, 13, 312, 413, 0.028365079313516617
33, 0, 14, 302, 429, 0.033016424626111984
33, 0, 15, 303, 434, 0.031395960599184036
33, 0, 16, 303, 434, 0.02947598695755005
33, 0, 17, 328, 426, 0.02522270940244198
33, 0, 18, 320, 438, 0.02929357998073101
33, 0, 19, 320, 441, 0.03253516927361488
33, 0, 20, 321, 440, 0.03524782881140709
33, 1, 0, 425, 373, -3.1394228017234127e-07
33, 1, 1, 394, 351, -0.006096840836107731
33, 1, 2, 352, 346, -0.017964554950594902
33, 1, 3, 320, 357, -0.02942527085542679
33, 1, 4, 301, 376, -0.043647997081279755
33, 1, 5, 340, 327, -0.03959491476416588
33, 1, 6, 303, 361, -0.06049634888768196
33, 1, 7, 285, 384, -0.07187393307685852
33, 1, 8, 274, 401, -0.0785086527466774
33, 1, 9, 352, 341, -0.047016553580760956
33, 1, 10, 315, 377, -0.06354470551013947
33, 1, 11, 294, 399, -0.07018508017063141
33, 1, 12, 278, 418, -0.07709892839193344
33, 1, 13, 364, 362, -0.053581565618515015
33, 1, 14, 327, 393, -0.06987664103507996
33, 1, 15, 304, 412, -0.07352954149246216
33, 1, 16, 289, 427, -0.07659422606229782
33, 1, 17, 376, 386, -0.05978330969810486
33, 1, 18, 344, 410, -0.07801021635532379
33, 1, 19, 323, 424, -0.08314016461372375
33, 1, 20, 308, 436, -0.08505415916442871
34, 0, 0, 424, 403, -2.3178132835255383e-07
34, 0, 1, 395, 380, -0.004995445720851421
34, 0, 2, 350, 373, -0.014657193794846535
34, 0, 3, 316, 386, -0.024110017344355583
34, 0, 4, 297, 407, -0.03722235560417175
34, 0, 5, 342, 364, -0.03124052844941616
34, 0, 6, 304, 394, -0.053159695118665695
34, 0, 7, 283, 417, -0.07015856355428696
34, 0, 8, 270, 434, -0.0809309184551239
34, 0, 9, 351, 382, -0.038593124598264694
34, 0, 10, 315, 412, -0.05364362150430679
34, 0, 11, 291, 434, -0.0646369457244873
34, 0, 12, 276, 452, -0.07528383284807205
34, 0, 13, 363, 404, -0.04543788358569145
34, 0, 14, 326, 429, -0.05812457948923111
34, 0, 15, 304, 447, -0.06460350006818771
34, 0, 16, 288, 460, -0.0707416981458664
34, 0, 17, 374, 428, -0.051951102912425995
34, 0, 18, 344, 448, -0.06563451141119003
34, 0, 19, 325, 461, -0.07010000199079514
34, 0, 20, 311, 472, -0.07269160449504852
34, 1, 0, 0, 0, 0.0
34, 1, 1, 0, 0, 0.0
34, 1, 2, 0, 0, 0.0
34, 1, 3, 0, 0, 0.0
34, 1, 4, 0, 0, 0.0
34, 1, 5, 0, 0, 0.0
34, 1, 6, 0, 0, 0.0
34, 1, 7, 0, 0, 0.0
34, 1, 8, 0, 0, 0.0
34, 1, 9, 0, 0, 0.0
34, 1, 10, 0, 0, 0.0
34, 1, 11, 0, 0, 0.0
34, 1, 12, 0, 0, 0.0
34, 1, 13, 0, 0, 0.0
34, 1, 14, 0, 0, 0.0
34, 1, 15, 0, 0, 0.0
34, 1, 16, 0, 0, 0.0
34, 1, 17, 0, 0, 0.0
34, 1, 18, 0, 0, 0.0
34, 1, 19, 0, 0, 0.0
34, 1, 20, 0, 0, 0.0
35, 0, 0, 423, 433, -1.6179687634121365e-07
35, 0, 1, 391, 427, -0.002611053641885519
35, 0, 2, 351, 430, -0.011088569648563862
35, 0, 3, 319, 444, -0.020324617624282837
35, 0, 4, 299, 462, -0.030853748321533203
35, 0, 5, 342, 415, -0.014120054431259632
35, 0, 6, 301, 438, -0.035605091601610184
35, 0, 7, 279, 460, -0.053650423884391785
35, 0, 8, 267, 478, -0.06397538632154465
35, 0, 9, 348, 424, -0.020691754296422005
35, 0, 10, 308, 445, -0.035739313811063766
35, 0, 11, 285, 466, -0.047603145241737366
35, 0, 12, 270, 485, -0.056898701936006546
35, 0, 13, 355, 436, -0.027904126793146133
35, 0, 14, 316, 453, -0.03959282487630844
35, 0, 15, 294, 471, -0.04532265663146973
35, 0, 16, 280, 487, -0.04910663142800331
35, 0, 17, 362, 451, -0.034937214106321335
35, 0, 18, 329, 462, -0.04439912363886833
35, 0, 19, 308, 473, -0.04652369022369385
35, 0, 20, 294, 485, -0.047092337161302567
35, 1, 0, 0, 0, 0.0
35, 1, 1, 0, 0, 0.0
35, 1, 2, 0, 0, 0.0
35, 1, 3, 0, 0, 0.0
35, 1, 4, 0, 0, 0.0
35, 1, 5, 0, 0, 0.0
35, 1, 6, 0, 0, 0.0
35, 1, 7, 0, 0, 0.0
35, 1, 8, 0, 0, 0.0
35, 1, 9, 0, 0, 0.0
35, 1, 10, 0, 0, 0.0
35, 1, 11, 0, 0, 0.0
35, 1, 12, 0, 0, 0.0
35, 1, 13, 0, 0, 0.0
35, 1, 14, 0, 0, 0.0
35, 1, 15, 0, 0, 0.0
35, 1, 16, 0, 0, 0.0
35, 1, 17, 0, 0, 0.0
35, 1, 18, 0, 0, 0.0
35, 1, 19, 0, 0, 0.0
35, 1, 20, 0, 0, 0.0
36, 0, 0, 0, 0, 0.0
36, 0, 1, 0, 0, 0.0
36, 0, 2, 0, 0, 0.0
36, 0, 3, 0, 0, 0.0
36, 0, 4, 0, 0, 0.0
36, 0, 5, 0, 0, 0.0
36, 0, 6, 0, 0, 0.0
36, 0, 7, 0, 0, 0.0
36, 0, 8, 0, 0, 0.0
36, 0, 9, 0, 0, 0.0
36, 0, 10, 0, 0, 0.0
36, 0, 11, 0, 0, 0.0
36, 0, 12, 0, 0, 0.0
36, 0, 13, 0, 0, 0.0
36, 0, 14, 0, 0, 0.0
36, 0, 15, 0, 0, 0.0
36, 0, 16, 0, 0, 0.0
36, 0, 17, 0, 0, 0.0
36, 0, 18, 0, 0, 0.0
36, 0, 19, 0, 0, 0.0
36, 0, 20, 0, 0, 0.0
36, 1, 0, 0, 0, 0.0
36, 1, 1, 0, 0, 0.0
36, 1, 2, 0, 0, 0.0
36, 1, 3, 0, 0, 0.0
36, 1, 4, 0, 0, 0.0
36, 1, 5, 0, 0, 0.0
36, 1, 6, 0, 0, 0.0
36, 1, 7, 0, 0, 0.0
36, 1, 8, 0, 0, 0.0
36, 1, 9, 0, 0, 0.0
36, 1, 10, 0, 0, 0.0
36, 1, 11, 0, 0, 0.0
36, 1, 12, 0, 0, 0.0
36, 1, 13, 0, 0, 0.0
36, 1, 14, 0, 0, 0.0
36, 1, 15, 0, 0, 0.0
36, 1, 16, 0, 0, 0.0
36, 1, 17, 0, 0, 0.0
36, 1, 18, 0, 0, 0.0
36, 1, 19, 0, 0, 0.0
36, 1, 20, 0, 0, 0.0
37, 0, 0, 0, 0, 0.0
37, 0, 1, 0, 0, 0.0
37, 0, 2, 0, 0, 0.0
37, 0, 3, 0, 0, 0.0
37, 0, 4, 0, 0, 0.0
37, 0, 5, 0, 0, 0.0
37, 0, 6, 0, 0, 0.0
37, 0, 7, 0, 0, 0.0
37, 0, 8, 0, 0, 0.0
37, 0, 9, 0, 0, 0.0
37, 0, 10, 0, 0, 0.0
37, 0, 11, 0, 0, 0.0
37, 0, 12, 0, 0, 0.0
37, 0, 13, 0, 0, 0.0
37, 0, 14, 0, 0, 0.0
37, 0, 15, 0, 0, 0.0
37, 0, 16, 0, 0, 0.0
37, 0, 17, 0, 0, 0.0
37, 0, 18, 0, 0, 0.0
37, 0, 19, 0, 0, 0.0
37, 0, 20, 0, 0, 0.0
37, 1, 0, 0, 0, 0.0
37, 1, 1, 0, 0, 0.0
37, 1, 2, 0, 0, 0.0
37, 1, 3, 0, 0, 0.0
37, 1, 4, 0, 0, 0.0
37, 1, 5, 0, 0, 0.0
37, 1, 6, 0, 0, 0.0
37, 1, 7, 0, 0, 0.0
37, 1, 8, 0, 0, 0.0
37, 1, 9, 0, 0, 0.0
37, 1, 10, 0, 0, 0.0
37, 1, 11, 0, 0, 0.0
37, 1, 12, 0, 0, 0.0
37, 1, 13, 0, 0, 0.0
37, 1, 14, 0, 0, 0.0
37, 1, 15, 0, 0, 0.0
37, 1, 16, 0, 0, 0.0
37, 1, 17, 0, 0, 0.0
37, 1, 18, 0, 0, 0.0
37, 1, 19, 0, 0, 0.0
37, 1, 20, 0, 0, 0.0
38, 0, 0, 0, 0, 0.0
38, 0, 1, 0, 0, 0.0
38, 0, 2, 0, 0, 0.0
38, 0, 3, 0, 0, 0.0
38, 0, 4, 0, 0, 0.0
38, 0, 5, 0, 0, 0.0
38, 0, 6, 0, 0, 0.0
38, 0, 7, 0, 0, 0.0
38, 0, 8, 0, 0, 0.0
38, 0, 9, 0, 0, 0.0
38, 0, 10, 0, 0, 0.0
38, 0, 11, 0, 0, 0.0
38, 0, 12, 0, 0, 0.0
38, 0, 13, 0, 0, 0.0
38, 0, 14, 0, 0, 0.0
38, 0, 15, 0, 0, 0.0
38, 0, 16, 0, 0, 0.0
38, 0, 17, 0, 0, 0.0
38, 0, 18, 0, 0, 0.0
38, 0, 19, 0, 0, 0.0
38, 0, 20, 0, 0, 0.0
38, 1, 0, 0, 0, 0.0
38, 1, 1, 0, 0, 0.0
38, 1, 2, 0, 0, 0.0
38, 1, 3, 0, 0, 0.0
38, 1, 4, 0, 0, 0.0
38, 1, 5, 0, 0, 0.0
38, 1, 6, 0, 0, 0.0
38, 1, 7, 0, 0, 0.0
38, 1, 8, 0, 0, 0.0
38, 1, 9, 0, 0, 0.0
38, 1, 10, 0, 0, 0.0
38, 1, 11, 0, 0, 0.0
38, 1, 12, 0, 0, 0.0
38, 1, 13, 0, 0, 0.0
38, 1, 14, 0, 0, 0.0
38, 1, 15, 0, 0, 0.0
38, 1, 16, 0, 0, 0.0
38, 1, 17, 0, 0, 0.0
38, 1, 18, 0, 0, 0.0
38, 1, 19, 0, 0, 0.0
38, 1, 20, 0, 0, 0.0
39, 0, 0, 0, 0, 0.0
39, 0, 1, 0, 0, 0.0
39, 0, 2, 0, 0, 0.0
39, 0, 3, 0, 0, 0.0
39, 0, 4, 0, 0, 0.0
39, 0, 5, 0, 0, 0.0
39, 0, 6, 0, 0, 0.0
39, 0, 7, 0, 0, 0.0
39, 0, 8, 0, 0, 0.0
39, 0, 9, 0, 0, 0.0
39, 0, 10, 0, 0, 0.0
39, 0, 11, 0, 0, 0.0
39, 0, 12, 0, 0, 0.0
39, 0, 13, 0, 0, 0.0
39, 0, 14, 0, 0, 0.0
39, 0, 15, 0, 0, 0.0
39, 0, 16, 0, 0, 0.0
39, 0, 17, 0, 0, 0.0
39, 0, 18, 0, 0, 0.0
39, 0, 19, 0, 0, 0.0
39, 0, 20, 0, 0, 0.0
39, 1, 0, 0, 0, 0.0
39, 1, 1, 0, 0, 0.0
39, 1, 2, 0, 0, 0.0
39, 1, 3, 0, 0, 0.0
39, 1, 4, 0, 0, 0.0
39, 1, 5, 0, 0, 0.0
39, 1, 6, 0, 0, 0.0
39, 1, 7, 0, 0, 0.0
39, 1, 8, 0, 0, 0.0
39, 1, 9, 0, 0, 0.0
39, 1, 10, 0, 0, 0.0
39, 1, 11, 0, 0, 0.0
39, 1, 12, 0, 0, 0.0
39, 1, 13, 0, 0, 0.0
39, 1, 14, 0, 0, 0.0
39, 1, 15, 0, 0, 0.0
39, 1, 16, 0, 0, 0.0
39, 1, 17, 0, 0, 0.0
39, 1, 18, 0, 0, 0.0
39, 1, 19, 0, 0, 0.0
39, 1, 20, 0, 0, 0.0
40, 0, 0, 0, 0, 0.0
40, 0, 1, 0, 0, 0.0
40, 0, 2, 0, 0, 0.0
40, 0, 3, 0, 0, 0.0
40, 0, 4, 0, 0, 0.0
40, 0, 5, 0, 0, 0.0
40, 0, 6, 0, 0, 0.0
40, 0, 7, 0, 0, 0.0
40, 0, 8, 0, 0, 0.0
40, 0, 9, 0, 0, 0.0
40, 0, 10, 0, 0, 0.0
40, 0, 11, 0, 0, 0.0
40, 0, 12, 0, 0, 0.0
40, 0, 13, 0, 0, 0.0
40, 0, 14, 0, 0, 0.0
40, 0, 15, 0, 0, 0.0
40, 0, 16, 0, 0, 0.0
40, 0, 17, 0, 0, 0.0
40, 0, 18, 0, 0, 0.0
40, 0, 19, 0, 0, 0.0
40, 0, 20, 0, 0, 0.0
40, 1, 0, 0, 0, 0.0
40, 1, 1, 0, 0, 0.0
40, 1, 2, 0, 0, 0.0
40, 1, 3, 0, 0, 0.0
40, 1, 4, 0, 0, 0.0
40, 1, 5, 0, 0, 0.0
40, 1, 6, 0, 0, 0.0
40, 1, 7, 0, 0, 0.0
40, 1, 8, 0, 0, 0.0
40, 1, 9, 0, 0, 0.0
40, 1, 10, 0, 0, 0.0
40, 1, 11, 0, 0, 0.0
40, 1, 12, 0, 0, 0.0
40, 1, 13, 0, 0, 0.0
40, 1, 14, 0, 0, 0.0
40, 1, 15, 0, 0, 0.0
40, 1, 16, 0, 0, 0.0
40, 1, 17, 0, 0, 0.0
40, 1, 18, 0, 0, 0.0
40, 1, 19, 0, 0, 0.0
40, 1, 20, 0, 0, 0.0
41, 0, 0, 0, 0, 0.0
41, 0, 1, 0, 0, 0.0
41, 0, 2, 0, 0, 0.0
41, 0, 3, 0, 0, 0.0
41, 0, 4, 0, 0, 0.0
41, 0, 5, 0, 0, 0.0
41, 0, 6, 0, 0, 0.0
41, 0, 7, 0, 0, 0.0
41, 0, 8, 0, 0, 0.0
41, 0, 9, 0, 0, 0.0
41, 0, 10, 0, 0, 0.0
41, 0, 11, 0, 0, 0.0
41, 0, 12, 0, 0, 0.0
41, 0, 13, 0, 0, 0.0
41, 0, 14, 0, 0, 0.0
41, 0, 15, 0, 0, 0.0
41, 0, 16, 0, 0, 0.0
41, 0, 17, 0, 0, 0.0
41, 0, 18, 0, 0, 0.0
41, 0, 19, 0, 0, 0.0
41, 0, 20, 0, 0, 0.0
41, 1, 0, 0, 0, 0.0
41, 1, 1, 0, 0, 0.0
41, 1, 2, 0, 0, 0.0
41, 1, 3, 0, 0, 0.0
41, 1, 4, 0, 0, 0.0
41, 1, 5, 0, 0, 0.0
41, 1, 6, 0, 0, 0.0
41, 1, 7, 0, 0, 0.0
41, 1, 8, 0, 0, 0.0
41, 1, 9, 0, 0, 0.0
41, 1, 10, 0, 0, 0.0
41, 1, 11, 0, 0, 0.0
41, 1, 12, 0, 0, 0.0
41, 1, 13, 0, 0, 0.0
41, 1, 14, 0, 0, 0.0
41, 1, 15, 0, 0, 0.0
41, 1, 16, 0, 0, 0.0
41, 1, 17, 0, 0, 0.0
41, 1, 18, 0, 0, 0.0
41, 1, 19, 0, 0, 0.0
41, 1, 20, 0, 0, 0.0
42, 0, 0, 0, 0, 0.0
42, 0, 1, 0, 0, 0.0
42, 0, 2, 0, 0, 0.0
42, 0, 3, 0, 0, 0.0
42, 0, 4, 0, 0, 0.0
42, 0, 5, 0, 0, 0.0
42, 0, 6, 0, 0, 0.0
42, 0, 7, 0, 0, 0.0
42, 0, 8, 0, 0, 0.0
42, 0, 9, 0, 0, 0.0
42, 0, 10, 0, 0, 0.0
42, 0, 11, 0, 0, 0.0
42, 0, 12, 0, 0, 0.0
42, 0, 13, 0, 0, 0.0
42, 0, 14, 0, 0, 0.0
42, 0, 15, 0, 0, 0.0
42, 0, 16, 0, 0, 0.0
42, 0, 17, 0, 0, 0.0
42, 0, 18, 0, 0, 0.0
42, 0, 19, 0, 0, 0.0
42, 0, 20, 0, 0, 0.0
42, 1, 0, 0, 0, 0.0
42, 1, 1, 0, 0, 0.0
42, 1, 2, 0, 0, 0.0
42, 1, 3, 0, 0, 0.0
42, 1, 4, 0, 0, 0.0
42, 1, 5, 0, 0, 0.0
42, 1, 6, 0, 0, 0.0
42, 1, 7, 0, 0, 0.0
42, 1, 8, 0, 0, 0.0
42, 1, 9, 0, 0, 0.0
42, 1, 10, 0, 0, 0.0
42, 1, 11, 0, 0, 0.0
42, 1, 12, 0, 0, 0.0
42, 1, 13, 0, 0, 0.0
42, 1, 14, 0, 0, 0.0
42, 1, 15, 0, 0, 0.0
42, 1, 16, 0, 0, 0.0
42, 1, 17, 0, 0, 0.0
42, 1, 18, 0, 0, 0.0
42, 1, 19, 0, 0, 0.0
42, 1, 20, 0, 0, 0.0
43, 0, 0, 0, 0, 0.0
43, 0, 1, 0, 0, 0.0
43, 0, 2, 0, 0, 0.0
43, 0, 3, 0, 0, 0.0
43, 0, 4, 0, 0, 0.0
43, 0, 5, 0, 0, 0.0
43, 0, 6, 0, 0, 0.0
43, 0, 7, 0, 0, 0.0
43, 0, 8, 0, 0, 0.0
43, 0, 9, 0, 0, 0.0
43, 0, 10, 0, 0, 0.0
43, 0, 11, 0, 0, 0.0
43, 0, 12, 0, 0, 0.0
43, 0, 13, 0, 0, 0.0
43, 0, 14, 0, 0, 0.0
43, 0, 15, 0, 0, 0.0
43, 0, 16, 0, 0, 0.0
43, 0, 17, 0, 0, 0.0
43, 0, 18, 0, 0, 0.0
43, 0, 19, 0, 0, 0.0
43, 0, 20, 0, 0, 0.0
43, 1, 0, 0, 0, 0.0
43, 1, 1, 0, 0, 0.0
43, 1, 2, 0, 0, 0.0
43, 1, 3, 0, 0, 0.0
43, 1, 4, 0, 0, 0.0
43, 1, 5, 0, 0, 0.0
43, 1, 6, 0, 0, 0.0
43, 1, 7, 0, 0, 0.0
43, 1, 8, 0, 0, 0.0
43, 1, 9, 0, 0, 0.0
43, 1, 10, 0, 0, 0.0
43, 1, 11, 0, 0, 0.0
43, 1, 12, 0, 0, 0.0
43, 1, 13, 0, 0, 0.0
43, 1, 14, 0, 0, 0.0
43, 1, 15, 0, 0, 0.0
43, 1, 16, 0, 0, 0.0
43, 1, 17, 0, 0, 0.0
43, 1, 18, 0, 0, 0.0
43, 1, 19, 0, 0, 0.0
43, 1, 20, 0, 0, 0.0
44, 0, 0, 0, 0, 0.0
44, 0, 1, 0, 0, 0.0
44, 0, 2, 0, 0, 0.0
44, 0, 3, 0, 0, 0.0
44, 0, 4, 0, 0, 0.0
44, 0, 5, 0, 0, 0.0
44, 0, 6, 0, 0, 0.0
44, 0, 7, 0, 0, 0.0
44, 0, 8, 0, 0, 0.0
44, 0, 9, 0, 0, 0.0
44, 0, 10, 0, 0, 0.0
44, 0, 11, 0, 0, 0.0
44, 0, 12, 0, 0, 0.0
44, 0, 13, 0, 0, 0.0
44, 0, 14, 0, 0, 0.0
44, 0, 15, 0, 0, 0.0
44, 0, 16, 0, 0, 0.0
44, 0, 17, 0, 0, 0.0
44, 0, 18, 0, 0, 0.0
44, 0, 19, 0, 0, 0.0
44, 0, 20, 0, 0, 0.0
44, 1, 0, 0, 0, 0.0
44, 1, 1, 0, 0, 0.0
44, 1, 2, 0, 0, 0.0
44, 1, 3, 0, 0, 0.0
44, 1, 4, 0, 0, 0.0
44, 1, 5, 0, 0, 0.0
44, 1, 6, 0, 0, 0.0
44, 1, 7, 0, 0, 0.0
44, 1, 8, 0, 0, 0.0
44, 1, 9, 0, 0, 0.0
44, 1, 10, 0, 0, 0.0
44, 1, 11, 0, 0, 0.0
44, 1, 12, 0, 0, 0.0
44, 1, 13, 0, 0, 0.0
44, 1, 14, 0, 0, 0.0
44, 1, 15, 0, 0, 0.0
44, 1, 16, 0, 0, 0.0
44, 1, 17, 0, 0, 0.0
44, 1, 18, 0, 0, 0.0
44, 1, 19, 0, 0, 0.0
44, 1, 20, 0, 0, 0.0
45, 0, 0, 0, 0, 0.0
45, 0, 1, 0, 0, 0.0
45, 0, 2, 0, 0, 0.0
45, 0, 3, 0, 0, 0.0
45, 0, 4, 0, 0, 0.0
45, 0, 5, 0, 0, 0.0
45, 0, 6, 0, 0, 0.0
45, 0, 7, 0, 0, 0.0
45, 0, 8, 0, 0, 0.0
45, 0, 9, 0, 0, 0.0
45, 0, 10, 0, 0, 0.0
45, 0, 11, 0, 0, 0.0
45, 0, 12, 0, 0, 0.0
45, 0, 13, 0, 0, 0.0
45, 0, 14, 0, 0, 0.0
45, 0, 15, 0, 0, 0.0
45, 0, 16, 0, 0, 0.0
45, 0, 17, 0, 0, 0.0
45, 0, 18, 0, 0, 0.0
45, 0, 19, 0, 0, 0.0
45, 0, 20, 0, 0, 0.0
45, 1, 0, 0, 0, 0.0
45, 1, 1, 0, 0, 0.0
45, 1, 2, 0, 0, 0.0
45, 1, 3, 0, 0, 0.0
45, 1, 4, 0, 0, 0.0
45, 1, 5, 0, 0, 0.0
45, 1, 6, 0, 0, 0.0
45, 1, 7, 0, 0, 0.0
45, 1, 8, 0, 0, 0.0
45, 1, 9, 0, 0, 0.0
45, 1, 10, 0, 0, 0.0
45, 1, 11, 0, 0, 0.0
45, 1, 12, 0, 0, 0.0
45, 1, 13, 0, 0, 0.0
45, 1, 14, 0, 0, 0.0
45, 1, 15, 0, 0, 0.0
45, 1, 16, 0, 0, 0.0
45, 1, 17, 0, 0, 0.0
45, 1, 18, 0, 0, 0.0
45, 1, 19, 0, 0, 0.0
45, 1, 20, 0, 0, 0.0
46, 0, 0, 0, 0, 0.0
46, 0, 1, 0, 0, 0.0
46, 0, 2, 0, 0, 0.0
46, 0, 3, 0, 0, 0.0
46, 0, 4, 0, 0, 0.0
46, 0, 5, 0, 0, 0.0
46, 0, 6, 0, 0, 0.0
46, 0, 7, 0, 0, 0.0
46, 0, 8, 0, 0, 0.0
46, 0, 9, 0, 0, 0.0
46, 0, 10, 0, 0, 0.0
46, 0, 11, 0, 0, 0.0
46, 0, 12, 0, 0, 0.0
46, 0, 13, 0, 0, 0.0
46, 0, 14, 0, 0, 0.0
46, 0, 15, 0, 0, 0.0
46, 0, 16, 0, 0, 0.0
46, 0, 17, 0, 0, 0.0
46, 0, 18, 0, 0, 0.0
46, 0, 19, 0, 0, 0.0
46, 0, 20, 0, 0, 0.0
46, 1, 0, 0, 0, 0.0
46, 1, 1, 0, 0, 0.0
46, 1, 2, 0, 0, 0.0
46, 1, 3, 0, 0, 0.0
46, 1, 4, 0, 0, 0.0
46, 1, 5, 0, 0, 0.0
46, 1, 6, 0, 0, 0.0
46, 1, 7, 0, 0, 0.0
46, 1, 8, 0, 0, 0.0
46, 1, 9, 0, 0, 0.0
46, 1, 10, 0, 0, 0.0
46, 1, 11, 0, 0, 0.0
46, 1, 12, 0, 0, 0.0
46, 1, 13, 0, 0, 0.0
46, 1, 14, 0, 0, 0.0
46, 1, 15, 0, 0, 0.0
46, 1, 16, 0, 0, 0.0
46, 1, 17, 0, 0, 0.0
46, 1, 18, 0, 0, 0.0
46, 1, 19, 0, 0, 0.0
46, 1, 20, 0, 0, 0.0
