0, 0, 0, 0, 0, 0.0
0, 0, 1, 0, 0, 0.0
0, 0, 2, 0, 0, 0.0
0, 0, 3, 0, 0, 0.0
0, 0, 4, 0, 0, 0.0
0, 0, 5, 0, 0, 0.0
0, 0, 6, 0, 0, 0.0
0, 0, 7, 0, 0, 0.0
0, 0, 8, 0, 0, 0.0
0, 0, 9, 0, 0, 0.0
0, 0, 10, 0, 0, 0.0
0, 0, 11, 0, 0, 0.0
0, 0, 12, 0, 0, 0.0
0, 0, 13, 0, 0, 0.0
0, 0, 14, 0, 0, 0.0
0, 0, 15, 0, 0, 0.0
0, 0, 16, 0, 0, 0.0
0, 0, 17, 0, 0, 0.0
0, 0, 18, 0, 0, 0.0
0, 0, 19, 0, 0, 0.0
0, 0, 20, 0, 0, 0.0
0, 1, 0, 0, 0, 0.0
0, 1, 1, 0, 0, 0.0
0, 1, 2, 0, 0, 0.0
0, 1, 3, 0, 0, 0.0
0, 1, 4, 0, 0, 0.0
0, 1, 5, 0, 0, 0.0
0, 1, 6, 0, 0, 0.0
0, 1, 7, 0, 0, 0.0
0, 1, 8, 0, 0, 0.0
0, 1, 9, 0, 0, 0.0
0, 1, 10, 0, 0, 0.0
0, 1, 11, 0, 0, 0.0
0, 1, 12, 0, 0, 0.0
0, 1, 13, 0, 0, 0.0
0, 1, 14, 0, 0, 0.0
0, 1, 15, 0, 0, 0.0
0, 1, 16, 0, 0, 0.0
0, 1, 17, 0, 0, 0.0
0, 1, 18, 0, 0, 0.0
0, 1, 19, 0, 0, 0.0
0, 1, 20, 0, 0, 0.0
1, 0, 0, 0, 0, 0.0
1, 0, 1, 0, 0, 0.0
1, 0, 2, 0, 0, 0.0
1, 0, 3, 0, 0, 0.0
1, 0, 4, 0, 0, 0.0
1, 0, 5, 0, 0, 0.0
1, 0, 6, 0, 0, 0.0
1, 0, 7, 0, 0, 0.0
1, 0, 8, 0, 0, 0.0
1, 0, 9, 0, 0, 0.0
1, 0, 10, 0, 0, 0.0
1, 0, 11, 0, 0, 0.0
1, 0, 12, 0, 0, 0.0
1, 0, 13, 0, 0, 0.0
1, 0, 14, 0, 0, 0.0
1, 0, 15, 0, 0, 0.0
1, 0, 16, 0, 0, 0.0
1, 0, 17, 0, 0, 0.0
1, 0, 18, 0, 0, 0.0
1, 0, 19, 0, 0, 0.0
1, 0, 20, 0, 0, 0.0
1, 1, 0, 0, 0, 0.0
1, 1, 1, 0, 0, 0.0
1, 1, 2, 0, 0, 0.0
1, 1, 3, 0, 0, 0.0
1, 1, 4, 0, 0, 0.0
1, 1, 5, 0, 0, 0.0
1, 1, 6, 0, 0, 0.0
1, 1, 7, 0, 0, 0.0
1, 1, 8, 0, 0, 0.0
1, 1, 9, 0, 0, 0.0
1, 1, 10, 0, 0, 0.0
1, 1, 11, 0, 0, 0.0
1, 1, 12, 0, 0, 0.0
1, 1, 13, 0, 0, 0.0
1, 1, 14, 0, 0, 0.0
1, 1, 15, 0, 0, 0.0
1, 1, 16, 0, 0, 0.0
1, 1, 17, 0, 0, 0.0
1, 1, 18, 0, 0, 0.0
1, 1, 19, 0, 0, 0.0
1, 1, 20, 0, 0, 0.0
2, 0, 0, 0, 0, 0.0
2, 0, 1, 0, 0, 0.0
2, 0, 2, 0, 0, 0.0
2, 0, 3, 0, 0, 0.0
2, 0, 4, 0, 0, 0.0
2, 0, 5, 0, 0, 0.0
2, 0, 6, 0, 0, 0.0
2, 0, 7, 0, 0, 0.0
2, 0, 8, 0, 0, 0.0
2, 0, 9, 0, 0, 0.0
2, 0, 10, 0, 0, 0.0
2, 0, 11, 0, 0, 0.0
2, 0, 12, 0, 0, 0.0
2, 0, 13, 0, 0, 0.0
2, 0, 14, 0, 0, 0.0
2, 0, 15, 0, 0, 0.0
2, 0, 16, 0, 0, 0.0
2, 0, 17, 0, 0, 0.0
2, 0, 18, 0, 0, 0.0
2, 0, 19, 0, 0, 0.0
2, 0, 20, 0, 0, 0.0
2, 1, 0, 0, 0, 0.0
2, 1, 1, 0, 0, 0.0
2, 1, 2, 0, 0, 0.0
2, 1, 3, 0, 0, 0.0
2, 1, 4, 0, 0, 0.0
2, 1, 5, 0, 0, 0.0
2, 1, 6, 0, 0, 0.0
2, 1, 7, 0, 0, 0.0
2, 1, 8, 0, 0, 0.0
2, 1, 9, 0, 0, 0.0
2, 1, 10, 0, 0, 0.0
2, 1, 11, 0, 0, 0.0
2, 1, 12, 0, 0, 0.0
2, 1, 13, 0, 0, 0.0
2, 1, 14, 0, 0, 0.0
2, 1, 15, 0, 0, 0.0
2, 1, 16, 0, 0, 0.0
2, 1, 17, 0, 0, 0.0
2, 1, 18, 0, 0, 0.0
2, 1, 19, 0, 0, 0.0
2, 1, 20, 0, 0, 0.0
3, 0, 0, 0, 0, 0.0
3, 0, 1, 0, 0, 0.0
3, 0, 2, 0, 0, 0.0
3, 0, 3, 0, 0, 0.0
3, 0, 4, 0, 0, 0.0
3, 0, 5, 0, 0, 0.0
3, 0, 6, 0, 0, 0.0
3, 0, 7, 0, 0, 0.0
3, 0, 8, 0, 0, 0.0
3, 0, 9, 0, 0, 0.0
3, 0, 10, 0, 0, 0.0
3, 0, 11, 0, 0, 0.0
3, 0, 12, 0, 0, 0.0
3, 0, 13, 0, 0, 0.0
3, 0, 14, 0, 0, 0.0
3, 0, 15, 0, 0, 0.0
3, 0, 16, 0, 0, 0.0
3, 0, 17, 0, 0, 0.0
3, 0, 18, 0, 0, 0.0
3, 0, 19, 0, 0, 0.0
3, 0, 20, 0, 0, 0.0
3, 1, 0, 0, 0, 0.0
3, 1, 1, 0, 0, 0.0
3, 1, 2, 0, 0, 0.0
3, 1, 3, 0, 0, 0.0
3, 1, 4, 0, 0, 0.0
3, 1, 5, 0, 0, 0.0
3, 1, 6, 0, 0, 0.0
3, 1, 7, 0, 0, 0.0
3, 1, 8, 0, 0, 0.0
3, 1, 9, 0, 0, 0.0
3, 1, 10, 0, 0, 0.0
3, 1, 11, 0, 0, 0.0
3, 1, 12, 0, 0, 0.0
3, 1, 13, 0, 0, 0.0
3, 1, 14, 0, 0, 0.0
3, 1, 15, 0, 0, 0.0
3, 1, 16, 0, 0, 0.0
3, 1, 17, 0, 0, 0.0
3, 1, 18, 0, 0, 0.0
3, 1, 19, 0, 0, 0.0
3, 1, 20, 0, 0, 0.0
4, 0, 0, 0, 0, 0.0
4, 0, 1, 0, 0, 0.0
4, 0, 2, 0, 0, 0.0
4, 0, 3, 0, 0, 0.0
4, 0, 4, 0, 0, 0.0
4, 0, 5, 0, 0, 0.0
4, 0, 6, 0, 0, 0.0
4, 0, 7, 0, 0, 0.0
4, 0, 8, 0, 0, 0.0
4, 0, 9, 0, 0, 0.0
4, 0, 10, 0, 0, 0.0
4, 0, 11, 0, 0, 0.0
4, 0, 12, 0, 0, 0.0
4, 0, 13, 0, 0, 0.0
4, 0, 14, 0, 0, 0.0
4, 0, 15, 0, 0, 0.0
4, 0, 16, 0, 0, 0.0
4, 0, 17, 0, 0, 0.0
4, 0, 18, 0, 0, 0.0
4, 0, 19, 0, 0, 0.0
4, 0, 20, 0, 0, 0.0
4, 1, 0, 0, 0, 0.0
4, 1, 1, 0, 0, 0.0
4, 1, 2, 0, 0, 0.0
4, 1, 3, 0, 0, 0.0
4, 1, 4, 0, 0, 0.0
4, 1, 5, 0, 0, 0.0
4, 1, 6, 0, 0, 0.0
4, 1, 7, 0, 0, 0.0
4, 1, 8, 0, 0, 0.0
4, 1, 9, 0, 0, 0.0
4, 1, 10, 0, 0, 0.0
4, 1, 11, 0, 0, 0.0
4, 1, 12, 0, 0, 0.0
4, 1, 13, 0, 0, 0.0
4, 1, 14, 0, 0, 0.0
4, 1, 15, 0, 0, 0.0
4, 1, 16, 0, 0, 0.0
4, 1, 17, 0, 0, 0.0
4, 1, 18, 0, 0, 0.0
4, 1, 19, 0, 0, 0.0
4, 1, 20, 0, 0, 0.0
5, 0, 0, 0, 0, 0.0
5, 0, 1, 0, 0, 0.0
5, 0, 2, 0, 0, 0.0
5, 0, 3, 0, 0, 0.0
5, 0, 4, 0, 0, 0.0
5, 0, 5, 0, 0, 0.0
5, 0, 6, 0, 0, 0.0
5, 0, 7, 0, 0, 0.0
5, 0, 8, 0, 0, 0.0
5, 0, 9, 0, 0, 0.0
5, 0, 10, 0, 0, 0.0
5, 0, 11, 0, 0, 0.0
5, 0, 12, 0, 0, 0.0
5, 0, 13, 0, 0, 0.0
5, 0, 14, 0, 0, 0.0
5, 0, 15, 0, 0, 0.0
5, 0, 16, 0, 0, 0.0
5, 0, 17, 0, 0, 0.0
5, 0, 18, 0, 0, 0.0
5, 0, 19, 0, 0, 0.0
5, 0, 20, 0, 0, 0.0
5, 1, 0, 0, 0, 0.0
5, 1, 1, 0, 0, 0.0
5, 1, 2, 0, 0, 0.0
5, 1, 3, 0, 0, 0.0
5, 1, 4, 0, 0, 0.0
5, 1, 5, 0, 0, 0.0
5, 1, 6, 0, 0, 0.0
5, 1, 7, 0, 0, 0.0
5, 1, 8, 0, 0, 0.0
5, 1, 9, 0, 0, 0.0
5, 1, 10, 0, 0, 0.0
5, 1, 11, 0, 0, 0.0
5, 1, 12, 0, 0, 0.0
5, 1, 13, 0, 0, 0.0
5, 1, 14, 0, 0, 0.0
5, 1, 15, 0, 0, 0.0
5, 1, 16, 0, 0, 0.0
5, 1, 17, 0, 0, 0.0
5, 1, 18, 0, 0, 0.0
5, 1, 19, 0, 0, 0.0
5, 1, 20, 0, 0, 0.0
6, 0, 0, 0, 0, 0.0
6, 0, 1, 0, 0, 0.0
6, 0, 2, 0, 0, 0.0
6, 0, 3, 0, 0, 0.0
6, 0, 4, 0, 0, 0.0
6, 0, 5, 0, 0, 0.0
6, 0, 6, 0, 0, 0.0
6, 0, 7, 0, 0, 0.0
6, 0, 8, 0, 0, 0.0
6, 0, 9, 0, 0, 0.0
6, 0, 10, 0, 0, 0.0
6, 0, 11, 0, 0, 0.0
6, 0, 12, 0, 0, 0.0
6, 0, 13, 0, 0, 0.0
6, 0, 14, 0, 0, 0.0
6, 0, 15, 0, 0, 0.0
6, 0, 16, 0, 0, 0.0
6, 0, 17, 0, 0, 0.0
6, 0, 18, 0, 0, 0.0
6, 0, 19, 0, 0, 0.0
6, 0, 20, 0, 0, 0.0
6, 1, 0, 0, 0, 0.0
6, 1, 1, 0, 0, 0.0
6, 1, 2, 0, 0, 0.0
6, 1, 3, 0, 0, 0.0
6, 1, 4, 0, 0, 0.0
6, 1, 5, 0, 0, 0.0
6, 1, 6, 0, 0, 0.0
6, 1, 7, 0, 0, 0.0
6, 1, 8, 0, 0, 0.0
6, 1, 9, 0, 0, 0.0
6, 1, 10, 0, 0, 0.0
6, 1, 11, 0, 0, 0.0
6, 1, 12, 0, 0, 0.0
6, 1, 13, 0, 0, 0.0
6, 1, 14, 0, 0, 0.0
6, 1, 15, 0, 0, 0.0
6, 1, 16, 0, 0, 0.0
6, 1, 17, 0, 0, 0.0
6, 1, 18, 0, 0, 0.0
6, 1, 19, 0, 0, 0.0
6, 1, 20, 0, 0, 0.0
7, 0, 0, 0, 0, 0.0
7, 0, 1, 0, 0, 0.0
7, 0, 2, 0, 0, 0.0
7, 0, 3, 0, 0, 0.0
7, 0, 4, 0, 0, 0.0
7, 0, 5, 0, 0, 0.0
7, 0, 6, 0, 0, 0.0
7, 0, 7, 0, 0, 0.0
7, 0, 8, 0, 0, 0.0
7, 0, 9, 0, 0, 0.0
7, 0, 10, 0, 0, 0.0
7, 0, 11, 0, 0, 0.0
7, 0, 12, 0, 0, 0.0
7, 0, 13, 0, 0, 0.0
7, 0, 14, 0, 0, 0.0
7, 0, 15, 0, 0, 0.0
7, 0, 16, 0, 0, 0.0
7, 0, 17, 0, 0, 0.0
7, 0, 18, 0, 0, 0.0
7, 0, 19, 0, 0, 0.0
7, 0, 20, 0, 0, 0.0
7, 1, 0, 0, 0, 0.0
7, 1, 1, 0, 0, 0.0
7, 1, 2, 0, 0, 0.0
7, 1, 3, 0, 0, 0.0
7, 1, 4, 0, 0, 0.0
7, 1, 5, 0, 0, 0.0
7, 1, 6, 0, 0, 0.0
7, 1, 7, 0, 0, 0.0
7, 1, 8, 0, 0, 0.0
7, 1, 9, 0, 0, 0.0
7, 1, 10, 0, 0, 0.0
7, 1, 11, 0, 0, 0.0
7, 1, 12, 0, 0, 0.0
7, 1, 13, 0, 0, 0.0
7, 1, 14, 0, 0, 0.0
7, 1, 15, 0, 0, 0.0
7, 1, 16, 0, 0, 0.0
7, 1, 17, 0, 0, 0.0
7, 1, 18, 0, 0, 0.0
7, 1, 19, 0, 0, 0.0
7, 1, 20, 0, 0, 0.0
8, 0, 0, 0, 0, 0.0
8, 0, 1, 0, 0, 0.0
8, 0, 2, 0, 0, 0.0
8, 0, 3, 0, 0, 0.0
8, 0, 4, 0, 0, 0.0
8, 0, 5, 0, 0, 0.0
8, 0, 6, 0, 0, 0.0
8, 0, 7, 0, 0, 0.0
8, 0, 8, 0, 0, 0.0
8, 0, 9, 0, 0, 0.0
8, 0, 10, 0, 0, 0.0
8, 0, 11, 0, 0, 0.0
8, 0, 12, 0, 0, 0.0
8, 0, 13, 0, 0, 0.0
8, 0, 14, 0, 0, 0.0
8, 0, 15, 0, 0, 0.0
8, 0, 16, 0, 0, 0.0
8, 0, 17, 0, 0, 0.0
8, 0, 18, 0, 0, 0.0
8, 0, 19, 0, 0, 0.0
8, 0, 20, 0, 0, 0.0
8, 1, 0, 0, 0, 0.0
8, 1, 1, 0, 0, 0.0
8, 1, 2, 0, 0, 0.0
8, 1, 3, 0, 0, 0.0
8, 1, 4, 0, 0, 0.0
8, 1, 5, 0, 0, 0.0
8, 1, 6, 0, 0, 0.0
8, 1, 7, 0, 0, 0.0
8, 1, 8, 0, 0, 0.0
8, 1, 9, 0, 0, 0.0
8, 1, 10, 0, 0, 0.0
8, 1, 11, 0, 0, 0.0
8, 1, 12, 0, 0, 0.0
8, 1, 13, 0, 0, 0.0
8, 1, 14, 0, 0, 0.0
8, 1, 15, 0, 0, 0.0
8, 1, 16, 0, 0, 0.0
8, 1, 17, 0, 0, 0.0
8, 1, 18, 0, 0, 0.0
8, 1, 19, 0, 0, 0.0
8, 1, 20, 0, 0, 0.0
9, 0, 0, 349, 413, 2.385419861639093e-07
9, 0, 1, 347, 394, -0.011797512881457806
9, 0, 2, 349, 367, -0.019516434520483017
9, 0, 3, 353, 346, -0.02612299844622612
9, 0, 4, 357, 331, -0.03314056992530823
9, 0, 5, 360, 361, -0.024912606924772263
9, 0, 6, 364, 331, -0.04407414048910141
9, 0, 7, 369, 307, -0.05802793428301811
9, 0, 8, 372, 287, -0.06662582606077194
9, 0, 9, 358, 361, -0.02725054882466793
9, 0, 10, 363, 329, -0.044024109840393066
9, 0, 11, 367, 305, -0.05459621176123619
9, 0, 12, 370, 283, -0.061486877501010895
9, 0, 13, 354, 361, -0.030327333137392998
9, 0, 14, 359, 331, -0.044178977608680725
9, 0, 15, 363, 309, -0.049450524151325226
9, 0, 16, 367, 290, -0.0520559698343277
9, 0, 17, 348, 362, -0.034460633993148804
9, 0, 18, 352, 339, -0.04417705163359642
9, 0, 19, 356, 323, -0.046495236456394196
9, 0, 20, 360, 309, -0.047615088522434235
9, 1, 0, 0, 0, 0.0
9, 1, 1, 0, 0, 0.0
9, 1, 2, 0, 0, 0.0
9, 1, 3, 0, 0, 0.0
9, 1, 4, 0, 0, 0.0
9, 1, 5, 0, 0, 0.0
9, 1, 6, 0, 0, 0.0
9, 1, 7, 0, 0, 0.0
9, 1, 8, 0, 0, 0.0
9, 1, 9, 0, 0, 0.0
9, 1, 10, 0, 0, 0.0
9, 1, 11, 0, 0, 0.0
9, 1, 12, 0, 0, 0.0
9, 1, 13, 0, 0, 0.0
9, 1, 14, 0, 0, 0.0
9, 1, 15, 0, 0, 0.0
9, 1, 16, 0, 0, 0.0
9, 1, 17, 0, 0, 0.0
9, 1, 18, 0, 0, 0.0
9, 1, 19, 0, 0, 0.0
9, 1, 20, 0, 0, 0.0
10, 0, 0, 349, 401, 3.618455650666874e-07
10, 0, 1, 343, 382, -0.011912448331713676
10, 0, 2, 348, 356, -0.015759306028485298
10, 0, 3, 355, 333, -0.018226711079478264
10, 0, 4, 359, 315, -0.02012287825345993
10, 0, 5, 357, 345, -0.009966183453798294
10, 0, 6, 362, 319, -0.02215578220784664
10, 0, 7, 366, 296, -0.032427918165922165
10, 0, 8, 368, 277, -0.03931209072470665
10, 0, 9, 357, 344, -0.01035919040441513
10, 0, 10, 362, 316, -0.020124414935708046
10, 0, 11, 366, 293, -0.028941523283720016
10, 0, 12, 370, 272, -0.03518589213490486
10, 0, 13, 354, 345, -0.012187846936285496
10, 0, 14, 358, 318, -0.021693821996450424
10, 0, 15, 361, 297, -0.028286179527640343
10, 0, 16, 364, 279, -0.03244328871369362
10, 0, 17, 347, 346, -0.015243290923535824
10, 0, 18, 351, 326, -0.022942621260881424
10, 0, 19, 353, 312, -0.02636323682963848
10, 0, 20, 356, 299, -0.028328029438853264
10, 1, 0, 0, 0, 0.0
10, 1, 1, 0, 0, 0.0
10, 1, 2, 0, 0, 0.0
10, 1, 3, 0, 0, 0.0
10, 1, 4, 0, 0, 0.0
10, 1, 5, 0, 0, 0.0
10, 1, 6, 0, 0, 0.0
10, 1, 7, 0, 0, 0.0
10, 1, 8, 0, 0, 0.0
10, 1, 9, 0, 0, 0.0
10, 1, 10, 0, 0, 0.0
10, 1, 11, 0, 0, 0.0
10, 1, 12, 0, 0, 0.0
10, 1, 13, 0, 0, 0.0
10, 1, 14, 0, 0, 0.0
10, 1, 15, 0, 0, 0.0
10, 1, 16, 0, 0, 0.0
10, 1, 17, 0, 0, 0.0
10, 1, 18, 0, 0, 0.0
10, 1, 19, 0, 0, 0.0
10, 1, 20, 0, 0, 0.0
11, 0, 0, 282, 370, -5.526107571540706e-08
11, 0, 1, 300, 350, -0.0038939143996685743
11, 0, 2, 308, 324, -0.009693475440144539
11, 0, 3, 314, 305, -0.017400948330760002
11, 0, 4, 317, 294, -0.023599278181791306
11, 0, 5, 274, 299, -0.009469287469983101
11, 0, 6, 278, 278, -0.026728555560112
11, 0, 7, 293, 283, -0.036515168845653534
11, 0, 8, 305, 289, -0.041688837110996246
11, 0, 9, 264, 306, -0.01627763733267784
11, 0, 10, 295, 300, -0.033563852310180664
11, 0, 11, 300, 315, -0.03663283586502075
11, 0, 12, 293, 322, -0.03762579709291458
11, 0, 13, 259, 319, -0.024711888283491135
11, 0, 14, 293, 316, -0.04069209098815918
11, 0, 15, 295, 329, -0.03527497500181198
11, 0, 16, 287, 334, -0.030288266018033028
11, 0, 17, 257, 334, -0.03391940891742706
11, 0, 18, 284, 330, -0.04346007481217384
11, 0, 19, 286, 339, -0.037510622292757034
11, 0, 20, 279, 345, -0.031951069831848145
11, 1, 0, 341, 387, 3.290456334070768e-07
11, 1, 1, 338, 363, -0.0016316177789121866
11, 1, 2, 344, 335, -0.0030325530096888542
11, 1, 3, 348, 315, -0.005111239850521088
11, 1, 4, 348, 299, -0.007548315450549126
11, 1, 5, 357, 331, -0.00546602625399828
11, 1, 6, 365, 305, -0.01732609048485756
11, 1, 7, 369, 283, -0.02744201570749283
11, 1, 8, 371, 264, -0.03434228152036667
11, 1, 9, 358, 332, -0.011931370012462139
11, 1, 10, 363, 303, -0.021503474563360214
11, 1, 11, 366, 279, -0.031239904463291168
11, 1, 12, 369, 258, -0.038362253457307816
11, 1, 13, 353, 335, -0.018693523481488228
11, 1, 14, 357, 307, -0.02850518561899662
11, 1, 15, 360, 286, -0.03696150705218315
11, 1, 16, 363, 267, -0.042854614555835724
11, 1, 17, 344, 340, -0.025442391633987427
11, 1, 18, 345, 324, -0.03474046662449837
11, 1, 19, 345, 310, -0.03965438902378082
11, 1, 20, 345, 298, -0.04293455556035042
12, 0, 0, 272, 378, -2.06570547334195e-07
12, 0, 1, 294, 358, -7.12796172592789e-05
12, 0, 2, 305, 332, -0.005608027335256338
12, 0, 3, 310, 313, -0.014931600540876389
12, 0, 4, 313, 300, -0.02244940586388111
12, 0, 5, 280, 303, -0.005168537609279156
12, 0, 6, 290, 279, -0.027459340170025826
12, 0, 7, 309, 281, -0.039438456296920776
12, 0, 8, 321, 291, -0.043164025992155075
12, 0, 9, 270, 308, -0.014347369782626629
12, 0, 10, 309, 308, -0.0337512381374836
12, 0, 11, 314, 325, -0.03785119578242302
12, 0, 12, 304, 332, -0.037758368998765945
12, 0, 13, 265, 320, -0.0253861453384161
12, 0, 14, 305, 324, -0.043155454099178314
12, 0, 15, 306, 340, -0.03992119058966637
12, 0, 16, 296, 343, -0.03498242795467377
12, 0, 17, 263, 333, -0.03696360066533089
12, 0, 18, 296, 337, -0.04598681628704071
12, 0, 19, 298, 350, -0.04022273048758507
12, 0, 20, 291, 356, -0.033346328884363174
12, 1, 0, 335, 382, 2.830012419963168e-07
12, 1, 1, 332, 354, 0.001662804395891726
12, 1, 2, 335, 328, 0.00025488549727015197
12, 1, 3, 337, 309, -0.0026525675784796476
12, 1, 4, 338, 291, -0.006232944317162037
12, 1, 5, 349, 324, -0.003130235942080617
12, 1, 6, 356, 297, -0.014534998685121536
12, 1, 7, 360, 276, -0.023559896275401115
12, 1, 8, 364, 258, -0.030207809060811996
12, 1, 9, 350, 327, -0.012086589820683002
12, 1, 10, 356, 296, -0.022223208099603653
12, 1, 11, 361, 272, -0.03134877234697342
12, 1, 12, 365, 250, -0.038629863411188126
12, 1, 13, 345, 331, -0.02148526720702648
12, 1, 14, 352, 300, -0.03227764740586281
12, 1, 15, 356, 278, -0.04101743921637535
12, 1, 16, 360, 260, -0.04757924750447273
12, 1, 17, 335, 335, -0.030473001301288605
12, 1, 18, 338, 317, -0.04231208935379982
12, 1, 19, 339, 303, -0.049301452934741974
12, 1, 20, 339, 290, -0.0543394461274147
13, 0, 0, 337, 376, 2.872717459467822e-07
13, 0, 1, 343, 349, 0.009694973938167095
13, 0, 2, 346, 323, 0.010073531419038773
13, 0, 3, 346, 303, 0.007437794003635645
13, 0, 4, 346, 287, 0.0029542178381234407
13, 0, 5, 346, 318, -0.004380722530186176
13, 0, 6, 352, 289, -0.01782544143497944
13, 0, 7, 357, 267, -0.02823442406952381
13, 0, 8, 361, 247, -0.03593291714787483
13, 0, 9, 346, 319, -0.018094802275300026
13, 0, 10, 350, 287, -0.030378466472029686
13, 0, 11, 355, 262, -0.0409654825925827
13, 0, 12, 362, 239, -0.049519509077072144
13, 0, 13, 341, 323, -0.030810782685875893
13, 0, 14, 344, 292, -0.04229974001646042
13, 0, 15, 349, 270, -0.051158107817173004
13, 0, 16, 355, 251, -0.058404501527547836
13, 0, 17, 332, 329, -0.04228537902235985
13, 0, 18, 334, 310, -0.054410334676504135
13, 0, 19, 336, 296, -0.060506872832775116
13, 0, 20, 338, 283, -0.06517849862575531
13, 1, 0, 0, 0, 0.0
13, 1, 1, 0, 0, 0.0
13, 1, 2, 0, 0, 0.0
13, 1, 3, 0, 0, 0.0
13, 1, 4, 0, 0, 0.0
13, 1, 5, 0, 0, 0.0
13, 1, 6, 0, 0, 0.0
13, 1, 7, 0, 0, 0.0
13, 1, 8, 0, 0, 0.0
13, 1, 9, 0, 0, 0.0
13, 1, 10, 0, 0, 0.0
13, 1, 11, 0, 0, 0.0
13, 1, 12, 0, 0, 0.0
13, 1, 13, 0, 0, 0.0
13, 1, 14, 0, 0, 0.0
13, 1, 15, 0, 0, 0.0
13, 1, 16, 0, 0, 0.0
13, 1, 17, 0, 0, 0.0
13, 1, 18, 0, 0, 0.0
13, 1, 19, 0, 0, 0.0
13, 1, 20, 0, 0, 0.0
14, 0, 0, 279, 378, -1.697956548696311e-07
14, 0, 1, 300, 356, -0.0022115211468189955
14, 0, 2, 307, 329, -0.008446330204606056
14, 0, 3, 306, 308, -0.01787640154361725
14, 0, 4, 304, 293, -0.02531769871711731
14, 0, 5, 279, 304, -0.010272962041199207
14, 0, 6, 278, 279, -0.03524016961455345
14, 0, 7, 295, 281, -0.047808192670345306
14, 0, 8, 308, 290, -0.05165238305926323
14, 0, 9, 266, 311, -0.01887122169137001
14, 0, 10, 299, 308, -0.04348554089665413
14, 0, 11, 308, 327, -0.04580462723970413
14, 0, 12, 302, 335, -0.04250349476933479
14, 0, 13, 258, 324, -0.02963394857943058
14, 0, 14, 295, 329, -0.052934158593416214
14, 0, 15, 298, 345, -0.047481995075941086
14, 0, 16, 290, 349, -0.038884084671735764
14, 0, 17, 253, 339, -0.040894296020269394
14, 0, 18, 283, 342, -0.05295978859066963
14, 0, 19, 285, 354, -0.04606693983078003
14, 0, 20, 277, 358, -0.03754200413823128
14, 1, 0, 338, 374, 2.9764407827315154e-07
14, 1, 1, 345, 348, 0.006034041754901409
14, 1, 2, 350, 321, 0.006302075460553169
14, 1, 3, 352, 300, 0.004055876284837723
14, 1, 4, 352, 283, 0.0006502828327938914
14, 1, 5, 353, 316, -0.0021394151262938976
14, 1, 6, 359, 286, -0.015931816771626472
14, 1, 7, 363, 262, -0.026396598666906357
14, 1, 8, 367, 242, -0.03324562683701515
14, 1, 9, 351, 317, -0.013246149756014347
14, 1, 10, 356, 282, -0.025634093210101128
14, 1, 11, 361, 257, -0.03624870255589485
14, 1, 12, 366, 235, -0.043742835521698
14, 1, 13, 344, 320, -0.02398713305592537
14, 1, 14, 350, 289, -0.035432081669569016
14, 1, 15, 355, 267, -0.043952956795692444
14, 1, 16, 359, 249, -0.0498596727848053
14, 1, 17, 334, 324, -0.03404378890991211
14, 1, 18, 338, 306, -0.04397338628768921
14, 1, 19, 340, 293, -0.04843529686331749
14, 1, 20, 342, 282, -0.05149990692734718
15, 0, 0, 263, 375, -1.4231831357847113e-07
15, 0, 1, 287, 354, 0.0008112614159472287
15, 0, 2, 294, 322, -0.0015300011727958918
15, 0, 3, 294, 298, -0.0074233426712453365
15, 0, 4, 292, 279, -0.012533971108496189
15, 0, 5, 267, 299, -0.0038240128196775913
15, 0, 6, 269, 271, -0.024053258821368217
15, 0, 7, 283, 271, -0.036434561014175415
15, 0, 8, 294, 277, -0.041620783507823944
15, 0, 9, 256, 307, -0.012436559423804283
15, 0, 10, 287, 300, -0.03139517456293106
15, 0, 11, 293, 318, -0.035677239298820496
15, 0, 12, 286, 327, -0.03615301102399826
15, 0, 13, 249, 321, -0.022628672420978546
15, 0, 14, 283, 318, -0.041421592235565186
15, 0, 15, 286, 335, -0.037673160433769226
15, 0, 16, 279, 340, -0.03228495270013809
15, 0, 17, 246, 336, -0.03285332769155502
15, 0, 18, 274, 333, -0.04377494379878044
15, 0, 19, 277, 346, -0.03801678121089935
15, 0, 20, 270, 352, -0.03139039874076843
15, 1, 0, 338, 377, 2.569880166447547e-07
15, 1, 1, 344, 350, 0.008104423061013222
15, 1, 2, 350, 323, 0.00756811024621129
15, 1, 3, 354, 303, 0.0037906186189502478
15, 1, 4, 354, 287, -0.001456051366403699
15, 1, 5, 356, 319, -0.0029460047371685505
15, 1, 6, 361, 288, -0.01775970868766308
15, 1, 7, 365, 263, -0.028760366141796112
15, 1, 8, 369, 242, -0.036084674298763275
15, 1, 9, 354, 321, -0.01591973938047886
15, 1, 10, 360, 285, -0.02976032719016075
15, 1, 11, 364, 258, -0.04072682932019234
15, 1, 12, 369, 235, -0.04845285415649414
15, 1, 13, 348, 324, -0.02831510826945305
15, 1, 14, 354, 290, -0.040827758610248566
15, 1, 15, 359, 268, -0.04920181632041931
15, 1, 16, 363, 249, -0.05500883236527443
15, 1, 17, 338, 327, -0.039859574288129807
15, 1, 18, 342, 308, -0.05060895159840584
15, 1, 19, 343, 294, -0.05539581552147865
15, 1, 20, 344, 282, -0.058715444058179855
16, 0, 0, 270, 373, -1.0969891661716247e-07
16, 0, 1, 295, 345, 0.002356275450438261
16, 0, 2, 303, 317, -0.0036512762308120728
16, 0, 3, 304, 295, -0.013852322474122047
16, 0, 4, 306, 281, -0.02209026739001274
16, 0, 5, 273, 291, -0.007223717402666807
16, 0, 6, 276, 268, -0.02890668623149395
16, 0, 7, 295, 269, -0.03865380212664604
16, 0, 8, 309, 278, -0.04102447256445885
16, 0, 9, 263, 298, -0.018253346905112267
16, 0, 10, 304, 297, -0.041238557547330856
16, 0, 11, 309, 315, -0.04398583993315697
16, 0, 12, 299, 322, -0.041257668286561966
16, 0, 13, 259, 311, -0.03043493628501892
16, 0, 14, 302, 315, -0.05191453546285629
16, 0, 15, 302, 331, -0.046298786997795105
16, 0, 16, 292, 335, -0.038029901683330536
16, 0, 17, 259, 326, -0.04269945248961449
16, 0, 18, 293, 326, -0.05356082692742348
16, 0, 19, 295, 339, -0.04549451544880867
16, 0, 20, 287, 344, -0.03612750023603439
16, 1, 0, 337, 377, 2.382055441785269e-07
16, 1, 1, 345, 351, 0.0038807569071650505
16, 1, 2, 351, 325, 0.0021096111740916967
16, 1, 3, 354, 303, -0.0017769208643585443
16, 1, 4, 354, 285, -0.006914197932928801
16, 1, 5, 356, 318, -0.007010864559561014
16, 1, 6, 361, 288, -0.02207343466579914
16, 1, 7, 364, 264, -0.03319404274225235
16, 1, 8, 366, 243, -0.04091869294643402
16, 1, 9, 353, 320, -0.017976701259613037
16, 1, 10, 358, 284, -0.03136294335126877
16, 1, 11, 362, 258, -0.04163072630763054
16, 1, 12, 366, 235, -0.04932544752955437
16, 1, 13, 346, 323, -0.028765162453055382
16, 1, 14, 353, 291, -0.0416964553296566
16, 1, 15, 357, 269, -0.050697095692157745
16, 1, 16, 361, 250, -0.05720414221286774
16, 1, 17, 336, 328, -0.03899485990405083
16, 1, 18, 341, 310, -0.0511225089430809
16, 1, 19, 343, 296, -0.05730227380990982
16, 1, 20, 343, 284, -0.06171375513076782
17, 0, 0, 271, 373, -7.520961275986338e-08
17, 0, 1, 296, 347, 0.0012419396080076694
17, 0, 2, 303, 318, -0.006017089355736971
17, 0, 3, 302, 298, -0.017215026542544365
17, 0, 4, 302, 285, -0.027069339528679848
17, 0, 5, 272, 292, -0.009873270988464355
17, 0, 6, 273, 268, -0.03271479904651642
17, 0, 7, 289, 268, -0.04585065320134163
17, 0, 8, 303, 274, -0.05149839073419571
17, 0, 9, 262, 300, -0.02096174843609333
17, 0, 10, 304, 297, -0.0449875108897686
17, 0, 11, 309, 314, -0.04976540803909302
17, 0, 12, 299, 322, -0.04924089089035988
17, 0, 13, 258, 313, -0.0332060232758522
17, 0, 14, 303, 315, -0.055350497364997864
17, 0, 15, 303, 332, -0.05081460624933243
17, 0, 16, 293, 337, -0.043854426592588425
17, 0, 17, 259, 327, -0.04570288583636284
17, 0, 18, 294, 327, -0.05729208141565323
17, 0, 19, 295, 340, -0.049971532076597214
17, 0, 20, 287, 345, -0.041731078177690506
17, 1, 0, 337, 377, 2.395409239852597e-07
17, 1, 1, 345, 351, 0.0035666171461343765
17, 1, 2, 351, 324, 0.0017734125722199678
17, 1, 3, 354, 303, -0.0021569873206317425
17, 1, 4, 355, 285, -0.007333049550652504
17, 1, 5, 356, 318, -0.006718926597386599
17, 1, 6, 361, 287, -0.02197893150150776
17, 1, 7, 364, 263, -0.033402614295482635
17, 1, 8, 366, 242, -0.041353825479745865
17, 1, 9, 354, 319, -0.01767430640757084
17, 1, 10, 358, 284, -0.03126818314194679
17, 1, 11, 362, 258, -0.041928719729185104
17, 1, 12, 366, 235, -0.04987030103802681
17, 1, 13, 346, 322, -0.028513433411717415
17, 1, 14, 353, 290, -0.04181062430143356
17, 1, 15, 357, 269, -0.05107291415333748
17, 1, 16, 361, 250, -0.05768116936087608
17, 1, 17, 336, 328, -0.038831472396850586
17, 1, 18, 341, 309, -0.051359836012125015
17, 1, 19, 343, 296, -0.05768415704369545
17, 1, 20, 343, 284, -0.062120188027620316
18, 0, 0, 273, 380, -2.479220597706444e-07
18, 0, 1, 293, 356, 0.002605162328109145
18, 0, 2, 301, 329, -0.002060804981738329
18, 0, 3, 303, 310, -0.01053051371127367
18, 0, 4, 305, 298, -0.017244815826416016
18, 0, 5, 286, 302, -0.0063744294457137585
18, 0, 6, 297, 275, -0.026958711445331573
18, 0, 7, 316, 280, -0.039510224014520645
18, 0, 8, 326, 291, -0.04415185749530792
18, 0, 9, 278, 307, -0.016266129910945892
18, 0, 10, 315, 308, -0.0340842604637146
18, 0, 11, 318, 325, -0.03877091780304909
18, 0, 12, 309, 335, -0.03971715271472931
18, 0, 13, 274, 318, -0.027109788730740547
18, 0, 14, 312, 324, -0.04165410250425339
18, 0, 15, 311, 339, -0.03894355148077011
18, 0, 16, 302, 345, -0.03530925139784813
18, 0, 17, 274, 331, -0.03825352340936661
18, 0, 18, 305, 335, -0.04425882548093796
18, 0, 19, 306, 349, -0.03733748570084572
18, 0, 20, 299, 356, -0.03041788749396801
18, 1, 0, 339, 377, 2.0870082551027735e-07
18, 1, 1, 345, 349, 0.0080826161429286
18, 1, 2, 348, 323, 0.007155584637075663
18, 1, 3, 348, 302, 0.0035178374964743853
18, 1, 4, 347, 285, -0.0018748060101643205
18, 1, 5, 350, 315, -0.007417686749249697
18, 1, 6, 353, 285, -0.02171274460852146
18, 1, 7, 355, 263, -0.03181999921798706
18, 1, 8, 358, 244, -0.03927366062998772
18, 1, 9, 350, 318, -0.020916344597935677
18, 1, 10, 352, 283, -0.03420799970626831
18, 1, 11, 355, 257, -0.0437563993036747
18, 1, 12, 359, 235, -0.051594868302345276
18, 1, 13, 343, 325, -0.03389570862054825
18, 1, 14, 347, 291, -0.04717088118195534
18, 1, 15, 351, 270, -0.05635569989681244
18, 1, 16, 356, 252, -0.0635741651058197
18, 1, 17, 333, 333, -0.04572993889451027
18, 1, 18, 335, 313, -0.06054667383432388
18, 1, 19, 337, 298, -0.06869586557149887
18, 1, 20, 339, 285, -0.07469772547483444
19, 0, 0, 338, 379, 2.2065523808123544e-07
19, 0, 1, 345, 351, 0.008519669063389301
19, 0, 2, 349, 326, 0.007285331841558218
19, 0, 3, 350, 306, 0.003125939052551985
19, 0, 4, 349, 291, -0.0027811559848487377
19, 0, 5, 349, 318, -0.004884281661361456
19, 0, 6, 352, 289, -0.020063789561390877
19, 0, 7, 355, 268, -0.03145280480384827
19, 0, 8, 359, 249, -0.03931983932852745
19, 0, 9, 348, 320, -0.01796399988234043
19, 0, 10, 350, 286, -0.031563714146614075
19, 0, 11, 354, 261, -0.04186474531888962
19, 0, 12, 358, 238, -0.04983822628855705
19, 0, 13, 343, 325, -0.030481776222586632
19, 0, 14, 346, 292, -0.04335345700383186
19, 0, 15, 350, 271, -0.0519704632461071
19, 0, 16, 354, 253, -0.058498941361904144
19, 0, 17, 334, 332, -0.04196351021528244
19, 0, 18, 336, 313, -0.05474642291665077
19, 0, 19, 337, 299, -0.06130809336900711
19, 0, 20, 338, 287, -0.06615244597196579
19, 1, 0, 0, 0, 0.0
19, 1, 1, 0, 0, 0.0
19, 1, 2, 0, 0, 0.0
19, 1, 3, 0, 0, 0.0
19, 1, 4, 0, 0, 0.0
19, 1, 5, 0, 0, 0.0
19, 1, 6, 0, 0, 0.0
19, 1, 7, 0, 0, 0.0
19, 1, 8, 0, 0, 0.0
19, 1, 9, 0, 0, 0.0
19, 1, 10, 0, 0, 0.0
19, 1, 11, 0, 0, 0.0
19, 1, 12, 0, 0, 0.0
19, 1, 13, 0, 0, 0.0
19, 1, 14, 0, 0, 0.0
19, 1, 15, 0, 0, 0.0
19, 1, 16, 0, 0, 0.0
19, 1, 17, 0, 0, 0.0
19, 1, 18, 0, 0, 0.0
19, 1, 19, 0, 0, 0.0
19, 1, 20, 0, 0, 0.0
20, 0, 0, 268, 382, -1.7869268731374177e-07
20, 0, 1, 296, 362, 0.00021292110614012927
20, 0, 2, 304, 336, -0.005695804487913847
20, 0, 3, 304, 315, -0.015485345385968685
20, 0, 4, 304, 299, -0.024015819653868675
20, 0, 5, 274, 306, -0.011338447220623493
20, 0, 6, 281, 279, -0.03642573580145836
20, 0, 7, 300, 281, -0.049927718937397
20, 0, 8, 311, 292, -0.05480616167187691
20, 0, 9, 262, 312, -0.021512320265173912
20, 0, 10, 303, 310, -0.0436750203371048
20, 0, 11, 307, 329, -0.045525822788476944
20, 0, 12, 297, 337, -0.043122515082359314
20, 0, 13, 257, 326, -0.03347283974289894
20, 0, 14, 300, 330, -0.05395129323005676
20, 0, 15, 299, 347, -0.04746708273887634
20, 0, 16, 289, 351, -0.03970535472035408
20, 0, 17, 257, 341, -0.045961812138557434
20, 0, 18, 289, 345, -0.05698991194367409
20, 0, 19, 290, 359, -0.04956384748220444
20, 0, 20, 282, 362, -0.041502129286527634
20, 1, 0, 338, 384, 2.3893545630926383e-07
20, 1, 1, 344, 356, 0.006652244832366705
20, 1, 2, 347, 330, 0.004338140599429607
20, 1, 3, 348, 310, -0.0007022421923466027
20, 1, 4, 346, 295, -0.007485994603484869
20, 1, 5, 350, 323, -0.007012811955064535
20, 1, 6, 353, 294, -0.023640964180231094
20, 1, 7, 356, 272, -0.0363009050488472
20, 1, 8, 359, 252, -0.0451456718146801
20, 1, 9, 349, 325, -0.02000422030687332
20, 1, 10, 351, 291, -0.0354761965572834
20, 1, 11, 354, 266, -0.04721643030643463
20, 1, 12, 359, 243, -0.05600150302052498
20, 1, 13, 342, 330, -0.03262154012918472
20, 1, 14, 346, 297, -0.04684533178806305
20, 1, 15, 350, 276, -0.05628499016165733
20, 1, 16, 355, 258, -0.06328053772449493
20, 1, 17, 332, 336, -0.044393159449100494
20, 1, 18, 334, 318, -0.05775320902466774
20, 1, 19, 335, 305, -0.06443893164396286
20, 1, 20, 336, 292, -0.06935395300388336
21, 0, 0, 270, 384, -1.2255298997843056e-07
21, 0, 1, 295, 359, 0.0006961628678254783
21, 0, 2, 302, 331, -0.0058915624395012856
21, 0, 3, 302, 310, -0.01609059050679207
21, 0, 4, 302, 296, -0.024288825690746307
21, 0, 5, 274, 303, -0.011371305212378502
21, 0, 6, 282, 278, -0.035435669124126434
21, 0, 7, 301, 281, -0.04711509123444557
21, 0, 8, 313, 292, -0.05040999501943588
21, 0, 9, 264, 310, -0.021768376231193542
21, 0, 10, 306, 310, -0.04471540078520775
21, 0, 11, 311, 328, -0.04787566512823105
21, 0, 12, 300, 335, -0.046496883034706116
21, 0, 13, 260, 324, -0.033573634922504425
21, 0, 14, 306, 330, -0.05436258390545845
21, 0, 15, 305, 347, -0.050431832671165466
21, 0, 16, 293, 349, -0.044648878276348114
21, 0, 17, 261, 340, -0.045684635639190674
21, 0, 18, 297, 344, -0.05669728294014931
21, 0, 19, 298, 357, -0.050858352333307266
21, 0, 20, 288, 361, -0.0440620519220829
21, 1, 0, 335, 390, 2.068930484711018e-07
21, 1, 1, 347, 362, 0.009459325112402439
21, 1, 2, 350, 336, 0.008819262497127056
21, 1, 3, 351, 316, 0.004730423912405968
21, 1, 4, 348, 301, -0.0011880883248522878
21, 1, 5, 350, 328, -0.0043794987723231316
21, 1, 6, 352, 299, -0.020715605467557907
21, 1, 7, 355, 278, -0.032984208315610886
21, 1, 8, 359, 259, -0.041765715926885605
21, 1, 9, 347, 330, -0.019113147631287575
21, 1, 10, 349, 296, -0.035164669156074524
21, 1, 11, 353, 271, -0.04760051146149635
21, 1, 12, 358, 249, -0.056909509003162384
21, 1, 13, 341, 335, -0.03326938673853874
21, 1, 14, 344, 303, -0.048452336341142654
21, 1, 15, 348, 283, -0.058422479778528214
21, 1, 16, 352, 265, -0.06566217541694641
21, 1, 17, 331, 343, -0.04632861539721489
21, 1, 18, 333, 324, -0.06097030267119408
21, 1, 19, 334, 311, -0.06848613172769547
21, 1, 20, 335, 298, -0.07389788329601288
22, 0, 0, 271, 395, -2.3389998204947915e-07
22, 0, 1, 288, 367, 0.0063718026503920555
22, 0, 2, 297, 339, 0.0018542215693742037
22, 0, 3, 302, 319, -0.007019259501248598
22, 0, 4, 306, 306, -0.015017996542155743
22, 0, 5, 283, 317, -0.007218816317617893
22, 0, 6, 298, 290, -0.02754434384405613
22, 0, 7, 316, 293, -0.04195534810423851
22, 0, 8, 328, 302, -0.049437377601861954
22, 0, 9, 276, 324, -0.02083614282310009
22, 0, 10, 312, 320, -0.037461940199136734
22, 0, 11, 316, 337, -0.04183962568640709
22, 0, 12, 308, 347, -0.044544294476509094
22, 0, 13, 273, 339, -0.03488541394472122
22, 0, 14, 308, 336, -0.048179809004068375
22, 0, 15, 308, 350, -0.04156893491744995
22, 0, 16, 300, 358, -0.03685319423675537
22, 0, 17, 273, 355, -0.049019359052181244
22, 0, 18, 300, 349, -0.0551154799759388
22, 0, 19, 300, 360, -0.04559747874736786
22, 0, 20, 293, 368, -0.03790748491883278
22, 1, 0, 335, 395, 1.9899653125321493e-07
22, 1, 1, 343, 370, 0.009924395941197872
22, 1, 2, 347, 346, 0.008474322967231274
22, 1, 3, 346, 326, 0.0037701802793890238
22, 1, 4, 342, 313, -0.0030140739399939775
22, 1, 5, 348, 335, -0.007782428525388241
22, 1, 6, 349, 304, -0.022778159007430077
22, 1, 7, 351, 281, -0.033132404088974
22, 1, 8, 353, 261, -0.04077243059873581
22, 1, 9, 347, 337, -0.022691765800118446
22, 1, 10, 348, 300, -0.037287745624780655
22, 1, 11, 350, 274, -0.04770313575863838
22, 1, 12, 353, 250, -0.056079138070344925
22, 1, 13, 341, 342, -0.03658449649810791
22, 1, 14, 343, 308, -0.050348881632089615
22, 1, 15, 346, 286, -0.05926818400621414
22, 1, 16, 348, 267, -0.06632722914218903
22, 1, 17, 330, 349, -0.04921828210353851
22, 1, 18, 332, 329, -0.06363403052091599
22, 1, 19, 333, 314, -0.07112836837768555
22, 1, 20, 332, 301, -0.07678019255399704
23, 0, 0, 338, 399, 2.244597538947346e-07
23, 0, 1, 341, 370, 0.004668715409934521
23, 0, 2, 345, 342, 0.005522007122635841
23, 0, 3, 347, 321, 0.003657358465716243
23, 0, 4, 349, 305, 0.0010671409545466304
23, 0, 5, 348, 337, 0.0035689128562808037
23, 0, 6, 352, 308, -0.009350651875138283
23, 0, 7, 355, 285, -0.020544609054923058
23, 0, 8, 358, 264, -0.028275996446609497
23, 0, 9, 348, 338, -0.006463923025876284
23, 0, 10, 350, 305, -0.01830264739692211
23, 0, 11, 353, 280, -0.02874755673110485
23, 0, 12, 356, 255, -0.036610037088394165
23, 0, 13, 343, 339, -0.01711188815534115
23, 0, 14, 346, 308, -0.028910961002111435
23, 0, 15, 349, 285, -0.03754701837897301
23, 0, 16, 352, 266, -0.04322238638997078
23, 0, 17, 334, 341, -0.027518292888998985
23, 0, 18, 338, 318, -0.037571679800748825
23, 0, 19, 341, 303, -0.042946796864271164
23, 0, 20, 342, 289, -0.04682404547929764
23, 1, 0, 0, 0, 0.0
23, 1, 1, 0, 0, 0.0
23, 1, 2, 0, 0, 0.0
23, 1, 3, 0, 0, 0.0
23, 1, 4, 0, 0, 0.0
23, 1, 5, 0, 0, 0.0
23, 1, 6, 0, 0, 0.0
23, 1, 7, 0, 0, 0.0
23, 1, 8, 0, 0, 0.0
23, 1, 9, 0, 0, 0.0
23, 1, 10, 0, 0, 0.0
23, 1, 11, 0, 0, 0.0
23, 1, 12, 0, 0, 0.0
23, 1, 13, 0, 0, 0.0
23, 1, 14, 0, 0, 0.0
23, 1, 15, 0, 0, 0.0
23, 1, 16, 0, 0, 0.0
23, 1, 17, 0, 0, 0.0
23, 1, 18, 0, 0, 0.0
23, 1, 19, 0, 0, 0.0
23, 1, 20, 0, 0, 0.0
24, 0, 0, 338, 399, 2.637350462464383e-07
24, 0, 1, 342, 369, 0.006270195823162794
24, 0, 2, 345, 341, 0.007238117512315512
24, 0, 3, 347, 321, 0.005184501875191927
24, 0, 4, 348, 305, 0.00242144288495183
24, 0, 5, 348, 338, 0.0037726114969700575
24, 0, 6, 351, 309, -0.009335184469819069
24, 0, 7, 355, 285, -0.020351242274045944
24, 0, 8, 358, 264, -0.027765553444623947
24, 0, 9, 347, 339, -0.007027626968920231
24, 0, 10, 350, 305, -0.019225692376494408
24, 0, 11, 353, 279, -0.029917964711785316
24, 0, 12, 356, 255, -0.03780811280012131
24, 0, 13, 342, 340, -0.018180519342422485
24, 0, 14, 346, 308, -0.030085807666182518
24, 0, 15, 350, 284, -0.03898013010621071
24, 0, 16, 354, 265, -0.044675614684820175
24, 0, 17, 333, 341, -0.028892630711197853
24, 0, 18, 339, 317, -0.038529034703969955
24, 0, 19, 343, 301, -0.04392825812101364
24, 0, 20, 346, 287, -0.047834787517786026
24, 1, 0, 0, 0, 0.0
24, 1, 1, 0, 0, 0.0
24, 1, 2, 0, 0, 0.0
24, 1, 3, 0, 0, 0.0
24, 1, 4, 0, 0, 0.0
24, 1, 5, 0, 0, 0.0
24, 1, 6, 0, 0, 0.0
24, 1, 7, 0, 0, 0.0
24, 1, 8, 0, 0, 0.0
24, 1, 9, 0, 0, 0.0
24, 1, 10, 0, 0, 0.0
24, 1, 11, 0, 0, 0.0
24, 1, 12, 0, 0, 0.0
24, 1, 13, 0, 0, 0.0
24, 1, 14, 0, 0, 0.0
24, 1, 15, 0, 0, 0.0
24, 1, 16, 0, 0, 0.0
24, 1, 17, 0, 0, 0.0
24, 1, 18, 0, 0, 0.0
24, 1, 19, 0, 0, 0.0
24, 1, 20, 0, 0, 0.0
25, 0, 0, 337, 411, 2.6525978569225117e-07
25, 0, 1, 333, 383, -0.0021760950330644846
25, 0, 2, 339, 353, -0.0042058550752699375
25, 0, 3, 347, 330, -0.00788112636655569
25, 0, 4, 354, 312, -0.01197748351842165
25, 0, 5, 346, 352, -0.005268413107842207
25, 0, 6, 354, 322, -0.02079004794359207
25, 0, 7, 359, 297, -0.0328211784362793
25, 0, 8, 362, 275, -0.04109066352248192
25, 0, 9, 345, 352, -0.012692214921116829
25, 0, 10, 354, 321, -0.028297964483499527
25, 0, 11, 358, 294, -0.03991394490003586
25, 0, 12, 361, 269, -0.04803208261728287
25, 0, 13, 343, 353, -0.021099058911204338
25, 0, 14, 351, 323, -0.03508525714278221
25, 0, 15, 356, 299, -0.042099058628082275
25, 0, 16, 359, 278, -0.04613003134727478
25, 0, 17, 339, 354, -0.030100086703896523
25, 0, 18, 345, 330, -0.040477219969034195
25, 0, 19, 350, 314, -0.04440994933247566
25, 0, 20, 353, 300, -0.04712807387113571
25, 1, 0, 0, 0, 0.0
25, 1, 1, 0, 0, 0.0
25, 1, 2, 0, 0, 0.0
25, 1, 3, 0, 0, 0.0
25, 1, 4, 0, 0, 0.0
25, 1, 5, 0, 0, 0.0
25, 1, 6, 0, 0, 0.0
25, 1, 7, 0, 0, 0.0
25, 1, 8, 0, 0, 0.0
25, 1, 9, 0, 0, 0.0
25, 1, 10, 0, 0, 0.0
25, 1, 11, 0, 0, 0.0
25, 1, 12, 0, 0, 0.0
25, 1, 13, 0, 0, 0.0
25, 1, 14, 0, 0, 0.0
25, 1, 15, 0, 0, 0.0
25, 1, 16, 0, 0, 0.0
25, 1, 17, 0, 0, 0.0
25, 1, 18, 0, 0, 0.0
25, 1, 19, 0, 0, 0.0
25, 1, 20, 0, 0, 0.0
26, 0, 0, 351, 432, 1.8257969713886268e-07
26, 0, 1, 351, 407, -0.004352981690317392
26, 0, 2, 355, 379, -0.00895028468221426
26, 0, 3, 360, 358, -0.01444019004702568
26, 0, 4, 365, 343, -0.02067277953028679
26, 0, 5, 361, 374, -0.012773653492331505
26, 0, 6, 365, 345, -0.02895442582666874
26, 0, 7, 366, 322, -0.04099709913134575
26, 0, 8, 367, 303, -0.04899922385811806
26, 0, 9, 357, 376, -0.019459769129753113
26, 0, 10, 361, 345, -0.033824894577264786
26, 0, 11, 363, 321, -0.04383668676018715
26, 0, 12, 365, 299, -0.050968583673238754
26, 0, 13, 352, 379, -0.0267803817987442
26, 0, 14, 355, 349, -0.038864877074956894
26, 0, 15, 357, 328, -0.04349891468882561
26, 0, 16, 359, 310, -0.0462835468351841
26, 0, 17, 344, 383, -0.03474416583776474
26, 0, 18, 346, 361, -0.04319697991013527
26, 0, 19, 349, 345, -0.04463999345898628
26, 0, 20, 352, 332, -0.0456092394888401
26, 1, 0, 0, 0, 0.0
26, 1, 1, 0, 0, 0.0
26, 1, 2, 0, 0, 0.0
26, 1, 3, 0, 0, 0.0
26, 1, 4, 0, 0, 0.0
26, 1, 5, 0, 0, 0.0
26, 1, 6, 0, 0, 0.0
26, 1, 7, 0, 0, 0.0
26, 1, 8, 0, 0, 0.0
26, 1, 9, 0, 0, 0.0
26, 1, 10, 0, 0, 0.0
26, 1, 11, 0, 0, 0.0
26, 1, 12, 0, 0, 0.0
26, 1, 13, 0, 0, 0.0
26, 1, 14, 0, 0, 0.0
26, 1, 15, 0, 0, 0.0
26, 1, 16, 0, 0, 0.0
26, 1, 17, 0, 0, 0.0
26, 1, 18, 0, 0, 0.0
26, 1, 19, 0, 0, 0.0
26, 1, 20, 0, 0, 0.0
27, 0, 0, 352, 438, 2.7948846081926604e-07
27, 0, 1, 352, 413, -0.0033970847725868225
27, 0, 2, 356, 383, -0.006306701805442572
27, 0, 3, 360, 362, -0.010153988376259804
27, 0, 4, 365, 346, -0.014530874788761139
27, 0, 5, 354, 381, -0.008237957954406738
27, 0, 6, 360, 353, -0.02345721796154976
27, 0, 7, 363, 330, -0.03555447980761528
27, 0, 8, 365, 310, -0.04373129457235336
27, 0, 9, 351, 382, -0.014175587333738804
27, 0, 10, 358, 353, -0.027661120519042015
27, 0, 11, 361, 330, -0.038102734833955765
27, 0, 12, 364, 309, -0.04556979984045029
27, 0, 13, 349, 385, -0.02076759561896324
27, 0, 14, 353, 356, -0.03211327642202377
27, 0, 15, 356, 336, -0.03698115423321724
27, 0, 16, 359, 317, -0.03991011530160904
27, 0, 17, 345, 389, -0.028012225404381752
27, 0, 18, 348, 366, -0.03622832149267197
27, 0, 19, 351, 350, -0.03846326842904091
27, 0, 20, 354, 337, -0.03991466015577316
27, 1, 0, 0, 0, 0.0
27, 1, 1, 0, 0, 0.0
27, 1, 2, 0, 0, 0.0
27, 1, 3, 0, 0, 0.0
27, 1, 4, 0, 0, 0.0
27, 1, 5, 0, 0, 0.0
27, 1, 6, 0, 0, 0.0
27, 1, 7, 0, 0, 0.0
27, 1, 8, 0, 0, 0.0
27, 1, 9, 0, 0, 0.0
27, 1, 10, 0, 0, 0.0
27, 1, 11, 0, 0, 0.0
27, 1, 12, 0, 0, 0.0
27, 1, 13, 0, 0, 0.0
27, 1, 14, 0, 0, 0.0
27, 1, 15, 0, 0, 0.0
27, 1, 16, 0, 0, 0.0
27, 1, 17, 0, 0, 0.0
27, 1, 18, 0, 0, 0.0
27, 1, 19, 0, 0, 0.0
27, 1, 20, 0, 0, 0.0
28, 0, 0, 0, 0, 0.0
28, 0, 1, 0, 0, 0.0
28, 0, 2, 0, 0, 0.0
28, 0, 3, 0, 0, 0.0
28, 0, 4, 0, 0, 0.0
28, 0, 5, 0, 0, 0.0
28, 0, 6, 0, 0, 0.0
28, 0, 7, 0, 0, 0.0
28, 0, 8, 0, 0, 0.0
28, 0, 9, 0, 0, 0.0
28, 0, 10, 0, 0, 0.0
28, 0, 11, 0, 0, 0.0
28, 0, 12, 0, 0, 0.0
28, 0, 13, 0, 0, 0.0
28, 0, 14, 0, 0, 0.0
28, 0, 15, 0, 0, 0.0
28, 0, 16, 0, 0, 0.0
28, 0, 17, 0, 0, 0.0
28, 0, 18, 0, 0, 0.0
28, 0, 19, 0, 0, 0.0
28, 0, 20, 0, 0, 0.0
28, 1, 0, 0, 0, 0.0
28, 1, 1, 0, 0, 0.0
28, 1, 2, 0, 0, 0.0
28, 1, 3, 0, 0, 0.0
28, 1, 4, 0, 0, 0.0
28, 1, 5, 0, 0, 0.0
28, 1, 6, 0, 0, 0.0
28, 1, 7, 0, 0, 0.0
28, 1, 8, 0, 0, 0.0
28, 1, 9, 0, 0, 0.0
28, 1, 10, 0, 0, 0.0
28, 1, 11, 0, 0, 0.0
28, 1, 12, 0, 0, 0.0
28, 1, 13, 0, 0, 0.0
28, 1, 14, 0, 0, 0.0
28, 1, 15, 0, 0, 0.0
28, 1, 16, 0, 0, 0.0
28, 1, 17, 0, 0, 0.0
28, 1, 18, 0, 0, 0.0
28, 1, 19, 0, 0, 0.0
28, 1, 20, 0, 0, 0.0
29, 0, 0, 0, 0, 0.0
29, 0, 1, 0, 0, 0.0
29, 0, 2, 0, 0, 0.0
29, 0, 3, 0, 0, 0.0
29, 0, 4, 0, 0, 0.0
29, 0, 5, 0, 0, 0.0
29, 0, 6, 0, 0, 0.0
29, 0, 7, 0, 0, 0.0
29, 0, 8, 0, 0, 0.0
29, 0, 9, 0, 0, 0.0
29, 0, 10, 0, 0, 0.0
29, 0, 11, 0, 0, 0.0
29, 0, 12, 0, 0, 0.0
29, 0, 13, 0, 0, 0.0
29, 0, 14, 0, 0, 0.0
29, 0, 15, 0, 0, 0.0
29, 0, 16, 0, 0, 0.0
29, 0, 17, 0, 0, 0.0
29, 0, 18, 0, 0, 0.0
29, 0, 19, 0, 0, 0.0
29, 0, 20, 0, 0, 0.0
29, 1, 0, 0, 0, 0.0
29, 1, 1, 0, 0, 0.0
29, 1, 2, 0, 0, 0.0
29, 1, 3, 0, 0, 0.0
29, 1, 4, 0, 0, 0.0
29, 1, 5, 0, 0, 0.0
29, 1, 6, 0, 0, 0.0
29, 1, 7, 0, 0, 0.0
29, 1, 8, 0, 0, 0.0
29, 1, 9, 0, 0, 0.0
29, 1, 10, 0, 0, 0.0
29, 1, 11, 0, 0, 0.0
29, 1, 12, 0, 0, 0.0
29, 1, 13, 0, 0, 0.0
29, 1, 14, 0, 0, 0.0
29, 1, 15, 0, 0, 0.0
29, 1, 16, 0, 0, 0.0
29, 1, 17, 0, 0, 0.0
29, 1, 18, 0, 0, 0.0
29, 1, 19, 0, 0, 0.0
29, 1, 20, 0, 0, 0.0
30, 0, 0, 0, 0, 0.0
30, 0, 1, 0, 0, 0.0
30, 0, 2, 0, 0, 0.0
30, 0, 3, 0, 0, 0.0
30, 0, 4, 0, 0, 0.0
30, 0, 5, 0, 0, 0.0
30, 0, 6, 0, 0, 0.0
30, 0, 7, 0, 0, 0.0
30, 0, 8, 0, 0, 0.0
30, 0, 9, 0, 0, 0.0
30, 0, 10, 0, 0, 0.0
30, 0, 11, 0, 0, 0.0
30, 0, 12, 0, 0, 0.0
30, 0, 13, 0, 0, 0.0
30, 0, 14, 0, 0, 0.0
30, 0, 15, 0, 0, 0.0
30, 0, 16, 0, 0, 0.0
30, 0, 17, 0, 0, 0.0
30, 0, 18, 0, 0, 0.0
30, 0, 19, 0, 0, 0.0
30, 0, 20, 0, 0, 0.0
30, 1, 0, 0, 0, 0.0
30, 1, 1, 0, 0, 0.0
30, 1, 2, 0, 0, 0.0
30, 1, 3, 0, 0, 0.0
30, 1, 4, 0, 0, 0.0
30, 1, 5, 0, 0, 0.0
30, 1, 6, 0, 0, 0.0
30, 1, 7, 0, 0, 0.0
30, 1, 8, 0, 0, 0.0
30, 1, 9, 0, 0, 0.0
30, 1, 10, 0, 0, 0.0
30, 1, 11, 0, 0, 0.0
30, 1, 12, 0, 0, 0.0
30, 1, 13, 0, 0, 0.0
30, 1, 14, 0, 0, 0.0
30, 1, 15, 0, 0, 0.0
30, 1, 16, 0, 0, 0.0
30, 1, 17, 0, 0, 0.0
30, 1, 18, 0, 0, 0.0
30, 1, 19, 0, 0, 0.0
30, 1, 20, 0, 0, 0.0
31, 0, 0, 0, 0, 0.0
31, 0, 1, 0, 0, 0.0
31, 0, 2, 0, 0, 0.0
31, 0, 3, 0, 0, 0.0
31, 0, 4, 0, 0, 0.0
31, 0, 5, 0, 0, 0.0
31, 0, 6, 0, 0, 0.0
31, 0, 7, 0, 0, 0.0
31, 0, 8, 0, 0, 0.0
31, 0, 9, 0, 0, 0.0
31, 0, 10, 0, 0, 0.0
31, 0, 11, 0, 0, 0.0
31, 0, 12, 0, 0, 0.0
31, 0, 13, 0, 0, 0.0
31, 0, 14, 0, 0, 0.0
31, 0, 15, 0, 0, 0.0
31, 0, 16, 0, 0, 0.0
31, 0, 17, 0, 0, 0.0
31, 0, 18, 0, 0, 0.0
31, 0, 19, 0, 0, 0.0
31, 0, 20, 0, 0, 0.0
31, 1, 0, 0, 0, 0.0
31, 1, 1, 0, 0, 0.0
31, 1, 2, 0, 0, 0.0
31, 1, 3, 0, 0, 0.0
31, 1, 4, 0, 0, 0.0
31, 1, 5, 0, 0, 0.0
31, 1, 6, 0, 0, 0.0
31, 1, 7, 0, 0, 0.0
31, 1, 8, 0, 0, 0.0
31, 1, 9, 0, 0, 0.0
31, 1, 10, 0, 0, 0.0
31, 1, 11, 0, 0, 0.0
31, 1, 12, 0, 0, 0.0
31, 1, 13, 0, 0, 0.0
31, 1, 14, 0, 0, 0.0
31, 1, 15, 0, 0, 0.0
31, 1, 16, 0, 0, 0.0
31, 1, 17, 0, 0, 0.0
31, 1, 18, 0, 0, 0.0
31, 1, 19, 0, 0, 0.0
31, 1, 20, 0, 0, 0.0
32, 0, 0, 0, 0, 0.0
32, 0, 1, 0, 0, 0.0
32, 0, 2, 0, 0, 0.0
32, 0, 3, 0, 0, 0.0
32, 0, 4, 0, 0, 0.0
32, 0, 5, 0, 0, 0.0
32, 0, 6, 0, 0, 0.0
32, 0, 7, 0, 0, 0.0
32, 0, 8, 0, 0, 0.0
32, 0, 9, 0, 0, 0.0
32, 0, 10, 0, 0, 0.0
32, 0, 11, 0, 0, 0.0
32, 0, 12, 0, 0, 0.0
32, 0, 13, 0, 0, 0.0
32, 0, 14, 0, 0, 0.0
32, 0, 15, 0, 0, 0.0
32, 0, 16, 0, 0, 0.0
32, 0, 17, 0, 0, 0.0
32, 0, 18, 0, 0, 0.0
32, 0, 19, 0, 0, 0.0
32, 0, 20, 0, 0, 0.0
32, 1, 0, 0, 0, 0.0
32, 1, 1, 0, 0, 0.0
32, 1, 2, 0, 0, 0.0
32, 1, 3, 0, 0, 0.0
32, 1, 4, 0, 0, 0.0
32, 1, 5, 0, 0, 0.0
32, 1, 6, 0, 0, 0.0
32, 1, 7, 0, 0, 0.0
32, 1, 8, 0, 0, 0.0
32, 1, 9, 0, 0, 0.0
32, 1, 10, 0, 0, 0.0
32, 1, 11, 0, 0, 0.0
32, 1, 12, 0, 0, 0.0
32, 1, 13, 0, 0, 0.0
32, 1, 14, 0, 0, 0.0
32, 1, 15, 0, 0, 0.0
32, 1, 16, 0, 0, 0.0
32, 1, 17, 0, 0, 0.0
32, 1, 18, 0, 0, 0.0
32, 1, 19, 0, 0, 0.0
32, 1, 20, 0, 0, 0.0
33, 0, 0, 0, 0, 0.0
33, 0, 1, 0, 0, 0.0
33, 0, 2, 0, 0, 0.0
33, 0, 3, 0, 0, 0.0
33, 0, 4, 0, 0, 0.0
33, 0, 5, 0, 0, 0.0
33, 0, 6, 0, 0, 0.0
33, 0, 7, 0, 0, 0.0
33, 0, 8, 0, 0, 0.0
33, 0, 9, 0, 0, 0.0
33, 0, 10, 0, 0, 0.0
33, 0, 11, 0, 0, 0.0
33, 0, 12, 0, 0, 0.0
33, 0, 13, 0, 0, 0.0
33, 0, 14, 0, 0, 0.0
33, 0, 15, 0, 0, 0.0
33, 0, 16, 0, 0, 0.0
33, 0, 17, 0, 0, 0.0
33, 0, 18, 0, 0, 0.0
33, 0, 19, 0, 0, 0.0
33, 0, 20, 0, 0, 0.0
33, 1, 0, 0, 0, 0.0
33, 1, 1, 0, 0, 0.0
33, 1, 2, 0, 0, 0.0
33, 1, 3, 0, 0, 0.0
33, 1, 4, 0, 0, 0.0
33, 1, 5, 0, 0, 0.0
33, 1, 6, 0, 0, 0.0
33, 1, 7, 0, 0, 0.0
33, 1, 8, 0, 0, 0.0
33, 1, 9, 0, 0, 0.0
33, 1, 10, 0, 0, 0.0
33, 1, 11, 0, 0, 0.0
33, 1, 12, 0, 0, 0.0
33, 1, 13, 0, 0, 0.0
33, 1, 14, 0, 0, 0.0
33, 1, 15, 0, 0, 0.0
33, 1, 16, 0, 0, 0.0
33, 1, 17, 0, 0, 0.0
33, 1, 18, 0, 0, 0.0
33, 1, 19, 0, 0, 0.0
33, 1, 20, 0, 0, 0.0
34, 0, 0, 0, 0, 0.0
34, 0, 1, 0, 0, 0.0
34, 0, 2, 0, 0, 0.0
34, 0, 3, 0, 0, 0.0
34, 0, 4, 0, 0, 0.0
34, 0, 5, 0, 0, 0.0
34, 0, 6, 0, 0, 0.0
34, 0, 7, 0, 0, 0.0
34, 0, 8, 0, 0, 0.0
34, 0, 9, 0, 0, 0.0
34, 0, 10, 0, 0, 0.0
34, 0, 11, 0, 0, 0.0
34, 0, 12, 0, 0, 0.0
34, 0, 13, 0, 0, 0.0
34, 0, 14, 0, 0, 0.0
34, 0, 15, 0, 0, 0.0
34, 0, 16, 0, 0, 0.0
34, 0, 17, 0, 0, 0.0
34, 0, 18, 0, 0, 0.0
34, 0, 19, 0, 0, 0.0
34, 0, 20, 0, 0, 0.0
34, 1, 0, 0, 0, 0.0
34, 1, 1, 0, 0, 0.0
34, 1, 2, 0, 0, 0.0
34, 1, 3, 0, 0, 0.0
34, 1, 4, 0, 0, 0.0
34, 1, 5, 0, 0, 0.0
34, 1, 6, 0, 0, 0.0
34, 1, 7, 0, 0, 0.0
34, 1, 8, 0, 0, 0.0
34, 1, 9, 0, 0, 0.0
34, 1, 10, 0, 0, 0.0
34, 1, 11, 0, 0, 0.0
34, 1, 12, 0, 0, 0.0
34, 1, 13, 0, 0, 0.0
34, 1, 14, 0, 0, 0.0
34, 1, 15, 0, 0, 0.0
34, 1, 16, 0, 0, 0.0
34, 1, 17, 0, 0, 0.0
34, 1, 18, 0, 0, 0.0
34, 1, 19, 0, 0, 0.0
34, 1, 20, 0, 0, 0.0
35, 0, 0, 0, 0, 0.0
35, 0, 1, 0, 0, 0.0
35, 0, 2, 0, 0, 0.0
35, 0, 3, 0, 0, 0.0
35, 0, 4, 0, 0, 0.0
35, 0, 5, 0, 0, 0.0
35, 0, 6, 0, 0, 0.0
35, 0, 7, 0, 0, 0.0
35, 0, 8, 0, 0, 0.0
35, 0, 9, 0, 0, 0.0
35, 0, 10, 0, 0, 0.0
35, 0, 11, 0, 0, 0.0
35, 0, 12, 0, 0, 0.0
35, 0, 13, 0, 0, 0.0
35, 0, 14, 0, 0, 0.0
35, 0, 15, 0, 0, 0.0
35, 0, 16, 0, 0, 0.0
35, 0, 17, 0, 0, 0.0
35, 0, 18, 0, 0, 0.0
35, 0, 19, 0, 0, 0.0
35, 0, 20, 0, 0, 0.0
35, 1, 0, 0, 0, 0.0
35, 1, 1, 0, 0, 0.0
35, 1, 2, 0, 0, 0.0
35, 1, 3, 0, 0, 0.0
35, 1, 4, 0, 0, 0.0
35, 1, 5, 0, 0, 0.0
35, 1, 6, 0, 0, 0.0
35, 1, 7, 0, 0, 0.0
35, 1, 8, 0, 0, 0.0
35, 1, 9, 0, 0, 0.0
35, 1, 10, 0, 0, 0.0
35, 1, 11, 0, 0, 0.0
35, 1, 12, 0, 0, 0.0
35, 1, 13, 0, 0, 0.0
35, 1, 14, 0, 0, 0.0
35, 1, 15, 0, 0, 0.0
35, 1, 16, 0, 0, 0.0
35, 1, 17, 0, 0, 0.0
35, 1, 18, 0, 0, 0.0
35, 1, 19, 0, 0, 0.0
35, 1, 20, 0, 0, 0.0
36, 0, 0, 0, 0, 0.0
36, 0, 1, 0, 0, 0.0
36, 0, 2, 0, 0, 0.0
36, 0, 3, 0, 0, 0.0
36, 0, 4, 0, 0, 0.0
36, 0, 5, 0, 0, 0.0
36, 0, 6, 0, 0, 0.0
36, 0, 7, 0, 0, 0.0
36, 0, 8, 0, 0, 0.0
36, 0, 9, 0, 0, 0.0
36, 0, 10, 0, 0, 0.0
36, 0, 11, 0, 0, 0.0
36, 0, 12, 0, 0, 0.0
36, 0, 13, 0, 0, 0.0
36, 0, 14, 0, 0, 0.0
36, 0, 15, 0, 0, 0.0
36, 0, 16, 0, 0, 0.0
36, 0, 17, 0, 0, 0.0
36, 0, 18, 0, 0, 0.0
36, 0, 19, 0, 0, 0.0
36, 0, 20, 0, 0, 0.0
36, 1, 0, 0, 0, 0.0
36, 1, 1, 0, 0, 0.0
36, 1, 2, 0, 0, 0.0
36, 1, 3, 0, 0, 0.0
36, 1, 4, 0, 0, 0.0
36, 1, 5, 0, 0, 0.0
36, 1, 6, 0, 0, 0.0
36, 1, 7, 0, 0, 0.0
36, 1, 8, 0, 0, 0.0
36, 1, 9, 0, 0, 0.0
36, 1, 10, 0, 0, 0.0
36, 1, 11, 0, 0, 0.0
36, 1, 12, 0, 0, 0.0
36, 1, 13, 0, 0, 0.0
36, 1, 14, 0, 0, 0.0
36, 1, 15, 0, 0, 0.0
36, 1, 16, 0, 0, 0.0
36, 1, 17, 0, 0, 0.0
36, 1, 18, 0, 0, 0.0
36, 1, 19, 0, 0, 0.0
36, 1, 20, 0, 0, 0.0
37, 0, 0, 0, 0, 0.0
37, 0, 1, 0, 0, 0.0
37, 0, 2, 0, 0, 0.0
37, 0, 3, 0, 0, 0.0
37, 0, 4, 0, 0, 0.0
37, 0, 5, 0, 0, 0.0
37, 0, 6, 0, 0, 0.0
37, 0, 7, 0, 0, 0.0
37, 0, 8, 0, 0, 0.0
37, 0, 9, 0, 0, 0.0
37, 0, 10, 0, 0, 0.0
37, 0, 11, 0, 0, 0.0
37, 0, 12, 0, 0, 0.0
37, 0, 13, 0, 0, 0.0
37, 0, 14, 0, 0, 0.0
37, 0, 15, 0, 0, 0.0
37, 0, 16, 0, 0, 0.0
37, 0, 17, 0, 0, 0.0
37, 0, 18, 0, 0, 0.0
37, 0, 19, 0, 0, 0.0
37, 0, 20, 0, 0, 0.0
37, 1, 0, 0, 0, 0.0
37, 1, 1, 0, 0, 0.0
37, 1, 2, 0, 0, 0.0
37, 1, 3, 0, 0, 0.0
37, 1, 4, 0, 0, 0.0
37, 1, 5, 0, 0, 0.0
37, 1, 6, 0, 0, 0.0
37, 1, 7, 0, 0, 0.0
37, 1, 8, 0, 0, 0.0
37, 1, 9, 0, 0, 0.0
37, 1, 10, 0, 0, 0.0
37, 1, 11, 0, 0, 0.0
37, 1, 12, 0, 0, 0.0
37, 1, 13, 0, 0, 0.0
37, 1, 14, 0, 0, 0.0
37, 1, 15, 0, 0, 0.0
37, 1, 16, 0, 0, 0.0
37, 1, 17, 0, 0, 0.0
37, 1, 18, 0, 0, 0.0
37, 1, 19, 0, 0, 0.0
37, 1, 20, 0, 0, 0.0
38, 0, 0, 0, 0, 0.0
38, 0, 1, 0, 0, 0.0
38, 0, 2, 0, 0, 0.0
38, 0, 3, 0, 0, 0.0
38, 0, 4, 0, 0, 0.0
38, 0, 5, 0, 0, 0.0
38, 0, 6, 0, 0, 0.0
38, 0, 7, 0, 0, 0.0
38, 0, 8, 0, 0, 0.0
38, 0, 9, 0, 0, 0.0
38, 0, 10, 0, 0, 0.0
38, 0, 11, 0, 0, 0.0
38, 0, 12, 0, 0, 0.0
38, 0, 13, 0, 0, 0.0
38, 0, 14, 0, 0, 0.0
38, 0, 15, 0, 0, 0.0
38, 0, 16, 0, 0, 0.0
38, 0, 17, 0, 0, 0.0
38, 0, 18, 0, 0, 0.0
38, 0, 19, 0, 0, 0.0
38, 0, 20, 0, 0, 0.0
38, 1, 0, 0, 0, 0.0
38, 1, 1, 0, 0, 0.0
38, 1, 2, 0, 0, 0.0
38, 1, 3, 0, 0, 0.0
38, 1, 4, 0, 0, 0.0
38, 1, 5, 0, 0, 0.0
38, 1, 6, 0, 0, 0.0
38, 1, 7, 0, 0, 0.0
38, 1, 8, 0, 0, 0.0
38, 1, 9, 0, 0, 0.0
38, 1, 10, 0, 0, 0.0
38, 1, 11, 0, 0, 0.0
38, 1, 12, 0, 0, 0.0
38, 1, 13, 0, 0, 0.0
38, 1, 14, 0, 0, 0.0
38, 1, 15, 0, 0, 0.0
38, 1, 16, 0, 0, 0.0
38, 1, 17, 0, 0, 0.0
38, 1, 18, 0, 0, 0.0
38, 1, 19, 0, 0, 0.0
38, 1, 20, 0, 0, 0.0
39, 0, 0, 0, 0, 0.0
39, 0, 1, 0, 0, 0.0
39, 0, 2, 0, 0, 0.0
39, 0, 3, 0, 0, 0.0
39, 0, 4, 0, 0, 0.0
39, 0, 5, 0, 0, 0.0
39, 0, 6, 0, 0, 0.0
39, 0, 7, 0, 0, 0.0
39, 0, 8, 0, 0, 0.0
39, 0, 9, 0, 0, 0.0
39, 0, 10, 0, 0, 0.0
39, 0, 11, 0, 0, 0.0
39, 0, 12, 0, 0, 0.0
39, 0, 13, 0, 0, 0.0
39, 0, 14, 0, 0, 0.0
39, 0, 15, 0, 0, 0.0
39, 0, 16, 0, 0, 0.0
39, 0, 17, 0, 0, 0.0
39, 0, 18, 0, 0, 0.0
39, 0, 19, 0, 0, 0.0
39, 0, 20, 0, 0, 0.0
39, 1, 0, 0, 0, 0.0
39, 1, 1, 0, 0, 0.0
39, 1, 2, 0, 0, 0.0
39, 1, 3, 0, 0, 0.0
39, 1, 4, 0, 0, 0.0
39, 1, 5, 0, 0, 0.0
39, 1, 6, 0, 0, 0.0
39, 1, 7, 0, 0, 0.0
39, 1, 8, 0, 0, 0.0
39, 1, 9, 0, 0, 0.0
39, 1, 10, 0, 0, 0.0
39, 1, 11, 0, 0, 0.0
39, 1, 12, 0, 0, 0.0
39, 1, 13, 0, 0, 0.0
39, 1, 14, 0, 0, 0.0
39, 1, 15, 0, 0, 0.0
39, 1, 16, 0, 0, 0.0
39, 1, 17, 0, 0, 0.0
39, 1, 18, 0, 0, 0.0
39, 1, 19, 0, 0, 0.0
39, 1, 20, 0, 0, 0.0
40, 0, 0, 0, 0, 0.0
40, 0, 1, 0, 0, 0.0
40, 0, 2, 0, 0, 0.0
40, 0, 3, 0, 0, 0.0
40, 0, 4, 0, 0, 0.0
40, 0, 5, 0, 0, 0.0
40, 0, 6, 0, 0, 0.0
40, 0, 7, 0, 0, 0.0
40, 0, 8, 0, 0, 0.0
40, 0, 9, 0, 0, 0.0
40, 0, 10, 0, 0, 0.0
40, 0, 11, 0, 0, 0.0
40, 0, 12, 0, 0, 0.0
40, 0, 13, 0, 0, 0.0
40, 0, 14, 0, 0, 0.0
40, 0, 15, 0, 0, 0.0
40, 0, 16, 0, 0, 0.0
40, 0, 17, 0, 0, 0.0
40, 0, 18, 0, 0, 0.0
40, 0, 19, 0, 0, 0.0
40, 0, 20, 0, 0, 0.0
40, 1, 0, 0, 0, 0.0
40, 1, 1, 0, 0, 0.0
40, 1, 2, 0, 0, 0.0
40, 1, 3, 0, 0, 0.0
40, 1, 4, 0, 0, 0.0
40, 1, 5, 0, 0, 0.0
40, 1, 6, 0, 0, 0.0
40, 1, 7, 0, 0, 0.0
40, 1, 8, 0, 0, 0.0
40, 1, 9, 0, 0, 0.0
40, 1, 10, 0, 0, 0.0
40, 1, 11, 0, 0, 0.0
40, 1, 12, 0, 0, 0.0
40, 1, 13, 0, 0, 0.0
40, 1, 14, 0, 0, 0.0
40, 1, 15, 0, 0, 0.0
40, 1, 16, 0, 0, 0.0
40, 1, 17, 0, 0, 0.0
40, 1, 18, 0, 0, 0.0
40, 1, 19, 0, 0, 0.0
40, 1, 20, 0, 0, 0.0
41, 0, 0, 0, 0, 0.0
41, 0, 1, 0, 0, 0.0
41, 0, 2, 0, 0, 0.0
41, 0, 3, 0, 0, 0.0
41, 0, 4, 0, 0, 0.0
41, 0, 5, 0, 0, 0.0
41, 0, 6, 0, 0, 0.0
41, 0, 7, 0, 0, 0.0
41, 0, 8, 0, 0, 0.0
41, 0, 9, 0, 0, 0.0
41, 0, 10, 0, 0, 0.0
41, 0, 11, 0, 0, 0.0
41, 0, 12, 0, 0, 0.0
41, 0, 13, 0, 0, 0.0
41, 0, 14, 0, 0, 0.0
41, 0, 15, 0, 0, 0.0
41, 0, 16, 0, 0, 0.0
41, 0, 17, 0, 0, 0.0
41, 0, 18, 0, 0, 0.0
41, 0, 19, 0, 0, 0.0
41, 0, 20, 0, 0, 0.0
41, 1, 0, 0, 0, 0.0
41, 1, 1, 0, 0, 0.0
41, 1, 2, 0, 0, 0.0
41, 1, 3, 0, 0, 0.0
41, 1, 4, 0, 0, 0.0
41, 1, 5, 0, 0, 0.0
41, 1, 6, 0, 0, 0.0
41, 1, 7, 0, 0, 0.0
41, 1, 8, 0, 0, 0.0
41, 1, 9, 0, 0, 0.0
41, 1, 10, 0, 0, 0.0
41, 1, 11, 0, 0, 0.0
41, 1, 12, 0, 0, 0.0
41, 1, 13, 0, 0, 0.0
41, 1, 14, 0, 0, 0.0
41, 1, 15, 0, 0, 0.0
41, 1, 16, 0, 0, 0.0
41, 1, 17, 0, 0, 0.0
41, 1, 18, 0, 0, 0.0
41, 1, 19, 0, 0, 0.0
41, 1, 20, 0, 0, 0.0
42, 0, 0, 0, 0, 0.0
42, 0, 1, 0, 0, 0.0
42, 0, 2, 0, 0, 0.0
42, 0, 3, 0, 0, 0.0
42, 0, 4, 0, 0, 0.0
42, 0, 5, 0, 0, 0.0
42, 0, 6, 0, 0, 0.0
42, 0, 7, 0, 0, 0.0
42, 0, 8, 0, 0, 0.0
42, 0, 9, 0, 0, 0.0
42, 0, 10, 0, 0, 0.0
42, 0, 11, 0, 0, 0.0
42, 0, 12, 0, 0, 0.0
42, 0, 13, 0, 0, 0.0
42, 0, 14, 0, 0, 0.0
42, 0, 15, 0, 0, 0.0
42, 0, 16, 0, 0, 0.0
42, 0, 17, 0, 0, 0.0
42, 0, 18, 0, 0, 0.0
42, 0, 19, 0, 0, 0.0
42, 0, 20, 0, 0, 0.0
42, 1, 0, 0, 0, 0.0
42, 1, 1, 0, 0, 0.0
42, 1, 2, 0, 0, 0.0
42, 1, 3, 0, 0, 0.0
42, 1, 4, 0, 0, 0.0
42, 1, 5, 0, 0, 0.0
42, 1, 6, 0, 0, 0.0
42, 1, 7, 0, 0, 0.0
42, 1, 8, 0, 0, 0.0
42, 1, 9, 0, 0, 0.0
42, 1, 10, 0, 0, 0.0
42, 1, 11, 0, 0, 0.0
42, 1, 12, 0, 0, 0.0
42, 1, 13, 0, 0, 0.0
42, 1, 14, 0, 0, 0.0
42, 1, 15, 0, 0, 0.0
42, 1, 16, 0, 0, 0.0
42, 1, 17, 0, 0, 0.0
42, 1, 18, 0, 0, 0.0
42, 1, 19, 0, 0, 0.0
42, 1, 20, 0, 0, 0.0
43, 0, 0, 0, 0, 0.0
43, 0, 1, 0, 0, 0.0
43, 0, 2, 0, 0, 0.0
43, 0, 3, 0, 0, 0.0
43, 0, 4, 0, 0, 0.0
43, 0, 5, 0, 0, 0.0
43, 0, 6, 0, 0, 0.0
43, 0, 7, 0, 0, 0.0
43, 0, 8, 0, 0, 0.0
43, 0, 9, 0, 0, 0.0
43, 0, 10, 0, 0, 0.0
43, 0, 11, 0, 0, 0.0
43, 0, 12, 0, 0, 0.0
43, 0, 13, 0, 0, 0.0
43, 0, 14, 0, 0, 0.0
43, 0, 15, 0, 0, 0.0
43, 0, 16, 0, 0, 0.0
43, 0, 17, 0, 0, 0.0
43, 0, 18, 0, 0, 0.0
43, 0, 19, 0, 0, 0.0
43, 0, 20, 0, 0, 0.0
43, 1, 0, 0, 0, 0.0
43, 1, 1, 0, 0, 0.0
43, 1, 2, 0, 0, 0.0
43, 1, 3, 0, 0, 0.0
43, 1, 4, 0, 0, 0.0
43, 1, 5, 0, 0, 0.0
43, 1, 6, 0, 0, 0.0
43, 1, 7, 0, 0, 0.0
43, 1, 8, 0, 0, 0.0
43, 1, 9, 0, 0, 0.0
43, 1, 10, 0, 0, 0.0
43, 1, 11, 0, 0, 0.0
43, 1, 12, 0, 0, 0.0
43, 1, 13, 0, 0, 0.0
43, 1, 14, 0, 0, 0.0
43, 1, 15, 0, 0, 0.0
43, 1, 16, 0, 0, 0.0
43, 1, 17, 0, 0, 0.0
43, 1, 18, 0, 0, 0.0
43, 1, 19, 0, 0, 0.0
43, 1, 20, 0, 0, 0.0
44, 0, 0, 0, 0, 0.0
44, 0, 1, 0, 0, 0.0
44, 0, 2, 0, 0, 0.0
44, 0, 3, 0, 0, 0.0
44, 0, 4, 0, 0, 0.0
44, 0, 5, 0, 0, 0.0
44, 0, 6, 0, 0, 0.0
44, 0, 7, 0, 0, 0.0
44, 0, 8, 0, 0, 0.0
44, 0, 9, 0, 0, 0.0
44, 0, 10, 0, 0, 0.0
44, 0, 11, 0, 0, 0.0
44, 0, 12, 0, 0, 0.0
44, 0, 13, 0, 0, 0.0
44, 0, 14, 0, 0, 0.0
44, 0, 15, 0, 0, 0.0
44, 0, 16, 0, 0, 0.0
44, 0, 17, 0, 0, 0.0
44, 0, 18, 0, 0, 0.0
44, 0, 19, 0, 0, 0.0
44, 0, 20, 0, 0, 0.0
44, 1, 0, 0, 0, 0.0
44, 1, 1, 0, 0, 0.0
44, 1, 2, 0, 0, 0.0
44, 1, 3, 0, 0, 0.0
44, 1, 4, 0, 0, 0.0
44, 1, 5, 0, 0, 0.0
44, 1, 6, 0, 0, 0.0
44, 1, 7, 0, 0, 0.0
44, 1, 8, 0, 0, 0.0
44, 1, 9, 0, 0, 0.0
44, 1, 10, 0, 0, 0.0
44, 1, 11, 0, 0, 0.0
44, 1, 12, 0, 0, 0.0
44, 1, 13, 0, 0, 0.0
44, 1, 14, 0, 0, 0.0
44, 1, 15, 0, 0, 0.0
44, 1, 16, 0, 0, 0.0
44, 1, 17, 0, 0, 0.0
44, 1, 18, 0, 0, 0.0
44, 1, 19, 0, 0, 0.0
44, 1, 20, 0, 0, 0.0
45, 0, 0, 0, 0, 0.0
45, 0, 1, 0, 0, 0.0
45, 0, 2, 0, 0, 0.0
45, 0, 3, 0, 0, 0.0
45, 0, 4, 0, 0, 0.0
45, 0, 5, 0, 0, 0.0
45, 0, 6, 0, 0, 0.0
45, 0, 7, 0, 0, 0.0
45, 0, 8, 0, 0, 0.0
45, 0, 9, 0, 0, 0.0
45, 0, 10, 0, 0, 0.0
45, 0, 11, 0, 0, 0.0
45, 0, 12, 0, 0, 0.0
45, 0, 13, 0, 0, 0.0
45, 0, 14, 0, 0, 0.0
45, 0, 15, 0, 0, 0.0
45, 0, 16, 0, 0, 0.0
45, 0, 17, 0, 0, 0.0
45, 0, 18, 0, 0, 0.0
45, 0, 19, 0, 0, 0.0
45, 0, 20, 0, 0, 0.0
45, 1, 0, 0, 0, 0.0
45, 1, 1, 0, 0, 0.0
45, 1, 2, 0, 0, 0.0
45, 1, 3, 0, 0, 0.0
45, 1, 4, 0, 0, 0.0
45, 1, 5, 0, 0, 0.0
45, 1, 6, 0, 0, 0.0
45, 1, 7, 0, 0, 0.0
45, 1, 8, 0, 0, 0.0
45, 1, 9, 0, 0, 0.0
45, 1, 10, 0, 0, 0.0
45, 1, 11, 0, 0, 0.0
45, 1, 12, 0, 0, 0.0
45, 1, 13, 0, 0, 0.0
45, 1, 14, 0, 0, 0.0
45, 1, 15, 0, 0, 0.0
45, 1, 16, 0, 0, 0.0
45, 1, 17, 0, 0, 0.0
45, 1, 18, 0, 0, 0.0
45, 1, 19, 0, 0, 0.0
45, 1, 20, 0, 0, 0.0
46, 0, 0, 0, 0, 0.0
46, 0, 1, 0, 0, 0.0
46, 0, 2, 0, 0, 0.0
46, 0, 3, 0, 0, 0.0
46, 0, 4, 0, 0, 0.0
46, 0, 5, 0, 0, 0.0
46, 0, 6, 0, 0, 0.0
46, 0, 7, 0, 0, 0.0
46, 0, 8, 0, 0, 0.0
46, 0, 9, 0, 0, 0.0
46, 0, 10, 0, 0, 0.0
46, 0, 11, 0, 0, 0.0
46, 0, 12, 0, 0, 0.0
46, 0, 13, 0, 0, 0.0
46, 0, 14, 0, 0, 0.0
46, 0, 15, 0, 0, 0.0
46, 0, 16, 0, 0, 0.0
46, 0, 17, 0, 0, 0.0
46, 0, 18, 0, 0, 0.0
46, 0, 19, 0, 0, 0.0
46, 0, 20, 0, 0, 0.0
46, 1, 0, 0, 0, 0.0
46, 1, 1, 0, 0, 0.0
46, 1, 2, 0, 0, 0.0
46, 1, 3, 0, 0, 0.0
46, 1, 4, 0, 0, 0.0
46, 1, 5, 0, 0, 0.0
46, 1, 6, 0, 0, 0.0
46, 1, 7, 0, 0, 0.0
46, 1, 8, 0, 0, 0.0
46, 1, 9, 0, 0, 0.0
46, 1, 10, 0, 0, 0.0
46, 1, 11, 0, 0, 0.0
46, 1, 12, 0, 0, 0.0
46, 1, 13, 0, 0, 0.0
46, 1, 14, 0, 0, 0.0
46, 1, 15, 0, 0, 0.0
46, 1, 16, 0, 0, 0.0
46, 1, 17, 0, 0, 0.0
46, 1, 18, 0, 0, 0.0
46, 1, 19, 0, 0, 0.0
46, 1, 20, 0, 0, 0.0
47, 0, 0, 0, 0, 0.0
47, 0, 1, 0, 0, 0.0
47, 0, 2, 0, 0, 0.0
47, 0, 3, 0, 0, 0.0
47, 0, 4, 0, 0, 0.0
47, 0, 5, 0, 0, 0.0
47, 0, 6, 0, 0, 0.0
47, 0, 7, 0, 0, 0.0
47, 0, 8, 0, 0, 0.0
47, 0, 9, 0, 0, 0.0
47, 0, 10, 0, 0, 0.0
47, 0, 11, 0, 0, 0.0
47, 0, 12, 0, 0, 0.0
47, 0, 13, 0, 0, 0.0
47, 0, 14, 0, 0, 0.0
47, 0, 15, 0, 0, 0.0
47, 0, 16, 0, 0, 0.0
47, 0, 17, 0, 0, 0.0
47, 0, 18, 0, 0, 0.0
47, 0, 19, 0, 0, 0.0
47, 0, 20, 0, 0, 0.0
47, 1, 0, 0, 0, 0.0
47, 1, 1, 0, 0, 0.0
47, 1, 2, 0, 0, 0.0
47, 1, 3, 0, 0, 0.0
47, 1, 4, 0, 0, 0.0
47, 1, 5, 0, 0, 0.0
47, 1, 6, 0, 0, 0.0
47, 1, 7, 0, 0, 0.0
47, 1, 8, 0, 0, 0.0
47, 1, 9, 0, 0, 0.0
47, 1, 10, 0, 0, 0.0
47, 1, 11, 0, 0, 0.0
47, 1, 12, 0, 0, 0.0
47, 1, 13, 0, 0, 0.0
47, 1, 14, 0, 0, 0.0
47, 1, 15, 0, 0, 0.0
47, 1, 16, 0, 0, 0.0
47, 1, 17, 0, 0, 0.0
47, 1, 18, 0, 0, 0.0
47, 1, 19, 0, 0, 0.0
47, 1, 20, 0, 0, 0.0
48, 0, 0, 0, 0, 0.0
48, 0, 1, 0, 0, 0.0
48, 0, 2, 0, 0, 0.0
48, 0, 3, 0, 0, 0.0
48, 0, 4, 0, 0, 0.0
48, 0, 5, 0, 0, 0.0
48, 0, 6, 0, 0, 0.0
48, 0, 7, 0, 0, 0.0
48, 0, 8, 0, 0, 0.0
48, 0, 9, 0, 0, 0.0
48, 0, 10, 0, 0, 0.0
48, 0, 11, 0, 0, 0.0
48, 0, 12, 0, 0, 0.0
48, 0, 13, 0, 0, 0.0
48, 0, 14, 0, 0, 0.0
48, 0, 15, 0, 0, 0.0
48, 0, 16, 0, 0, 0.0
48, 0, 17, 0, 0, 0.0
48, 0, 18, 0, 0, 0.0
48, 0, 19, 0, 0, 0.0
48, 0, 20, 0, 0, 0.0
48, 1, 0, 0, 0, 0.0
48, 1, 1, 0, 0, 0.0
48, 1, 2, 0, 0, 0.0
48, 1, 3, 0, 0, 0.0
48, 1, 4, 0, 0, 0.0
48, 1, 5, 0, 0, 0.0
48, 1, 6, 0, 0, 0.0
48, 1, 7, 0, 0, 0.0
48, 1, 8, 0, 0, 0.0
48, 1, 9, 0, 0, 0.0
48, 1, 10, 0, 0, 0.0
48, 1, 11, 0, 0, 0.0
48, 1, 12, 0, 0, 0.0
48, 1, 13, 0, 0, 0.0
48, 1, 14, 0, 0, 0.0
48, 1, 15, 0, 0, 0.0
48, 1, 16, 0, 0, 0.0
48, 1, 17, 0, 0, 0.0
48, 1, 18, 0, 0, 0.0
48, 1, 19, 0, 0, 0.0
48, 1, 20, 0, 0, 0.0
49, 0, 0, 0, 0, 0.0
49, 0, 1, 0, 0, 0.0
49, 0, 2, 0, 0, 0.0
49, 0, 3, 0, 0, 0.0
49, 0, 4, 0, 0, 0.0
49, 0, 5, 0, 0, 0.0
49, 0, 6, 0, 0, 0.0
49, 0, 7, 0, 0, 0.0
49, 0, 8, 0, 0, 0.0
49, 0, 9, 0, 0, 0.0
49, 0, 10, 0, 0, 0.0
49, 0, 11, 0, 0, 0.0
49, 0, 12, 0, 0, 0.0
49, 0, 13, 0, 0, 0.0
49, 0, 14, 0, 0, 0.0
49, 0, 15, 0, 0, 0.0
49, 0, 16, 0, 0, 0.0
49, 0, 17, 0, 0, 0.0
49, 0, 18, 0, 0, 0.0
49, 0, 19, 0, 0, 0.0
49, 0, 20, 0, 0, 0.0
49, 1, 0, 0, 0, 0.0
49, 1, 1, 0, 0, 0.0
49, 1, 2, 0, 0, 0.0
49, 1, 3, 0, 0, 0.0
49, 1, 4, 0, 0, 0.0
49, 1, 5, 0, 0, 0.0
49, 1, 6, 0, 0, 0.0
49, 1, 7, 0, 0, 0.0
49, 1, 8, 0, 0, 0.0
49, 1, 9, 0, 0, 0.0
49, 1, 10, 0, 0, 0.0
49, 1, 11, 0, 0, 0.0
49, 1, 12, 0, 0, 0.0
49, 1, 13, 0, 0, 0.0
49, 1, 14, 0, 0, 0.0
49, 1, 15, 0, 0, 0.0
49, 1, 16, 0, 0, 0.0
49, 1, 17, 0, 0, 0.0
49, 1, 18, 0, 0, 0.0
49, 1, 19, 0, 0, 0.0
49, 1, 20, 0, 0, 0.0
