0, 0, 0, 0, 0, 0.0
0, 0, 1, 0, 0, 0.0
0, 0, 2, 0, 0, 0.0
0, 0, 3, 0, 0, 0.0
0, 0, 4, 0, 0, 0.0
0, 0, 5, 0, 0, 0.0
0, 0, 6, 0, 0, 0.0
0, 0, 7, 0, 0, 0.0
0, 0, 8, 0, 0, 0.0
0, 0, 9, 0, 0, 0.0
0, 0, 10, 0, 0, 0.0
0, 0, 11, 0, 0, 0.0
0, 0, 12, 0, 0, 0.0
0, 0, 13, 0, 0, 0.0
0, 0, 14, 0, 0, 0.0
0, 0, 15, 0, 0, 0.0
0, 0, 16, 0, 0, 0.0
0, 0, 17, 0, 0, 0.0
0, 0, 18, 0, 0, 0.0
0, 0, 19, 0, 0, 0.0
0, 0, 20, 0, 0, 0.0
0, 1, 0, 0, 0, 0.0
0, 1, 1, 0, 0, 0.0
0, 1, 2, 0, 0, 0.0
0, 1, 3, 0, 0, 0.0
0, 1, 4, 0, 0, 0.0
0, 1, 5, 0, 0, 0.0
0, 1, 6, 0, 0, 0.0
0, 1, 7, 0, 0, 0.0
0, 1, 8, 0, 0, 0.0
0, 1, 9, 0, 0, 0.0
0, 1, 10, 0, 0, 0.0
0, 1, 11, 0, 0, 0.0
0, 1, 12, 0, 0, 0.0
0, 1, 13, 0, 0, 0.0
0, 1, 14, 0, 0, 0.0
0, 1, 15, 0, 0, 0.0
0, 1, 16, 0, 0, 0.0
0, 1, 17, 0, 0, 0.0
0, 1, 18, 0, 0, 0.0
0, 1, 19, 0, 0, 0.0
0, 1, 20, 0, 0, 0.0
1, 0, 0, 0, 0, 0.0
1, 0, 1, 0, 0, 0.0
1, 0, 2, 0, 0, 0.0
1, 0, 3, 0, 0, 0.0
1, 0, 4, 0, 0, 0.0
1, 0, 5, 0, 0, 0.0
1, 0, 6, 0, 0, 0.0
1, 0, 7, 0, 0, 0.0
1, 0, 8, 0, 0, 0.0
1, 0, 9, 0, 0, 0.0
1, 0, 10, 0, 0, 0.0
1, 0, 11, 0, 0, 0.0
1, 0, 12, 0, 0, 0.0
1, 0, 13, 0, 0, 0.0
1, 0, 14, 0, 0, 0.0
1, 0, 15, 0, 0, 0.0
1, 0, 16, 0, 0, 0.0
1, 0, 17, 0, 0, 0.0
1, 0, 18, 0, 0, 0.0
1, 0, 19, 0, 0, 0.0
1, 0, 20, 0, 0, 0.0
1, 1, 0, 0, 0, 0.0
1, 1, 1, 0, 0, 0.0
1, 1, 2, 0, 0, 0.0
1, 1, 3, 0, 0, 0.0
1, 1, 4, 0, 0, 0.0
1, 1, 5, 0, 0, 0.0
1, 1, 6, 0, 0, 0.0
1, 1, 7, 0, 0, 0.0
1, 1, 8, 0, 0, 0.0
1, 1, 9, 0, 0, 0.0
1, 1, 10, 0, 0, 0.0
1, 1, 11, 0, 0, 0.0
1, 1, 12, 0, 0, 0.0
1, 1, 13, 0, 0, 0.0
1, 1, 14, 0, 0, 0.0
1, 1, 15, 0, 0, 0.0
1, 1, 16, 0, 0, 0.0
1, 1, 17, 0, 0, 0.0
1, 1, 18, 0, 0, 0.0
1, 1, 19, 0, 0, 0.0
1, 1, 20, 0, 0, 0.0
2, 0, 0, 0, 0, 0.0
2, 0, 1, 0, 0, 0.0
2, 0, 2, 0, 0, 0.0
2, 0, 3, 0, 0, 0.0
2, 0, 4, 0, 0, 0.0
2, 0, 5, 0, 0, 0.0
2, 0, 6, 0, 0, 0.0
2, 0, 7, 0, 0, 0.0
2, 0, 8, 0, 0, 0.0
2, 0, 9, 0, 0, 0.0
2, 0, 10, 0, 0, 0.0
2, 0, 11, 0, 0, 0.0
2, 0, 12, 0, 0, 0.0
2, 0, 13, 0, 0, 0.0
2, 0, 14, 0, 0, 0.0
2, 0, 15, 0, 0, 0.0
2, 0, 16, 0, 0, 0.0
2, 0, 17, 0, 0, 0.0
2, 0, 18, 0, 0, 0.0
2, 0, 19, 0, 0, 0.0
2, 0, 20, 0, 0, 0.0
2, 1, 0, 0, 0, 0.0
2, 1, 1, 0, 0, 0.0
2, 1, 2, 0, 0, 0.0
2, 1, 3, 0, 0, 0.0
2, 1, 4, 0, 0, 0.0
2, 1, 5, 0, 0, 0.0
2, 1, 6, 0, 0, 0.0
2, 1, 7, 0, 0, 0.0
2, 1, 8, 0, 0, 0.0
2, 1, 9, 0, 0, 0.0
2, 1, 10, 0, 0, 0.0
2, 1, 11, 0, 0, 0.0
2, 1, 12, 0, 0, 0.0
2, 1, 13, 0, 0, 0.0
2, 1, 14, 0, 0, 0.0
2, 1, 15, 0, 0, 0.0
2, 1, 16, 0, 0, 0.0
2, 1, 17, 0, 0, 0.0
2, 1, 18, 0, 0, 0.0
2, 1, 19, 0, 0, 0.0
2, 1, 20, 0, 0, 0.0
3, 0, 0, 0, 0, 0.0
3, 0, 1, 0, 0, 0.0
3, 0, 2, 0, 0, 0.0
3, 0, 3, 0, 0, 0.0
3, 0, 4, 0, 0, 0.0
3, 0, 5, 0, 0, 0.0
3, 0, 6, 0, 0, 0.0
3, 0, 7, 0, 0, 0.0
3, 0, 8, 0, 0, 0.0
3, 0, 9, 0, 0, 0.0
3, 0, 10, 0, 0, 0.0
3, 0, 11, 0, 0, 0.0
3, 0, 12, 0, 0, 0.0
3, 0, 13, 0, 0, 0.0
3, 0, 14, 0, 0, 0.0
3, 0, 15, 0, 0, 0.0
3, 0, 16, 0, 0, 0.0
3, 0, 17, 0, 0, 0.0
3, 0, 18, 0, 0, 0.0
3, 0, 19, 0, 0, 0.0
3, 0, 20, 0, 0, 0.0
3, 1, 0, 0, 0, 0.0
3, 1, 1, 0, 0, 0.0
3, 1, 2, 0, 0, 0.0
3, 1, 3, 0, 0, 0.0
3, 1, 4, 0, 0, 0.0
3, 1, 5, 0, 0, 0.0
3, 1, 6, 0, 0, 0.0
3, 1, 7, 0, 0, 0.0
3, 1, 8, 0, 0, 0.0
3, 1, 9, 0, 0, 0.0
3, 1, 10, 0, 0, 0.0
3, 1, 11, 0, 0, 0.0
3, 1, 12, 0, 0, 0.0
3, 1, 13, 0, 0, 0.0
3, 1, 14, 0, 0, 0.0
3, 1, 15, 0, 0, 0.0
3, 1, 16, 0, 0, 0.0
3, 1, 17, 0, 0, 0.0
3, 1, 18, 0, 0, 0.0
3, 1, 19, 0, 0, 0.0
3, 1, 20, 0, 0, 0.0
4, 0, 0, 0, 0, 0.0
4, 0, 1, 0, 0, 0.0
4, 0, 2, 0, 0, 0.0
4, 0, 3, 0, 0, 0.0
4, 0, 4, 0, 0, 0.0
4, 0, 5, 0, 0, 0.0
4, 0, 6, 0, 0, 0.0
4, 0, 7, 0, 0, 0.0
4, 0, 8, 0, 0, 0.0
4, 0, 9, 0, 0, 0.0
4, 0, 10, 0, 0, 0.0
4, 0, 11, 0, 0, 0.0
4, 0, 12, 0, 0, 0.0
4, 0, 13, 0, 0, 0.0
4, 0, 14, 0, 0, 0.0
4, 0, 15, 0, 0, 0.0
4, 0, 16, 0, 0, 0.0
4, 0, 17, 0, 0, 0.0
4, 0, 18, 0, 0, 0.0
4, 0, 19, 0, 0, 0.0
4, 0, 20, 0, 0, 0.0
4, 1, 0, 0, 0, 0.0
4, 1, 1, 0, 0, 0.0
4, 1, 2, 0, 0, 0.0
4, 1, 3, 0, 0, 0.0
4, 1, 4, 0, 0, 0.0
4, 1, 5, 0, 0, 0.0
4, 1, 6, 0, 0, 0.0
4, 1, 7, 0, 0, 0.0
4, 1, 8, 0, 0, 0.0
4, 1, 9, 0, 0, 0.0
4, 1, 10, 0, 0, 0.0
4, 1, 11, 0, 0, 0.0
4, 1, 12, 0, 0, 0.0
4, 1, 13, 0, 0, 0.0
4, 1, 14, 0, 0, 0.0
4, 1, 15, 0, 0, 0.0
4, 1, 16, 0, 0, 0.0
4, 1, 17, 0, 0, 0.0
4, 1, 18, 0, 0, 0.0
4, 1, 19, 0, 0, 0.0
4, 1, 20, 0, 0, 0.0
5, 0, 0, 0, 0, 0.0
5, 0, 1, 0, 0, 0.0
5, 0, 2, 0, 0, 0.0
5, 0, 3, 0, 0, 0.0
5, 0, 4, 0, 0, 0.0
5, 0, 5, 0, 0, 0.0
5, 0, 6, 0, 0, 0.0
5, 0, 7, 0, 0, 0.0
5, 0, 8, 0, 0, 0.0
5, 0, 9, 0, 0, 0.0
5, 0, 10, 0, 0, 0.0
5, 0, 11, 0, 0, 0.0
5, 0, 12, 0, 0, 0.0
5, 0, 13, 0, 0, 0.0
5, 0, 14, 0, 0, 0.0
5, 0, 15, 0, 0, 0.0
5, 0, 16, 0, 0, 0.0
5, 0, 17, 0, 0, 0.0
5, 0, 18, 0, 0, 0.0
5, 0, 19, 0, 0, 0.0
5, 0, 20, 0, 0, 0.0
5, 1, 0, 0, 0, 0.0
5, 1, 1, 0, 0, 0.0
5, 1, 2, 0, 0, 0.0
5, 1, 3, 0, 0, 0.0
5, 1, 4, 0, 0, 0.0
5, 1, 5, 0, 0, 0.0
5, 1, 6, 0, 0, 0.0
5, 1, 7, 0, 0, 0.0
5, 1, 8, 0, 0, 0.0
5, 1, 9, 0, 0, 0.0
5, 1, 10, 0, 0, 0.0
5, 1, 11, 0, 0, 0.0
5, 1, 12, 0, 0, 0.0
5, 1, 13, 0, 0, 0.0
5, 1, 14, 0, 0, 0.0
5, 1, 15, 0, 0, 0.0
5, 1, 16, 0, 0, 0.0
5, 1, 17, 0, 0, 0.0
5, 1, 18, 0, 0, 0.0
5, 1, 19, 0, 0, 0.0
5, 1, 20, 0, 0, 0.0
6, 0, 0, 0, 0, 0.0
6, 0, 1, 0, 0, 0.0
6, 0, 2, 0, 0, 0.0
6, 0, 3, 0, 0, 0.0
6, 0, 4, 0, 0, 0.0
6, 0, 5, 0, 0, 0.0
6, 0, 6, 0, 0, 0.0
6, 0, 7, 0, 0, 0.0
6, 0, 8, 0, 0, 0.0
6, 0, 9, 0, 0, 0.0
6, 0, 10, 0, 0, 0.0
6, 0, 11, 0, 0, 0.0
6, 0, 12, 0, 0, 0.0
6, 0, 13, 0, 0, 0.0
6, 0, 14, 0, 0, 0.0
6, 0, 15, 0, 0, 0.0
6, 0, 16, 0, 0, 0.0
6, 0, 17, 0, 0, 0.0
6, 0, 18, 0, 0, 0.0
6, 0, 19, 0, 0, 0.0
6, 0, 20, 0, 0, 0.0
6, 1, 0, 0, 0, 0.0
6, 1, 1, 0, 0, 0.0
6, 1, 2, 0, 0, 0.0
6, 1, 3, 0, 0, 0.0
6, 1, 4, 0, 0, 0.0
6, 1, 5, 0, 0, 0.0
6, 1, 6, 0, 0, 0.0
6, 1, 7, 0, 0, 0.0
6, 1, 8, 0, 0, 0.0
6, 1, 9, 0, 0, 0.0
6, 1, 10, 0, 0, 0.0
6, 1, 11, 0, 0, 0.0
6, 1, 12, 0, 0, 0.0
6, 1, 13, 0, 0, 0.0
6, 1, 14, 0, 0, 0.0
6, 1, 15, 0, 0, 0.0
6, 1, 16, 0, 0, 0.0
6, 1, 17, 0, 0, 0.0
6, 1, 18, 0, 0, 0.0
6, 1, 19, 0, 0, 0.0
6, 1, 20, 0, 0, 0.0
7, 0, 0, 0, 0, 0.0
7, 0, 1, 0, 0, 0.0
7, 0, 2, 0, 0, 0.0
7, 0, 3, 0, 0, 0.0
7, 0, 4, 0, 0, 0.0
7, 0, 5, 0, 0, 0.0
7, 0, 6, 0, 0, 0.0
7, 0, 7, 0, 0, 0.0
7, 0, 8, 0, 0, 0.0
7, 0, 9, 0, 0, 0.0
7, 0, 10, 0, 0, 0.0
7, 0, 11, 0, 0, 0.0
7, 0, 12, 0, 0, 0.0
7, 0, 13, 0, 0, 0.0
7, 0, 14, 0, 0, 0.0
7, 0, 15, 0, 0, 0.0
7, 0, 16, 0, 0, 0.0
7, 0, 17, 0, 0, 0.0
7, 0, 18, 0, 0, 0.0
7, 0, 19, 0, 0, 0.0
7, 0, 20, 0, 0, 0.0
7, 1, 0, 0, 0, 0.0
7, 1, 1, 0, 0, 0.0
7, 1, 2, 0, 0, 0.0
7, 1, 3, 0, 0, 0.0
7, 1, 4, 0, 0, 0.0
7, 1, 5, 0, 0, 0.0
7, 1, 6, 0, 0, 0.0
7, 1, 7, 0, 0, 0.0
7, 1, 8, 0, 0, 0.0
7, 1, 9, 0, 0, 0.0
7, 1, 10, 0, 0, 0.0
7, 1, 11, 0, 0, 0.0
7, 1, 12, 0, 0, 0.0
7, 1, 13, 0, 0, 0.0
7, 1, 14, 0, 0, 0.0
7, 1, 15, 0, 0, 0.0
7, 1, 16, 0, 0, 0.0
7, 1, 17, 0, 0, 0.0
7, 1, 18, 0, 0, 0.0
7, 1, 19, 0, 0, 0.0
7, 1, 20, 0, 0, 0.0
8, 0, 0, 0, 0, 0.0
8, 0, 1, 0, 0, 0.0
8, 0, 2, 0, 0, 0.0
8, 0, 3, 0, 0, 0.0
8, 0, 4, 0, 0, 0.0
8, 0, 5, 0, 0, 0.0
8, 0, 6, 0, 0, 0.0
8, 0, 7, 0, 0, 0.0
8, 0, 8, 0, 0, 0.0
8, 0, 9, 0, 0, 0.0
8, 0, 10, 0, 0, 0.0
8, 0, 11, 0, 0, 0.0
8, 0, 12, 0, 0, 0.0
8, 0, 13, 0, 0, 0.0
8, 0, 14, 0, 0, 0.0
8, 0, 15, 0, 0, 0.0
8, 0, 16, 0, 0, 0.0
8, 0, 17, 0, 0, 0.0
8, 0, 18, 0, 0, 0.0
8, 0, 19, 0, 0, 0.0
8, 0, 20, 0, 0, 0.0
8, 1, 0, 0, 0, 0.0
8, 1, 1, 0, 0, 0.0
8, 1, 2, 0, 0, 0.0
8, 1, 3, 0, 0, 0.0
8, 1, 4, 0, 0, 0.0
8, 1, 5, 0, 0, 0.0
8, 1, 6, 0, 0, 0.0
8, 1, 7, 0, 0, 0.0
8, 1, 8, 0, 0, 0.0
8, 1, 9, 0, 0, 0.0
8, 1, 10, 0, 0, 0.0
8, 1, 11, 0, 0, 0.0
8, 1, 12, 0, 0, 0.0
8, 1, 13, 0, 0, 0.0
8, 1, 14, 0, 0, 0.0
8, 1, 15, 0, 0, 0.0
8, 1, 16, 0, 0, 0.0
8, 1, 17, 0, 0, 0.0
8, 1, 18, 0, 0, 0.0
8, 1, 19, 0, 0, 0.0
8, 1, 20, 0, 0, 0.0
9, 0, 0, 0, 0, 0.0
9, 0, 1, 0, 0, 0.0
9, 0, 2, 0, 0, 0.0
9, 0, 3, 0, 0, 0.0
9, 0, 4, 0, 0, 0.0
9, 0, 5, 0, 0, 0.0
9, 0, 6, 0, 0, 0.0
9, 0, 7, 0, 0, 0.0
9, 0, 8, 0, 0, 0.0
9, 0, 9, 0, 0, 0.0
9, 0, 10, 0, 0, 0.0
9, 0, 11, 0, 0, 0.0
9, 0, 12, 0, 0, 0.0
9, 0, 13, 0, 0, 0.0
9, 0, 14, 0, 0, 0.0
9, 0, 15, 0, 0, 0.0
9, 0, 16, 0, 0, 0.0
9, 0, 17, 0, 0, 0.0
9, 0, 18, 0, 0, 0.0
9, 0, 19, 0, 0, 0.0
9, 0, 20, 0, 0, 0.0
9, 1, 0, 0, 0, 0.0
9, 1, 1, 0, 0, 0.0
9, 1, 2, 0, 0, 0.0
9, 1, 3, 0, 0, 0.0
9, 1, 4, 0, 0, 0.0
9, 1, 5, 0, 0, 0.0
9, 1, 6, 0, 0, 0.0
9, 1, 7, 0, 0, 0.0
9, 1, 8, 0, 0, 0.0
9, 1, 9, 0, 0, 0.0
9, 1, 10, 0, 0, 0.0
9, 1, 11, 0, 0, 0.0
9, 1, 12, 0, 0, 0.0
9, 1, 13, 0, 0, 0.0
9, 1, 14, 0, 0, 0.0
9, 1, 15, 0, 0, 0.0
9, 1, 16, 0, 0, 0.0
9, 1, 17, 0, 0, 0.0
9, 1, 18, 0, 0, 0.0
9, 1, 19, 0, 0, 0.0
9, 1, 20, 0, 0, 0.0
10, 0, 0, 0, 0, 0.0
10, 0, 1, 0, 0, 0.0
10, 0, 2, 0, 0, 0.0
10, 0, 3, 0, 0, 0.0
10, 0, 4, 0, 0, 0.0
10, 0, 5, 0, 0, 0.0
10, 0, 6, 0, 0, 0.0
10, 0, 7, 0, 0, 0.0
10, 0, 8, 0, 0, 0.0
10, 0, 9, 0, 0, 0.0
10, 0, 10, 0, 0, 0.0
10, 0, 11, 0, 0, 0.0
10, 0, 12, 0, 0, 0.0
10, 0, 13, 0, 0, 0.0
10, 0, 14, 0, 0, 0.0
10, 0, 15, 0, 0, 0.0
10, 0, 16, 0, 0, 0.0
10, 0, 17, 0, 0, 0.0
10, 0, 18, 0, 0, 0.0
10, 0, 19, 0, 0, 0.0
10, 0, 20, 0, 0, 0.0
10, 1, 0, 0, 0, 0.0
10, 1, 1, 0, 0, 0.0
10, 1, 2, 0, 0, 0.0
10, 1, 3, 0, 0, 0.0
10, 1, 4, 0, 0, 0.0
10, 1, 5, 0, 0, 0.0
10, 1, 6, 0, 0, 0.0
10, 1, 7, 0, 0, 0.0
10, 1, 8, 0, 0, 0.0
10, 1, 9, 0, 0, 0.0
10, 1, 10, 0, 0, 0.0
10, 1, 11, 0, 0, 0.0
10, 1, 12, 0, 0, 0.0
10, 1, 13, 0, 0, 0.0
10, 1, 14, 0, 0, 0.0
10, 1, 15, 0, 0, 0.0
10, 1, 16, 0, 0, 0.0
10, 1, 17, 0, 0, 0.0
10, 1, 18, 0, 0, 0.0
10, 1, 19, 0, 0, 0.0
10, 1, 20, 0, 0, 0.0
11, 0, 0, 0, 0, 0.0
11, 0, 1, 0, 0, 0.0
11, 0, 2, 0, 0, 0.0
11, 0, 3, 0, 0, 0.0
11, 0, 4, 0, 0, 0.0
11, 0, 5, 0, 0, 0.0
11, 0, 6, 0, 0, 0.0
11, 0, 7, 0, 0, 0.0
11, 0, 8, 0, 0, 0.0
11, 0, 9, 0, 0, 0.0
11, 0, 10, 0, 0, 0.0
11, 0, 11, 0, 0, 0.0
11, 0, 12, 0, 0, 0.0
11, 0, 13, 0, 0, 0.0
11, 0, 14, 0, 0, 0.0
11, 0, 15, 0, 0, 0.0
11, 0, 16, 0, 0, 0.0
11, 0, 17, 0, 0, 0.0
11, 0, 18, 0, 0, 0.0
11, 0, 19, 0, 0, 0.0
11, 0, 20, 0, 0, 0.0
11, 1, 0, 0, 0, 0.0
11, 1, 1, 0, 0, 0.0
11, 1, 2, 0, 0, 0.0
11, 1, 3, 0, 0, 0.0
11, 1, 4, 0, 0, 0.0
11, 1, 5, 0, 0, 0.0
11, 1, 6, 0, 0, 0.0
11, 1, 7, 0, 0, 0.0
11, 1, 8, 0, 0, 0.0
11, 1, 9, 0, 0, 0.0
11, 1, 10, 0, 0, 0.0
11, 1, 11, 0, 0, 0.0
11, 1, 12, 0, 0, 0.0
11, 1, 13, 0, 0, 0.0
11, 1, 14, 0, 0, 0.0
11, 1, 15, 0, 0, 0.0
11, 1, 16, 0, 0, 0.0
11, 1, 17, 0, 0, 0.0
11, 1, 18, 0, 0, 0.0
11, 1, 19, 0, 0, 0.0
11, 1, 20, 0, 0, 0.0
12, 0, 0, 0, 0, 0.0
12, 0, 1, 0, 0, 0.0
12, 0, 2, 0, 0, 0.0
12, 0, 3, 0, 0, 0.0
12, 0, 4, 0, 0, 0.0
12, 0, 5, 0, 0, 0.0
12, 0, 6, 0, 0, 0.0
12, 0, 7, 0, 0, 0.0
12, 0, 8, 0, 0, 0.0
12, 0, 9, 0, 0, 0.0
12, 0, 10, 0, 0, 0.0
12, 0, 11, 0, 0, 0.0
12, 0, 12, 0, 0, 0.0
12, 0, 13, 0, 0, 0.0
12, 0, 14, 0, 0, 0.0
12, 0, 15, 0, 0, 0.0
12, 0, 16, 0, 0, 0.0
12, 0, 17, 0, 0, 0.0
12, 0, 18, 0, 0, 0.0
12, 0, 19, 0, 0, 0.0
12, 0, 20, 0, 0, 0.0
12, 1, 0, 0, 0, 0.0
12, 1, 1, 0, 0, 0.0
12, 1, 2, 0, 0, 0.0
12, 1, 3, 0, 0, 0.0
12, 1, 4, 0, 0, 0.0
12, 1, 5, 0, 0, 0.0
12, 1, 6, 0, 0, 0.0
12, 1, 7, 0, 0, 0.0
12, 1, 8, 0, 0, 0.0
12, 1, 9, 0, 0, 0.0
12, 1, 10, 0, 0, 0.0
12, 1, 11, 0, 0, 0.0
12, 1, 12, 0, 0, 0.0
12, 1, 13, 0, 0, 0.0
12, 1, 14, 0, 0, 0.0
12, 1, 15, 0, 0, 0.0
12, 1, 16, 0, 0, 0.0
12, 1, 17, 0, 0, 0.0
12, 1, 18, 0, 0, 0.0
12, 1, 19, 0, 0, 0.0
12, 1, 20, 0, 0, 0.0
13, 0, 0, 0, 0, 0.0
13, 0, 1, 0, 0, 0.0
13, 0, 2, 0, 0, 0.0
13, 0, 3, 0, 0, 0.0
13, 0, 4, 0, 0, 0.0
13, 0, 5, 0, 0, 0.0
13, 0, 6, 0, 0, 0.0
13, 0, 7, 0, 0, 0.0
13, 0, 8, 0, 0, 0.0
13, 0, 9, 0, 0, 0.0
13, 0, 10, 0, 0, 0.0
13, 0, 11, 0, 0, 0.0
13, 0, 12, 0, 0, 0.0
13, 0, 13, 0, 0, 0.0
13, 0, 14, 0, 0, 0.0
13, 0, 15, 0, 0, 0.0
13, 0, 16, 0, 0, 0.0
13, 0, 17, 0, 0, 0.0
13, 0, 18, 0, 0, 0.0
13, 0, 19, 0, 0, 0.0
13, 0, 20, 0, 0, 0.0
13, 1, 0, 0, 0, 0.0
13, 1, 1, 0, 0, 0.0
13, 1, 2, 0, 0, 0.0
13, 1, 3, 0, 0, 0.0
13, 1, 4, 0, 0, 0.0
13, 1, 5, 0, 0, 0.0
13, 1, 6, 0, 0, 0.0
13, 1, 7, 0, 0, 0.0
13, 1, 8, 0, 0, 0.0
13, 1, 9, 0, 0, 0.0
13, 1, 10, 0, 0, 0.0
13, 1, 11, 0, 0, 0.0
13, 1, 12, 0, 0, 0.0
13, 1, 13, 0, 0, 0.0
13, 1, 14, 0, 0, 0.0
13, 1, 15, 0, 0, 0.0
13, 1, 16, 0, 0, 0.0
13, 1, 17, 0, 0, 0.0
13, 1, 18, 0, 0, 0.0
13, 1, 19, 0, 0, 0.0
13, 1, 20, 0, 0, 0.0
14, 0, 0, 0, 0, 0.0
14, 0, 1, 0, 0, 0.0
14, 0, 2, 0, 0, 0.0
14, 0, 3, 0, 0, 0.0
14, 0, 4, 0, 0, 0.0
14, 0, 5, 0, 0, 0.0
14, 0, 6, 0, 0, 0.0
14, 0, 7, 0, 0, 0.0
14, 0, 8, 0, 0, 0.0
14, 0, 9, 0, 0, 0.0
14, 0, 10, 0, 0, 0.0
14, 0, 11, 0, 0, 0.0
14, 0, 12, 0, 0, 0.0
14, 0, 13, 0, 0, 0.0
14, 0, 14, 0, 0, 0.0
14, 0, 15, 0, 0, 0.0
14, 0, 16, 0, 0, 0.0
14, 0, 17, 0, 0, 0.0
14, 0, 18, 0, 0, 0.0
14, 0, 19, 0, 0, 0.0
14, 0, 20, 0, 0, 0.0
14, 1, 0, 0, 0, 0.0
14, 1, 1, 0, 0, 0.0
14, 1, 2, 0, 0, 0.0
14, 1, 3, 0, 0, 0.0
14, 1, 4, 0, 0, 0.0
14, 1, 5, 0, 0, 0.0
14, 1, 6, 0, 0, 0.0
14, 1, 7, 0, 0, 0.0
14, 1, 8, 0, 0, 0.0
14, 1, 9, 0, 0, 0.0
14, 1, 10, 0, 0, 0.0
14, 1, 11, 0, 0, 0.0
14, 1, 12, 0, 0, 0.0
14, 1, 13, 0, 0, 0.0
14, 1, 14, 0, 0, 0.0
14, 1, 15, 0, 0, 0.0
14, 1, 16, 0, 0, 0.0
14, 1, 17, 0, 0, 0.0
14, 1, 18, 0, 0, 0.0
14, 1, 19, 0, 0, 0.0
14, 1, 20, 0, 0, 0.0
15, 0, 0, 0, 0, 0.0
15, 0, 1, 0, 0, 0.0
15, 0, 2, 0, 0, 0.0
15, 0, 3, 0, 0, 0.0
15, 0, 4, 0, 0, 0.0
15, 0, 5, 0, 0, 0.0
15, 0, 6, 0, 0, 0.0
15, 0, 7, 0, 0, 0.0
15, 0, 8, 0, 0, 0.0
15, 0, 9, 0, 0, 0.0
15, 0, 10, 0, 0, 0.0
15, 0, 11, 0, 0, 0.0
15, 0, 12, 0, 0, 0.0
15, 0, 13, 0, 0, 0.0
15, 0, 14, 0, 0, 0.0
15, 0, 15, 0, 0, 0.0
15, 0, 16, 0, 0, 0.0
15, 0, 17, 0, 0, 0.0
15, 0, 18, 0, 0, 0.0
15, 0, 19, 0, 0, 0.0
15, 0, 20, 0, 0, 0.0
15, 1, 0, 0, 0, 0.0
15, 1, 1, 0, 0, 0.0
15, 1, 2, 0, 0, 0.0
15, 1, 3, 0, 0, 0.0
15, 1, 4, 0, 0, 0.0
15, 1, 5, 0, 0, 0.0
15, 1, 6, 0, 0, 0.0
15, 1, 7, 0, 0, 0.0
15, 1, 8, 0, 0, 0.0
15, 1, 9, 0, 0, 0.0
15, 1, 10, 0, 0, 0.0
15, 1, 11, 0, 0, 0.0
15, 1, 12, 0, 0, 0.0
15, 1, 13, 0, 0, 0.0
15, 1, 14, 0, 0, 0.0
15, 1, 15, 0, 0, 0.0
15, 1, 16, 0, 0, 0.0
15, 1, 17, 0, 0, 0.0
15, 1, 18, 0, 0, 0.0
15, 1, 19, 0, 0, 0.0
15, 1, 20, 0, 0, 0.0
16, 0, 0, 0, 0, 0.0
16, 0, 1, 0, 0, 0.0
16, 0, 2, 0, 0, 0.0
16, 0, 3, 0, 0, 0.0
16, 0, 4, 0, 0, 0.0
16, 0, 5, 0, 0, 0.0
16, 0, 6, 0, 0, 0.0
16, 0, 7, 0, 0, 0.0
16, 0, 8, 0, 0, 0.0
16, 0, 9, 0, 0, 0.0
16, 0, 10, 0, 0, 0.0
16, 0, 11, 0, 0, 0.0
16, 0, 12, 0, 0, 0.0
16, 0, 13, 0, 0, 0.0
16, 0, 14, 0, 0, 0.0
16, 0, 15, 0, 0, 0.0
16, 0, 16, 0, 0, 0.0
16, 0, 17, 0, 0, 0.0
16, 0, 18, 0, 0, 0.0
16, 0, 19, 0, 0, 0.0
16, 0, 20, 0, 0, 0.0
16, 1, 0, 0, 0, 0.0
16, 1, 1, 0, 0, 0.0
16, 1, 2, 0, 0, 0.0
16, 1, 3, 0, 0, 0.0
16, 1, 4, 0, 0, 0.0
16, 1, 5, 0, 0, 0.0
16, 1, 6, 0, 0, 0.0
16, 1, 7, 0, 0, 0.0
16, 1, 8, 0, 0, 0.0
16, 1, 9, 0, 0, 0.0
16, 1, 10, 0, 0, 0.0
16, 1, 11, 0, 0, 0.0
16, 1, 12, 0, 0, 0.0
16, 1, 13, 0, 0, 0.0
16, 1, 14, 0, 0, 0.0
16, 1, 15, 0, 0, 0.0
16, 1, 16, 0, 0, 0.0
16, 1, 17, 0, 0, 0.0
16, 1, 18, 0, 0, 0.0
16, 1, 19, 0, 0, 0.0
16, 1, 20, 0, 0, 0.0
17, 0, 0, 0, 0, 0.0
17, 0, 1, 0, 0, 0.0
17, 0, 2, 0, 0, 0.0
17, 0, 3, 0, 0, 0.0
17, 0, 4, 0, 0, 0.0
17, 0, 5, 0, 0, 0.0
17, 0, 6, 0, 0, 0.0
17, 0, 7, 0, 0, 0.0
17, 0, 8, 0, 0, 0.0
17, 0, 9, 0, 0, 0.0
17, 0, 10, 0, 0, 0.0
17, 0, 11, 0, 0, 0.0
17, 0, 12, 0, 0, 0.0
17, 0, 13, 0, 0, 0.0
17, 0, 14, 0, 0, 0.0
17, 0, 15, 0, 0, 0.0
17, 0, 16, 0, 0, 0.0
17, 0, 17, 0, 0, 0.0
17, 0, 18, 0, 0, 0.0
17, 0, 19, 0, 0, 0.0
17, 0, 20, 0, 0, 0.0
17, 1, 0, 0, 0, 0.0
17, 1, 1, 0, 0, 0.0
17, 1, 2, 0, 0, 0.0
17, 1, 3, 0, 0, 0.0
17, 1, 4, 0, 0, 0.0
17, 1, 5, 0, 0, 0.0
17, 1, 6, 0, 0, 0.0
17, 1, 7, 0, 0, 0.0
17, 1, 8, 0, 0, 0.0
17, 1, 9, 0, 0, 0.0
17, 1, 10, 0, 0, 0.0
17, 1, 11, 0, 0, 0.0
17, 1, 12, 0, 0, 0.0
17, 1, 13, 0, 0, 0.0
17, 1, 14, 0, 0, 0.0
17, 1, 15, 0, 0, 0.0
17, 1, 16, 0, 0, 0.0
17, 1, 17, 0, 0, 0.0
17, 1, 18, 0, 0, 0.0
17, 1, 19, 0, 0, 0.0
17, 1, 20, 0, 0, 0.0
18, 0, 0, 0, 0, 0.0
18, 0, 1, 0, 0, 0.0
18, 0, 2, 0, 0, 0.0
18, 0, 3, 0, 0, 0.0
18, 0, 4, 0, 0, 0.0
18, 0, 5, 0, 0, 0.0
18, 0, 6, 0, 0, 0.0
18, 0, 7, 0, 0, 0.0
18, 0, 8, 0, 0, 0.0
18, 0, 9, 0, 0, 0.0
18, 0, 10, 0, 0, 0.0
18, 0, 11, 0, 0, 0.0
18, 0, 12, 0, 0, 0.0
18, 0, 13, 0, 0, 0.0
18, 0, 14, 0, 0, 0.0
18, 0, 15, 0, 0, 0.0
18, 0, 16, 0, 0, 0.0
18, 0, 17, 0, 0, 0.0
18, 0, 18, 0, 0, 0.0
18, 0, 19, 0, 0, 0.0
18, 0, 20, 0, 0, 0.0
18, 1, 0, 0, 0, 0.0
18, 1, 1, 0, 0, 0.0
18, 1, 2, 0, 0, 0.0
18, 1, 3, 0, 0, 0.0
18, 1, 4, 0, 0, 0.0
18, 1, 5, 0, 0, 0.0
18, 1, 6, 0, 0, 0.0
18, 1, 7, 0, 0, 0.0
18, 1, 8, 0, 0, 0.0
18, 1, 9, 0, 0, 0.0
18, 1, 10, 0, 0, 0.0
18, 1, 11, 0, 0, 0.0
18, 1, 12, 0, 0, 0.0
18, 1, 13, 0, 0, 0.0
18, 1, 14, 0, 0, 0.0
18, 1, 15, 0, 0, 0.0
18, 1, 16, 0, 0, 0.0
18, 1, 17, 0, 0, 0.0
18, 1, 18, 0, 0, 0.0
18, 1, 19, 0, 0, 0.0
18, 1, 20, 0, 0, 0.0
19, 0, 0, 0, 0, 0.0
19, 0, 1, 0, 0, 0.0
19, 0, 2, 0, 0, 0.0
19, 0, 3, 0, 0, 0.0
19, 0, 4, 0, 0, 0.0
19, 0, 5, 0, 0, 0.0
19, 0, 6, 0, 0, 0.0
19, 0, 7, 0, 0, 0.0
19, 0, 8, 0, 0, 0.0
19, 0, 9, 0, 0, 0.0
19, 0, 10, 0, 0, 0.0
19, 0, 11, 0, 0, 0.0
19, 0, 12, 0, 0, 0.0
19, 0, 13, 0, 0, 0.0
19, 0, 14, 0, 0, 0.0
19, 0, 15, 0, 0, 0.0
19, 0, 16, 0, 0, 0.0
19, 0, 17, 0, 0, 0.0
19, 0, 18, 0, 0, 0.0
19, 0, 19, 0, 0, 0.0
19, 0, 20, 0, 0, 0.0
19, 1, 0, 0, 0, 0.0
19, 1, 1, 0, 0, 0.0
19, 1, 2, 0, 0, 0.0
19, 1, 3, 0, 0, 0.0
19, 1, 4, 0, 0, 0.0
19, 1, 5, 0, 0, 0.0
19, 1, 6, 0, 0, 0.0
19, 1, 7, 0, 0, 0.0
19, 1, 8, 0, 0, 0.0
19, 1, 9, 0, 0, 0.0
19, 1, 10, 0, 0, 0.0
19, 1, 11, 0, 0, 0.0
19, 1, 12, 0, 0, 0.0
19, 1, 13, 0, 0, 0.0
19, 1, 14, 0, 0, 0.0
19, 1, 15, 0, 0, 0.0
19, 1, 16, 0, 0, 0.0
19, 1, 17, 0, 0, 0.0
19, 1, 18, 0, 0, 0.0
19, 1, 19, 0, 0, 0.0
19, 1, 20, 0, 0, 0.0
20, 0, 0, 0, 0, 0.0
20, 0, 1, 0, 0, 0.0
20, 0, 2, 0, 0, 0.0
20, 0, 3, 0, 0, 0.0
20, 0, 4, 0, 0, 0.0
20, 0, 5, 0, 0, 0.0
20, 0, 6, 0, 0, 0.0
20, 0, 7, 0, 0, 0.0
20, 0, 8, 0, 0, 0.0
20, 0, 9, 0, 0, 0.0
20, 0, 10, 0, 0, 0.0
20, 0, 11, 0, 0, 0.0
20, 0, 12, 0, 0, 0.0
20, 0, 13, 0, 0, 0.0
20, 0, 14, 0, 0, 0.0
20, 0, 15, 0, 0, 0.0
20, 0, 16, 0, 0, 0.0
20, 0, 17, 0, 0, 0.0
20, 0, 18, 0, 0, 0.0
20, 0, 19, 0, 0, 0.0
20, 0, 20, 0, 0, 0.0
20, 1, 0, 0, 0, 0.0
20, 1, 1, 0, 0, 0.0
20, 1, 2, 0, 0, 0.0
20, 1, 3, 0, 0, 0.0
20, 1, 4, 0, 0, 0.0
20, 1, 5, 0, 0, 0.0
20, 1, 6, 0, 0, 0.0
20, 1, 7, 0, 0, 0.0
20, 1, 8, 0, 0, 0.0
20, 1, 9, 0, 0, 0.0
20, 1, 10, 0, 0, 0.0
20, 1, 11, 0, 0, 0.0
20, 1, 12, 0, 0, 0.0
20, 1, 13, 0, 0, 0.0
20, 1, 14, 0, 0, 0.0
20, 1, 15, 0, 0, 0.0
20, 1, 16, 0, 0, 0.0
20, 1, 17, 0, 0, 0.0
20, 1, 18, 0, 0, 0.0
20, 1, 19, 0, 0, 0.0
20, 1, 20, 0, 0, 0.0
21, 0, 0, 0, 0, 0.0
21, 0, 1, 0, 0, 0.0
21, 0, 2, 0, 0, 0.0
21, 0, 3, 0, 0, 0.0
21, 0, 4, 0, 0, 0.0
21, 0, 5, 0, 0, 0.0
21, 0, 6, 0, 0, 0.0
21, 0, 7, 0, 0, 0.0
21, 0, 8, 0, 0, 0.0
21, 0, 9, 0, 0, 0.0
21, 0, 10, 0, 0, 0.0
21, 0, 11, 0, 0, 0.0
21, 0, 12, 0, 0, 0.0
21, 0, 13, 0, 0, 0.0
21, 0, 14, 0, 0, 0.0
21, 0, 15, 0, 0, 0.0
21, 0, 16, 0, 0, 0.0
21, 0, 17, 0, 0, 0.0
21, 0, 18, 0, 0, 0.0
21, 0, 19, 0, 0, 0.0
21, 0, 20, 0, 0, 0.0
21, 1, 0, 0, 0, 0.0
21, 1, 1, 0, 0, 0.0
21, 1, 2, 0, 0, 0.0
21, 1, 3, 0, 0, 0.0
21, 1, 4, 0, 0, 0.0
21, 1, 5, 0, 0, 0.0
21, 1, 6, 0, 0, 0.0
21, 1, 7, 0, 0, 0.0
21, 1, 8, 0, 0, 0.0
21, 1, 9, 0, 0, 0.0
21, 1, 10, 0, 0, 0.0
21, 1, 11, 0, 0, 0.0
21, 1, 12, 0, 0, 0.0
21, 1, 13, 0, 0, 0.0
21, 1, 14, 0, 0, 0.0
21, 1, 15, 0, 0, 0.0
21, 1, 16, 0, 0, 0.0
21, 1, 17, 0, 0, 0.0
21, 1, 18, 0, 0, 0.0
21, 1, 19, 0, 0, 0.0
21, 1, 20, 0, 0, 0.0
22, 0, 0, 0, 0, 0.0
22, 0, 1, 0, 0, 0.0
22, 0, 2, 0, 0, 0.0
22, 0, 3, 0, 0, 0.0
22, 0, 4, 0, 0, 0.0
22, 0, 5, 0, 0, 0.0
22, 0, 6, 0, 0, 0.0
22, 0, 7, 0, 0, 0.0
22, 0, 8, 0, 0, 0.0
22, 0, 9, 0, 0, 0.0
22, 0, 10, 0, 0, 0.0
22, 0, 11, 0, 0, 0.0
22, 0, 12, 0, 0, 0.0
22, 0, 13, 0, 0, 0.0
22, 0, 14, 0, 0, 0.0
22, 0, 15, 0, 0, 0.0
22, 0, 16, 0, 0, 0.0
22, 0, 17, 0, 0, 0.0
22, 0, 18, 0, 0, 0.0
22, 0, 19, 0, 0, 0.0
22, 0, 20, 0, 0, 0.0
22, 1, 0, 0, 0, 0.0
22, 1, 1, 0, 0, 0.0
22, 1, 2, 0, 0, 0.0
22, 1, 3, 0, 0, 0.0
22, 1, 4, 0, 0, 0.0
22, 1, 5, 0, 0, 0.0
22, 1, 6, 0, 0, 0.0
22, 1, 7, 0, 0, 0.0
22, 1, 8, 0, 0, 0.0
22, 1, 9, 0, 0, 0.0
22, 1, 10, 0, 0, 0.0
22, 1, 11, 0, 0, 0.0
22, 1, 12, 0, 0, 0.0
22, 1, 13, 0, 0, 0.0
22, 1, 14, 0, 0, 0.0
22, 1, 15, 0, 0, 0.0
22, 1, 16, 0, 0, 0.0
22, 1, 17, 0, 0, 0.0
22, 1, 18, 0, 0, 0.0
22, 1, 19, 0, 0, 0.0
22, 1, 20, 0, 0, 0.0
23, 0, 0, 0, 0, 0.0
23, 0, 1, 0, 0, 0.0
23, 0, 2, 0, 0, 0.0
23, 0, 3, 0, 0, 0.0
23, 0, 4, 0, 0, 0.0
23, 0, 5, 0, 0, 0.0
23, 0, 6, 0, 0, 0.0
23, 0, 7, 0, 0, 0.0
23, 0, 8, 0, 0, 0.0
23, 0, 9, 0, 0, 0.0
23, 0, 10, 0, 0, 0.0
23, 0, 11, 0, 0, 0.0
23, 0, 12, 0, 0, 0.0
23, 0, 13, 0, 0, 0.0
23, 0, 14, 0, 0, 0.0
23, 0, 15, 0, 0, 0.0
23, 0, 16, 0, 0, 0.0
23, 0, 17, 0, 0, 0.0
23, 0, 18, 0, 0, 0.0
23, 0, 19, 0, 0, 0.0
23, 0, 20, 0, 0, 0.0
23, 1, 0, 0, 0, 0.0
23, 1, 1, 0, 0, 0.0
23, 1, 2, 0, 0, 0.0
23, 1, 3, 0, 0, 0.0
23, 1, 4, 0, 0, 0.0
23, 1, 5, 0, 0, 0.0
23, 1, 6, 0, 0, 0.0
23, 1, 7, 0, 0, 0.0
23, 1, 8, 0, 0, 0.0
23, 1, 9, 0, 0, 0.0
23, 1, 10, 0, 0, 0.0
23, 1, 11, 0, 0, 0.0
23, 1, 12, 0, 0, 0.0
23, 1, 13, 0, 0, 0.0
23, 1, 14, 0, 0, 0.0
23, 1, 15, 0, 0, 0.0
23, 1, 16, 0, 0, 0.0
23, 1, 17, 0, 0, 0.0
23, 1, 18, 0, 0, 0.0
23, 1, 19, 0, 0, 0.0
23, 1, 20, 0, 0, 0.0
24, 0, 0, 0, 0, 0.0
24, 0, 1, 0, 0, 0.0
24, 0, 2, 0, 0, 0.0
24, 0, 3, 0, 0, 0.0
24, 0, 4, 0, 0, 0.0
24, 0, 5, 0, 0, 0.0
24, 0, 6, 0, 0, 0.0
24, 0, 7, 0, 0, 0.0
24, 0, 8, 0, 0, 0.0
24, 0, 9, 0, 0, 0.0
24, 0, 10, 0, 0, 0.0
24, 0, 11, 0, 0, 0.0
24, 0, 12, 0, 0, 0.0
24, 0, 13, 0, 0, 0.0
24, 0, 14, 0, 0, 0.0
24, 0, 15, 0, 0, 0.0
24, 0, 16, 0, 0, 0.0
24, 0, 17, 0, 0, 0.0
24, 0, 18, 0, 0, 0.0
24, 0, 19, 0, 0, 0.0
24, 0, 20, 0, 0, 0.0
24, 1, 0, 0, 0, 0.0
24, 1, 1, 0, 0, 0.0
24, 1, 2, 0, 0, 0.0
24, 1, 3, 0, 0, 0.0
24, 1, 4, 0, 0, 0.0
24, 1, 5, 0, 0, 0.0
24, 1, 6, 0, 0, 0.0
24, 1, 7, 0, 0, 0.0
24, 1, 8, 0, 0, 0.0
24, 1, 9, 0, 0, 0.0
24, 1, 10, 0, 0, 0.0
24, 1, 11, 0, 0, 0.0
24, 1, 12, 0, 0, 0.0
24, 1, 13, 0, 0, 0.0
24, 1, 14, 0, 0, 0.0
24, 1, 15, 0, 0, 0.0
24, 1, 16, 0, 0, 0.0
24, 1, 17, 0, 0, 0.0
24, 1, 18, 0, 0, 0.0
24, 1, 19, 0, 0, 0.0
24, 1, 20, 0, 0, 0.0
25, 0, 0, 0, 0, 0.0
25, 0, 1, 0, 0, 0.0
25, 0, 2, 0, 0, 0.0
25, 0, 3, 0, 0, 0.0
25, 0, 4, 0, 0, 0.0
25, 0, 5, 0, 0, 0.0
25, 0, 6, 0, 0, 0.0
25, 0, 7, 0, 0, 0.0
25, 0, 8, 0, 0, 0.0
25, 0, 9, 0, 0, 0.0
25, 0, 10, 0, 0, 0.0
25, 0, 11, 0, 0, 0.0
25, 0, 12, 0, 0, 0.0
25, 0, 13, 0, 0, 0.0
25, 0, 14, 0, 0, 0.0
25, 0, 15, 0, 0, 0.0
25, 0, 16, 0, 0, 0.0
25, 0, 17, 0, 0, 0.0
25, 0, 18, 0, 0, 0.0
25, 0, 19, 0, 0, 0.0
25, 0, 20, 0, 0, 0.0
25, 1, 0, 0, 0, 0.0
25, 1, 1, 0, 0, 0.0
25, 1, 2, 0, 0, 0.0
25, 1, 3, 0, 0, 0.0
25, 1, 4, 0, 0, 0.0
25, 1, 5, 0, 0, 0.0
25, 1, 6, 0, 0, 0.0
25, 1, 7, 0, 0, 0.0
25, 1, 8, 0, 0, 0.0
25, 1, 9, 0, 0, 0.0
25, 1, 10, 0, 0, 0.0
25, 1, 11, 0, 0, 0.0
25, 1, 12, 0, 0, 0.0
25, 1, 13, 0, 0, 0.0
25, 1, 14, 0, 0, 0.0
25, 1, 15, 0, 0, 0.0
25, 1, 16, 0, 0, 0.0
25, 1, 17, 0, 0, 0.0
25, 1, 18, 0, 0, 0.0
25, 1, 19, 0, 0, 0.0
25, 1, 20, 0, 0, 0.0
26, 0, 0, 0, 0, 0.0
26, 0, 1, 0, 0, 0.0
26, 0, 2, 0, 0, 0.0
26, 0, 3, 0, 0, 0.0
26, 0, 4, 0, 0, 0.0
26, 0, 5, 0, 0, 0.0
26, 0, 6, 0, 0, 0.0
26, 0, 7, 0, 0, 0.0
26, 0, 8, 0, 0, 0.0
26, 0, 9, 0, 0, 0.0
26, 0, 10, 0, 0, 0.0
26, 0, 11, 0, 0, 0.0
26, 0, 12, 0, 0, 0.0
26, 0, 13, 0, 0, 0.0
26, 0, 14, 0, 0, 0.0
26, 0, 15, 0, 0, 0.0
26, 0, 16, 0, 0, 0.0
26, 0, 17, 0, 0, 0.0
26, 0, 18, 0, 0, 0.0
26, 0, 19, 0, 0, 0.0
26, 0, 20, 0, 0, 0.0
26, 1, 0, 0, 0, 0.0
26, 1, 1, 0, 0, 0.0
26, 1, 2, 0, 0, 0.0
26, 1, 3, 0, 0, 0.0
26, 1, 4, 0, 0, 0.0
26, 1, 5, 0, 0, 0.0
26, 1, 6, 0, 0, 0.0
26, 1, 7, 0, 0, 0.0
26, 1, 8, 0, 0, 0.0
26, 1, 9, 0, 0, 0.0
26, 1, 10, 0, 0, 0.0
26, 1, 11, 0, 0, 0.0
26, 1, 12, 0, 0, 0.0
26, 1, 13, 0, 0, 0.0
26, 1, 14, 0, 0, 0.0
26, 1, 15, 0, 0, 0.0
26, 1, 16, 0, 0, 0.0
26, 1, 17, 0, 0, 0.0
26, 1, 18, 0, 0, 0.0
26, 1, 19, 0, 0, 0.0
26, 1, 20, 0, 0, 0.0
27, 0, 0, 0, 0, 0.0
27, 0, 1, 0, 0, 0.0
27, 0, 2, 0, 0, 0.0
27, 0, 3, 0, 0, 0.0
27, 0, 4, 0, 0, 0.0
27, 0, 5, 0, 0, 0.0
27, 0, 6, 0, 0, 0.0
27, 0, 7, 0, 0, 0.0
27, 0, 8, 0, 0, 0.0
27, 0, 9, 0, 0, 0.0
27, 0, 10, 0, 0, 0.0
27, 0, 11, 0, 0, 0.0
27, 0, 12, 0, 0, 0.0
27, 0, 13, 0, 0, 0.0
27, 0, 14, 0, 0, 0.0
27, 0, 15, 0, 0, 0.0
27, 0, 16, 0, 0, 0.0
27, 0, 17, 0, 0, 0.0
27, 0, 18, 0, 0, 0.0
27, 0, 19, 0, 0, 0.0
27, 0, 20, 0, 0, 0.0
27, 1, 0, 0, 0, 0.0
27, 1, 1, 0, 0, 0.0
27, 1, 2, 0, 0, 0.0
27, 1, 3, 0, 0, 0.0
27, 1, 4, 0, 0, 0.0
27, 1, 5, 0, 0, 0.0
27, 1, 6, 0, 0, 0.0
27, 1, 7, 0, 0, 0.0
27, 1, 8, 0, 0, 0.0
27, 1, 9, 0, 0, 0.0
27, 1, 10, 0, 0, 0.0
27, 1, 11, 0, 0, 0.0
27, 1, 12, 0, 0, 0.0
27, 1, 13, 0, 0, 0.0
27, 1, 14, 0, 0, 0.0
27, 1, 15, 0, 0, 0.0
27, 1, 16, 0, 0, 0.0
27, 1, 17, 0, 0, 0.0
27, 1, 18, 0, 0, 0.0
27, 1, 19, 0, 0, 0.0
27, 1, 20, 0, 0, 0.0
28, 0, 0, 0, 0, 0.0
28, 0, 1, 0, 0, 0.0
28, 0, 2, 0, 0, 0.0
28, 0, 3, 0, 0, 0.0
28, 0, 4, 0, 0, 0.0
28, 0, 5, 0, 0, 0.0
28, 0, 6, 0, 0, 0.0
28, 0, 7, 0, 0, 0.0
28, 0, 8, 0, 0, 0.0
28, 0, 9, 0, 0, 0.0
28, 0, 10, 0, 0, 0.0
28, 0, 11, 0, 0, 0.0
28, 0, 12, 0, 0, 0.0
28, 0, 13, 0, 0, 0.0
28, 0, 14, 0, 0, 0.0
28, 0, 15, 0, 0, 0.0
28, 0, 16, 0, 0, 0.0
28, 0, 17, 0, 0, 0.0
28, 0, 18, 0, 0, 0.0
28, 0, 19, 0, 0, 0.0
28, 0, 20, 0, 0, 0.0
28, 1, 0, 0, 0, 0.0
28, 1, 1, 0, 0, 0.0
28, 1, 2, 0, 0, 0.0
28, 1, 3, 0, 0, 0.0
28, 1, 4, 0, 0, 0.0
28, 1, 5, 0, 0, 0.0
28, 1, 6, 0, 0, 0.0
28, 1, 7, 0, 0, 0.0
28, 1, 8, 0, 0, 0.0
28, 1, 9, 0, 0, 0.0
28, 1, 10, 0, 0, 0.0
28, 1, 11, 0, 0, 0.0
28, 1, 12, 0, 0, 0.0
28, 1, 13, 0, 0, 0.0
28, 1, 14, 0, 0, 0.0
28, 1, 15, 0, 0, 0.0
28, 1, 16, 0, 0, 0.0
28, 1, 17, 0, 0, 0.0
28, 1, 18, 0, 0, 0.0
28, 1, 19, 0, 0, 0.0
28, 1, 20, 0, 0, 0.0
29, 0, 0, 0, 0, 0.0
29, 0, 1, 0, 0, 0.0
29, 0, 2, 0, 0, 0.0
29, 0, 3, 0, 0, 0.0
29, 0, 4, 0, 0, 0.0
29, 0, 5, 0, 0, 0.0
29, 0, 6, 0, 0, 0.0
29, 0, 7, 0, 0, 0.0
29, 0, 8, 0, 0, 0.0
29, 0, 9, 0, 0, 0.0
29, 0, 10, 0, 0, 0.0
29, 0, 11, 0, 0, 0.0
29, 0, 12, 0, 0, 0.0
29, 0, 13, 0, 0, 0.0
29, 0, 14, 0, 0, 0.0
29, 0, 15, 0, 0, 0.0
29, 0, 16, 0, 0, 0.0
29, 0, 17, 0, 0, 0.0
29, 0, 18, 0, 0, 0.0
29, 0, 19, 0, 0, 0.0
29, 0, 20, 0, 0, 0.0
29, 1, 0, 0, 0, 0.0
29, 1, 1, 0, 0, 0.0
29, 1, 2, 0, 0, 0.0
29, 1, 3, 0, 0, 0.0
29, 1, 4, 0, 0, 0.0
29, 1, 5, 0, 0, 0.0
29, 1, 6, 0, 0, 0.0
29, 1, 7, 0, 0, 0.0
29, 1, 8, 0, 0, 0.0
29, 1, 9, 0, 0, 0.0
29, 1, 10, 0, 0, 0.0
29, 1, 11, 0, 0, 0.0
29, 1, 12, 0, 0, 0.0
29, 1, 13, 0, 0, 0.0
29, 1, 14, 0, 0, 0.0
29, 1, 15, 0, 0, 0.0
29, 1, 16, 0, 0, 0.0
29, 1, 17, 0, 0, 0.0
29, 1, 18, 0, 0, 0.0
29, 1, 19, 0, 0, 0.0
29, 1, 20, 0, 0, 0.0
30, 0, 0, 0, 0, 0.0
30, 0, 1, 0, 0, 0.0
30, 0, 2, 0, 0, 0.0
30, 0, 3, 0, 0, 0.0
30, 0, 4, 0, 0, 0.0
30, 0, 5, 0, 0, 0.0
30, 0, 6, 0, 0, 0.0
30, 0, 7, 0, 0, 0.0
30, 0, 8, 0, 0, 0.0
30, 0, 9, 0, 0, 0.0
30, 0, 10, 0, 0, 0.0
30, 0, 11, 0, 0, 0.0
30, 0, 12, 0, 0, 0.0
30, 0, 13, 0, 0, 0.0
30, 0, 14, 0, 0, 0.0
30, 0, 15, 0, 0, 0.0
30, 0, 16, 0, 0, 0.0
30, 0, 17, 0, 0, 0.0
30, 0, 18, 0, 0, 0.0
30, 0, 19, 0, 0, 0.0
30, 0, 20, 0, 0, 0.0
30, 1, 0, 0, 0, 0.0
30, 1, 1, 0, 0, 0.0
30, 1, 2, 0, 0, 0.0
30, 1, 3, 0, 0, 0.0
30, 1, 4, 0, 0, 0.0
30, 1, 5, 0, 0, 0.0
30, 1, 6, 0, 0, 0.0
30, 1, 7, 0, 0, 0.0
30, 1, 8, 0, 0, 0.0
30, 1, 9, 0, 0, 0.0
30, 1, 10, 0, 0, 0.0
30, 1, 11, 0, 0, 0.0
30, 1, 12, 0, 0, 0.0
30, 1, 13, 0, 0, 0.0
30, 1, 14, 0, 0, 0.0
30, 1, 15, 0, 0, 0.0
30, 1, 16, 0, 0, 0.0
30, 1, 17, 0, 0, 0.0
30, 1, 18, 0, 0, 0.0
30, 1, 19, 0, 0, 0.0
30, 1, 20, 0, 0, 0.0
31, 0, 0, 0, 0, 0.0
31, 0, 1, 0, 0, 0.0
31, 0, 2, 0, 0, 0.0
31, 0, 3, 0, 0, 0.0
31, 0, 4, 0, 0, 0.0
31, 0, 5, 0, 0, 0.0
31, 0, 6, 0, 0, 0.0
31, 0, 7, 0, 0, 0.0
31, 0, 8, 0, 0, 0.0
31, 0, 9, 0, 0, 0.0
31, 0, 10, 0, 0, 0.0
31, 0, 11, 0, 0, 0.0
31, 0, 12, 0, 0, 0.0
31, 0, 13, 0, 0, 0.0
31, 0, 14, 0, 0, 0.0
31, 0, 15, 0, 0, 0.0
31, 0, 16, 0, 0, 0.0
31, 0, 17, 0, 0, 0.0
31, 0, 18, 0, 0, 0.0
31, 0, 19, 0, 0, 0.0
31, 0, 20, 0, 0, 0.0
31, 1, 0, 0, 0, 0.0
31, 1, 1, 0, 0, 0.0
31, 1, 2, 0, 0, 0.0
31, 1, 3, 0, 0, 0.0
31, 1, 4, 0, 0, 0.0
31, 1, 5, 0, 0, 0.0
31, 1, 6, 0, 0, 0.0
31, 1, 7, 0, 0, 0.0
31, 1, 8, 0, 0, 0.0
31, 1, 9, 0, 0, 0.0
31, 1, 10, 0, 0, 0.0
31, 1, 11, 0, 0, 0.0
31, 1, 12, 0, 0, 0.0
31, 1, 13, 0, 0, 0.0
31, 1, 14, 0, 0, 0.0
31, 1, 15, 0, 0, 0.0
31, 1, 16, 0, 0, 0.0
31, 1, 17, 0, 0, 0.0
31, 1, 18, 0, 0, 0.0
31, 1, 19, 0, 0, 0.0
31, 1, 20, 0, 0, 0.0
32, 0, 0, 203, 374, 1.6976765948584216e-07
32, 0, 1, 239, 368, -0.017447011545300484
32, 0, 2, 265, 338, -0.02742912620306015
32, 0, 3, 271, 307, -0.03456960618495941
32, 0, 4, 269, 283, -0.04339494928717613
32, 0, 5, 273, 311, -0.03762267529964447
32, 0, 6, 295, 277, -0.06034249812364578
32, 0, 7, 304, 254, -0.07531052827835083
32, 0, 8, 308, 237, -0.08536110073328018
32, 0, 9, 249, 301, -0.041926681995391846
32, 0, 10, 258, 256, -0.06385435163974762
32, 0, 11, 257, 238, -0.07512231916189194
32, 0, 12, 254, 228, -0.0813312828540802
32, 0, 13, 220, 302, -0.04725389555096626
32, 0, 14, 228, 264, -0.0704641044139862
32, 0, 15, 236, 251, -0.07719864696264267
32, 0, 16, 243, 244, -0.07999016344547272
32, 0, 17, 192, 308, -0.05289420858025551
32, 0, 18, 196, 291, -0.07372330129146576
32, 0, 19, 203, 287, -0.07620777934789658
32, 0, 20, 210, 287, -0.07555966079235077
32, 1, 0, 0, 0, 0.0
32, 1, 1, 0, 0, 0.0
32, 1, 2, 0, 0, 0.0
32, 1, 3, 0, 0, 0.0
32, 1, 4, 0, 0, 0.0
32, 1, 5, 0, 0, 0.0
32, 1, 6, 0, 0, 0.0
32, 1, 7, 0, 0, 0.0
32, 1, 8, 0, 0, 0.0
32, 1, 9, 0, 0, 0.0
32, 1, 10, 0, 0, 0.0
32, 1, 11, 0, 0, 0.0
32, 1, 12, 0, 0, 0.0
32, 1, 13, 0, 0, 0.0
32, 1, 14, 0, 0, 0.0
32, 1, 15, 0, 0, 0.0
32, 1, 16, 0, 0, 0.0
32, 1, 17, 0, 0, 0.0
32, 1, 18, 0, 0, 0.0
32, 1, 19, 0, 0, 0.0
32, 1, 20, 0, 0, 0.0
33, 0, 0, 205, 354, 4.6222362470871303e-07
33, 0, 1, 241, 323, -0.010450722649693489
33, 0, 2, 266, 284, -0.02393745444715023
33, 0, 3, 284, 257, -0.03862975910305977
33, 0, 4, 297, 232, -0.05303643271327019
33, 0, 5, 231, 255, -0.039405979216098785
33, 0, 6, 243, 219, -0.06748276203870773
33, 0, 7, 250, 194, -0.086893230676651
33, 0, 8, 254, 173, -0.10095027834177017
33, 0, 9, 215, 265, -0.053311534225940704
33, 0, 10, 230, 230, -0.08877068012952805
33, 0, 11, 241, 207, -0.11015236377716064
33, 0, 12, 247, 189, -0.1250864714384079
33, 0, 13, 206, 283, -0.06704534590244293
33, 0, 14, 238, 261, -0.1068701297044754
33, 0, 15, 263, 264, -0.12010698765516281
33, 0, 16, 278, 269, -0.12542560696601868
33, 0, 17, 204, 307, -0.08061205595731735
33, 0, 18, 246, 297, -0.11535868048667908
33, 0, 19, 272, 306, -0.12502025067806244
33, 0, 20, 286, 317, -0.12880168855190277
33, 1, 0, 0, 0, 0.0
33, 1, 1, 0, 0, 0.0
33, 1, 2, 0, 0, 0.0
33, 1, 3, 0, 0, 0.0
33, 1, 4, 0, 0, 0.0
33, 1, 5, 0, 0, 0.0
33, 1, 6, 0, 0, 0.0
33, 1, 7, 0, 0, 0.0
33, 1, 8, 0, 0, 0.0
33, 1, 9, 0, 0, 0.0
33, 1, 10, 0, 0, 0.0
33, 1, 11, 0, 0, 0.0
33, 1, 12, 0, 0, 0.0
33, 1, 13, 0, 0, 0.0
33, 1, 14, 0, 0, 0.0
33, 1, 15, 0, 0, 0.0
33, 1, 16, 0, 0, 0.0
33, 1, 17, 0, 0, 0.0
33, 1, 18, 0, 0, 0.0
33, 1, 19, 0, 0, 0.0
33, 1, 20, 0, 0, 0.0
34, 0, 0, 217, 335, 6.115249107097043e-07
34, 0, 1, 254, 300, -0.013894326984882355
34, 0, 2, 272, 261, -0.029702764004468918
34, 0, 3, 287, 231, -0.047247353941202164
34, 0, 4, 303, 202, -0.0638638362288475
34, 0, 5, 234, 235, -0.03566163033246994
34, 0, 6, 241, 196, -0.06433664262294769
34, 0, 7, 248, 171, -0.07876220345497131
34, 0, 8, 255, 150, -0.08683283627033234
34, 0, 9, 217, 244, -0.04652339965105057
34, 0, 10, 237, 216, -0.0828346312046051
34, 0, 11, 256, 202, -0.09604321420192719
34, 0, 12, 273, 193, -0.10019219666719437
34, 0, 13, 207, 262, -0.05899800732731819
34, 0, 14, 256, 260, -0.10265716165304184
34, 0, 15, 287, 274, -0.11023179441690445
34, 0, 16, 309, 286, -0.10555476695299149
34, 0, 17, 206, 286, -0.07182881981134415
34, 0, 18, 251, 282, -0.1010693684220314
34, 0, 19, 276, 289, -0.10444623231887817
34, 0, 20, 295, 297, -0.10117301344871521
34, 1, 0, 0, 0, 0.0
34, 1, 1, 0, 0, 0.0
34, 1, 2, 0, 0, 0.0
34, 1, 3, 0, 0, 0.0
34, 1, 4, 0, 0, 0.0
34, 1, 5, 0, 0, 0.0
34, 1, 6, 0, 0, 0.0
34, 1, 7, 0, 0, 0.0
34, 1, 8, 0, 0, 0.0
34, 1, 9, 0, 0, 0.0
34, 1, 10, 0, 0, 0.0
34, 1, 11, 0, 0, 0.0
34, 1, 12, 0, 0, 0.0
34, 1, 13, 0, 0, 0.0
34, 1, 14, 0, 0, 0.0
34, 1, 15, 0, 0, 0.0
34, 1, 16, 0, 0, 0.0
34, 1, 17, 0, 0, 0.0
34, 1, 18, 0, 0, 0.0
34, 1, 19, 0, 0, 0.0
34, 1, 20, 0, 0, 0.0
35, 0, 0, 215, 337, 5.077775995232514e-07
35, 0, 1, 251, 302, -0.013353549875319004
35, 0, 2, 270, 262, -0.029812103137373924
35, 0, 3, 286, 232, -0.048589833080768585
35, 0, 4, 303, 204, -0.06658462435007095
35, 0, 5, 235, 237, -0.038075871765613556
35, 0, 6, 243, 198, -0.06839790940284729
35, 0, 7, 250, 172, -0.084492027759552
35, 0, 8, 255, 150, -0.09410633146762848
35, 0, 9, 217, 246, -0.050687581300735474
35, 0, 10, 235, 216, -0.08886880427598953
35, 0, 11, 255, 200, -0.10430701076984406
35, 0, 12, 272, 189, -0.11042103171348572
35, 0, 13, 208, 263, -0.06471700221300125
35, 0, 14, 255, 259, -0.11042910069227219
35, 0, 15, 287, 272, -0.11914782226085663
35, 0, 16, 310, 284, -0.1151663064956665
35, 0, 17, 209, 287, -0.07911232113838196
35, 0, 18, 252, 281, -0.10975483804941177
35, 0, 19, 278, 289, -0.11339548230171204
35, 0, 20, 296, 297, -0.11035702377557755
35, 1, 0, 0, 0, 0.0
35, 1, 1, 0, 0, 0.0
35, 1, 2, 0, 0, 0.0
35, 1, 3, 0, 0, 0.0
35, 1, 4, 0, 0, 0.0
35, 1, 5, 0, 0, 0.0
35, 1, 6, 0, 0, 0.0
35, 1, 7, 0, 0, 0.0
35, 1, 8, 0, 0, 0.0
35, 1, 9, 0, 0, 0.0
35, 1, 10, 0, 0, 0.0
35, 1, 11, 0, 0, 0.0
35, 1, 12, 0, 0, 0.0
35, 1, 13, 0, 0, 0.0
35, 1, 14, 0, 0, 0.0
35, 1, 15, 0, 0, 0.0
35, 1, 16, 0, 0, 0.0
35, 1, 17, 0, 0, 0.0
35, 1, 18, 0, 0, 0.0
35, 1, 19, 0, 0, 0.0
35, 1, 20, 0, 0, 0.0
36, 0, 0, 217, 329, 5.755618985858746e-07
36, 0, 1, 256, 292, -0.013266880065202713
36, 0, 2, 275, 255, -0.029892535880208015
36, 0, 3, 289, 226, -0.04932548850774765
36, 0, 4, 304, 196, -0.06725282967090607
36, 0, 5, 243, 226, -0.03457057103514671
36, 0, 6, 248, 185, -0.06515699625015259
36, 0, 7, 254, 160, -0.08104546368122101
36, 0, 8, 260, 138, -0.09072577953338623
36, 0, 9, 224, 234, -0.04762791842222214
36, 0, 10, 240, 207, -0.08876072615385056
36, 0, 11, 260, 189, -0.10545423626899719
36, 0, 12, 277, 175, -0.11170028150081635
36, 0, 13, 214, 252, -0.062207095324993134
36, 0, 14, 262, 250, -0.10773919522762299
36, 0, 15, 293, 264, -0.11333017796278
36, 0, 16, 314, 276, -0.10658801347017288
36, 0, 17, 213, 277, -0.07761181145906448
36, 0, 18, 257, 276, -0.1063869521021843
36, 0, 19, 280, 282, -0.10808567702770233
36, 0, 20, 295, 288, -0.1033005639910698
36, 1, 0, 0, 0, 0.0
36, 1, 1, 0, 0, 0.0
36, 1, 2, 0, 0, 0.0
36, 1, 3, 0, 0, 0.0
36, 1, 4, 0, 0, 0.0
36, 1, 5, 0, 0, 0.0
36, 1, 6, 0, 0, 0.0
36, 1, 7, 0, 0, 0.0
36, 1, 8, 0, 0, 0.0
36, 1, 9, 0, 0, 0.0
36, 1, 10, 0, 0, 0.0
36, 1, 11, 0, 0, 0.0
36, 1, 12, 0, 0, 0.0
36, 1, 13, 0, 0, 0.0
36, 1, 14, 0, 0, 0.0
36, 1, 15, 0, 0, 0.0
36, 1, 16, 0, 0, 0.0
36, 1, 17, 0, 0, 0.0
36, 1, 18, 0, 0, 0.0
36, 1, 19, 0, 0, 0.0
36, 1, 20, 0, 0, 0.0
37, 0, 0, 220, 327, 5.434162630990613e-07
37, 0, 1, 260, 288, -0.012264152057468891
37, 0, 2, 277, 251, -0.028629649430513382
37, 0, 3, 291, 222, -0.04812047258019447
37, 0, 4, 308, 192, -0.06584356725215912
37, 0, 5, 243, 223, -0.028930285945534706
37, 0, 6, 250, 185, -0.05787714570760727
37, 0, 7, 258, 161, -0.07205170392990112
37, 0, 8, 265, 142, -0.0801653265953064
37, 0, 9, 226, 231, -0.040907613933086395
37, 0, 10, 245, 204, -0.07855426520109177
37, 0, 11, 267, 188, -0.09227877110242844
37, 0, 12, 286, 178, -0.09670962393283844
37, 0, 13, 217, 248, -0.054843004792928696
37, 0, 14, 267, 247, -0.09762300550937653
37, 0, 15, 296, 260, -0.10299205780029297
37, 0, 16, 318, 273, -0.09682425856590271
37, 0, 17, 217, 272, -0.06956665217876434
37, 0, 18, 262, 272, -0.09643639624118805
37, 0, 19, 284, 281, -0.09837855398654938
37, 0, 20, 300, 288, -0.09423977881669998
37, 1, 0, 0, 0, 0.0
37, 1, 1, 0, 0, 0.0
37, 1, 2, 0, 0, 0.0
37, 1, 3, 0, 0, 0.0
37, 1, 4, 0, 0, 0.0
37, 1, 5, 0, 0, 0.0
37, 1, 6, 0, 0, 0.0
37, 1, 7, 0, 0, 0.0
37, 1, 8, 0, 0, 0.0
37, 1, 9, 0, 0, 0.0
37, 1, 10, 0, 0, 0.0
37, 1, 11, 0, 0, 0.0
37, 1, 12, 0, 0, 0.0
37, 1, 13, 0, 0, 0.0
37, 1, 14, 0, 0, 0.0
37, 1, 15, 0, 0, 0.0
37, 1, 16, 0, 0, 0.0
37, 1, 17, 0, 0, 0.0
37, 1, 18, 0, 0, 0.0
37, 1, 19, 0, 0, 0.0
37, 1, 20, 0, 0, 0.0
38, 0, 0, 226, 321, 5.812136123495293e-07
38, 0, 1, 263, 284, -0.004814411047846079
38, 0, 2, 279, 248, -0.021645694971084595
38, 0, 3, 292, 220, -0.0429823063313961
38, 0, 4, 306, 193, -0.06083774194121361
38, 0, 5, 234, 217, -0.03156740963459015
38, 0, 6, 230, 174, -0.0683378353714943
38, 0, 7, 256, 165, -0.08397438377141953
38, 0, 8, 277, 172, -0.08773183822631836
38, 0, 9, 219, 227, -0.04699153080582619
38, 0, 10, 241, 192, -0.09023228287696838
38, 0, 11, 274, 189, -0.09979069977998734
38, 0, 12, 295, 195, -0.09663177281618118
38, 0, 13, 213, 243, -0.06416638940572739
38, 0, 14, 262, 236, -0.10467584431171417
38, 0, 15, 294, 252, -0.10293184220790863
38, 0, 16, 312, 265, -0.09033665806055069
38, 0, 17, 214, 264, -0.08192501962184906
38, 0, 18, 260, 265, -0.10384204238653183
38, 0, 19, 282, 275, -0.0994337797164917
38, 0, 20, 294, 283, -0.08902446925640106
38, 1, 0, 0, 0, 0.0
38, 1, 1, 0, 0, 0.0
38, 1, 2, 0, 0, 0.0
38, 1, 3, 0, 0, 0.0
38, 1, 4, 0, 0, 0.0
38, 1, 5, 0, 0, 0.0
38, 1, 6, 0, 0, 0.0
38, 1, 7, 0, 0, 0.0
38, 1, 8, 0, 0, 0.0
38, 1, 9, 0, 0, 0.0
38, 1, 10, 0, 0, 0.0
38, 1, 11, 0, 0, 0.0
38, 1, 12, 0, 0, 0.0
38, 1, 13, 0, 0, 0.0
38, 1, 14, 0, 0, 0.0
38, 1, 15, 0, 0, 0.0
38, 1, 16, 0, 0, 0.0
38, 1, 17, 0, 0, 0.0
38, 1, 18, 0, 0, 0.0
38, 1, 19, 0, 0, 0.0
38, 1, 20, 0, 0, 0.0
39, 0, 0, 224, 319, 3.9280013197640073e-07
39, 0, 1, 260, 284, -0.004703618120402098
39, 0, 2, 277, 245, -0.01957830972969532
39, 0, 3, 291, 216, -0.03939671069383621
39, 0, 4, 305, 189, -0.0557594820857048
39, 0, 5, 233, 215, -0.028841041028499603
39, 0, 6, 229, 169, -0.0668015405535698
39, 0, 7, 253, 162, -0.08502669632434845
39, 0, 8, 271, 169, -0.09042607992887497
39, 0, 9, 216, 224, -0.04462612792849541
39, 0, 10, 234, 186, -0.08554952591657639
39, 0, 11, 267, 187, -0.09468048065900803
39, 0, 12, 287, 198, -0.09132234007120132
39, 0, 13, 208, 240, -0.06243687495589256
39, 0, 14, 257, 231, -0.10172019898891449
39, 0, 15, 287, 251, -0.09791142493486404
39, 0, 16, 299, 267, -0.08370049297809601
39, 0, 17, 209, 261, -0.08118170499801636
39, 0, 18, 257, 260, -0.10366857796907425
39, 0, 19, 278, 273, -0.09829176217317581
39, 0, 20, 286, 282, -0.08677058666944504
39, 1, 0, 0, 0, 0.0
39, 1, 1, 0, 0, 0.0
39, 1, 2, 0, 0, 0.0
39, 1, 3, 0, 0, 0.0
39, 1, 4, 0, 0, 0.0
39, 1, 5, 0, 0, 0.0
39, 1, 6, 0, 0, 0.0
39, 1, 7, 0, 0, 0.0
39, 1, 8, 0, 0, 0.0
39, 1, 9, 0, 0, 0.0
39, 1, 10, 0, 0, 0.0
39, 1, 11, 0, 0, 0.0
39, 1, 12, 0, 0, 0.0
39, 1, 13, 0, 0, 0.0
39, 1, 14, 0, 0, 0.0
39, 1, 15, 0, 0, 0.0
39, 1, 16, 0, 0, 0.0
39, 1, 17, 0, 0, 0.0
39, 1, 18, 0, 0, 0.0
39, 1, 19, 0, 0, 0.0
39, 1, 20, 0, 0, 0.0
40, 0, 0, 223, 322, 4.2936704858220764e-07
40, 0, 1, 260, 285, -0.0060536181554198265
40, 0, 2, 277, 248, -0.021701106801629066
40, 0, 3, 290, 220, -0.041515376418828964
40, 0, 4, 303, 192, -0.05939188227057457
40, 0, 5, 239, 217, -0.03396318107843399
40, 0, 6, 232, 173, -0.07133537530899048
40, 0, 7, 254, 158, -0.09085831046104431
40, 0, 8, 273, 155, -0.09906836599111557
40, 0, 9, 221, 227, -0.0497639998793602
40, 0, 10, 237, 186, -0.09151852875947952
40, 0, 11, 271, 185, -0.10257130116224289
40, 0, 12, 295, 193, -0.1014278382062912
40, 0, 13, 212, 244, -0.06695631146430969
40, 0, 14, 260, 236, -0.10886001586914062
40, 0, 15, 290, 255, -0.10843808948993683
40, 0, 16, 304, 271, -0.09675590693950653
40, 0, 17, 212, 266, -0.08482880890369415
40, 0, 18, 257, 266, -0.10991862416267395
40, 0, 19, 278, 278, -0.10681460052728653
40, 0, 20, 288, 286, -0.0975247323513031
40, 1, 0, 0, 0, 0.0
40, 1, 1, 0, 0, 0.0
40, 1, 2, 0, 0, 0.0
40, 1, 3, 0, 0, 0.0
40, 1, 4, 0, 0, 0.0
40, 1, 5, 0, 0, 0.0
40, 1, 6, 0, 0, 0.0
40, 1, 7, 0, 0, 0.0
40, 1, 8, 0, 0, 0.0
40, 1, 9, 0, 0, 0.0
40, 1, 10, 0, 0, 0.0
40, 1, 11, 0, 0, 0.0
40, 1, 12, 0, 0, 0.0
40, 1, 13, 0, 0, 0.0
40, 1, 14, 0, 0, 0.0
40, 1, 15, 0, 0, 0.0
40, 1, 16, 0, 0, 0.0
40, 1, 17, 0, 0, 0.0
40, 1, 18, 0, 0, 0.0
40, 1, 19, 0, 0, 0.0
40, 1, 20, 0, 0, 0.0
41, 0, 0, 222, 323, 4.814604039893311e-07
41, 0, 1, 259, 284, -0.0035650827921926975
41, 0, 2, 276, 248, -0.018491636961698532
41, 0, 3, 290, 221, -0.03868792951107025
41, 0, 4, 304, 194, -0.05624300241470337
41, 0, 5, 231, 220, -0.0280023030936718
41, 0, 6, 228, 176, -0.06480994820594788
41, 0, 7, 252, 167, -0.08393342047929764
41, 0, 8, 273, 170, -0.09126950055360794
41, 0, 9, 216, 229, -0.04447527229785919
41, 0, 10, 238, 192, -0.08331972360610962
41, 0, 11, 270, 186, -0.09435226768255234
41, 0, 12, 291, 189, -0.09474005550146103
41, 0, 13, 209, 246, -0.06273321062326431
41, 0, 14, 261, 237, -0.10161233693361282
41, 0, 15, 288, 255, -0.10043241083621979
41, 0, 16, 301, 270, -0.08943650126457214
41, 0, 17, 212, 267, -0.0816885456442833
41, 0, 18, 258, 266, -0.10348381847143173
41, 0, 19, 276, 277, -0.09879561513662338
41, 0, 20, 284, 285, -0.08909164369106293
41, 1, 0, 0, 0, 0.0
41, 1, 1, 0, 0, 0.0
41, 1, 2, 0, 0, 0.0
41, 1, 3, 0, 0, 0.0
41, 1, 4, 0, 0, 0.0
41, 1, 5, 0, 0, 0.0
41, 1, 6, 0, 0, 0.0
41, 1, 7, 0, 0, 0.0
41, 1, 8, 0, 0, 0.0
41, 1, 9, 0, 0, 0.0
41, 1, 10, 0, 0, 0.0
41, 1, 11, 0, 0, 0.0
41, 1, 12, 0, 0, 0.0
41, 1, 13, 0, 0, 0.0
41, 1, 14, 0, 0, 0.0
41, 1, 15, 0, 0, 0.0
41, 1, 16, 0, 0, 0.0
41, 1, 17, 0, 0, 0.0
41, 1, 18, 0, 0, 0.0
41, 1, 19, 0, 0, 0.0
41, 1, 20, 0, 0, 0.0
42, 0, 0, 217, 327, 3.839548128325987e-07
42, 0, 1, 257, 290, -0.004123820457607508
42, 0, 2, 275, 249, -0.01816830411553383
42, 0, 3, 287, 219, -0.03720179572701454
42, 0, 4, 302, 190, -0.053015224635601044
42, 0, 5, 229, 224, -0.024084540084004402
42, 0, 6, 229, 180, -0.059244073927402496
42, 0, 7, 254, 173, -0.07550416141748428
42, 0, 8, 271, 181, -0.079891137778759
42, 0, 9, 212, 234, -0.03928053751587868
42, 0, 10, 230, 194, -0.07536519318819046
42, 0, 11, 263, 190, -0.0839313268661499
42, 0, 12, 282, 196, -0.08215571939945221
42, 0, 13, 205, 251, -0.056809257715940475
42, 0, 14, 257, 240, -0.09461436420679092
42, 0, 15, 284, 261, -0.09377708286046982
42, 0, 16, 294, 277, -0.08282558619976044
42, 0, 17, 207, 273, -0.07478133589029312
42, 0, 18, 258, 269, -0.09580229967832565
42, 0, 19, 274, 283, -0.09181161969900131
42, 0, 20, 276, 294, -0.08304165303707123
42, 1, 0, 0, 0, 0.0
42, 1, 1, 0, 0, 0.0
42, 1, 2, 0, 0, 0.0
42, 1, 3, 0, 0, 0.0
42, 1, 4, 0, 0, 0.0
42, 1, 5, 0, 0, 0.0
42, 1, 6, 0, 0, 0.0
42, 1, 7, 0, 0, 0.0
42, 1, 8, 0, 0, 0.0
42, 1, 9, 0, 0, 0.0
42, 1, 10, 0, 0, 0.0
42, 1, 11, 0, 0, 0.0
42, 1, 12, 0, 0, 0.0
42, 1, 13, 0, 0, 0.0
42, 1, 14, 0, 0, 0.0
42, 1, 15, 0, 0, 0.0
42, 1, 16, 0, 0, 0.0
42, 1, 17, 0, 0, 0.0
42, 1, 18, 0, 0, 0.0
42, 1, 19, 0, 0, 0.0
42, 1, 20, 0, 0, 0.0
43, 0, 0, 185, 339, -6.982570255331666e-08
43, 0, 1, 232, 332, -0.013692173175513744
43, 0, 2, 264, 299, -0.02118310146033764
43, 0, 3, 271, 259, -0.025314534083008766
43, 0, 4, 267, 231, -0.025949889793992043
43, 0, 5, 251, 265, -0.037684209644794464
43, 0, 6, 277, 212, -0.055097926408052444
43, 0, 7, 284, 209, -0.058436714112758636
43, 0, 8, 282, 213, -0.05710326507687569
43, 0, 9, 227, 248, -0.0347195565700531
43, 0, 10, 253, 194, -0.051863133907318115
43, 0, 11, 260, 203, -0.048242054879665375
43, 0, 12, 253, 219, -0.04161258041858673
43, 0, 13, 208, 239, -0.03120693564414978
43, 0, 14, 233, 193, -0.042431656271219254
43, 0, 15, 240, 204, -0.030670225620269775
43, 0, 16, 235, 218, -0.019563842564821243
43, 0, 17, 192, 237, -0.028135431930422783
43, 0, 18, 217, 202, -0.028695648536086082
43, 0, 19, 224, 210, -0.016199568286538124
43, 0, 20, 222, 223, -0.0055481866002082825
43, 1, 0, 0, 0, 0.0
43, 1, 1, 0, 0, 0.0
43, 1, 2, 0, 0, 0.0
43, 1, 3, 0, 0, 0.0
43, 1, 4, 0, 0, 0.0
43, 1, 5, 0, 0, 0.0
43, 1, 6, 0, 0, 0.0
43, 1, 7, 0, 0, 0.0
43, 1, 8, 0, 0, 0.0
43, 1, 9, 0, 0, 0.0
43, 1, 10, 0, 0, 0.0
43, 1, 11, 0, 0, 0.0
43, 1, 12, 0, 0, 0.0
43, 1, 13, 0, 0, 0.0
43, 1, 14, 0, 0, 0.0
43, 1, 15, 0, 0, 0.0
43, 1, 16, 0, 0, 0.0
43, 1, 17, 0, 0, 0.0
43, 1, 18, 0, 0, 0.0
43, 1, 19, 0, 0, 0.0
43, 1, 20, 0, 0, 0.0
44, 0, 0, 0, 0, 0.0
44, 0, 1, 0, 0, 0.0
44, 0, 2, 0, 0, 0.0
44, 0, 3, 0, 0, 0.0
44, 0, 4, 0, 0, 0.0
44, 0, 5, 0, 0, 0.0
44, 0, 6, 0, 0, 0.0
44, 0, 7, 0, 0, 0.0
44, 0, 8, 0, 0, 0.0
44, 0, 9, 0, 0, 0.0
44, 0, 10, 0, 0, 0.0
44, 0, 11, 0, 0, 0.0
44, 0, 12, 0, 0, 0.0
44, 0, 13, 0, 0, 0.0
44, 0, 14, 0, 0, 0.0
44, 0, 15, 0, 0, 0.0
44, 0, 16, 0, 0, 0.0
44, 0, 17, 0, 0, 0.0
44, 0, 18, 0, 0, 0.0
44, 0, 19, 0, 0, 0.0
44, 0, 20, 0, 0, 0.0
44, 1, 0, 0, 0, 0.0
44, 1, 1, 0, 0, 0.0
44, 1, 2, 0, 0, 0.0
44, 1, 3, 0, 0, 0.0
44, 1, 4, 0, 0, 0.0
44, 1, 5, 0, 0, 0.0
44, 1, 6, 0, 0, 0.0
44, 1, 7, 0, 0, 0.0
44, 1, 8, 0, 0, 0.0
44, 1, 9, 0, 0, 0.0
44, 1, 10, 0, 0, 0.0
44, 1, 11, 0, 0, 0.0
44, 1, 12, 0, 0, 0.0
44, 1, 13, 0, 0, 0.0
44, 1, 14, 0, 0, 0.0
44, 1, 15, 0, 0, 0.0
44, 1, 16, 0, 0, 0.0
44, 1, 17, 0, 0, 0.0
44, 1, 18, 0, 0, 0.0
44, 1, 19, 0, 0, 0.0
44, 1, 20, 0, 0, 0.0
45, 0, 0, 0, 0, 0.0
45, 0, 1, 0, 0, 0.0
45, 0, 2, 0, 0, 0.0
45, 0, 3, 0, 0, 0.0
45, 0, 4, 0, 0, 0.0
45, 0, 5, 0, 0, 0.0
45, 0, 6, 0, 0, 0.0
45, 0, 7, 0, 0, 0.0
45, 0, 8, 0, 0, 0.0
45, 0, 9, 0, 0, 0.0
45, 0, 10, 0, 0, 0.0
45, 0, 11, 0, 0, 0.0
45, 0, 12, 0, 0, 0.0
45, 0, 13, 0, 0, 0.0
45, 0, 14, 0, 0, 0.0
45, 0, 15, 0, 0, 0.0
45, 0, 16, 0, 0, 0.0
45, 0, 17, 0, 0, 0.0
45, 0, 18, 0, 0, 0.0
45, 0, 19, 0, 0, 0.0
45, 0, 20, 0, 0, 0.0
45, 1, 0, 0, 0, 0.0
45, 1, 1, 0, 0, 0.0
45, 1, 2, 0, 0, 0.0
45, 1, 3, 0, 0, 0.0
45, 1, 4, 0, 0, 0.0
45, 1, 5, 0, 0, 0.0
45, 1, 6, 0, 0, 0.0
45, 1, 7, 0, 0, 0.0
45, 1, 8, 0, 0, 0.0
45, 1, 9, 0, 0, 0.0
45, 1, 10, 0, 0, 0.0
45, 1, 11, 0, 0, 0.0
45, 1, 12, 0, 0, 0.0
45, 1, 13, 0, 0, 0.0
45, 1, 14, 0, 0, 0.0
45, 1, 15, 0, 0, 0.0
45, 1, 16, 0, 0, 0.0
45, 1, 17, 0, 0, 0.0
45, 1, 18, 0, 0, 0.0
45, 1, 19, 0, 0, 0.0
45, 1, 20, 0, 0, 0.0
46, 0, 0, 0, 0, 0.0
46, 0, 1, 0, 0, 0.0
46, 0, 2, 0, 0, 0.0
46, 0, 3, 0, 0, 0.0
46, 0, 4, 0, 0, 0.0
46, 0, 5, 0, 0, 0.0
46, 0, 6, 0, 0, 0.0
46, 0, 7, 0, 0, 0.0
46, 0, 8, 0, 0, 0.0
46, 0, 9, 0, 0, 0.0
46, 0, 10, 0, 0, 0.0
46, 0, 11, 0, 0, 0.0
46, 0, 12, 0, 0, 0.0
46, 0, 13, 0, 0, 0.0
46, 0, 14, 0, 0, 0.0
46, 0, 15, 0, 0, 0.0
46, 0, 16, 0, 0, 0.0
46, 0, 17, 0, 0, 0.0
46, 0, 18, 0, 0, 0.0
46, 0, 19, 0, 0, 0.0
46, 0, 20, 0, 0, 0.0
46, 1, 0, 0, 0, 0.0
46, 1, 1, 0, 0, 0.0
46, 1, 2, 0, 0, 0.0
46, 1, 3, 0, 0, 0.0
46, 1, 4, 0, 0, 0.0
46, 1, 5, 0, 0, 0.0
46, 1, 6, 0, 0, 0.0
46, 1, 7, 0, 0, 0.0
46, 1, 8, 0, 0, 0.0
46, 1, 9, 0, 0, 0.0
46, 1, 10, 0, 0, 0.0
46, 1, 11, 0, 0, 0.0
46, 1, 12, 0, 0, 0.0
46, 1, 13, 0, 0, 0.0
46, 1, 14, 0, 0, 0.0
46, 1, 15, 0, 0, 0.0
46, 1, 16, 0, 0, 0.0
46, 1, 17, 0, 0, 0.0
46, 1, 18, 0, 0, 0.0
46, 1, 19, 0, 0, 0.0
46, 1, 20, 0, 0, 0.0
47, 0, 0, 0, 0, 0.0
47, 0, 1, 0, 0, 0.0
47, 0, 2, 0, 0, 0.0
47, 0, 3, 0, 0, 0.0
47, 0, 4, 0, 0, 0.0
47, 0, 5, 0, 0, 0.0
47, 0, 6, 0, 0, 0.0
47, 0, 7, 0, 0, 0.0
47, 0, 8, 0, 0, 0.0
47, 0, 9, 0, 0, 0.0
47, 0, 10, 0, 0, 0.0
47, 0, 11, 0, 0, 0.0
47, 0, 12, 0, 0, 0.0
47, 0, 13, 0, 0, 0.0
47, 0, 14, 0, 0, 0.0
47, 0, 15, 0, 0, 0.0
47, 0, 16, 0, 0, 0.0
47, 0, 17, 0, 0, 0.0
47, 0, 18, 0, 0, 0.0
47, 0, 19, 0, 0, 0.0
47, 0, 20, 0, 0, 0.0
47, 1, 0, 0, 0, 0.0
47, 1, 1, 0, 0, 0.0
47, 1, 2, 0, 0, 0.0
47, 1, 3, 0, 0, 0.0
47, 1, 4, 0, 0, 0.0
47, 1, 5, 0, 0, 0.0
47, 1, 6, 0, 0, 0.0
47, 1, 7, 0, 0, 0.0
47, 1, 8, 0, 0, 0.0
47, 1, 9, 0, 0, 0.0
47, 1, 10, 0, 0, 0.0
47, 1, 11, 0, 0, 0.0
47, 1, 12, 0, 0, 0.0
47, 1, 13, 0, 0, 0.0
47, 1, 14, 0, 0, 0.0
47, 1, 15, 0, 0, 0.0
47, 1, 16, 0, 0, 0.0
47, 1, 17, 0, 0, 0.0
47, 1, 18, 0, 0, 0.0
47, 1, 19, 0, 0, 0.0
47, 1, 20, 0, 0, 0.0
48, 0, 0, 0, 0, 0.0
48, 0, 1, 0, 0, 0.0
48, 0, 2, 0, 0, 0.0
48, 0, 3, 0, 0, 0.0
48, 0, 4, 0, 0, 0.0
48, 0, 5, 0, 0, 0.0
48, 0, 6, 0, 0, 0.0
48, 0, 7, 0, 0, 0.0
48, 0, 8, 0, 0, 0.0
48, 0, 9, 0, 0, 0.0
48, 0, 10, 0, 0, 0.0
48, 0, 11, 0, 0, 0.0
48, 0, 12, 0, 0, 0.0
48, 0, 13, 0, 0, 0.0
48, 0, 14, 0, 0, 0.0
48, 0, 15, 0, 0, 0.0
48, 0, 16, 0, 0, 0.0
48, 0, 17, 0, 0, 0.0
48, 0, 18, 0, 0, 0.0
48, 0, 19, 0, 0, 0.0
48, 0, 20, 0, 0, 0.0
48, 1, 0, 0, 0, 0.0
48, 1, 1, 0, 0, 0.0
48, 1, 2, 0, 0, 0.0
48, 1, 3, 0, 0, 0.0
48, 1, 4, 0, 0, 0.0
48, 1, 5, 0, 0, 0.0
48, 1, 6, 0, 0, 0.0
48, 1, 7, 0, 0, 0.0
48, 1, 8, 0, 0, 0.0
48, 1, 9, 0, 0, 0.0
48, 1, 10, 0, 0, 0.0
48, 1, 11, 0, 0, 0.0
48, 1, 12, 0, 0, 0.0
48, 1, 13, 0, 0, 0.0
48, 1, 14, 0, 0, 0.0
48, 1, 15, 0, 0, 0.0
48, 1, 16, 0, 0, 0.0
48, 1, 17, 0, 0, 0.0
48, 1, 18, 0, 0, 0.0
48, 1, 19, 0, 0, 0.0
48, 1, 20, 0, 0, 0.0
49, 0, 0, 0, 0, 0.0
49, 0, 1, 0, 0, 0.0
49, 0, 2, 0, 0, 0.0
49, 0, 3, 0, 0, 0.0
49, 0, 4, 0, 0, 0.0
49, 0, 5, 0, 0, 0.0
49, 0, 6, 0, 0, 0.0
49, 0, 7, 0, 0, 0.0
49, 0, 8, 0, 0, 0.0
49, 0, 9, 0, 0, 0.0
49, 0, 10, 0, 0, 0.0
49, 0, 11, 0, 0, 0.0
49, 0, 12, 0, 0, 0.0
49, 0, 13, 0, 0, 0.0
49, 0, 14, 0, 0, 0.0
49, 0, 15, 0, 0, 0.0
49, 0, 16, 0, 0, 0.0
49, 0, 17, 0, 0, 0.0
49, 0, 18, 0, 0, 0.0
49, 0, 19, 0, 0, 0.0
49, 0, 20, 0, 0, 0.0
49, 1, 0, 0, 0, 0.0
49, 1, 1, 0, 0, 0.0
49, 1, 2, 0, 0, 0.0
49, 1, 3, 0, 0, 0.0
49, 1, 4, 0, 0, 0.0
49, 1, 5, 0, 0, 0.0
49, 1, 6, 0, 0, 0.0
49, 1, 7, 0, 0, 0.0
49, 1, 8, 0, 0, 0.0
49, 1, 9, 0, 0, 0.0
49, 1, 10, 0, 0, 0.0
49, 1, 11, 0, 0, 0.0
49, 1, 12, 0, 0, 0.0
49, 1, 13, 0, 0, 0.0
49, 1, 14, 0, 0, 0.0
49, 1, 15, 0, 0, 0.0
49, 1, 16, 0, 0, 0.0
49, 1, 17, 0, 0, 0.0
49, 1, 18, 0, 0, 0.0
49, 1, 19, 0, 0, 0.0
49, 1, 20, 0, 0, 0.0
50, 0, 0, 0, 0, 0.0
50, 0, 1, 0, 0, 0.0
50, 0, 2, 0, 0, 0.0
50, 0, 3, 0, 0, 0.0
50, 0, 4, 0, 0, 0.0
50, 0, 5, 0, 0, 0.0
50, 0, 6, 0, 0, 0.0
50, 0, 7, 0, 0, 0.0
50, 0, 8, 0, 0, 0.0
50, 0, 9, 0, 0, 0.0
50, 0, 10, 0, 0, 0.0
50, 0, 11, 0, 0, 0.0
50, 0, 12, 0, 0, 0.0
50, 0, 13, 0, 0, 0.0
50, 0, 14, 0, 0, 0.0
50, 0, 15, 0, 0, 0.0
50, 0, 16, 0, 0, 0.0
50, 0, 17, 0, 0, 0.0
50, 0, 18, 0, 0, 0.0
50, 0, 19, 0, 0, 0.0
50, 0, 20, 0, 0, 0.0
50, 1, 0, 0, 0, 0.0
50, 1, 1, 0, 0, 0.0
50, 1, 2, 0, 0, 0.0
50, 1, 3, 0, 0, 0.0
50, 1, 4, 0, 0, 0.0
50, 1, 5, 0, 0, 0.0
50, 1, 6, 0, 0, 0.0
50, 1, 7, 0, 0, 0.0
50, 1, 8, 0, 0, 0.0
50, 1, 9, 0, 0, 0.0
50, 1, 10, 0, 0, 0.0
50, 1, 11, 0, 0, 0.0
50, 1, 12, 0, 0, 0.0
50, 1, 13, 0, 0, 0.0
50, 1, 14, 0, 0, 0.0
50, 1, 15, 0, 0, 0.0
50, 1, 16, 0, 0, 0.0
50, 1, 17, 0, 0, 0.0
50, 1, 18, 0, 0, 0.0
50, 1, 19, 0, 0, 0.0
50, 1, 20, 0, 0, 0.0
51, 0, 0, 0, 0, 0.0
51, 0, 1, 0, 0, 0.0
51, 0, 2, 0, 0, 0.0
51, 0, 3, 0, 0, 0.0
51, 0, 4, 0, 0, 0.0
51, 0, 5, 0, 0, 0.0
51, 0, 6, 0, 0, 0.0
51, 0, 7, 0, 0, 0.0
51, 0, 8, 0, 0, 0.0
51, 0, 9, 0, 0, 0.0
51, 0, 10, 0, 0, 0.0
51, 0, 11, 0, 0, 0.0
51, 0, 12, 0, 0, 0.0
51, 0, 13, 0, 0, 0.0
51, 0, 14, 0, 0, 0.0
51, 0, 15, 0, 0, 0.0
51, 0, 16, 0, 0, 0.0
51, 0, 17, 0, 0, 0.0
51, 0, 18, 0, 0, 0.0
51, 0, 19, 0, 0, 0.0
51, 0, 20, 0, 0, 0.0
51, 1, 0, 0, 0, 0.0
51, 1, 1, 0, 0, 0.0
51, 1, 2, 0, 0, 0.0
51, 1, 3, 0, 0, 0.0
51, 1, 4, 0, 0, 0.0
51, 1, 5, 0, 0, 0.0
51, 1, 6, 0, 0, 0.0
51, 1, 7, 0, 0, 0.0
51, 1, 8, 0, 0, 0.0
51, 1, 9, 0, 0, 0.0
51, 1, 10, 0, 0, 0.0
51, 1, 11, 0, 0, 0.0
51, 1, 12, 0, 0, 0.0
51, 1, 13, 0, 0, 0.0
51, 1, 14, 0, 0, 0.0
51, 1, 15, 0, 0, 0.0
51, 1, 16, 0, 0, 0.0
51, 1, 17, 0, 0, 0.0
51, 1, 18, 0, 0, 0.0
51, 1, 19, 0, 0, 0.0
51, 1, 20, 0, 0, 0.0
52, 0, 0, 0, 0, 0.0
52, 0, 1, 0, 0, 0.0
52, 0, 2, 0, 0, 0.0
52, 0, 3, 0, 0, 0.0
52, 0, 4, 0, 0, 0.0
52, 0, 5, 0, 0, 0.0
52, 0, 6, 0, 0, 0.0
52, 0, 7, 0, 0, 0.0
52, 0, 8, 0, 0, 0.0
52, 0, 9, 0, 0, 0.0
52, 0, 10, 0, 0, 0.0
52, 0, 11, 0, 0, 0.0
52, 0, 12, 0, 0, 0.0
52, 0, 13, 0, 0, 0.0
52, 0, 14, 0, 0, 0.0
52, 0, 15, 0, 0, 0.0
52, 0, 16, 0, 0, 0.0
52, 0, 17, 0, 0, 0.0
52, 0, 18, 0, 0, 0.0
52, 0, 19, 0, 0, 0.0
52, 0, 20, 0, 0, 0.0
52, 1, 0, 0, 0, 0.0
52, 1, 1, 0, 0, 0.0
52, 1, 2, 0, 0, 0.0
52, 1, 3, 0, 0, 0.0
52, 1, 4, 0, 0, 0.0
52, 1, 5, 0, 0, 0.0
52, 1, 6, 0, 0, 0.0
52, 1, 7, 0, 0, 0.0
52, 1, 8, 0, 0, 0.0
52, 1, 9, 0, 0, 0.0
52, 1, 10, 0, 0, 0.0
52, 1, 11, 0, 0, 0.0
52, 1, 12, 0, 0, 0.0
52, 1, 13, 0, 0, 0.0
52, 1, 14, 0, 0, 0.0
52, 1, 15, 0, 0, 0.0
52, 1, 16, 0, 0, 0.0
52, 1, 17, 0, 0, 0.0
52, 1, 18, 0, 0, 0.0
52, 1, 19, 0, 0, 0.0
52, 1, 20, 0, 0, 0.0
53, 0, 0, 0, 0, 0.0
53, 0, 1, 0, 0, 0.0
53, 0, 2, 0, 0, 0.0
53, 0, 3, 0, 0, 0.0
53, 0, 4, 0, 0, 0.0
53, 0, 5, 0, 0, 0.0
53, 0, 6, 0, 0, 0.0
53, 0, 7, 0, 0, 0.0
53, 0, 8, 0, 0, 0.0
53, 0, 9, 0, 0, 0.0
53, 0, 10, 0, 0, 0.0
53, 0, 11, 0, 0, 0.0
53, 0, 12, 0, 0, 0.0
53, 0, 13, 0, 0, 0.0
53, 0, 14, 0, 0, 0.0
53, 0, 15, 0, 0, 0.0
53, 0, 16, 0, 0, 0.0
53, 0, 17, 0, 0, 0.0
53, 0, 18, 0, 0, 0.0
53, 0, 19, 0, 0, 0.0
53, 0, 20, 0, 0, 0.0
53, 1, 0, 0, 0, 0.0
53, 1, 1, 0, 0, 0.0
53, 1, 2, 0, 0, 0.0
53, 1, 3, 0, 0, 0.0
53, 1, 4, 0, 0, 0.0
53, 1, 5, 0, 0, 0.0
53, 1, 6, 0, 0, 0.0
53, 1, 7, 0, 0, 0.0
53, 1, 8, 0, 0, 0.0
53, 1, 9, 0, 0, 0.0
53, 1, 10, 0, 0, 0.0
53, 1, 11, 0, 0, 0.0
53, 1, 12, 0, 0, 0.0
53, 1, 13, 0, 0, 0.0
53, 1, 14, 0, 0, 0.0
53, 1, 15, 0, 0, 0.0
53, 1, 16, 0, 0, 0.0
53, 1, 17, 0, 0, 0.0
53, 1, 18, 0, 0, 0.0
53, 1, 19, 0, 0, 0.0
53, 1, 20, 0, 0, 0.0
54, 0, 0, 0, 0, 0.0
54, 0, 1, 0, 0, 0.0
54, 0, 2, 0, 0, 0.0
54, 0, 3, 0, 0, 0.0
54, 0, 4, 0, 0, 0.0
54, 0, 5, 0, 0, 0.0
54, 0, 6, 0, 0, 0.0
54, 0, 7, 0, 0, 0.0
54, 0, 8, 0, 0, 0.0
54, 0, 9, 0, 0, 0.0
54, 0, 10, 0, 0, 0.0
54, 0, 11, 0, 0, 0.0
54, 0, 12, 0, 0, 0.0
54, 0, 13, 0, 0, 0.0
54, 0, 14, 0, 0, 0.0
54, 0, 15, 0, 0, 0.0
54, 0, 16, 0, 0, 0.0
54, 0, 17, 0, 0, 0.0
54, 0, 18, 0, 0, 0.0
54, 0, 19, 0, 0, 0.0
54, 0, 20, 0, 0, 0.0
54, 1, 0, 0, 0, 0.0
54, 1, 1, 0, 0, 0.0
54, 1, 2, 0, 0, 0.0
54, 1, 3, 0, 0, 0.0
54, 1, 4, 0, 0, 0.0
54, 1, 5, 0, 0, 0.0
54, 1, 6, 0, 0, 0.0
54, 1, 7, 0, 0, 0.0
54, 1, 8, 0, 0, 0.0
54, 1, 9, 0, 0, 0.0
54, 1, 10, 0, 0, 0.0
54, 1, 11, 0, 0, 0.0
54, 1, 12, 0, 0, 0.0
54, 1, 13, 0, 0, 0.0
54, 1, 14, 0, 0, 0.0
54, 1, 15, 0, 0, 0.0
54, 1, 16, 0, 0, 0.0
54, 1, 17, 0, 0, 0.0
54, 1, 18, 0, 0, 0.0
54, 1, 19, 0, 0, 0.0
54, 1, 20, 0, 0, 0.0
55, 0, 0, 0, 0, 0.0
55, 0, 1, 0, 0, 0.0
55, 0, 2, 0, 0, 0.0
55, 0, 3, 0, 0, 0.0
55, 0, 4, 0, 0, 0.0
55, 0, 5, 0, 0, 0.0
55, 0, 6, 0, 0, 0.0
55, 0, 7, 0, 0, 0.0
55, 0, 8, 0, 0, 0.0
55, 0, 9, 0, 0, 0.0
55, 0, 10, 0, 0, 0.0
55, 0, 11, 0, 0, 0.0
55, 0, 12, 0, 0, 0.0
55, 0, 13, 0, 0, 0.0
55, 0, 14, 0, 0, 0.0
55, 0, 15, 0, 0, 0.0
55, 0, 16, 0, 0, 0.0
55, 0, 17, 0, 0, 0.0
55, 0, 18, 0, 0, 0.0
55, 0, 19, 0, 0, 0.0
55, 0, 20, 0, 0, 0.0
55, 1, 0, 0, 0, 0.0
55, 1, 1, 0, 0, 0.0
55, 1, 2, 0, 0, 0.0
55, 1, 3, 0, 0, 0.0
55, 1, 4, 0, 0, 0.0
55, 1, 5, 0, 0, 0.0
55, 1, 6, 0, 0, 0.0
55, 1, 7, 0, 0, 0.0
55, 1, 8, 0, 0, 0.0
55, 1, 9, 0, 0, 0.0
55, 1, 10, 0, 0, 0.0
55, 1, 11, 0, 0, 0.0
55, 1, 12, 0, 0, 0.0
55, 1, 13, 0, 0, 0.0
55, 1, 14, 0, 0, 0.0
55, 1, 15, 0, 0, 0.0
55, 1, 16, 0, 0, 0.0
55, 1, 17, 0, 0, 0.0
55, 1, 18, 0, 0, 0.0
55, 1, 19, 0, 0, 0.0
55, 1, 20, 0, 0, 0.0
56, 0, 0, 0, 0, 0.0
56, 0, 1, 0, 0, 0.0
56, 0, 2, 0, 0, 0.0
56, 0, 3, 0, 0, 0.0
56, 0, 4, 0, 0, 0.0
56, 0, 5, 0, 0, 0.0
56, 0, 6, 0, 0, 0.0
56, 0, 7, 0, 0, 0.0
56, 0, 8, 0, 0, 0.0
56, 0, 9, 0, 0, 0.0
56, 0, 10, 0, 0, 0.0
56, 0, 11, 0, 0, 0.0
56, 0, 12, 0, 0, 0.0
56, 0, 13, 0, 0, 0.0
56, 0, 14, 0, 0, 0.0
56, 0, 15, 0, 0, 0.0
56, 0, 16, 0, 0, 0.0
56, 0, 17, 0, 0, 0.0
56, 0, 18, 0, 0, 0.0
56, 0, 19, 0, 0, 0.0
56, 0, 20, 0, 0, 0.0
56, 1, 0, 0, 0, 0.0
56, 1, 1, 0, 0, 0.0
56, 1, 2, 0, 0, 0.0
56, 1, 3, 0, 0, 0.0
56, 1, 4, 0, 0, 0.0
56, 1, 5, 0, 0, 0.0
56, 1, 6, 0, 0, 0.0
56, 1, 7, 0, 0, 0.0
56, 1, 8, 0, 0, 0.0
56, 1, 9, 0, 0, 0.0
56, 1, 10, 0, 0, 0.0
56, 1, 11, 0, 0, 0.0
56, 1, 12, 0, 0, 0.0
56, 1, 13, 0, 0, 0.0
56, 1, 14, 0, 0, 0.0
56, 1, 15, 0, 0, 0.0
56, 1, 16, 0, 0, 0.0
56, 1, 17, 0, 0, 0.0
56, 1, 18, 0, 0, 0.0
56, 1, 19, 0, 0, 0.0
56, 1, 20, 0, 0, 0.0
57, 0, 0, 0, 0, 0.0
57, 0, 1, 0, 0, 0.0
57, 0, 2, 0, 0, 0.0
57, 0, 3, 0, 0, 0.0
57, 0, 4, 0, 0, 0.0
57, 0, 5, 0, 0, 0.0
57, 0, 6, 0, 0, 0.0
57, 0, 7, 0, 0, 0.0
57, 0, 8, 0, 0, 0.0
57, 0, 9, 0, 0, 0.0
57, 0, 10, 0, 0, 0.0
57, 0, 11, 0, 0, 0.0
57, 0, 12, 0, 0, 0.0
57, 0, 13, 0, 0, 0.0
57, 0, 14, 0, 0, 0.0
57, 0, 15, 0, 0, 0.0
57, 0, 16, 0, 0, 0.0
57, 0, 17, 0, 0, 0.0
57, 0, 18, 0, 0, 0.0
57, 0, 19, 0, 0, 0.0
57, 0, 20, 0, 0, 0.0
57, 1, 0, 0, 0, 0.0
57, 1, 1, 0, 0, 0.0
57, 1, 2, 0, 0, 0.0
57, 1, 3, 0, 0, 0.0
57, 1, 4, 0, 0, 0.0
57, 1, 5, 0, 0, 0.0
57, 1, 6, 0, 0, 0.0
57, 1, 7, 0, 0, 0.0
57, 1, 8, 0, 0, 0.0
57, 1, 9, 0, 0, 0.0
57, 1, 10, 0, 0, 0.0
57, 1, 11, 0, 0, 0.0
57, 1, 12, 0, 0, 0.0
57, 1, 13, 0, 0, 0.0
57, 1, 14, 0, 0, 0.0
57, 1, 15, 0, 0, 0.0
57, 1, 16, 0, 0, 0.0
57, 1, 17, 0, 0, 0.0
57, 1, 18, 0, 0, 0.0
57, 1, 19, 0, 0, 0.0
57, 1, 20, 0, 0, 0.0
58, 0, 0, 0, 0, 0.0
58, 0, 1, 0, 0, 0.0
58, 0, 2, 0, 0, 0.0
58, 0, 3, 0, 0, 0.0
58, 0, 4, 0, 0, 0.0
58, 0, 5, 0, 0, 0.0
58, 0, 6, 0, 0, 0.0
58, 0, 7, 0, 0, 0.0
58, 0, 8, 0, 0, 0.0
58, 0, 9, 0, 0, 0.0
58, 0, 10, 0, 0, 0.0
58, 0, 11, 0, 0, 0.0
58, 0, 12, 0, 0, 0.0
58, 0, 13, 0, 0, 0.0
58, 0, 14, 0, 0, 0.0
58, 0, 15, 0, 0, 0.0
58, 0, 16, 0, 0, 0.0
58, 0, 17, 0, 0, 0.0
58, 0, 18, 0, 0, 0.0
58, 0, 19, 0, 0, 0.0
58, 0, 20, 0, 0, 0.0
58, 1, 0, 0, 0, 0.0
58, 1, 1, 0, 0, 0.0
58, 1, 2, 0, 0, 0.0
58, 1, 3, 0, 0, 0.0
58, 1, 4, 0, 0, 0.0
58, 1, 5, 0, 0, 0.0
58, 1, 6, 0, 0, 0.0
58, 1, 7, 0, 0, 0.0
58, 1, 8, 0, 0, 0.0
58, 1, 9, 0, 0, 0.0
58, 1, 10, 0, 0, 0.0
58, 1, 11, 0, 0, 0.0
58, 1, 12, 0, 0, 0.0
58, 1, 13, 0, 0, 0.0
58, 1, 14, 0, 0, 0.0
58, 1, 15, 0, 0, 0.0
58, 1, 16, 0, 0, 0.0
58, 1, 17, 0, 0, 0.0
58, 1, 18, 0, 0, 0.0
58, 1, 19, 0, 0, 0.0
58, 1, 20, 0, 0, 0.0
59, 0, 0, 0, 0, 0.0
59, 0, 1, 0, 0, 0.0
59, 0, 2, 0, 0, 0.0
59, 0, 3, 0, 0, 0.0
59, 0, 4, 0, 0, 0.0
59, 0, 5, 0, 0, 0.0
59, 0, 6, 0, 0, 0.0
59, 0, 7, 0, 0, 0.0
59, 0, 8, 0, 0, 0.0
59, 0, 9, 0, 0, 0.0
59, 0, 10, 0, 0, 0.0
59, 0, 11, 0, 0, 0.0
59, 0, 12, 0, 0, 0.0
59, 0, 13, 0, 0, 0.0
59, 0, 14, 0, 0, 0.0
59, 0, 15, 0, 0, 0.0
59, 0, 16, 0, 0, 0.0
59, 0, 17, 0, 0, 0.0
59, 0, 18, 0, 0, 0.0
59, 0, 19, 0, 0, 0.0
59, 0, 20, 0, 0, 0.0
59, 1, 0, 0, 0, 0.0
59, 1, 1, 0, 0, 0.0
59, 1, 2, 0, 0, 0.0
59, 1, 3, 0, 0, 0.0
59, 1, 4, 0, 0, 0.0
59, 1, 5, 0, 0, 0.0
59, 1, 6, 0, 0, 0.0
59, 1, 7, 0, 0, 0.0
59, 1, 8, 0, 0, 0.0
59, 1, 9, 0, 0, 0.0
59, 1, 10, 0, 0, 0.0
59, 1, 11, 0, 0, 0.0
59, 1, 12, 0, 0, 0.0
59, 1, 13, 0, 0, 0.0
59, 1, 14, 0, 0, 0.0
59, 1, 15, 0, 0, 0.0
59, 1, 16, 0, 0, 0.0
59, 1, 17, 0, 0, 0.0
59, 1, 18, 0, 0, 0.0
59, 1, 19, 0, 0, 0.0
59, 1, 20, 0, 0, 0.0
60, 0, 0, 0, 0, 0.0
60, 0, 1, 0, 0, 0.0
60, 0, 2, 0, 0, 0.0
60, 0, 3, 0, 0, 0.0
60, 0, 4, 0, 0, 0.0
60, 0, 5, 0, 0, 0.0
60, 0, 6, 0, 0, 0.0
60, 0, 7, 0, 0, 0.0
60, 0, 8, 0, 0, 0.0
60, 0, 9, 0, 0, 0.0
60, 0, 10, 0, 0, 0.0
60, 0, 11, 0, 0, 0.0
60, 0, 12, 0, 0, 0.0
60, 0, 13, 0, 0, 0.0
60, 0, 14, 0, 0, 0.0
60, 0, 15, 0, 0, 0.0
60, 0, 16, 0, 0, 0.0
60, 0, 17, 0, 0, 0.0
60, 0, 18, 0, 0, 0.0
60, 0, 19, 0, 0, 0.0
60, 0, 20, 0, 0, 0.0
60, 1, 0, 0, 0, 0.0
60, 1, 1, 0, 0, 0.0
60, 1, 2, 0, 0, 0.0
60, 1, 3, 0, 0, 0.0
60, 1, 4, 0, 0, 0.0
60, 1, 5, 0, 0, 0.0
60, 1, 6, 0, 0, 0.0
60, 1, 7, 0, 0, 0.0
60, 1, 8, 0, 0, 0.0
60, 1, 9, 0, 0, 0.0
60, 1, 10, 0, 0, 0.0
60, 1, 11, 0, 0, 0.0
60, 1, 12, 0, 0, 0.0
60, 1, 13, 0, 0, 0.0
60, 1, 14, 0, 0, 0.0
60, 1, 15, 0, 0, 0.0
60, 1, 16, 0, 0, 0.0
60, 1, 17, 0, 0, 0.0
60, 1, 18, 0, 0, 0.0
60, 1, 19, 0, 0, 0.0
60, 1, 20, 0, 0, 0.0
61, 0, 0, 0, 0, 0.0
61, 0, 1, 0, 0, 0.0
61, 0, 2, 0, 0, 0.0
61, 0, 3, 0, 0, 0.0
61, 0, 4, 0, 0, 0.0
61, 0, 5, 0, 0, 0.0
61, 0, 6, 0, 0, 0.0
61, 0, 7, 0, 0, 0.0
61, 0, 8, 0, 0, 0.0
61, 0, 9, 0, 0, 0.0
61, 0, 10, 0, 0, 0.0
61, 0, 11, 0, 0, 0.0
61, 0, 12, 0, 0, 0.0
61, 0, 13, 0, 0, 0.0
61, 0, 14, 0, 0, 0.0
61, 0, 15, 0, 0, 0.0
61, 0, 16, 0, 0, 0.0
61, 0, 17, 0, 0, 0.0
61, 0, 18, 0, 0, 0.0
61, 0, 19, 0, 0, 0.0
61, 0, 20, 0, 0, 0.0
61, 1, 0, 0, 0, 0.0
61, 1, 1, 0, 0, 0.0
61, 1, 2, 0, 0, 0.0
61, 1, 3, 0, 0, 0.0
61, 1, 4, 0, 0, 0.0
61, 1, 5, 0, 0, 0.0
61, 1, 6, 0, 0, 0.0
61, 1, 7, 0, 0, 0.0
61, 1, 8, 0, 0, 0.0
61, 1, 9, 0, 0, 0.0
61, 1, 10, 0, 0, 0.0
61, 1, 11, 0, 0, 0.0
61, 1, 12, 0, 0, 0.0
61, 1, 13, 0, 0, 0.0
61, 1, 14, 0, 0, 0.0
61, 1, 15, 0, 0, 0.0
61, 1, 16, 0, 0, 0.0
61, 1, 17, 0, 0, 0.0
61, 1, 18, 0, 0, 0.0
61, 1, 19, 0, 0, 0.0
61, 1, 20, 0, 0, 0.0
62, 0, 0, 0, 0, 0.0
62, 0, 1, 0, 0, 0.0
62, 0, 2, 0, 0, 0.0
62, 0, 3, 0, 0, 0.0
62, 0, 4, 0, 0, 0.0
62, 0, 5, 0, 0, 0.0
62, 0, 6, 0, 0, 0.0
62, 0, 7, 0, 0, 0.0
62, 0, 8, 0, 0, 0.0
62, 0, 9, 0, 0, 0.0
62, 0, 10, 0, 0, 0.0
62, 0, 11, 0, 0, 0.0
62, 0, 12, 0, 0, 0.0
62, 0, 13, 0, 0, 0.0
62, 0, 14, 0, 0, 0.0
62, 0, 15, 0, 0, 0.0
62, 0, 16, 0, 0, 0.0
62, 0, 17, 0, 0, 0.0
62, 0, 18, 0, 0, 0.0
62, 0, 19, 0, 0, 0.0
62, 0, 20, 0, 0, 0.0
62, 1, 0, 0, 0, 0.0
62, 1, 1, 0, 0, 0.0
62, 1, 2, 0, 0, 0.0
62, 1, 3, 0, 0, 0.0
62, 1, 4, 0, 0, 0.0
62, 1, 5, 0, 0, 0.0
62, 1, 6, 0, 0, 0.0
62, 1, 7, 0, 0, 0.0
62, 1, 8, 0, 0, 0.0
62, 1, 9, 0, 0, 0.0
62, 1, 10, 0, 0, 0.0
62, 1, 11, 0, 0, 0.0
62, 1, 12, 0, 0, 0.0
62, 1, 13, 0, 0, 0.0
62, 1, 14, 0, 0, 0.0
62, 1, 15, 0, 0, 0.0
62, 1, 16, 0, 0, 0.0
62, 1, 17, 0, 0, 0.0
62, 1, 18, 0, 0, 0.0
62, 1, 19, 0, 0, 0.0
62, 1, 20, 0, 0, 0.0
63, 0, 0, 0, 0, 0.0
63, 0, 1, 0, 0, 0.0
63, 0, 2, 0, 0, 0.0
63, 0, 3, 0, 0, 0.0
63, 0, 4, 0, 0, 0.0
63, 0, 5, 0, 0, 0.0
63, 0, 6, 0, 0, 0.0
63, 0, 7, 0, 0, 0.0
63, 0, 8, 0, 0, 0.0
63, 0, 9, 0, 0, 0.0
63, 0, 10, 0, 0, 0.0
63, 0, 11, 0, 0, 0.0
63, 0, 12, 0, 0, 0.0
63, 0, 13, 0, 0, 0.0
63, 0, 14, 0, 0, 0.0
63, 0, 15, 0, 0, 0.0
63, 0, 16, 0, 0, 0.0
63, 0, 17, 0, 0, 0.0
63, 0, 18, 0, 0, 0.0
63, 0, 19, 0, 0, 0.0
63, 0, 20, 0, 0, 0.0
63, 1, 0, 0, 0, 0.0
63, 1, 1, 0, 0, 0.0
63, 1, 2, 0, 0, 0.0
63, 1, 3, 0, 0, 0.0
63, 1, 4, 0, 0, 0.0
63, 1, 5, 0, 0, 0.0
63, 1, 6, 0, 0, 0.0
63, 1, 7, 0, 0, 0.0
63, 1, 8, 0, 0, 0.0
63, 1, 9, 0, 0, 0.0
63, 1, 10, 0, 0, 0.0
63, 1, 11, 0, 0, 0.0
63, 1, 12, 0, 0, 0.0
63, 1, 13, 0, 0, 0.0
63, 1, 14, 0, 0, 0.0
63, 1, 15, 0, 0, 0.0
63, 1, 16, 0, 0, 0.0
63, 1, 17, 0, 0, 0.0
63, 1, 18, 0, 0, 0.0
63, 1, 19, 0, 0, 0.0
63, 1, 20, 0, 0, 0.0
64, 0, 0, 0, 0, 0.0
64, 0, 1, 0, 0, 0.0
64, 0, 2, 0, 0, 0.0
64, 0, 3, 0, 0, 0.0
64, 0, 4, 0, 0, 0.0
64, 0, 5, 0, 0, 0.0
64, 0, 6, 0, 0, 0.0
64, 0, 7, 0, 0, 0.0
64, 0, 8, 0, 0, 0.0
64, 0, 9, 0, 0, 0.0
64, 0, 10, 0, 0, 0.0
64, 0, 11, 0, 0, 0.0
64, 0, 12, 0, 0, 0.0
64, 0, 13, 0, 0, 0.0
64, 0, 14, 0, 0, 0.0
64, 0, 15, 0, 0, 0.0
64, 0, 16, 0, 0, 0.0
64, 0, 17, 0, 0, 0.0
64, 0, 18, 0, 0, 0.0
64, 0, 19, 0, 0, 0.0
64, 0, 20, 0, 0, 0.0
64, 1, 0, 0, 0, 0.0
64, 1, 1, 0, 0, 0.0
64, 1, 2, 0, 0, 0.0
64, 1, 3, 0, 0, 0.0
64, 1, 4, 0, 0, 0.0
64, 1, 5, 0, 0, 0.0
64, 1, 6, 0, 0, 0.0
64, 1, 7, 0, 0, 0.0
64, 1, 8, 0, 0, 0.0
64, 1, 9, 0, 0, 0.0
64, 1, 10, 0, 0, 0.0
64, 1, 11, 0, 0, 0.0
64, 1, 12, 0, 0, 0.0
64, 1, 13, 0, 0, 0.0
64, 1, 14, 0, 0, 0.0
64, 1, 15, 0, 0, 0.0
64, 1, 16, 0, 0, 0.0
64, 1, 17, 0, 0, 0.0
64, 1, 18, 0, 0, 0.0
64, 1, 19, 0, 0, 0.0
64, 1, 20, 0, 0, 0.0
65, 0, 0, 0, 0, 0.0
65, 0, 1, 0, 0, 0.0
65, 0, 2, 0, 0, 0.0
65, 0, 3, 0, 0, 0.0
65, 0, 4, 0, 0, 0.0
65, 0, 5, 0, 0, 0.0
65, 0, 6, 0, 0, 0.0
65, 0, 7, 0, 0, 0.0
65, 0, 8, 0, 0, 0.0
65, 0, 9, 0, 0, 0.0
65, 0, 10, 0, 0, 0.0
65, 0, 11, 0, 0, 0.0
65, 0, 12, 0, 0, 0.0
65, 0, 13, 0, 0, 0.0
65, 0, 14, 0, 0, 0.0
65, 0, 15, 0, 0, 0.0
65, 0, 16, 0, 0, 0.0
65, 0, 17, 0, 0, 0.0
65, 0, 18, 0, 0, 0.0
65, 0, 19, 0, 0, 0.0
65, 0, 20, 0, 0, 0.0
65, 1, 0, 0, 0, 0.0
65, 1, 1, 0, 0, 0.0
65, 1, 2, 0, 0, 0.0
65, 1, 3, 0, 0, 0.0
65, 1, 4, 0, 0, 0.0
65, 1, 5, 0, 0, 0.0
65, 1, 6, 0, 0, 0.0
65, 1, 7, 0, 0, 0.0
65, 1, 8, 0, 0, 0.0
65, 1, 9, 0, 0, 0.0
65, 1, 10, 0, 0, 0.0
65, 1, 11, 0, 0, 0.0
65, 1, 12, 0, 0, 0.0
65, 1, 13, 0, 0, 0.0
65, 1, 14, 0, 0, 0.0
65, 1, 15, 0, 0, 0.0
65, 1, 16, 0, 0, 0.0
65, 1, 17, 0, 0, 0.0
65, 1, 18, 0, 0, 0.0
65, 1, 19, 0, 0, 0.0
65, 1, 20, 0, 0, 0.0
66, 0, 0, 0, 0, 0.0
66, 0, 1, 0, 0, 0.0
66, 0, 2, 0, 0, 0.0
66, 0, 3, 0, 0, 0.0
66, 0, 4, 0, 0, 0.0
66, 0, 5, 0, 0, 0.0
66, 0, 6, 0, 0, 0.0
66, 0, 7, 0, 0, 0.0
66, 0, 8, 0, 0, 0.0
66, 0, 9, 0, 0, 0.0
66, 0, 10, 0, 0, 0.0
66, 0, 11, 0, 0, 0.0
66, 0, 12, 0, 0, 0.0
66, 0, 13, 0, 0, 0.0
66, 0, 14, 0, 0, 0.0
66, 0, 15, 0, 0, 0.0
66, 0, 16, 0, 0, 0.0
66, 0, 17, 0, 0, 0.0
66, 0, 18, 0, 0, 0.0
66, 0, 19, 0, 0, 0.0
66, 0, 20, 0, 0, 0.0
66, 1, 0, 0, 0, 0.0
66, 1, 1, 0, 0, 0.0
66, 1, 2, 0, 0, 0.0
66, 1, 3, 0, 0, 0.0
66, 1, 4, 0, 0, 0.0
66, 1, 5, 0, 0, 0.0
66, 1, 6, 0, 0, 0.0
66, 1, 7, 0, 0, 0.0
66, 1, 8, 0, 0, 0.0
66, 1, 9, 0, 0, 0.0
66, 1, 10, 0, 0, 0.0
66, 1, 11, 0, 0, 0.0
66, 1, 12, 0, 0, 0.0
66, 1, 13, 0, 0, 0.0
66, 1, 14, 0, 0, 0.0
66, 1, 15, 0, 0, 0.0
66, 1, 16, 0, 0, 0.0
66, 1, 17, 0, 0, 0.0
66, 1, 18, 0, 0, 0.0
66, 1, 19, 0, 0, 0.0
66, 1, 20, 0, 0, 0.0
67, 0, 0, 0, 0, 0.0
67, 0, 1, 0, 0, 0.0
67, 0, 2, 0, 0, 0.0
67, 0, 3, 0, 0, 0.0
67, 0, 4, 0, 0, 0.0
67, 0, 5, 0, 0, 0.0
67, 0, 6, 0, 0, 0.0
67, 0, 7, 0, 0, 0.0
67, 0, 8, 0, 0, 0.0
67, 0, 9, 0, 0, 0.0
67, 0, 10, 0, 0, 0.0
67, 0, 11, 0, 0, 0.0
67, 0, 12, 0, 0, 0.0
67, 0, 13, 0, 0, 0.0
67, 0, 14, 0, 0, 0.0
67, 0, 15, 0, 0, 0.0
67, 0, 16, 0, 0, 0.0
67, 0, 17, 0, 0, 0.0
67, 0, 18, 0, 0, 0.0
67, 0, 19, 0, 0, 0.0
67, 0, 20, 0, 0, 0.0
67, 1, 0, 0, 0, 0.0
67, 1, 1, 0, 0, 0.0
67, 1, 2, 0, 0, 0.0
67, 1, 3, 0, 0, 0.0
67, 1, 4, 0, 0, 0.0
67, 1, 5, 0, 0, 0.0
67, 1, 6, 0, 0, 0.0
67, 1, 7, 0, 0, 0.0
67, 1, 8, 0, 0, 0.0
67, 1, 9, 0, 0, 0.0
67, 1, 10, 0, 0, 0.0
67, 1, 11, 0, 0, 0.0
67, 1, 12, 0, 0, 0.0
67, 1, 13, 0, 0, 0.0
67, 1, 14, 0, 0, 0.0
67, 1, 15, 0, 0, 0.0
67, 1, 16, 0, 0, 0.0
67, 1, 17, 0, 0, 0.0
67, 1, 18, 0, 0, 0.0
67, 1, 19, 0, 0, 0.0
67, 1, 20, 0, 0, 0.0
68, 0, 0, 0, 0, 0.0
68, 0, 1, 0, 0, 0.0
68, 0, 2, 0, 0, 0.0
68, 0, 3, 0, 0, 0.0
68, 0, 4, 0, 0, 0.0
68, 0, 5, 0, 0, 0.0
68, 0, 6, 0, 0, 0.0
68, 0, 7, 0, 0, 0.0
68, 0, 8, 0, 0, 0.0
68, 0, 9, 0, 0, 0.0
68, 0, 10, 0, 0, 0.0
68, 0, 11, 0, 0, 0.0
68, 0, 12, 0, 0, 0.0
68, 0, 13, 0, 0, 0.0
68, 0, 14, 0, 0, 0.0
68, 0, 15, 0, 0, 0.0
68, 0, 16, 0, 0, 0.0
68, 0, 17, 0, 0, 0.0
68, 0, 18, 0, 0, 0.0
68, 0, 19, 0, 0, 0.0
68, 0, 20, 0, 0, 0.0
68, 1, 0, 0, 0, 0.0
68, 1, 1, 0, 0, 0.0
68, 1, 2, 0, 0, 0.0
68, 1, 3, 0, 0, 0.0
68, 1, 4, 0, 0, 0.0
68, 1, 5, 0, 0, 0.0
68, 1, 6, 0, 0, 0.0
68, 1, 7, 0, 0, 0.0
68, 1, 8, 0, 0, 0.0
68, 1, 9, 0, 0, 0.0
68, 1, 10, 0, 0, 0.0
68, 1, 11, 0, 0, 0.0
68, 1, 12, 0, 0, 0.0
68, 1, 13, 0, 0, 0.0
68, 1, 14, 0, 0, 0.0
68, 1, 15, 0, 0, 0.0
68, 1, 16, 0, 0, 0.0
68, 1, 17, 0, 0, 0.0
68, 1, 18, 0, 0, 0.0
68, 1, 19, 0, 0, 0.0
68, 1, 20, 0, 0, 0.0
69, 0, 0, 0, 0, 0.0
69, 0, 1, 0, 0, 0.0
69, 0, 2, 0, 0, 0.0
69, 0, 3, 0, 0, 0.0
69, 0, 4, 0, 0, 0.0
69, 0, 5, 0, 0, 0.0
69, 0, 6, 0, 0, 0.0
69, 0, 7, 0, 0, 0.0
69, 0, 8, 0, 0, 0.0
69, 0, 9, 0, 0, 0.0
69, 0, 10, 0, 0, 0.0
69, 0, 11, 0, 0, 0.0
69, 0, 12, 0, 0, 0.0
69, 0, 13, 0, 0, 0.0
69, 0, 14, 0, 0, 0.0
69, 0, 15, 0, 0, 0.0
69, 0, 16, 0, 0, 0.0
69, 0, 17, 0, 0, 0.0
69, 0, 18, 0, 0, 0.0
69, 0, 19, 0, 0, 0.0
69, 0, 20, 0, 0, 0.0
69, 1, 0, 0, 0, 0.0
69, 1, 1, 0, 0, 0.0
69, 1, 2, 0, 0, 0.0
69, 1, 3, 0, 0, 0.0
69, 1, 4, 0, 0, 0.0
69, 1, 5, 0, 0, 0.0
69, 1, 6, 0, 0, 0.0
69, 1, 7, 0, 0, 0.0
69, 1, 8, 0, 0, 0.0
69, 1, 9, 0, 0, 0.0
69, 1, 10, 0, 0, 0.0
69, 1, 11, 0, 0, 0.0
69, 1, 12, 0, 0, 0.0
69, 1, 13, 0, 0, 0.0
69, 1, 14, 0, 0, 0.0
69, 1, 15, 0, 0, 0.0
69, 1, 16, 0, 0, 0.0
69, 1, 17, 0, 0, 0.0
69, 1, 18, 0, 0, 0.0
69, 1, 19, 0, 0, 0.0
69, 1, 20, 0, 0, 0.0
70, 0, 0, 0, 0, 0.0
70, 0, 1, 0, 0, 0.0
70, 0, 2, 0, 0, 0.0
70, 0, 3, 0, 0, 0.0
70, 0, 4, 0, 0, 0.0
70, 0, 5, 0, 0, 0.0
70, 0, 6, 0, 0, 0.0
70, 0, 7, 0, 0, 0.0
70, 0, 8, 0, 0, 0.0
70, 0, 9, 0, 0, 0.0
70, 0, 10, 0, 0, 0.0
70, 0, 11, 0, 0, 0.0
70, 0, 12, 0, 0, 0.0
70, 0, 13, 0, 0, 0.0
70, 0, 14, 0, 0, 0.0
70, 0, 15, 0, 0, 0.0
70, 0, 16, 0, 0, 0.0
70, 0, 17, 0, 0, 0.0
70, 0, 18, 0, 0, 0.0
70, 0, 19, 0, 0, 0.0
70, 0, 20, 0, 0, 0.0
70, 1, 0, 0, 0, 0.0
70, 1, 1, 0, 0, 0.0
70, 1, 2, 0, 0, 0.0
70, 1, 3, 0, 0, 0.0
70, 1, 4, 0, 0, 0.0
70, 1, 5, 0, 0, 0.0
70, 1, 6, 0, 0, 0.0
70, 1, 7, 0, 0, 0.0
70, 1, 8, 0, 0, 0.0
70, 1, 9, 0, 0, 0.0
70, 1, 10, 0, 0, 0.0
70, 1, 11, 0, 0, 0.0
70, 1, 12, 0, 0, 0.0
70, 1, 13, 0, 0, 0.0
70, 1, 14, 0, 0, 0.0
70, 1, 15, 0, 0, 0.0
70, 1, 16, 0, 0, 0.0
70, 1, 17, 0, 0, 0.0
70, 1, 18, 0, 0, 0.0
70, 1, 19, 0, 0, 0.0
70, 1, 20, 0, 0, 0.0
71, 0, 0, 0, 0, 0.0
71, 0, 1, 0, 0, 0.0
71, 0, 2, 0, 0, 0.0
71, 0, 3, 0, 0, 0.0
71, 0, 4, 0, 0, 0.0
71, 0, 5, 0, 0, 0.0
71, 0, 6, 0, 0, 0.0
71, 0, 7, 0, 0, 0.0
71, 0, 8, 0, 0, 0.0
71, 0, 9, 0, 0, 0.0
71, 0, 10, 0, 0, 0.0
71, 0, 11, 0, 0, 0.0
71, 0, 12, 0, 0, 0.0
71, 0, 13, 0, 0, 0.0
71, 0, 14, 0, 0, 0.0
71, 0, 15, 0, 0, 0.0
71, 0, 16, 0, 0, 0.0
71, 0, 17, 0, 0, 0.0
71, 0, 18, 0, 0, 0.0
71, 0, 19, 0, 0, 0.0
71, 0, 20, 0, 0, 0.0
71, 1, 0, 0, 0, 0.0
71, 1, 1, 0, 0, 0.0
71, 1, 2, 0, 0, 0.0
71, 1, 3, 0, 0, 0.0
71, 1, 4, 0, 0, 0.0
71, 1, 5, 0, 0, 0.0
71, 1, 6, 0, 0, 0.0
71, 1, 7, 0, 0, 0.0
71, 1, 8, 0, 0, 0.0
71, 1, 9, 0, 0, 0.0
71, 1, 10, 0, 0, 0.0
71, 1, 11, 0, 0, 0.0
71, 1, 12, 0, 0, 0.0
71, 1, 13, 0, 0, 0.0
71, 1, 14, 0, 0, 0.0
71, 1, 15, 0, 0, 0.0
71, 1, 16, 0, 0, 0.0
71, 1, 17, 0, 0, 0.0
71, 1, 18, 0, 0, 0.0
71, 1, 19, 0, 0, 0.0
71, 1, 20, 0, 0, 0.0
