0, 0, 0, 0, 0, 0.0
0, 0, 1, 0, 0, 0.0
0, 0, 2, 0, 0, 0.0
0, 0, 3, 0, 0, 0.0
0, 0, 4, 0, 0, 0.0
0, 0, 5, 0, 0, 0.0
0, 0, 6, 0, 0, 0.0
0, 0, 7, 0, 0, 0.0
0, 0, 8, 0, 0, 0.0
0, 0, 9, 0, 0, 0.0
0, 0, 10, 0, 0, 0.0
0, 0, 11, 0, 0, 0.0
0, 0, 12, 0, 0, 0.0
0, 0, 13, 0, 0, 0.0
0, 0, 14, 0, 0, 0.0
0, 0, 15, 0, 0, 0.0
0, 0, 16, 0, 0, 0.0
0, 0, 17, 0, 0, 0.0
0, 0, 18, 0, 0, 0.0
0, 0, 19, 0, 0, 0.0
0, 0, 20, 0, 0, 0.0
0, 1, 0, 0, 0, 0.0
0, 1, 1, 0, 0, 0.0
0, 1, 2, 0, 0, 0.0
0, 1, 3, 0, 0, 0.0
0, 1, 4, 0, 0, 0.0
0, 1, 5, 0, 0, 0.0
0, 1, 6, 0, 0, 0.0
0, 1, 7, 0, 0, 0.0
0, 1, 8, 0, 0, 0.0
0, 1, 9, 0, 0, 0.0
0, 1, 10, 0, 0, 0.0
0, 1, 11, 0, 0, 0.0
0, 1, 12, 0, 0, 0.0
0, 1, 13, 0, 0, 0.0
0, 1, 14, 0, 0, 0.0
0, 1, 15, 0, 0, 0.0
0, 1, 16, 0, 0, 0.0
0, 1, 17, 0, 0, 0.0
0, 1, 18, 0, 0, 0.0
0, 1, 19, 0, 0, 0.0
0, 1, 20, 0, 0, 0.0
1, 0, 0, 0, 0, 0.0
1, 0, 1, 0, 0, 0.0
1, 0, 2, 0, 0, 0.0
1, 0, 3, 0, 0, 0.0
1, 0, 4, 0, 0, 0.0
1, 0, 5, 0, 0, 0.0
1, 0, 6, 0, 0, 0.0
1, 0, 7, 0, 0, 0.0
1, 0, 8, 0, 0, 0.0
1, 0, 9, 0, 0, 0.0
1, 0, 10, 0, 0, 0.0
1, 0, 11, 0, 0, 0.0
1, 0, 12, 0, 0, 0.0
1, 0, 13, 0, 0, 0.0
1, 0, 14, 0, 0, 0.0
1, 0, 15, 0, 0, 0.0
1, 0, 16, 0, 0, 0.0
1, 0, 17, 0, 0, 0.0
1, 0, 18, 0, 0, 0.0
1, 0, 19, 0, 0, 0.0
1, 0, 20, 0, 0, 0.0
1, 1, 0, 0, 0, 0.0
1, 1, 1, 0, 0, 0.0
1, 1, 2, 0, 0, 0.0
1, 1, 3, 0, 0, 0.0
1, 1, 4, 0, 0, 0.0
1, 1, 5, 0, 0, 0.0
1, 1, 6, 0, 0, 0.0
1, 1, 7, 0, 0, 0.0
1, 1, 8, 0, 0, 0.0
1, 1, 9, 0, 0, 0.0
1, 1, 10, 0, 0, 0.0
1, 1, 11, 0, 0, 0.0
1, 1, 12, 0, 0, 0.0
1, 1, 13, 0, 0, 0.0
1, 1, 14, 0, 0, 0.0
1, 1, 15, 0, 0, 0.0
1, 1, 16, 0, 0, 0.0
1, 1, 17, 0, 0, 0.0
1, 1, 18, 0, 0, 0.0
1, 1, 19, 0, 0, 0.0
1, 1, 20, 0, 0, 0.0
2, 0, 0, 0, 0, 0.0
2, 0, 1, 0, 0, 0.0
2, 0, 2, 0, 0, 0.0
2, 0, 3, 0, 0, 0.0
2, 0, 4, 0, 0, 0.0
2, 0, 5, 0, 0, 0.0
2, 0, 6, 0, 0, 0.0
2, 0, 7, 0, 0, 0.0
2, 0, 8, 0, 0, 0.0
2, 0, 9, 0, 0, 0.0
2, 0, 10, 0, 0, 0.0
2, 0, 11, 0, 0, 0.0
2, 0, 12, 0, 0, 0.0
2, 0, 13, 0, 0, 0.0
2, 0, 14, 0, 0, 0.0
2, 0, 15, 0, 0, 0.0
2, 0, 16, 0, 0, 0.0
2, 0, 17, 0, 0, 0.0
2, 0, 18, 0, 0, 0.0
2, 0, 19, 0, 0, 0.0
2, 0, 20, 0, 0, 0.0
2, 1, 0, 0, 0, 0.0
2, 1, 1, 0, 0, 0.0
2, 1, 2, 0, 0, 0.0
2, 1, 3, 0, 0, 0.0
2, 1, 4, 0, 0, 0.0
2, 1, 5, 0, 0, 0.0
2, 1, 6, 0, 0, 0.0
2, 1, 7, 0, 0, 0.0
2, 1, 8, 0, 0, 0.0
2, 1, 9, 0, 0, 0.0
2, 1, 10, 0, 0, 0.0
2, 1, 11, 0, 0, 0.0
2, 1, 12, 0, 0, 0.0
2, 1, 13, 0, 0, 0.0
2, 1, 14, 0, 0, 0.0
2, 1, 15, 0, 0, 0.0
2, 1, 16, 0, 0, 0.0
2, 1, 17, 0, 0, 0.0
2, 1, 18, 0, 0, 0.0
2, 1, 19, 0, 0, 0.0
2, 1, 20, 0, 0, 0.0
3, 0, 0, 0, 0, 0.0
3, 0, 1, 0, 0, 0.0
3, 0, 2, 0, 0, 0.0
3, 0, 3, 0, 0, 0.0
3, 0, 4, 0, 0, 0.0
3, 0, 5, 0, 0, 0.0
3, 0, 6, 0, 0, 0.0
3, 0, 7, 0, 0, 0.0
3, 0, 8, 0, 0, 0.0
3, 0, 9, 0, 0, 0.0
3, 0, 10, 0, 0, 0.0
3, 0, 11, 0, 0, 0.0
3, 0, 12, 0, 0, 0.0
3, 0, 13, 0, 0, 0.0
3, 0, 14, 0, 0, 0.0
3, 0, 15, 0, 0, 0.0
3, 0, 16, 0, 0, 0.0
3, 0, 17, 0, 0, 0.0
3, 0, 18, 0, 0, 0.0
3, 0, 19, 0, 0, 0.0
3, 0, 20, 0, 0, 0.0
3, 1, 0, 0, 0, 0.0
3, 1, 1, 0, 0, 0.0
3, 1, 2, 0, 0, 0.0
3, 1, 3, 0, 0, 0.0
3, 1, 4, 0, 0, 0.0
3, 1, 5, 0, 0, 0.0
3, 1, 6, 0, 0, 0.0
3, 1, 7, 0, 0, 0.0
3, 1, 8, 0, 0, 0.0
3, 1, 9, 0, 0, 0.0
3, 1, 10, 0, 0, 0.0
3, 1, 11, 0, 0, 0.0
3, 1, 12, 0, 0, 0.0
3, 1, 13, 0, 0, 0.0
3, 1, 14, 0, 0, 0.0
3, 1, 15, 0, 0, 0.0
3, 1, 16, 0, 0, 0.0
3, 1, 17, 0, 0, 0.0
3, 1, 18, 0, 0, 0.0
3, 1, 19, 0, 0, 0.0
3, 1, 20, 0, 0, 0.0
4, 0, 0, 396, 395, -5.4579867736492815e-08
4, 0, 1, 365, 395, -0.0010424167849123478
4, 0, 2, 335, 415, -0.01004357635974884
4, 0, 3, 321, 441, -0.018045755103230476
4, 0, 4, 314, 463, -0.028968486934900284
4, 0, 5, 328, 412, -0.03748563304543495
4, 0, 6, 311, 451, -0.05720138922333717
4, 0, 7, 306, 476, -0.06853508949279785
4, 0, 8, 304, 493, -0.07478998601436615
4, 0, 9, 346, 419, -0.04571368545293808
4, 0, 10, 326, 459, -0.05973099544644356
4, 0, 11, 321, 482, -0.06411128491163254
4, 0, 12, 320, 496, -0.06841089576482773
4, 0, 13, 366, 426, -0.052261460572481155
4, 0, 14, 347, 466, -0.06389431655406952
4, 0, 15, 342, 486, -0.06200487166643143
4, 0, 16, 338, 498, -0.06112055107951164
4, 0, 17, 388, 434, -0.05791860818862915
4, 0, 18, 371, 466, -0.06974547356367111
4, 0, 19, 364, 482, -0.06853757053613663
4, 0, 20, 361, 493, -0.06634922325611115
4, 1, 0, 0, 0, 0.0
4, 1, 1, 0, 0, 0.0
4, 1, 2, 0, 0, 0.0
4, 1, 3, 0, 0, 0.0
4, 1, 4, 0, 0, 0.0
4, 1, 5, 0, 0, 0.0
4, 1, 6, 0, 0, 0.0
4, 1, 7, 0, 0, 0.0
4, 1, 8, 0, 0, 0.0
4, 1, 9, 0, 0, 0.0
4, 1, 10, 0, 0, 0.0
4, 1, 11, 0, 0, 0.0
4, 1, 12, 0, 0, 0.0
4, 1, 13, 0, 0, 0.0
4, 1, 14, 0, 0, 0.0
4, 1, 15, 0, 0, 0.0
4, 1, 16, 0, 0, 0.0
4, 1, 17, 0, 0, 0.0
4, 1, 18, 0, 0, 0.0
4, 1, 19, 0, 0, 0.0
4, 1, 20, 0, 0, 0.0
5, 0, 0, 194, 379, -6.448747313925196e-08
5, 0, 1, 226, 379, 0.0003510847163852304
5, 0, 2, 253, 394, -0.009427161887288094
5, 0, 3, 264, 414, -0.021030735224485397
5, 0, 4, 268, 430, -0.032203901559114456
5, 0, 5, 259, 382, -0.02423780970275402
5, 0, 6, 272, 412, -0.04024164751172066
5, 0, 7, 264, 420, -0.050631165504455566
5, 0, 8, 256, 416, -0.05804891511797905
5, 0, 9, 242, 387, -0.03512806072831154
5, 0, 10, 251, 421, -0.043806642293930054
5, 0, 11, 245, 425, -0.045139774680137634
5, 0, 12, 241, 416, -0.05019344016909599
5, 0, 13, 223, 394, -0.04548978805541992
5, 0, 14, 230, 424, -0.05095595493912697
5, 0, 15, 224, 426, -0.04357175901532173
5, 0, 16, 220, 416, -0.042257536202669144
5, 0, 17, 204, 400, -0.05656440183520317
5, 0, 18, 209, 425, -0.05813309922814369
5, 0, 19, 205, 426, -0.049747731536626816
5, 0, 20, 201, 418, -0.04597561061382294
5, 1, 0, 401, 378, -1.6007514602733863e-07
5, 1, 1, 372, 378, 0.001272511319257319
5, 1, 2, 342, 396, -0.004505951423197985
5, 1, 3, 325, 421, -0.01009131409227848
5, 1, 4, 317, 440, -0.017886796966195107
5, 1, 5, 332, 390, -0.02851436473429203
5, 1, 6, 315, 426, -0.042417604476213455
5, 1, 7, 309, 445, -0.05044962093234062
5, 1, 8, 306, 458, -0.05551278963685036
5, 1, 9, 348, 396, -0.03728875145316124
5, 1, 10, 329, 434, -0.046925004571676254
5, 1, 11, 323, 452, -0.050080280750989914
5, 1, 12, 322, 463, -0.054838985204696655
5, 1, 13, 368, 403, -0.04473192244768143
5, 1, 14, 346, 439, -0.05559808388352394
5, 1, 15, 341, 450, -0.055772565305233
5, 1, 16, 340, 455, -0.05728563293814659
5, 1, 17, 390, 412, -0.05113832280039787
5, 1, 18, 373, 437, -0.0645122304558754
5, 1, 19, 369, 442, -0.06557893007993698
5, 1, 20, 369, 442, -0.06606373935937881
6, 0, 0, 201, 371, -7.136308255439872e-08
6, 0, 1, 228, 371, -0.0010721063008531928
6, 0, 2, 255, 384, -0.009439008310437202
6, 0, 3, 270, 402, -0.018373239785432816
6, 0, 4, 278, 416, -0.025328872725367546
6, 0, 5, 266, 370, -0.026423653587698936
6, 0, 6, 278, 405, -0.04064222425222397
6, 0, 7, 268, 404, -0.04630269855260849
6, 0, 8, 263, 395, -0.04978565871715546
6, 0, 9, 249, 374, -0.035577405244112015
6, 0, 10, 260, 414, -0.04502343758940697
6, 0, 11, 251, 407, -0.040866535156965256
6, 0, 12, 247, 395, -0.04010147973895073
6, 0, 13, 231, 380, -0.0444943830370903
6, 0, 14, 241, 415, -0.048607174307107925
6, 0, 15, 234, 408, -0.037364911288022995
6, 0, 16, 230, 397, -0.03259679675102234
6, 0, 17, 213, 386, -0.05421225354075432
6, 0, 18, 222, 413, -0.05326126143336296
6, 0, 19, 218, 407, -0.04380745068192482
6, 0, 20, 215, 397, -0.039316486567258835
6, 1, 0, 402, 368, -1.4359972055899561e-07
6, 1, 1, 372, 367, 0.0028655482456088066
6, 1, 2, 343, 383, -0.001588722225278616
6, 1, 3, 328, 405, -0.006773020140826702
6, 1, 4, 320, 422, -0.014231034554541111
6, 1, 5, 333, 377, -0.021915212273597717
6, 1, 6, 315, 407, -0.035755008459091187
6, 1, 7, 311, 422, -0.04489139840006828
6, 1, 8, 308, 432, -0.05099954083561897
6, 1, 9, 348, 383, -0.031175877898931503
6, 1, 10, 331, 412, -0.04132150113582611
6, 1, 11, 325, 427, -0.04668940603733063
6, 1, 12, 321, 438, -0.05280139297246933
6, 1, 13, 367, 390, -0.03942396864295006
6, 1, 14, 351, 414, -0.049726907163858414
6, 1, 15, 344, 424, -0.05328582972288132
6, 1, 16, 338, 431, -0.05738409608602524
6, 1, 17, 388, 399, -0.0465710423886776
6, 1, 18, 376, 415, -0.05718807131052017
6, 1, 19, 370, 421, -0.059781186282634735
6, 1, 20, 365, 424, -0.06222290173172951
7, 0, 0, 209, 366, -4.131970143816943e-08
7, 0, 1, 238, 366, -0.0014707886148244143
7, 0, 2, 265, 380, -0.009643448516726494
7, 0, 3, 278, 399, -0.018375173211097717
7, 0, 4, 283, 414, -0.02589310333132744
7, 0, 5, 274, 369, -0.025561628863215446
7, 0, 6, 284, 403, -0.03888743370771408
7, 0, 7, 275, 403, -0.04494810849428177
7, 0, 8, 270, 395, -0.04893827065825462
7, 0, 9, 256, 373, -0.03419666364789009
7, 0, 10, 266, 410, -0.04284015670418739
7, 0, 11, 259, 405, -0.040377382189035416
7, 0, 12, 255, 394, -0.04100249707698822
7, 0, 13, 238, 379, -0.04243157058954239
7, 0, 14, 247, 410, -0.04645683243870735
7, 0, 15, 242, 404, -0.037745896726846695
7, 0, 16, 239, 394, -0.034436699002981186
7, 0, 17, 219, 385, -0.05136467143893242
7, 0, 18, 228, 407, -0.05056409537792206
7, 0, 19, 226, 402, -0.042335815727710724
7, 0, 20, 222, 393, -0.03837531432509422
7, 1, 0, 402, 366, -8.571017673375536e-08
7, 1, 1, 372, 365, 0.0010016835294663906
7, 1, 2, 344, 380, -0.003857102245092392
7, 1, 3, 330, 404, -0.008931748569011688
7, 1, 4, 325, 422, -0.015854069963097572
7, 1, 5, 333, 373, -0.01834535412490368
7, 1, 6, 318, 398, -0.02991623245179653
7, 1, 7, 312, 413, -0.03844677284359932
7, 1, 8, 307, 426, -0.044709205627441406
7, 1, 9, 348, 380, -0.026602935045957565
7, 1, 10, 332, 406, -0.03553280979394913
7, 1, 11, 325, 421, -0.04131314903497696
7, 1, 12, 321, 433, -0.04777804762125015
7, 1, 13, 366, 388, -0.03400788828730583
7, 1, 14, 350, 409, -0.04434480518102646
7, 1, 15, 344, 418, -0.048499759286642075
7, 1, 16, 340, 424, -0.052549008280038834
7, 1, 17, 386, 397, -0.040469177067279816
7, 1, 18, 372, 411, -0.05103471875190735
7, 1, 19, 366, 414, -0.05384894087910652
7, 1, 20, 362, 416, -0.056252315640449524
8, 0, 0, 214, 365, 9.527844291312704e-09
8, 0, 1, 243, 364, -0.0030896682292222977
8, 0, 2, 270, 378, -0.01383854541927576
8, 0, 3, 283, 397, -0.02420496754348278
8, 0, 4, 291, 412, -0.033347755670547485
8, 0, 5, 277, 370, -0.03605813905596733
8, 0, 6, 288, 408, -0.05263969674706459
8, 0, 7, 280, 410, -0.05909150838851929
8, 0, 8, 275, 402, -0.06260804831981659
8, 0, 9, 260, 373, -0.04391780123114586
8, 0, 10, 269, 411, -0.05523170530796051
8, 0, 11, 264, 409, -0.05233107507228851
8, 0, 12, 262, 400, -0.052354808896780014
8, 0, 13, 241, 378, -0.05103694275021553
8, 0, 14, 251, 410, -0.058421939611434937
8, 0, 15, 248, 407, -0.050430864095687866
8, 0, 16, 247, 398, -0.046890631318092346
8, 0, 17, 221, 384, -0.058411866426467896
8, 0, 18, 231, 406, -0.061524055898189545
8, 0, 19, 231, 405, -0.054928600788116455
8, 0, 20, 231, 399, -0.05127213895320892
8, 1, 0, 400, 368, -6.096678362155217e-08
8, 1, 1, 371, 365, 0.0012414446100592613
8, 1, 2, 344, 378, -0.0034611904993653297
8, 1, 3, 328, 397, -0.008302786387503147
8, 1, 4, 319, 411, -0.015321915969252586
8, 1, 5, 335, 374, -0.021222122013568878
8, 1, 6, 319, 400, -0.03386828675866127
8, 1, 7, 313, 417, -0.04274213686585426
8, 1, 8, 309, 429, -0.048674799501895905
8, 1, 9, 350, 381, -0.029339127242565155
8, 1, 10, 333, 409, -0.03926318883895874
8, 1, 11, 326, 425, -0.04497424513101578
8, 1, 12, 322, 437, -0.05080194026231766
8, 1, 13, 369, 389, -0.036370497196912766
8, 1, 14, 353, 411, -0.04708164930343628
8, 1, 15, 344, 423, -0.05097955837845802
8, 1, 16, 339, 431, -0.054474178701639175
8, 1, 17, 388, 397, -0.042411595582962036
8, 1, 18, 374, 412, -0.05360688641667366
8, 1, 19, 368, 417, -0.055783018469810486
8, 1, 20, 365, 419, -0.057040974497795105
9, 0, 0, 217, 365, -6.844208755296677e-09
9, 0, 1, 245, 364, -0.0037344638258218765
9, 0, 2, 272, 379, -0.014640269801020622
9, 0, 3, 286, 398, -0.025028808042407036
9, 0, 4, 293, 413, -0.03400244563817978
9, 0, 5, 279, 371, -0.03745678812265396
9, 0, 6, 290, 408, -0.05421464145183563
9, 0, 7, 281, 411, -0.06021485850214958
9, 0, 8, 276, 404, -0.06321005523204803
9, 0, 9, 262, 374, -0.04523395374417305
9, 0, 10, 272, 413, -0.05690794810652733
9, 0, 11, 266, 411, -0.05312236025929451
9, 0, 12, 263, 401, -0.05242713913321495
9, 0, 13, 243, 379, -0.05233845114707947
9, 0, 14, 253, 412, -0.05912892520427704
9, 0, 15, 248, 407, -0.0493234246969223
9, 0, 16, 246, 398, -0.044700611382722855
9, 0, 17, 224, 385, -0.05995555222034454
9, 0, 18, 233, 408, -0.0622878260910511
9, 0, 19, 233, 405, -0.054518140852451324
9, 0, 20, 231, 397, -0.05027881637215614
9, 1, 0, 399, 368, -5.8926683976778804e-08
9, 1, 1, 372, 365, 0.000741208961699158
9, 1, 2, 345, 378, -0.0039536780677735806
9, 1, 3, 329, 397, -0.008732371963560581
9, 1, 4, 321, 412, -0.01570229046046734
9, 1, 5, 334, 374, -0.0215938538312912
9, 1, 6, 320, 399, -0.03431064262986183
9, 1, 7, 314, 414, -0.043164752423763275
9, 1, 8, 310, 427, -0.04922989010810852
9, 1, 9, 350, 381, -0.029640931636095047
9, 1, 10, 334, 407, -0.04027293249964714
9, 1, 11, 326, 423, -0.04655890166759491
9, 1, 12, 322, 435, -0.052728913724422455
9, 1, 13, 368, 388, -0.03666404262185097
9, 1, 14, 353, 410, -0.048179399222135544
9, 1, 15, 345, 421, -0.053053632378578186
9, 1, 16, 340, 429, -0.05716684088110924
9, 1, 17, 387, 397, -0.042670685797929764
9, 1, 18, 374, 411, -0.054844681173563004
9, 1, 19, 368, 415, -0.058405064046382904
9, 1, 20, 364, 418, -0.060695309191942215
10, 0, 0, 219, 364, -1.8848211880140298e-09
10, 0, 1, 247, 364, -0.004732199478894472
10, 0, 2, 274, 378, -0.016795746982097626
10, 0, 3, 289, 397, -0.0278096292167902
10, 0, 4, 298, 413, -0.03724412992596626
10, 0, 5, 279, 369, -0.042390625923871994
10, 0, 6, 291, 406, -0.06088707223534584
10, 0, 7, 283, 409, -0.06716932356357574
10, 0, 8, 278, 401, -0.06988954544067383
10, 0, 9, 263, 372, -0.049913424998521805
10, 0, 10, 273, 412, -0.06360911577939987
10, 0, 11, 268, 410, -0.05954786762595177
10, 0, 12, 265, 400, -0.0581727996468544
10, 0, 13, 243, 377, -0.056725334376096725
10, 0, 14, 254, 410, -0.06528939306735992
10, 0, 15, 251, 407, -0.055677514523267746
10, 0, 16, 249, 398, -0.050864748656749725
10, 0, 17, 224, 382, -0.06397135555744171
10, 0, 18, 234, 406, -0.06789707392454147
10, 0, 19, 235, 403, -0.0608060285449028
10, 0, 20, 233, 396, -0.05687081441283226
10, 1, 0, 397, 365, -3.895900846373479e-08
10, 1, 1, 370, 363, -0.0005412395694293082
10, 1, 2, 343, 377, -0.005328206345438957
10, 1, 3, 328, 397, -0.010050922632217407
10, 1, 4, 320, 412, -0.016843993216753006
10, 1, 5, 333, 371, -0.02152652107179165
10, 1, 6, 319, 394, -0.03454430773854256
10, 1, 7, 312, 410, -0.04383435845375061
10, 1, 8, 308, 422, -0.05026418715715408
10, 1, 9, 348, 378, -0.02908211387693882
10, 1, 10, 333, 403, -0.03976481407880783
10, 1, 11, 325, 419, -0.046428438276052475
10, 1, 12, 321, 432, -0.05297506973147392
10, 1, 13, 367, 386, -0.035844288766384125
10, 1, 14, 353, 406, -0.04737359657883644
10, 1, 15, 345, 417, -0.05257005989551544
10, 1, 16, 340, 425, -0.05700536072254181
10, 1, 17, 387, 395, -0.041772615164518356
10, 1, 18, 374, 407, -0.05405014008283615
10, 1, 19, 368, 412, -0.05815752223134041
10, 1, 20, 363, 415, -0.06098128482699394
11, 0, 0, 221, 364, -4.437637457499477e-08
11, 0, 1, 248, 364, -0.006784815341234207
11, 0, 2, 275, 379, -0.01947689801454544
11, 0, 3, 290, 398, -0.031087294220924377
11, 0, 4, 299, 414, -0.04093756526708603
11, 0, 5, 282, 371, -0.04298466071486473
11, 0, 6, 292, 409, -0.062241435050964355
11, 0, 7, 281, 411, -0.06892143934965134
11, 0, 8, 276, 401, -0.07202080637216568
11, 0, 9, 265, 373, -0.05024268105626106
11, 0, 10, 274, 415, -0.06396766006946564
11, 0, 11, 266, 410, -0.05907950922846794
11, 0, 12, 262, 397, -0.05743636190891266
11, 0, 13, 246, 378, -0.05714944750070572
11, 0, 14, 256, 413, -0.06586433947086334
11, 0, 15, 249, 406, -0.05408256873488426
11, 0, 16, 245, 394, -0.047981686890125275
11, 0, 17, 226, 383, -0.06485845148563385
11, 0, 18, 237, 409, -0.06866756826639175
11, 0, 19, 233, 403, -0.05964497849345207
11, 0, 20, 229, 393, -0.05435557663440704
11, 1, 0, 397, 365, -3.036755913399247e-08
11, 1, 1, 371, 363, -0.001873879344202578
11, 1, 2, 344, 376, -0.007384293247014284
11, 1, 3, 328, 395, -0.012393453158438206
11, 1, 4, 318, 409, -0.01939675770699978
11, 1, 5, 333, 369, -0.024570589885115623
11, 1, 6, 319, 392, -0.038701485842466354
11, 1, 7, 312, 407, -0.04834983870387077
11, 1, 8, 308, 420, -0.055010877549648285
11, 1, 9, 348, 376, -0.03191804885864258
11, 1, 10, 333, 400, -0.04424457252025604
11, 1, 11, 325, 416, -0.05145929381251335
11, 1, 12, 320, 429, -0.05820189416408539
11, 1, 13, 367, 384, -0.03853018581867218
11, 1, 14, 353, 403, -0.05181882157921791
11, 1, 15, 345, 413, -0.05777852237224579
11, 1, 16, 339, 422, -0.062448132783174515
11, 1, 17, 387, 393, -0.0442846342921257
11, 1, 18, 375, 405, -0.05823846906423569
11, 1, 19, 368, 410, -0.06333262473344803
11, 1, 20, 363, 414, -0.06668213754892349
12, 0, 0, 221, 367, -5.71562850382179e-08
12, 0, 1, 249, 367, -0.0064834184013307095
12, 0, 2, 276, 381, -0.01801462098956108
12, 0, 3, 291, 400, -0.028403380885720253
12, 0, 4, 300, 416, -0.03680871054530144
12, 0, 5, 283, 373, -0.040926527231931686
12, 0, 6, 290, 412, -0.05839762091636658
12, 0, 7, 280, 412, -0.06381012499332428
12, 0, 8, 276, 402, -0.06648766249418259
12, 0, 9, 265, 376, -0.047789737582206726
12, 0, 10, 271, 417, -0.06006581336259842
12, 0, 11, 264, 412, -0.054728977382183075
12, 0, 12, 261, 400, -0.053103331476449966
12, 0, 13, 246, 380, -0.05428853631019592
12, 0, 14, 253, 415, -0.061920393258333206
12, 0, 15, 247, 408, -0.05086437240242958
12, 0, 16, 244, 396, -0.045651987195014954
12, 0, 17, 227, 385, -0.06162125617265701
12, 0, 18, 234, 411, -0.06487975269556046
12, 0, 19, 231, 405, -0.05693226680159569
12, 0, 20, 228, 394, -0.05264635384082794
12, 1, 0, 396, 365, -3.9728803358229925e-08
12, 1, 1, 370, 362, -0.0014741368358954787
12, 1, 2, 343, 375, -0.006782567128539085
12, 1, 3, 327, 394, -0.01176517829298973
12, 1, 4, 316, 408, -0.018707215785980225
12, 1, 5, 333, 368, -0.023139864206314087
12, 1, 6, 319, 391, -0.0379510261118412
12, 1, 7, 312, 406, -0.04817204549908638
12, 1, 8, 308, 418, -0.05496465042233467
12, 1, 9, 348, 375, -0.030569862574338913
12, 1, 10, 332, 400, -0.043133463710546494
12, 1, 11, 325, 415, -0.05046164616942406
12, 1, 12, 321, 427, -0.05713657662272453
12, 1, 13, 367, 383, -0.03738157078623772
12, 1, 14, 353, 402, -0.051005538552999496
12, 1, 15, 345, 413, -0.05699407681822777
12, 1, 16, 339, 422, -0.06148109212517738
12, 1, 17, 386, 392, -0.04334016889333725
12, 1, 18, 374, 404, -0.05733775720000267
12, 1, 19, 368, 409, -0.06229264661669731
12, 1, 20, 363, 412, -0.06539134681224823
13, 0, 0, 220, 367, -3.7846977107847124e-08
13, 0, 1, 248, 368, -0.005658488720655441
13, 0, 2, 274, 383, -0.017684949561953545
13, 0, 3, 287, 402, -0.028753068298101425
13, 0, 4, 294, 417, -0.038186926394701004
13, 0, 5, 282, 374, -0.04027896746993065
13, 0, 6, 287, 412, -0.05781316012144089
13, 0, 7, 278, 412, -0.06396815180778503
13, 0, 8, 275, 402, -0.06730858236551285
13, 0, 9, 264, 376, -0.048153601586818695
13, 0, 10, 269, 419, -0.06149912253022194
13, 0, 11, 262, 414, -0.0573434978723526
13, 0, 12, 259, 402, -0.05578264966607094
13, 0, 13, 245, 380, -0.05542836710810661
13, 0, 14, 251, 418, -0.06381654739379883
13, 0, 15, 245, 411, -0.05359738692641258
13, 0, 16, 242, 399, -0.04826373979449272
13, 0, 17, 224, 384, -0.06347204744815826
13, 0, 18, 231, 412, -0.06722262501716614
13, 0, 19, 229, 408, -0.05952830612659454
13, 0, 20, 227, 398, -0.05495027080178261
13, 1, 0, 395, 365, -5.099144217979301e-08
13, 1, 1, 369, 362, -0.0004078545025549829
13, 1, 2, 343, 374, -0.005621153395622969
13, 1, 3, 327, 392, -0.010739615187048912
13, 1, 4, 318, 405, -0.017923487350344658
13, 1, 5, 333, 369, -0.02238662913441658
13, 1, 6, 319, 393, -0.036054082214832306
13, 1, 7, 313, 408, -0.04567684605717659
13, 1, 8, 309, 421, -0.052208662033081055
13, 1, 9, 349, 375, -0.030176112428307533
13, 1, 10, 333, 400, -0.04191112890839577
13, 1, 11, 326, 416, -0.04887418448925018
13, 1, 12, 322, 429, -0.05541299656033516
13, 1, 13, 367, 383, -0.03709619864821434
13, 1, 14, 353, 403, -0.050120819360017776
13, 1, 15, 345, 414, -0.05543675273656845
13, 1, 16, 340, 422, -0.05952446535229683
13, 1, 17, 386, 392, -0.04304557666182518
13, 1, 18, 374, 405, -0.05648430064320564
13, 1, 19, 368, 410, -0.0603041909635067
13, 1, 20, 365, 413, -0.06255581229925156
14, 0, 0, 218, 366, 1.9191493549897132e-07
14, 0, 1, 248, 370, -0.0009834615048021078
14, 0, 2, 272, 386, -0.00916807446628809
14, 0, 3, 282, 406, -0.01773041859269142
14, 0, 4, 286, 422, -0.026249602437019348
14, 0, 5, 278, 376, -0.02384607493877411
14, 0, 6, 282, 400, -0.03800377994775772
14, 0, 7, 283, 412, -0.04724639281630516
14, 0, 8, 283, 419, -0.05343209207057953
14, 0, 9, 261, 379, -0.0321524441242218
14, 0, 10, 264, 412, -0.0429147332906723
14, 0, 11, 263, 419, -0.04436735436320305
14, 0, 12, 263, 418, -0.04657888039946556
14, 0, 13, 241, 383, -0.03994511067867279
14, 0, 14, 245, 413, -0.04847464710474014
14, 0, 15, 246, 418, -0.04525655135512352
14, 0, 16, 247, 416, -0.04369354248046875
14, 0, 17, 221, 388, -0.047945477068424225
14, 0, 18, 225, 409, -0.05191369727253914
14, 0, 19, 228, 414, -0.04760432243347168
14, 0, 20, 231, 414, -0.045014575123786926
14, 1, 0, 394, 365, -5.6595215625065975e-08
14, 1, 1, 370, 363, 6.877665873616934e-05
14, 1, 2, 343, 375, -0.005011335015296936
14, 1, 3, 328, 392, -0.010018490254878998
14, 1, 4, 319, 406, -0.017245640978217125
14, 1, 5, 334, 370, -0.02204824611544609
14, 1, 6, 319, 394, -0.03519968315958977
14, 1, 7, 313, 410, -0.044526468962430954
14, 1, 8, 310, 422, -0.05073048546910286
14, 1, 9, 349, 377, -0.029986055567860603
14, 1, 10, 333, 402, -0.040945179760456085
14, 1, 11, 326, 418, -0.04755662381649017
14, 1, 12, 324, 431, -0.053897179663181305
14, 1, 13, 368, 385, -0.03695100545883179
14, 1, 14, 352, 406, -0.04940974712371826
14, 1, 15, 345, 416, -0.054333627223968506
14, 1, 16, 341, 424, -0.058204248547554016
14, 1, 17, 387, 394, -0.04285462573170662
14, 1, 18, 372, 409, -0.05573571100831032
14, 1, 19, 368, 412, -0.05856281891465187
14, 1, 20, 366, 412, -0.06009235233068466
15, 0, 0, 220, 370, 1.9513527149683796e-07
15, 0, 1, 247, 373, -0.005169879179447889
15, 0, 2, 269, 389, -0.01638948731124401
15, 0, 3, 278, 410, -0.026830540969967842
15, 0, 4, 282, 426, -0.036884453147649765
15, 0, 5, 278, 381, -0.03416139632463455
15, 0, 6, 281, 411, -0.051123518496751785
15, 0, 7, 280, 421, -0.06070986017584801
15, 0, 8, 279, 424, -0.0665774792432785
15, 0, 9, 260, 384, -0.04149952530860901
15, 0, 10, 263, 421, -0.05560332536697388
15, 0, 11, 260, 425, -0.05620943382382393
15, 0, 12, 258, 419, -0.05703290179371834
15, 0, 13, 240, 388, -0.048260398209095
15, 0, 14, 243, 421, -0.05833885073661804
15, 0, 15, 243, 424, -0.053392939269542694
15, 0, 16, 243, 419, -0.050476644188165665
15, 0, 17, 219, 392, -0.05548775941133499
15, 0, 18, 223, 416, -0.06061704456806183
15, 0, 19, 225, 419, -0.05529646575450897
15, 0, 20, 226, 416, -0.051786333322525024
15, 1, 0, 394, 366, -4.860702418341134e-08
15, 1, 1, 369, 365, -0.0005004495033062994
15, 1, 2, 342, 378, -0.00655546598136425
15, 1, 3, 327, 397, -0.012410560622811317
15, 1, 4, 317, 411, -0.02056211233139038
15, 1, 5, 333, 373, -0.025671575218439102
15, 1, 6, 319, 400, -0.040121011435985565
15, 1, 7, 313, 417, -0.05019465088844299
15, 1, 8, 310, 429, -0.056885819882154465
15, 1, 9, 350, 379, -0.033537447452545166
15, 1, 10, 334, 407, -0.04543238505721092
15, 1, 11, 328, 424, -0.05212236940860748
15, 1, 12, 325, 437, -0.05877326428890228
15, 1, 13, 369, 387, -0.04036612808704376
15, 1, 14, 354, 409, -0.05279232934117317
15, 1, 15, 347, 421, -0.057567887008190155
15, 1, 16, 343, 430, -0.06165749952197075
15, 1, 17, 389, 395, -0.04622355476021767
15, 1, 18, 376, 411, -0.05938746780157089
15, 1, 19, 369, 417, -0.06317266076803207
15, 1, 20, 365, 419, -0.06553831696510315
16, 0, 0, 223, 372, 1.929816164647491e-07
16, 0, 1, 249, 375, -0.006707162130624056
16, 0, 2, 271, 391, -0.018800916150212288
16, 0, 3, 278, 412, -0.029426464810967445
16, 0, 4, 279, 430, -0.0392475463449955
16, 0, 5, 278, 387, -0.03872058168053627
16, 0, 6, 281, 423, -0.05509629473090172
16, 0, 7, 277, 432, -0.062368202954530716
16, 0, 8, 275, 431, -0.06620045006275177
16, 0, 9, 260, 391, -0.0446099191904068
16, 0, 10, 262, 432, -0.05700765922665596
16, 0, 11, 258, 436, -0.05495763570070267
16, 0, 12, 256, 430, -0.054186124354600906
16, 0, 13, 239, 395, -0.04973982274532318
16, 0, 14, 242, 432, -0.058057691901922226
16, 0, 15, 241, 435, -0.050888363271951675
16, 0, 16, 241, 430, -0.046708229929208755
16, 0, 17, 219, 399, -0.05535167083144188
16, 0, 18, 223, 426, -0.05884254723787308
16, 0, 19, 223, 429, -0.051591962575912476
16, 0, 20, 224, 426, -0.046783167868852615
16, 1, 0, 392, 369, -4.8519336104391186e-08
16, 1, 1, 366, 368, -0.0006678966456092894
16, 1, 2, 340, 385, -0.006572299636900425
16, 1, 3, 325, 406, -0.012330187484622002
16, 1, 4, 315, 420, -0.020282825455069542
16, 1, 5, 331, 379, -0.02485828660428524
16, 1, 6, 317, 407, -0.03915846347808838
16, 1, 7, 313, 425, -0.04905524104833603
16, 1, 8, 310, 438, -0.05563174933195114
16, 1, 9, 349, 385, -0.03264717012643814
16, 1, 10, 334, 414, -0.044569406658411026
16, 1, 11, 328, 432, -0.05130933225154877
16, 1, 12, 326, 445, -0.058013200759887695
16, 1, 13, 369, 392, -0.03946293890476227
16, 1, 14, 354, 416, -0.05244181305170059
16, 1, 15, 347, 429, -0.05762232840061188
16, 1, 16, 344, 438, -0.061867497861385345
16, 1, 17, 389, 400, -0.04525278881192207
16, 1, 18, 376, 418, -0.0591902881860733
16, 1, 19, 370, 423, -0.06334775686264038
16, 1, 20, 368, 425, -0.06581845879554749
17, 0, 0, 223, 375, 2.69641589056846e-07
17, 0, 1, 250, 379, -0.0057983980514109135
17, 0, 2, 272, 397, -0.01718435436487198
17, 0, 3, 279, 419, -0.027109023183584213
17, 0, 4, 280, 438, -0.03648124635219574
17, 0, 5, 278, 393, -0.03655808046460152
17, 0, 6, 280, 427, -0.053595542907714844
17, 0, 7, 276, 439, -0.06197929009795189
17, 0, 8, 274, 442, -0.06631671637296677
17, 0, 9, 259, 396, -0.04237818717956543
17, 0, 10, 260, 436, -0.05502357706427574
17, 0, 11, 256, 447, -0.054669205099344254
17, 0, 12, 254, 447, -0.054940115660429
17, 0, 13, 238, 399, -0.04744771495461464
17, 0, 14, 240, 436, -0.05649983137845993
17, 0, 15, 239, 446, -0.05171223729848862
17, 0, 16, 240, 447, -0.04880211129784584
17, 0, 17, 217, 403, -0.052732206881046295
17, 0, 18, 220, 429, -0.0568840317428112
17, 0, 19, 222, 437, -0.05137215554714203
17, 0, 20, 223, 438, -0.04764256998896599
17, 1, 0, 392, 372, -1.1361699137069081e-08
17, 1, 1, 364, 371, -0.0015607007080689073
17, 1, 2, 338, 389, -0.008114607073366642
17, 1, 3, 323, 411, -0.014123949222266674
17, 1, 4, 314, 427, -0.022337917238473892
17, 1, 5, 330, 384, -0.027857711538672447
17, 1, 6, 316, 413, -0.04283536598086357
17, 1, 7, 311, 431, -0.0529065802693367
17, 1, 8, 308, 444, -0.059657301753759384
17, 1, 9, 348, 391, -0.03529077395796776
17, 1, 10, 334, 422, -0.04767952114343643
17, 1, 11, 328, 439, -0.05473742261528969
17, 1, 12, 325, 452, -0.061694901436567307
17, 1, 13, 369, 398, -0.041545577347278595
17, 1, 14, 354, 423, -0.05440077930688858
17, 1, 15, 347, 437, -0.05972756817936897
17, 1, 16, 343, 446, -0.0642930418252945
17, 1, 17, 389, 406, -0.04678289592266083
17, 1, 18, 376, 423, -0.06043737009167671
17, 1, 19, 371, 429, -0.06462115794420242
17, 1, 20, 367, 432, -0.06726491451263428
18, 0, 0, 223, 380, 3.692036329994153e-07
18, 0, 1, 250, 386, -0.0047218576073646545
18, 0, 2, 271, 404, -0.014477947726845741
18, 0, 3, 278, 426, -0.023100316524505615
18, 0, 4, 277, 445, -0.031667087227106094
18, 0, 5, 279, 401, -0.031417179852724075
18, 0, 6, 279, 429, -0.04528738185763359
18, 0, 7, 278, 447, -0.05269565060734749
18, 0, 8, 276, 459, -0.05757318064570427
18, 0, 9, 259, 404, -0.03751631826162338
18, 0, 10, 260, 435, -0.04968032240867615
18, 0, 11, 257, 453, -0.05236143618822098
18, 0, 12, 254, 464, -0.05477742850780487
18, 0, 13, 238, 407, -0.04267290234565735
18, 0, 14, 239, 435, -0.05224743112921715
18, 0, 15, 238, 452, -0.05132846161723137
18, 0, 16, 239, 462, -0.05081135034561157
18, 0, 17, 217, 410, -0.04786629229784012
18, 0, 18, 219, 432, -0.05294248089194298
18, 0, 19, 220, 443, -0.05018877238035202
18, 0, 20, 222, 451, -0.04818813130259514
18, 1, 0, 390, 377, 8.472946788629088e-09
18, 1, 1, 362, 376, -0.0013319458812475204
18, 1, 2, 335, 394, -0.007643268443644047
18, 1, 3, 322, 416, -0.013473236002027988
18, 1, 4, 315, 433, -0.021754857152700424
18, 1, 5, 326, 390, -0.026138434186577797
18, 1, 6, 313, 420, -0.0398748442530632
18, 1, 7, 309, 440, -0.04938908666372299
18, 1, 8, 307, 454, -0.0555984266102314
18, 1, 9, 345, 398, -0.0336218923330307
18, 1, 10, 331, 430, -0.04438396170735359
18, 1, 11, 326, 449, -0.051061272621154785
18, 1, 12, 324, 463, -0.05782875791192055
18, 1, 13, 366, 406, -0.03992179036140442
18, 1, 14, 351, 434, -0.05173651874065399
18, 1, 15, 345, 448, -0.056835077702999115
18, 1, 16, 342, 456, -0.06115594878792763
18, 1, 17, 387, 415, -0.045173127204179764
18, 1, 18, 373, 436, -0.057668477296829224
18, 1, 19, 369, 440, -0.06014522910118103
18, 1, 20, 369, 440, -0.06140714883804321
19, 0, 0, 225, 385, 4.1024392771760176e-07
19, 0, 1, 252, 392, -0.004539265297353268
19, 0, 2, 272, 414, -0.013367872685194016
19, 0, 3, 276, 437, -0.021067019551992416
19, 0, 4, 274, 455, -0.028578652068972588
19, 0, 5, 279, 409, -0.029247567057609558
19, 0, 6, 280, 438, -0.04146140441298485
19, 0, 7, 278, 457, -0.047795429825782776
19, 0, 8, 274, 471, -0.05189237743616104
19, 0, 9, 259, 411, -0.034737478941679
19, 0, 10, 257, 446, -0.04563865810632706
19, 0, 11, 253, 463, -0.0470595546066761
19, 0, 12, 249, 473, -0.04837982356548309
19, 0, 13, 237, 414, -0.03934478387236595
19, 0, 14, 235, 446, -0.04683636128902435
19, 0, 15, 234, 462, -0.044147320091724396
19, 0, 16, 233, 471, -0.04256048798561096
19, 0, 17, 215, 418, -0.04420680180191994
19, 0, 18, 216, 442, -0.04683128744363785
19, 0, 19, 217, 453, -0.04255692660808563
19, 0, 20, 218, 461, -0.039599210023880005
19, 1, 0, 389, 382, 5.738616248862627e-09
19, 1, 1, 361, 382, -0.0006392981740646064
19, 1, 2, 334, 399, -0.006566900759935379
19, 1, 3, 321, 422, -0.012110874056816101
19, 1, 4, 315, 440, -0.020243506878614426
19, 1, 5, 324, 396, -0.025046808645129204
19, 1, 6, 311, 428, -0.03786642476916313
19, 1, 7, 306, 448, -0.04654158279299736
19, 1, 8, 304, 462, -0.05214422941207886
19, 1, 9, 344, 403, -0.033081136643886566
19, 1, 10, 328, 437, -0.04344303905963898
19, 1, 11, 323, 457, -0.049837611615657806
19, 1, 12, 322, 471, -0.05615301802754402
19, 1, 13, 365, 411, -0.03986519202589989
19, 1, 14, 349, 442, -0.05234066769480705
19, 1, 15, 343, 456, -0.05753400921821594
19, 1, 16, 341, 463, -0.061375077813863754
19, 1, 17, 387, 419, -0.04542271047830582
19, 1, 18, 370, 444, -0.05870234593749046
19, 1, 19, 368, 447, -0.06057437136769295
19, 1, 20, 369, 444, -0.061009425669908524
20, 0, 0, 226, 390, 6.501978759843041e-07
20, 0, 1, 253, 399, -0.011154034174978733
20, 0, 2, 270, 424, -0.02384532429277897
20, 0, 3, 271, 450, -0.03348185867071152
20, 0, 4, 266, 471, -0.043679215013980865
20, 0, 5, 281, 419, -0.04292936623096466
20, 0, 6, 276, 454, -0.06144673377275467
20, 0, 7, 275, 480, -0.07285793125629425
20, 0, 8, 271, 501, -0.07986856997013092
20, 0, 9, 260, 419, -0.046663109213113785
20, 0, 10, 254, 459, -0.06179318204522133
20, 0, 11, 251, 487, -0.06746327131986618
20, 0, 12, 248, 508, -0.07193989306688309
20, 0, 13, 236, 421, -0.049474358558654785
20, 0, 14, 231, 458, -0.06126492843031883
20, 0, 15, 230, 484, -0.06319741159677505
20, 0, 16, 228, 504, -0.06445921212434769
20, 0, 17, 213, 423, -0.052712924778461456
20, 0, 18, 211, 448, -0.0590304434299469
20, 0, 19, 211, 463, -0.05724310129880905
20, 0, 20, 211, 476, -0.055809877812862396
20, 1, 0, 387, 387, 2.7992992812642115e-08
20, 1, 1, 359, 387, -0.0014295985456556082
20, 1, 2, 331, 406, -0.00807895790785551
20, 1, 3, 319, 431, -0.014120280742645264
20, 1, 4, 313, 450, -0.02298218011856079
20, 1, 5, 321, 402, -0.027465738356113434
20, 1, 6, 309, 436, -0.0405425950884819
20, 1, 7, 305, 458, -0.049202580004930496
20, 1, 8, 303, 473, -0.0551687628030777
20, 1, 9, 341, 410, -0.03565117344260216
20, 1, 10, 327, 449, -0.04601860046386719
20, 1, 11, 322, 469, -0.05188697576522827
20, 1, 12, 319, 482, -0.058076050132513046
20, 1, 13, 364, 419, -0.042425476014614105
20, 1, 14, 348, 457, -0.05514994636178017
20, 1, 15, 344, 467, -0.056851018220186234
20, 1, 16, 341, 470, -0.05837521329522133
20, 1, 17, 386, 429, -0.048144400119781494
20, 1, 18, 372, 456, -0.06257516145706177
20, 1, 19, 372, 454, -0.06184941530227661
20, 1, 20, 374, 446, -0.06001680716872215
21, 0, 0, 227, 396, 6.044309088792943e-07
21, 0, 1, 254, 408, -0.010583283379673958
21, 0, 2, 270, 435, -0.024219127371907234
21, 0, 3, 272, 461, -0.03549973666667938
21, 0, 4, 267, 482, -0.04787697270512581
21, 0, 5, 278, 431, -0.04520995914936066
21, 0, 6, 271, 467, -0.06484376639127731
21, 0, 7, 269, 493, -0.07568155974149704
21, 0, 8, 267, 511, -0.08207611739635468
21, 0, 9, 256, 428, -0.0499422624707222
21, 0, 10, 248, 470, -0.06799332797527313
21, 0, 11, 245, 495, -0.07304685562849045
21, 0, 12, 243, 515, -0.07648411393165588
21, 0, 13, 232, 428, -0.053534116595983505
21, 0, 14, 225, 468, -0.0678529143333435
21, 0, 15, 223, 494, -0.06728893518447876
21, 0, 16, 222, 513, -0.0659957230091095
21, 0, 17, 209, 429, -0.057623591274023056
21, 0, 18, 204, 460, -0.06708915531635284
21, 0, 19, 204, 482, -0.0655825138092041
21, 0, 20, 203, 502, -0.06348982453346252
21, 1, 0, 384, 396, 2.0417395774074976e-08
21, 1, 1, 356, 399, -0.0026230562943965197
21, 1, 2, 330, 424, -0.01236042007803917
21, 1, 3, 317, 450, -0.020902883261442184
21, 1, 4, 310, 472, -0.03282669186592102
21, 1, 5, 319, 418, -0.037390779703855515
21, 1, 6, 306, 457, -0.05540565401315689
21, 1, 7, 302, 482, -0.06691981106996536
21, 1, 8, 301, 500, -0.07409648597240448
21, 1, 9, 338, 425, -0.04577915742993355
21, 1, 10, 323, 467, -0.05831209570169449
21, 1, 11, 319, 491, -0.06380484998226166
21, 1, 12, 317, 507, -0.06972568482160568
21, 1, 13, 361, 433, -0.05247873440384865
21, 1, 14, 346, 474, -0.06409536302089691
21, 1, 15, 342, 493, -0.06275013834238052
21, 1, 16, 339, 503, -0.06268694996833801
21, 1, 17, 384, 441, -0.05835146829485893
21, 1, 18, 370, 474, -0.07037568092346191
21, 1, 19, 368, 484, -0.067603699862957
21, 1, 20, 366, 487, -0.06456643342971802
22, 0, 0, 382, 408, -5.278548442788633e-08
22, 0, 1, 353, 417, -0.002189677907153964
22, 0, 2, 327, 442, -0.011638614349067211
22, 0, 3, 315, 468, -0.020400509238243103
22, 0, 4, 311, 490, -0.03267960250377655
22, 0, 5, 316, 442, -0.03482818603515625
22, 0, 6, 307, 477, -0.05226602032780647
22, 0, 7, 309, 500, -0.06405247747898102
22, 0, 8, 310, 514, -0.07174350321292877
22, 0, 9, 337, 446, -0.0426536425948143
22, 0, 10, 329, 481, -0.05487408861517906
22, 0, 11, 330, 501, -0.06093042716383934
22, 0, 12, 332, 513, -0.06760025769472122
22, 0, 13, 360, 449, -0.048997629433870316
22, 0, 14, 353, 484, -0.059441789984703064
22, 0, 15, 353, 503, -0.059084728360176086
22, 0, 16, 352, 513, -0.060458000749349594
22, 0, 17, 384, 452, -0.05454682931303978
22, 0, 18, 378, 484, -0.06530957669019699
22, 0, 19, 376, 500, -0.06447982788085938
22, 0, 20, 375, 508, -0.06341519206762314
22, 1, 0, 0, 0, 0.0
22, 1, 1, 0, 0, 0.0
22, 1, 2, 0, 0, 0.0
22, 1, 3, 0, 0, 0.0
22, 1, 4, 0, 0, 0.0
22, 1, 5, 0, 0, 0.0
22, 1, 6, 0, 0, 0.0
22, 1, 7, 0, 0, 0.0
22, 1, 8, 0, 0, 0.0
22, 1, 9, 0, 0, 0.0
22, 1, 10, 0, 0, 0.0
22, 1, 11, 0, 0, 0.0
22, 1, 12, 0, 0, 0.0
22, 1, 13, 0, 0, 0.0
22, 1, 14, 0, 0, 0.0
22, 1, 15, 0, 0, 0.0
22, 1, 16, 0, 0, 0.0
22, 1, 17, 0, 0, 0.0
22, 1, 18, 0, 0, 0.0
22, 1, 19, 0, 0, 0.0
22, 1, 20, 0, 0, 0.0
23, 0, 0, 385, 429, -6.304403399326475e-08
23, 0, 1, 357, 438, -0.0010000418405979872
23, 0, 2, 332, 466, -0.00960036925971508
23, 0, 3, 320, 492, -0.017842259258031845
23, 0, 4, 320, 515, -0.029479555785655975
23, 0, 5, 319, 470, -0.03494884818792343
23, 0, 6, 316, 508, -0.05398958548903465
23, 0, 7, 321, 527, -0.06534317135810852
23, 0, 8, 326, 537, -0.07234299927949905
23, 0, 9, 338, 473, -0.043164633214473724
23, 0, 10, 335, 512, -0.058554455637931824
23, 0, 11, 340, 531, -0.06528625637292862
23, 0, 12, 347, 541, -0.0715593472123146
23, 0, 13, 360, 475, -0.04994909092783928
23, 0, 14, 357, 514, -0.06326677650213242
23, 0, 15, 361, 532, -0.06357770413160324
23, 0, 16, 365, 541, -0.06453150510787964
23, 0, 17, 384, 477, -0.055622559040784836
23, 0, 18, 381, 512, -0.06912204623222351
23, 0, 19, 383, 527, -0.06978752464056015
23, 0, 20, 384, 537, -0.06912900507450104
23, 1, 0, 0, 0, 0.0
23, 1, 1, 0, 0, 0.0
23, 1, 2, 0, 0, 0.0
23, 1, 3, 0, 0, 0.0
23, 1, 4, 0, 0, 0.0
23, 1, 5, 0, 0, 0.0
23, 1, 6, 0, 0, 0.0
23, 1, 7, 0, 0, 0.0
23, 1, 8, 0, 0, 0.0
23, 1, 9, 0, 0, 0.0
23, 1, 10, 0, 0, 0.0
23, 1, 11, 0, 0, 0.0
23, 1, 12, 0, 0, 0.0
23, 1, 13, 0, 0, 0.0
23, 1, 14, 0, 0, 0.0
23, 1, 15, 0, 0, 0.0
23, 1, 16, 0, 0, 0.0
23, 1, 17, 0, 0, 0.0
23, 1, 18, 0, 0, 0.0
23, 1, 19, 0, 0, 0.0
23, 1, 20, 0, 0, 0.0
24, 0, 0, 0, 0, 0.0
24, 0, 1, 0, 0, 0.0
24, 0, 2, 0, 0, 0.0
24, 0, 3, 0, 0, 0.0
24, 0, 4, 0, 0, 0.0
24, 0, 5, 0, 0, 0.0
24, 0, 6, 0, 0, 0.0
24, 0, 7, 0, 0, 0.0
24, 0, 8, 0, 0, 0.0
24, 0, 9, 0, 0, 0.0
24, 0, 10, 0, 0, 0.0
24, 0, 11, 0, 0, 0.0
24, 0, 12, 0, 0, 0.0
24, 0, 13, 0, 0, 0.0
24, 0, 14, 0, 0, 0.0
24, 0, 15, 0, 0, 0.0
24, 0, 16, 0, 0, 0.0
24, 0, 17, 0, 0, 0.0
24, 0, 18, 0, 0, 0.0
24, 0, 19, 0, 0, 0.0
24, 0, 20, 0, 0, 0.0
24, 1, 0, 0, 0, 0.0
24, 1, 1, 0, 0, 0.0
24, 1, 2, 0, 0, 0.0
24, 1, 3, 0, 0, 0.0
24, 1, 4, 0, 0, 0.0
24, 1, 5, 0, 0, 0.0
24, 1, 6, 0, 0, 0.0
24, 1, 7, 0, 0, 0.0
24, 1, 8, 0, 0, 0.0
24, 1, 9, 0, 0, 0.0
24, 1, 10, 0, 0, 0.0
24, 1, 11, 0, 0, 0.0
24, 1, 12, 0, 0, 0.0
24, 1, 13, 0, 0, 0.0
24, 1, 14, 0, 0, 0.0
24, 1, 15, 0, 0, 0.0
24, 1, 16, 0, 0, 0.0
24, 1, 17, 0, 0, 0.0
24, 1, 18, 0, 0, 0.0
24, 1, 19, 0, 0, 0.0
24, 1, 20, 0, 0, 0.0
25, 0, 0, 409, 408, -9.443950688137193e-08
25, 0, 1, 376, 406, -0.004971624817699194
25, 0, 2, 345, 426, -0.01894008181989193
25, 0, 3, 328, 454, -0.030715882778167725
25, 0, 4, 320, 477, -0.0457603856921196
25, 0, 5, 337, 417, -0.05279822647571564
25, 0, 6, 318, 462, -0.07439116388559341
25, 0, 7, 313, 490, -0.08639083057641983
25, 0, 8, 311, 509, -0.09356840699911118
25, 0, 9, 359, 426, -0.06071976572275162
25, 0, 10, 336, 470, -0.07677415758371353
25, 0, 11, 329, 497, -0.0823117271065712
25, 0, 12, 327, 515, -0.08877553790807724
25, 0, 13, 382, 437, -0.06649420410394669
25, 0, 14, 361, 475, -0.07970866560935974
25, 0, 15, 351, 499, -0.08079022914171219
25, 0, 16, 346, 514, -0.08332306891679764
25, 0, 17, 404, 449, -0.07123154401779175
25, 0, 18, 388, 481, -0.08457155525684357
25, 0, 19, 379, 500, -0.0860573872923851
25, 0, 20, 373, 514, -0.08710797131061554
25, 1, 0, 0, 0, 0.0
25, 1, 1, 0, 0, 0.0
25, 1, 2, 0, 0, 0.0
25, 1, 3, 0, 0, 0.0
25, 1, 4, 0, 0, 0.0
25, 1, 5, 0, 0, 0.0
25, 1, 6, 0, 0, 0.0
25, 1, 7, 0, 0, 0.0
25, 1, 8, 0, 0, 0.0
25, 1, 9, 0, 0, 0.0
25, 1, 10, 0, 0, 0.0
25, 1, 11, 0, 0, 0.0
25, 1, 12, 0, 0, 0.0
25, 1, 13, 0, 0, 0.0
25, 1, 14, 0, 0, 0.0
25, 1, 15, 0, 0, 0.0
25, 1, 16, 0, 0, 0.0
25, 1, 17, 0, 0, 0.0
25, 1, 18, 0, 0, 0.0
25, 1, 19, 0, 0, 0.0
25, 1, 20, 0, 0, 0.0
26, 0, 0, 412, 416, -1.7587994705081655e-07
26, 0, 1, 380, 417, -0.0031464521307498217
26, 0, 2, 350, 438, -0.0139387808740139
26, 0, 3, 333, 465, -0.02409198135137558
26, 0, 4, 329, 489, -0.036719273775815964
26, 0, 5, 344, 437, -0.038760069757699966
26, 0, 6, 328, 479, -0.059016142040491104
26, 0, 7, 333, 493, -0.06973818689584732
26, 0, 8, 338, 494, -0.07581718266010284
26, 0, 9, 362, 445, -0.0462736114859581
26, 0, 10, 348, 486, -0.06113671138882637
26, 0, 11, 352, 497, -0.06529682129621506
26, 0, 12, 356, 498, -0.07019709795713425
26, 0, 13, 383, 453, -0.052416883409023285
26, 0, 14, 369, 492, -0.06523405760526657
26, 0, 15, 373, 501, -0.06267997622489929
26, 0, 16, 375, 502, -0.06235606595873833
26, 0, 17, 405, 462, -0.05762316659092903
26, 0, 18, 396, 496, -0.06884314864873886
26, 0, 19, 398, 504, -0.06628971546888351
26, 0, 20, 399, 506, -0.06420537084341049
26, 1, 0, 0, 0, 0.0
26, 1, 1, 0, 0, 0.0
26, 1, 2, 0, 0, 0.0
26, 1, 3, 0, 0, 0.0
26, 1, 4, 0, 0, 0.0
26, 1, 5, 0, 0, 0.0
26, 1, 6, 0, 0, 0.0
26, 1, 7, 0, 0, 0.0
26, 1, 8, 0, 0, 0.0
26, 1, 9, 0, 0, 0.0
26, 1, 10, 0, 0, 0.0
26, 1, 11, 0, 0, 0.0
26, 1, 12, 0, 0, 0.0
26, 1, 13, 0, 0, 0.0
26, 1, 14, 0, 0, 0.0
26, 1, 15, 0, 0, 0.0
26, 1, 16, 0, 0, 0.0
26, 1, 17, 0, 0, 0.0
26, 1, 18, 0, 0, 0.0
26, 1, 19, 0, 0, 0.0
26, 1, 20, 0, 0, 0.0
27, 0, 0, 0, 0, 0.0
27, 0, 1, 0, 0, 0.0
27, 0, 2, 0, 0, 0.0
27, 0, 3, 0, 0, 0.0
27, 0, 4, 0, 0, 0.0
27, 0, 5, 0, 0, 0.0
27, 0, 6, 0, 0, 0.0
27, 0, 7, 0, 0, 0.0
27, 0, 8, 0, 0, 0.0
27, 0, 9, 0, 0, 0.0
27, 0, 10, 0, 0, 0.0
27, 0, 11, 0, 0, 0.0
27, 0, 12, 0, 0, 0.0
27, 0, 13, 0, 0, 0.0
27, 0, 14, 0, 0, 0.0
27, 0, 15, 0, 0, 0.0
27, 0, 16, 0, 0, 0.0
27, 0, 17, 0, 0, 0.0
27, 0, 18, 0, 0, 0.0
27, 0, 19, 0, 0, 0.0
27, 0, 20, 0, 0, 0.0
27, 1, 0, 0, 0, 0.0
27, 1, 1, 0, 0, 0.0
27, 1, 2, 0, 0, 0.0
27, 1, 3, 0, 0, 0.0
27, 1, 4, 0, 0, 0.0
27, 1, 5, 0, 0, 0.0
27, 1, 6, 0, 0, 0.0
27, 1, 7, 0, 0, 0.0
27, 1, 8, 0, 0, 0.0
27, 1, 9, 0, 0, 0.0
27, 1, 10, 0, 0, 0.0
27, 1, 11, 0, 0, 0.0
27, 1, 12, 0, 0, 0.0
27, 1, 13, 0, 0, 0.0
27, 1, 14, 0, 0, 0.0
27, 1, 15, 0, 0, 0.0
27, 1, 16, 0, 0, 0.0
27, 1, 17, 0, 0, 0.0
27, 1, 18, 0, 0, 0.0
27, 1, 19, 0, 0, 0.0
27, 1, 20, 0, 0, 0.0
28, 0, 0, 0, 0, 0.0
28, 0, 1, 0, 0, 0.0
28, 0, 2, 0, 0, 0.0
28, 0, 3, 0, 0, 0.0
28, 0, 4, 0, 0, 0.0
28, 0, 5, 0, 0, 0.0
28, 0, 6, 0, 0, 0.0
28, 0, 7, 0, 0, 0.0
28, 0, 8, 0, 0, 0.0
28, 0, 9, 0, 0, 0.0
28, 0, 10, 0, 0, 0.0
28, 0, 11, 0, 0, 0.0
28, 0, 12, 0, 0, 0.0
28, 0, 13, 0, 0, 0.0
28, 0, 14, 0, 0, 0.0
28, 0, 15, 0, 0, 0.0
28, 0, 16, 0, 0, 0.0
28, 0, 17, 0, 0, 0.0
28, 0, 18, 0, 0, 0.0
28, 0, 19, 0, 0, 0.0
28, 0, 20, 0, 0, 0.0
28, 1, 0, 0, 0, 0.0
28, 1, 1, 0, 0, 0.0
28, 1, 2, 0, 0, 0.0
28, 1, 3, 0, 0, 0.0
28, 1, 4, 0, 0, 0.0
28, 1, 5, 0, 0, 0.0
28, 1, 6, 0, 0, 0.0
28, 1, 7, 0, 0, 0.0
28, 1, 8, 0, 0, 0.0
28, 1, 9, 0, 0, 0.0
28, 1, 10, 0, 0, 0.0
28, 1, 11, 0, 0, 0.0
28, 1, 12, 0, 0, 0.0
28, 1, 13, 0, 0, 0.0
28, 1, 14, 0, 0, 0.0
28, 1, 15, 0, 0, 0.0
28, 1, 16, 0, 0, 0.0
28, 1, 17, 0, 0, 0.0
28, 1, 18, 0, 0, 0.0
28, 1, 19, 0, 0, 0.0
28, 1, 20, 0, 0, 0.0
29, 0, 0, 0, 0, 0.0
29, 0, 1, 0, 0, 0.0
29, 0, 2, 0, 0, 0.0
29, 0, 3, 0, 0, 0.0
29, 0, 4, 0, 0, 0.0
29, 0, 5, 0, 0, 0.0
29, 0, 6, 0, 0, 0.0
29, 0, 7, 0, 0, 0.0
29, 0, 8, 0, 0, 0.0
29, 0, 9, 0, 0, 0.0
29, 0, 10, 0, 0, 0.0
29, 0, 11, 0, 0, 0.0
29, 0, 12, 0, 0, 0.0
29, 0, 13, 0, 0, 0.0
29, 0, 14, 0, 0, 0.0
29, 0, 15, 0, 0, 0.0
29, 0, 16, 0, 0, 0.0
29, 0, 17, 0, 0, 0.0
29, 0, 18, 0, 0, 0.0
29, 0, 19, 0, 0, 0.0
29, 0, 20, 0, 0, 0.0
29, 1, 0, 0, 0, 0.0
29, 1, 1, 0, 0, 0.0
29, 1, 2, 0, 0, 0.0
29, 1, 3, 0, 0, 0.0
29, 1, 4, 0, 0, 0.0
29, 1, 5, 0, 0, 0.0
29, 1, 6, 0, 0, 0.0
29, 1, 7, 0, 0, 0.0
29, 1, 8, 0, 0, 0.0
29, 1, 9, 0, 0, 0.0
29, 1, 10, 0, 0, 0.0
29, 1, 11, 0, 0, 0.0
29, 1, 12, 0, 0, 0.0
29, 1, 13, 0, 0, 0.0
29, 1, 14, 0, 0, 0.0
29, 1, 15, 0, 0, 0.0
29, 1, 16, 0, 0, 0.0
29, 1, 17, 0, 0, 0.0
29, 1, 18, 0, 0, 0.0
29, 1, 19, 0, 0, 0.0
29, 1, 20, 0, 0, 0.0
30, 0, 0, 0, 0, 0.0
30, 0, 1, 0, 0, 0.0
30, 0, 2, 0, 0, 0.0
30, 0, 3, 0, 0, 0.0
30, 0, 4, 0, 0, 0.0
30, 0, 5, 0, 0, 0.0
30, 0, 6, 0, 0, 0.0
30, 0, 7, 0, 0, 0.0
30, 0, 8, 0, 0, 0.0
30, 0, 9, 0, 0, 0.0
30, 0, 10, 0, 0, 0.0
30, 0, 11, 0, 0, 0.0
30, 0, 12, 0, 0, 0.0
30, 0, 13, 0, 0, 0.0
30, 0, 14, 0, 0, 0.0
30, 0, 15, 0, 0, 0.0
30, 0, 16, 0, 0, 0.0
30, 0, 17, 0, 0, 0.0
30, 0, 18, 0, 0, 0.0
30, 0, 19, 0, 0, 0.0
30, 0, 20, 0, 0, 0.0
30, 1, 0, 0, 0, 0.0
30, 1, 1, 0, 0, 0.0
30, 1, 2, 0, 0, 0.0
30, 1, 3, 0, 0, 0.0
30, 1, 4, 0, 0, 0.0
30, 1, 5, 0, 0, 0.0
30, 1, 6, 0, 0, 0.0
30, 1, 7, 0, 0, 0.0
30, 1, 8, 0, 0, 0.0
30, 1, 9, 0, 0, 0.0
30, 1, 10, 0, 0, 0.0
30, 1, 11, 0, 0, 0.0
30, 1, 12, 0, 0, 0.0
30, 1, 13, 0, 0, 0.0
30, 1, 14, 0, 0, 0.0
30, 1, 15, 0, 0, 0.0
30, 1, 16, 0, 0, 0.0
30, 1, 17, 0, 0, 0.0
30, 1, 18, 0, 0, 0.0
30, 1, 19, 0, 0, 0.0
30, 1, 20, 0, 0, 0.0
31, 0, 0, 0, 0, 0.0
31, 0, 1, 0, 0, 0.0
31, 0, 2, 0, 0, 0.0
31, 0, 3, 0, 0, 0.0
31, 0, 4, 0, 0, 0.0
31, 0, 5, 0, 0, 0.0
31, 0, 6, 0, 0, 0.0
31, 0, 7, 0, 0, 0.0
31, 0, 8, 0, 0, 0.0
31, 0, 9, 0, 0, 0.0
31, 0, 10, 0, 0, 0.0
31, 0, 11, 0, 0, 0.0
31, 0, 12, 0, 0, 0.0
31, 0, 13, 0, 0, 0.0
31, 0, 14, 0, 0, 0.0
31, 0, 15, 0, 0, 0.0
31, 0, 16, 0, 0, 0.0
31, 0, 17, 0, 0, 0.0
31, 0, 18, 0, 0, 0.0
31, 0, 19, 0, 0, 0.0
31, 0, 20, 0, 0, 0.0
31, 1, 0, 0, 0, 0.0
31, 1, 1, 0, 0, 0.0
31, 1, 2, 0, 0, 0.0
31, 1, 3, 0, 0, 0.0
31, 1, 4, 0, 0, 0.0
31, 1, 5, 0, 0, 0.0
31, 1, 6, 0, 0, 0.0
31, 1, 7, 0, 0, 0.0
31, 1, 8, 0, 0, 0.0
31, 1, 9, 0, 0, 0.0
31, 1, 10, 0, 0, 0.0
31, 1, 11, 0, 0, 0.0
31, 1, 12, 0, 0, 0.0
31, 1, 13, 0, 0, 0.0
31, 1, 14, 0, 0, 0.0
31, 1, 15, 0, 0, 0.0
31, 1, 16, 0, 0, 0.0
31, 1, 17, 0, 0, 0.0
31, 1, 18, 0, 0, 0.0
31, 1, 19, 0, 0, 0.0
31, 1, 20, 0, 0, 0.0
32, 0, 0, 0, 0, 0.0
32, 0, 1, 0, 0, 0.0
32, 0, 2, 0, 0, 0.0
32, 0, 3, 0, 0, 0.0
32, 0, 4, 0, 0, 0.0
32, 0, 5, 0, 0, 0.0
32, 0, 6, 0, 0, 0.0
32, 0, 7, 0, 0, 0.0
32, 0, 8, 0, 0, 0.0
32, 0, 9, 0, 0, 0.0
32, 0, 10, 0, 0, 0.0
32, 0, 11, 0, 0, 0.0
32, 0, 12, 0, 0, 0.0
32, 0, 13, 0, 0, 0.0
32, 0, 14, 0, 0, 0.0
32, 0, 15, 0, 0, 0.0
32, 0, 16, 0, 0, 0.0
32, 0, 17, 0, 0, 0.0
32, 0, 18, 0, 0, 0.0
32, 0, 19, 0, 0, 0.0
32, 0, 20, 0, 0, 0.0
32, 1, 0, 0, 0, 0.0
32, 1, 1, 0, 0, 0.0
32, 1, 2, 0, 0, 0.0
32, 1, 3, 0, 0, 0.0
32, 1, 4, 0, 0, 0.0
32, 1, 5, 0, 0, 0.0
32, 1, 6, 0, 0, 0.0
32, 1, 7, 0, 0, 0.0
32, 1, 8, 0, 0, 0.0
32, 1, 9, 0, 0, 0.0
32, 1, 10, 0, 0, 0.0
32, 1, 11, 0, 0, 0.0
32, 1, 12, 0, 0, 0.0
32, 1, 13, 0, 0, 0.0
32, 1, 14, 0, 0, 0.0
32, 1, 15, 0, 0, 0.0
32, 1, 16, 0, 0, 0.0
32, 1, 17, 0, 0, 0.0
32, 1, 18, 0, 0, 0.0
32, 1, 19, 0, 0, 0.0
32, 1, 20, 0, 0, 0.0
33, 0, 0, 0, 0, 0.0
33, 0, 1, 0, 0, 0.0
33, 0, 2, 0, 0, 0.0
33, 0, 3, 0, 0, 0.0
33, 0, 4, 0, 0, 0.0
33, 0, 5, 0, 0, 0.0
33, 0, 6, 0, 0, 0.0
33, 0, 7, 0, 0, 0.0
33, 0, 8, 0, 0, 0.0
33, 0, 9, 0, 0, 0.0
33, 0, 10, 0, 0, 0.0
33, 0, 11, 0, 0, 0.0
33, 0, 12, 0, 0, 0.0
33, 0, 13, 0, 0, 0.0
33, 0, 14, 0, 0, 0.0
33, 0, 15, 0, 0, 0.0
33, 0, 16, 0, 0, 0.0
33, 0, 17, 0, 0, 0.0
33, 0, 18, 0, 0, 0.0
33, 0, 19, 0, 0, 0.0
33, 0, 20, 0, 0, 0.0
33, 1, 0, 0, 0, 0.0
33, 1, 1, 0, 0, 0.0
33, 1, 2, 0, 0, 0.0
33, 1, 3, 0, 0, 0.0
33, 1, 4, 0, 0, 0.0
33, 1, 5, 0, 0, 0.0
33, 1, 6, 0, 0, 0.0
33, 1, 7, 0, 0, 0.0
33, 1, 8, 0, 0, 0.0
33, 1, 9, 0, 0, 0.0
33, 1, 10, 0, 0, 0.0
33, 1, 11, 0, 0, 0.0
33, 1, 12, 0, 0, 0.0
33, 1, 13, 0, 0, 0.0
33, 1, 14, 0, 0, 0.0
33, 1, 15, 0, 0, 0.0
33, 1, 16, 0, 0, 0.0
33, 1, 17, 0, 0, 0.0
33, 1, 18, 0, 0, 0.0
33, 1, 19, 0, 0, 0.0
33, 1, 20, 0, 0, 0.0
34, 0, 0, 0, 0, 0.0
34, 0, 1, 0, 0, 0.0
34, 0, 2, 0, 0, 0.0
34, 0, 3, 0, 0, 0.0
34, 0, 4, 0, 0, 0.0
34, 0, 5, 0, 0, 0.0
34, 0, 6, 0, 0, 0.0
34, 0, 7, 0, 0, 0.0
34, 0, 8, 0, 0, 0.0
34, 0, 9, 0, 0, 0.0
34, 0, 10, 0, 0, 0.0
34, 0, 11, 0, 0, 0.0
34, 0, 12, 0, 0, 0.0
34, 0, 13, 0, 0, 0.0
34, 0, 14, 0, 0, 0.0
34, 0, 15, 0, 0, 0.0
34, 0, 16, 0, 0, 0.0
34, 0, 17, 0, 0, 0.0
34, 0, 18, 0, 0, 0.0
34, 0, 19, 0, 0, 0.0
34, 0, 20, 0, 0, 0.0
34, 1, 0, 0, 0, 0.0
34, 1, 1, 0, 0, 0.0
34, 1, 2, 0, 0, 0.0
34, 1, 3, 0, 0, 0.0
34, 1, 4, 0, 0, 0.0
34, 1, 5, 0, 0, 0.0
34, 1, 6, 0, 0, 0.0
34, 1, 7, 0, 0, 0.0
34, 1, 8, 0, 0, 0.0
34, 1, 9, 0, 0, 0.0
34, 1, 10, 0, 0, 0.0
34, 1, 11, 0, 0, 0.0
34, 1, 12, 0, 0, 0.0
34, 1, 13, 0, 0, 0.0
34, 1, 14, 0, 0, 0.0
34, 1, 15, 0, 0, 0.0
34, 1, 16, 0, 0, 0.0
34, 1, 17, 0, 0, 0.0
34, 1, 18, 0, 0, 0.0
34, 1, 19, 0, 0, 0.0
34, 1, 20, 0, 0, 0.0
35, 0, 0, 0, 0, 0.0
35, 0, 1, 0, 0, 0.0
35, 0, 2, 0, 0, 0.0
35, 0, 3, 0, 0, 0.0
35, 0, 4, 0, 0, 0.0
35, 0, 5, 0, 0, 0.0
35, 0, 6, 0, 0, 0.0
35, 0, 7, 0, 0, 0.0
35, 0, 8, 0, 0, 0.0
35, 0, 9, 0, 0, 0.0
35, 0, 10, 0, 0, 0.0
35, 0, 11, 0, 0, 0.0
35, 0, 12, 0, 0, 0.0
35, 0, 13, 0, 0, 0.0
35, 0, 14, 0, 0, 0.0
35, 0, 15, 0, 0, 0.0
35, 0, 16, 0, 0, 0.0
35, 0, 17, 0, 0, 0.0
35, 0, 18, 0, 0, 0.0
35, 0, 19, 0, 0, 0.0
35, 0, 20, 0, 0, 0.0
35, 1, 0, 0, 0, 0.0
35, 1, 1, 0, 0, 0.0
35, 1, 2, 0, 0, 0.0
35, 1, 3, 0, 0, 0.0
35, 1, 4, 0, 0, 0.0
35, 1, 5, 0, 0, 0.0
35, 1, 6, 0, 0, 0.0
35, 1, 7, 0, 0, 0.0
35, 1, 8, 0, 0, 0.0
35, 1, 9, 0, 0, 0.0
35, 1, 10, 0, 0, 0.0
35, 1, 11, 0, 0, 0.0
35, 1, 12, 0, 0, 0.0
35, 1, 13, 0, 0, 0.0
35, 1, 14, 0, 0, 0.0
35, 1, 15, 0, 0, 0.0
35, 1, 16, 0, 0, 0.0
35, 1, 17, 0, 0, 0.0
35, 1, 18, 0, 0, 0.0
35, 1, 19, 0, 0, 0.0
35, 1, 20, 0, 0, 0.0
36, 0, 0, 0, 0, 0.0
36, 0, 1, 0, 0, 0.0
36, 0, 2, 0, 0, 0.0
36, 0, 3, 0, 0, 0.0
36, 0, 4, 0, 0, 0.0
36, 0, 5, 0, 0, 0.0
36, 0, 6, 0, 0, 0.0
36, 0, 7, 0, 0, 0.0
36, 0, 8, 0, 0, 0.0
36, 0, 9, 0, 0, 0.0
36, 0, 10, 0, 0, 0.0
36, 0, 11, 0, 0, 0.0
36, 0, 12, 0, 0, 0.0
36, 0, 13, 0, 0, 0.0
36, 0, 14, 0, 0, 0.0
36, 0, 15, 0, 0, 0.0
36, 0, 16, 0, 0, 0.0
36, 0, 17, 0, 0, 0.0
36, 0, 18, 0, 0, 0.0
36, 0, 19, 0, 0, 0.0
36, 0, 20, 0, 0, 0.0
36, 1, 0, 0, 0, 0.0
36, 1, 1, 0, 0, 0.0
36, 1, 2, 0, 0, 0.0
36, 1, 3, 0, 0, 0.0
36, 1, 4, 0, 0, 0.0
36, 1, 5, 0, 0, 0.0
36, 1, 6, 0, 0, 0.0
36, 1, 7, 0, 0, 0.0
36, 1, 8, 0, 0, 0.0
36, 1, 9, 0, 0, 0.0
36, 1, 10, 0, 0, 0.0
36, 1, 11, 0, 0, 0.0
36, 1, 12, 0, 0, 0.0
36, 1, 13, 0, 0, 0.0
36, 1, 14, 0, 0, 0.0
36, 1, 15, 0, 0, 0.0
36, 1, 16, 0, 0, 0.0
36, 1, 17, 0, 0, 0.0
36, 1, 18, 0, 0, 0.0
36, 1, 19, 0, 0, 0.0
36, 1, 20, 0, 0, 0.0
