0, 0, 0, 0, 0, 0.0
0, 0, 1, 0, 0, 0.0
0, 0, 2, 0, 0, 0.0
0, 0, 3, 0, 0, 0.0
0, 0, 4, 0, 0, 0.0
0, 0, 5, 0, 0, 0.0
0, 0, 6, 0, 0, 0.0
0, 0, 7, 0, 0, 0.0
0, 0, 8, 0, 0, 0.0
0, 0, 9, 0, 0, 0.0
0, 0, 10, 0, 0, 0.0
0, 0, 11, 0, 0, 0.0
0, 0, 12, 0, 0, 0.0
0, 0, 13, 0, 0, 0.0
0, 0, 14, 0, 0, 0.0
0, 0, 15, 0, 0, 0.0
0, 0, 16, 0, 0, 0.0
0, 0, 17, 0, 0, 0.0
0, 0, 18, 0, 0, 0.0
0, 0, 19, 0, 0, 0.0
0, 0, 20, 0, 0, 0.0
0, 1, 0, 0, 0, 0.0
0, 1, 1, 0, 0, 0.0
0, 1, 2, 0, 0, 0.0
0, 1, 3, 0, 0, 0.0
0, 1, 4, 0, 0, 0.0
0, 1, 5, 0, 0, 0.0
0, 1, 6, 0, 0, 0.0
0, 1, 7, 0, 0, 0.0
0, 1, 8, 0, 0, 0.0
0, 1, 9, 0, 0, 0.0
0, 1, 10, 0, 0, 0.0
0, 1, 11, 0, 0, 0.0
0, 1, 12, 0, 0, 0.0
0, 1, 13, 0, 0, 0.0
0, 1, 14, 0, 0, 0.0
0, 1, 15, 0, 0, 0.0
0, 1, 16, 0, 0, 0.0
0, 1, 17, 0, 0, 0.0
0, 1, 18, 0, 0, 0.0
0, 1, 19, 0, 0, 0.0
0, 1, 20, 0, 0, 0.0
1, 0, 0, 0, 0, 0.0
1, 0, 1, 0, 0, 0.0
1, 0, 2, 0, 0, 0.0
1, 0, 3, 0, 0, 0.0
1, 0, 4, 0, 0, 0.0
1, 0, 5, 0, 0, 0.0
1, 0, 6, 0, 0, 0.0
1, 0, 7, 0, 0, 0.0
1, 0, 8, 0, 0, 0.0
1, 0, 9, 0, 0, 0.0
1, 0, 10, 0, 0, 0.0
1, 0, 11, 0, 0, 0.0
1, 0, 12, 0, 0, 0.0
1, 0, 13, 0, 0, 0.0
1, 0, 14, 0, 0, 0.0
1, 0, 15, 0, 0, 0.0
1, 0, 16, 0, 0, 0.0
1, 0, 17, 0, 0, 0.0
1, 0, 18, 0, 0, 0.0
1, 0, 19, 0, 0, 0.0
1, 0, 20, 0, 0, 0.0
1, 1, 0, 0, 0, 0.0
1, 1, 1, 0, 0, 0.0
1, 1, 2, 0, 0, 0.0
1, 1, 3, 0, 0, 0.0
1, 1, 4, 0, 0, 0.0
1, 1, 5, 0, 0, 0.0
1, 1, 6, 0, 0, 0.0
1, 1, 7, 0, 0, 0.0
1, 1, 8, 0, 0, 0.0
1, 1, 9, 0, 0, 0.0
1, 1, 10, 0, 0, 0.0
1, 1, 11, 0, 0, 0.0
1, 1, 12, 0, 0, 0.0
1, 1, 13, 0, 0, 0.0
1, 1, 14, 0, 0, 0.0
1, 1, 15, 0, 0, 0.0
1, 1, 16, 0, 0, 0.0
1, 1, 17, 0, 0, 0.0
1, 1, 18, 0, 0, 0.0
1, 1, 19, 0, 0, 0.0
1, 1, 20, 0, 0, 0.0
2, 0, 0, 0, 0, 0.0
2, 0, 1, 0, 0, 0.0
2, 0, 2, 0, 0, 0.0
2, 0, 3, 0, 0, 0.0
2, 0, 4, 0, 0, 0.0
2, 0, 5, 0, 0, 0.0
2, 0, 6, 0, 0, 0.0
2, 0, 7, 0, 0, 0.0
2, 0, 8, 0, 0, 0.0
2, 0, 9, 0, 0, 0.0
2, 0, 10, 0, 0, 0.0
2, 0, 11, 0, 0, 0.0
2, 0, 12, 0, 0, 0.0
2, 0, 13, 0, 0, 0.0
2, 0, 14, 0, 0, 0.0
2, 0, 15, 0, 0, 0.0
2, 0, 16, 0, 0, 0.0
2, 0, 17, 0, 0, 0.0
2, 0, 18, 0, 0, 0.0
2, 0, 19, 0, 0, 0.0
2, 0, 20, 0, 0, 0.0
2, 1, 0, 0, 0, 0.0
2, 1, 1, 0, 0, 0.0
2, 1, 2, 0, 0, 0.0
2, 1, 3, 0, 0, 0.0
2, 1, 4, 0, 0, 0.0
2, 1, 5, 0, 0, 0.0
2, 1, 6, 0, 0, 0.0
2, 1, 7, 0, 0, 0.0
2, 1, 8, 0, 0, 0.0
2, 1, 9, 0, 0, 0.0
2, 1, 10, 0, 0, 0.0
2, 1, 11, 0, 0, 0.0
2, 1, 12, 0, 0, 0.0
2, 1, 13, 0, 0, 0.0
2, 1, 14, 0, 0, 0.0
2, 1, 15, 0, 0, 0.0
2, 1, 16, 0, 0, 0.0
2, 1, 17, 0, 0, 0.0
2, 1, 18, 0, 0, 0.0
2, 1, 19, 0, 0, 0.0
2, 1, 20, 0, 0, 0.0
3, 0, 0, 0, 0, 0.0
3, 0, 1, 0, 0, 0.0
3, 0, 2, 0, 0, 0.0
3, 0, 3, 0, 0, 0.0
3, 0, 4, 0, 0, 0.0
3, 0, 5, 0, 0, 0.0
3, 0, 6, 0, 0, 0.0
3, 0, 7, 0, 0, 0.0
3, 0, 8, 0, 0, 0.0
3, 0, 9, 0, 0, 0.0
3, 0, 10, 0, 0, 0.0
3, 0, 11, 0, 0, 0.0
3, 0, 12, 0, 0, 0.0
3, 0, 13, 0, 0, 0.0
3, 0, 14, 0, 0, 0.0
3, 0, 15, 0, 0, 0.0
3, 0, 16, 0, 0, 0.0
3, 0, 17, 0, 0, 0.0
3, 0, 18, 0, 0, 0.0
3, 0, 19, 0, 0, 0.0
3, 0, 20, 0, 0, 0.0
3, 1, 0, 0, 0, 0.0
3, 1, 1, 0, 0, 0.0
3, 1, 2, 0, 0, 0.0
3, 1, 3, 0, 0, 0.0
3, 1, 4, 0, 0, 0.0
3, 1, 5, 0, 0, 0.0
3, 1, 6, 0, 0, 0.0
3, 1, 7, 0, 0, 0.0
3, 1, 8, 0, 0, 0.0
3, 1, 9, 0, 0, 0.0
3, 1, 10, 0, 0, 0.0
3, 1, 11, 0, 0, 0.0
3, 1, 12, 0, 0, 0.0
3, 1, 13, 0, 0, 0.0
3, 1, 14, 0, 0, 0.0
3, 1, 15, 0, 0, 0.0
3, 1, 16, 0, 0, 0.0
3, 1, 17, 0, 0, 0.0
3, 1, 18, 0, 0, 0.0
3, 1, 19, 0, 0, 0.0
3, 1, 20, 0, 0, 0.0
4, 0, 0, 0, 0, 0.0
4, 0, 1, 0, 0, 0.0
4, 0, 2, 0, 0, 0.0
4, 0, 3, 0, 0, 0.0
4, 0, 4, 0, 0, 0.0
4, 0, 5, 0, 0, 0.0
4, 0, 6, 0, 0, 0.0
4, 0, 7, 0, 0, 0.0
4, 0, 8, 0, 0, 0.0
4, 0, 9, 0, 0, 0.0
4, 0, 10, 0, 0, 0.0
4, 0, 11, 0, 0, 0.0
4, 0, 12, 0, 0, 0.0
4, 0, 13, 0, 0, 0.0
4, 0, 14, 0, 0, 0.0
4, 0, 15, 0, 0, 0.0
4, 0, 16, 0, 0, 0.0
4, 0, 17, 0, 0, 0.0
4, 0, 18, 0, 0, 0.0
4, 0, 19, 0, 0, 0.0
4, 0, 20, 0, 0, 0.0
4, 1, 0, 0, 0, 0.0
4, 1, 1, 0, 0, 0.0
4, 1, 2, 0, 0, 0.0
4, 1, 3, 0, 0, 0.0
4, 1, 4, 0, 0, 0.0
4, 1, 5, 0, 0, 0.0
4, 1, 6, 0, 0, 0.0
4, 1, 7, 0, 0, 0.0
4, 1, 8, 0, 0, 0.0
4, 1, 9, 0, 0, 0.0
4, 1, 10, 0, 0, 0.0
4, 1, 11, 0, 0, 0.0
4, 1, 12, 0, 0, 0.0
4, 1, 13, 0, 0, 0.0
4, 1, 14, 0, 0, 0.0
4, 1, 15, 0, 0, 0.0
4, 1, 16, 0, 0, 0.0
4, 1, 17, 0, 0, 0.0
4, 1, 18, 0, 0, 0.0
4, 1, 19, 0, 0, 0.0
4, 1, 20, 0, 0, 0.0
5, 0, 0, 0, 0, 0.0
5, 0, 1, 0, 0, 0.0
5, 0, 2, 0, 0, 0.0
5, 0, 3, 0, 0, 0.0
5, 0, 4, 0, 0, 0.0
5, 0, 5, 0, 0, 0.0
5, 0, 6, 0, 0, 0.0
5, 0, 7, 0, 0, 0.0
5, 0, 8, 0, 0, 0.0
5, 0, 9, 0, 0, 0.0
5, 0, 10, 0, 0, 0.0
5, 0, 11, 0, 0, 0.0
5, 0, 12, 0, 0, 0.0
5, 0, 13, 0, 0, 0.0
5, 0, 14, 0, 0, 0.0
5, 0, 15, 0, 0, 0.0
5, 0, 16, 0, 0, 0.0
5, 0, 17, 0, 0, 0.0
5, 0, 18, 0, 0, 0.0
5, 0, 19, 0, 0, 0.0
5, 0, 20, 0, 0, 0.0
5, 1, 0, 0, 0, 0.0
5, 1, 1, 0, 0, 0.0
5, 1, 2, 0, 0, 0.0
5, 1, 3, 0, 0, 0.0
5, 1, 4, 0, 0, 0.0
5, 1, 5, 0, 0, 0.0
5, 1, 6, 0, 0, 0.0
5, 1, 7, 0, 0, 0.0
5, 1, 8, 0, 0, 0.0
5, 1, 9, 0, 0, 0.0
5, 1, 10, 0, 0, 0.0
5, 1, 11, 0, 0, 0.0
5, 1, 12, 0, 0, 0.0
5, 1, 13, 0, 0, 0.0
5, 1, 14, 0, 0, 0.0
5, 1, 15, 0, 0, 0.0
5, 1, 16, 0, 0, 0.0
5, 1, 17, 0, 0, 0.0
5, 1, 18, 0, 0, 0.0
5, 1, 19, 0, 0, 0.0
5, 1, 20, 0, 0, 0.0
6, 0, 0, 0, 0, 0.0
6, 0, 1, 0, 0, 0.0
6, 0, 2, 0, 0, 0.0
6, 0, 3, 0, 0, 0.0
6, 0, 4, 0, 0, 0.0
6, 0, 5, 0, 0, 0.0
6, 0, 6, 0, 0, 0.0
6, 0, 7, 0, 0, 0.0
6, 0, 8, 0, 0, 0.0
6, 0, 9, 0, 0, 0.0
6, 0, 10, 0, 0, 0.0
6, 0, 11, 0, 0, 0.0
6, 0, 12, 0, 0, 0.0
6, 0, 13, 0, 0, 0.0
6, 0, 14, 0, 0, 0.0
6, 0, 15, 0, 0, 0.0
6, 0, 16, 0, 0, 0.0
6, 0, 17, 0, 0, 0.0
6, 0, 18, 0, 0, 0.0
6, 0, 19, 0, 0, 0.0
6, 0, 20, 0, 0, 0.0
6, 1, 0, 0, 0, 0.0
6, 1, 1, 0, 0, 0.0
6, 1, 2, 0, 0, 0.0
6, 1, 3, 0, 0, 0.0
6, 1, 4, 0, 0, 0.0
6, 1, 5, 0, 0, 0.0
6, 1, 6, 0, 0, 0.0
6, 1, 7, 0, 0, 0.0
6, 1, 8, 0, 0, 0.0
6, 1, 9, 0, 0, 0.0
6, 1, 10, 0, 0, 0.0
6, 1, 11, 0, 0, 0.0
6, 1, 12, 0, 0, 0.0
6, 1, 13, 0, 0, 0.0
6, 1, 14, 0, 0, 0.0
6, 1, 15, 0, 0, 0.0
6, 1, 16, 0, 0, 0.0
6, 1, 17, 0, 0, 0.0
6, 1, 18, 0, 0, 0.0
6, 1, 19, 0, 0, 0.0
6, 1, 20, 0, 0, 0.0
7, 0, 0, 0, 0, 0.0
7, 0, 1, 0, 0, 0.0
7, 0, 2, 0, 0, 0.0
7, 0, 3, 0, 0, 0.0
7, 0, 4, 0, 0, 0.0
7, 0, 5, 0, 0, 0.0
7, 0, 6, 0, 0, 0.0
7, 0, 7, 0, 0, 0.0
7, 0, 8, 0, 0, 0.0
7, 0, 9, 0, 0, 0.0
7, 0, 10, 0, 0, 0.0
7, 0, 11, 0, 0, 0.0
7, 0, 12, 0, 0, 0.0
7, 0, 13, 0, 0, 0.0
7, 0, 14, 0, 0, 0.0
7, 0, 15, 0, 0, 0.0
7, 0, 16, 0, 0, 0.0
7, 0, 17, 0, 0, 0.0
7, 0, 18, 0, 0, 0.0
7, 0, 19, 0, 0, 0.0
7, 0, 20, 0, 0, 0.0
7, 1, 0, 0, 0, 0.0
7, 1, 1, 0, 0, 0.0
7, 1, 2, 0, 0, 0.0
7, 1, 3, 0, 0, 0.0
7, 1, 4, 0, 0, 0.0
7, 1, 5, 0, 0, 0.0
7, 1, 6, 0, 0, 0.0
7, 1, 7, 0, 0, 0.0
7, 1, 8, 0, 0, 0.0
7, 1, 9, 0, 0, 0.0
7, 1, 10, 0, 0, 0.0
7, 1, 11, 0, 0, 0.0
7, 1, 12, 0, 0, 0.0
7, 1, 13, 0, 0, 0.0
7, 1, 14, 0, 0, 0.0
7, 1, 15, 0, 0, 0.0
7, 1, 16, 0, 0, 0.0
7, 1, 17, 0, 0, 0.0
7, 1, 18, 0, 0, 0.0
7, 1, 19, 0, 0, 0.0
7, 1, 20, 0, 0, 0.0
8, 0, 0, 0, 0, 0.0
8, 0, 1, 0, 0, 0.0
8, 0, 2, 0, 0, 0.0
8, 0, 3, 0, 0, 0.0
8, 0, 4, 0, 0, 0.0
8, 0, 5, 0, 0, 0.0
8, 0, 6, 0, 0, 0.0
8, 0, 7, 0, 0, 0.0
8, 0, 8, 0, 0, 0.0
8, 0, 9, 0, 0, 0.0
8, 0, 10, 0, 0, 0.0
8, 0, 11, 0, 0, 0.0
8, 0, 12, 0, 0, 0.0
8, 0, 13, 0, 0, 0.0
8, 0, 14, 0, 0, 0.0
8, 0, 15, 0, 0, 0.0
8, 0, 16, 0, 0, 0.0
8, 0, 17, 0, 0, 0.0
8, 0, 18, 0, 0, 0.0
8, 0, 19, 0, 0, 0.0
8, 0, 20, 0, 0, 0.0
8, 1, 0, 0, 0, 0.0
8, 1, 1, 0, 0, 0.0
8, 1, 2, 0, 0, 0.0
8, 1, 3, 0, 0, 0.0
8, 1, 4, 0, 0, 0.0
8, 1, 5, 0, 0, 0.0
8, 1, 6, 0, 0, 0.0
8, 1, 7, 0, 0, 0.0
8, 1, 8, 0, 0, 0.0
8, 1, 9, 0, 0, 0.0
8, 1, 10, 0, 0, 0.0
8, 1, 11, 0, 0, 0.0
8, 1, 12, 0, 0, 0.0
8, 1, 13, 0, 0, 0.0
8, 1, 14, 0, 0, 0.0
8, 1, 15, 0, 0, 0.0
8, 1, 16, 0, 0, 0.0
8, 1, 17, 0, 0, 0.0
8, 1, 18, 0, 0, 0.0
8, 1, 19, 0, 0, 0.0
8, 1, 20, 0, 0, 0.0
9, 0, 0, 0, 0, 0.0
9, 0, 1, 0, 0, 0.0
9, 0, 2, 0, 0, 0.0
9, 0, 3, 0, 0, 0.0
9, 0, 4, 0, 0, 0.0
9, 0, 5, 0, 0, 0.0
9, 0, 6, 0, 0, 0.0
9, 0, 7, 0, 0, 0.0
9, 0, 8, 0, 0, 0.0
9, 0, 9, 0, 0, 0.0
9, 0, 10, 0, 0, 0.0
9, 0, 11, 0, 0, 0.0
9, 0, 12, 0, 0, 0.0
9, 0, 13, 0, 0, 0.0
9, 0, 14, 0, 0, 0.0
9, 0, 15, 0, 0, 0.0
9, 0, 16, 0, 0, 0.0
9, 0, 17, 0, 0, 0.0
9, 0, 18, 0, 0, 0.0
9, 0, 19, 0, 0, 0.0
9, 0, 20, 0, 0, 0.0
9, 1, 0, 0, 0, 0.0
9, 1, 1, 0, 0, 0.0
9, 1, 2, 0, 0, 0.0
9, 1, 3, 0, 0, 0.0
9, 1, 4, 0, 0, 0.0
9, 1, 5, 0, 0, 0.0
9, 1, 6, 0, 0, 0.0
9, 1, 7, 0, 0, 0.0
9, 1, 8, 0, 0, 0.0
9, 1, 9, 0, 0, 0.0
9, 1, 10, 0, 0, 0.0
9, 1, 11, 0, 0, 0.0
9, 1, 12, 0, 0, 0.0
9, 1, 13, 0, 0, 0.0
9, 1, 14, 0, 0, 0.0
9, 1, 15, 0, 0, 0.0
9, 1, 16, 0, 0, 0.0
9, 1, 17, 0, 0, 0.0
9, 1, 18, 0, 0, 0.0
9, 1, 19, 0, 0, 0.0
9, 1, 20, 0, 0, 0.0
10, 0, 0, 174, 455, 3.0768416081627947e-07
10, 0, 1, 217, 427, 0.0005746170645579696
10, 0, 2, 252, 389, -0.0032402253709733486
10, 0, 3, 281, 367, -0.014325739815831184
10, 0, 4, 311, 354, -0.025894643738865852
10, 0, 5, 223, 316, 0.03376229107379913
10, 0, 6, 236, 268, 0.015162652358412743
10, 0, 7, 255, 249, -0.008615908212959766
10, 0, 8, 273, 238, -0.024823924526572227
10, 0, 9, 208, 314, 0.016893528401851654
10, 0, 10, 222, 265, 0.005757899489253759
10, 0, 11, 240, 246, -0.013979506678879261
10, 0, 12, 258, 236, -0.029079347848892212
10, 0, 13, 191, 316, -0.004751995671540499
10, 0, 14, 201, 269, -0.012653348036110401
10, 0, 15, 219, 249, -0.01739579811692238
10, 0, 16, 237, 238, -0.021581972017884254
10, 0, 17, 173, 324, -0.029087932780385017
10, 0, 18, 179, 284, -0.031792789697647095
10, 0, 19, 192, 265, -0.02635955438017845
10, 0, 20, 205, 252, -0.022696414962410927
10, 1, 0, 0, 0, 0.0
10, 1, 1, 0, 0, 0.0
10, 1, 2, 0, 0, 0.0
10, 1, 3, 0, 0, 0.0
10, 1, 4, 0, 0, 0.0
10, 1, 5, 0, 0, 0.0
10, 1, 6, 0, 0, 0.0
10, 1, 7, 0, 0, 0.0
10, 1, 8, 0, 0, 0.0
10, 1, 9, 0, 0, 0.0
10, 1, 10, 0, 0, 0.0
10, 1, 11, 0, 0, 0.0
10, 1, 12, 0, 0, 0.0
10, 1, 13, 0, 0, 0.0
10, 1, 14, 0, 0, 0.0
10, 1, 15, 0, 0, 0.0
10, 1, 16, 0, 0, 0.0
10, 1, 17, 0, 0, 0.0
10, 1, 18, 0, 0, 0.0
10, 1, 19, 0, 0, 0.0
10, 1, 20, 0, 0, 0.0
11, 0, 0, 179, 444, 2.7144039904669626e-07
11, 0, 1, 228, 408, 0.004795917775481939
11, 0, 2, 259, 375, 0.0034513226710259914
11, 0, 3, 287, 358, -0.00663160253316164
11, 0, 4, 318, 351, -0.01808951422572136
11, 0, 5, 227, 315, 0.04079608619213104
11, 0, 6, 230, 271, 0.029604759067296982
11, 0, 7, 235, 247, 0.012471259571611881
11, 0, 8, 242, 225, -0.00087152817286551
11, 0, 9, 211, 315, 0.021733004599809647
11, 0, 10, 214, 269, 0.013211928308010101
11, 0, 11, 220, 242, -0.0038720800075680017
11, 0, 12, 228, 217, -0.017552534118294716
11, 0, 13, 193, 320, -0.002188845304772258
11, 0, 14, 196, 275, -0.011359984055161476
11, 0, 15, 202, 248, -0.020831873640418053
11, 0, 16, 210, 226, -0.027968257665634155
11, 0, 17, 175, 332, -0.027950841933488846
11, 0, 18, 175, 294, -0.033157508820295334
11, 0, 19, 178, 270, -0.033097945153713226
11, 0, 20, 183, 249, -0.03373878821730614
11, 1, 0, 0, 0, 0.0
11, 1, 1, 0, 0, 0.0
11, 1, 2, 0, 0, 0.0
11, 1, 3, 0, 0, 0.0
11, 1, 4, 0, 0, 0.0
11, 1, 5, 0, 0, 0.0
11, 1, 6, 0, 0, 0.0
11, 1, 7, 0, 0, 0.0
11, 1, 8, 0, 0, 0.0
11, 1, 9, 0, 0, 0.0
11, 1, 10, 0, 0, 0.0
11, 1, 11, 0, 0, 0.0
11, 1, 12, 0, 0, 0.0
11, 1, 13, 0, 0, 0.0
11, 1, 14, 0, 0, 0.0
11, 1, 15, 0, 0, 0.0
11, 1, 16, 0, 0, 0.0
11, 1, 17, 0, 0, 0.0
11, 1, 18, 0, 0, 0.0
11, 1, 19, 0, 0, 0.0
11, 1, 20, 0, 0, 0.0
12, 0, 0, 523, 433, 1.1431827573460396e-07
12, 0, 1, 480, 411, -0.0025460210163146257
12, 0, 2, 445, 381, -0.006114032585173845
12, 0, 3, 414, 369, -0.015454025939106941
12, 0, 4, 386, 366, -0.025348395109176636
12, 0, 5, 468, 318, 0.02669639326632023
12, 0, 6, 462, 275, 0.013960950076580048
12, 0, 7, 451, 251, -0.003416425548493862
12, 0, 8, 436, 236, -0.016222622245550156
12, 0, 9, 482, 316, 0.012997685000300407
12, 0, 10, 475, 272, 0.0030552661046385765
12, 0, 11, 461, 247, -0.010963207110762596
12, 0, 12, 443, 230, -0.021793005988001823
12, 0, 13, 496, 318, -0.0054949745535850525
12, 0, 14, 489, 274, -0.01413092389702797
12, 0, 15, 477, 250, -0.02004237286746502
12, 0, 16, 462, 234, -0.024032339453697205
12, 0, 17, 510, 323, -0.026453932747244835
12, 0, 18, 505, 285, -0.03142397850751877
12, 0, 19, 497, 262, -0.03074295073747635
12, 0, 20, 486, 244, -0.030425477772951126
12, 1, 0, 187, 424, 4.871567398367915e-07
12, 1, 1, 229, 398, -0.008811581879854202
12, 1, 2, 261, 366, -0.016792818903923035
12, 1, 3, 289, 350, -0.029221437871456146
12, 1, 4, 319, 347, -0.042815953493118286
12, 1, 5, 230, 301, 0.01052067894488573
12, 1, 6, 235, 256, -0.005360111128538847
12, 1, 7, 241, 231, -0.02296251244843006
12, 1, 8, 250, 211, -0.03555222973227501
12, 1, 9, 212, 300, -0.001017476781271398
12, 1, 10, 214, 252, -0.013827045448124409
12, 1, 11, 221, 224, -0.029832851141691208
12, 1, 12, 230, 200, -0.0413854718208313
12, 1, 13, 194, 306, -0.016544166952371597
12, 1, 14, 195, 257, -0.029189953580498695
12, 1, 15, 200, 229, -0.03941500559449196
12, 1, 16, 208, 206, -0.045978106558322906
12, 1, 17, 175, 318, -0.03423822671175003
12, 1, 18, 175, 281, -0.04277146980166435
12, 1, 19, 179, 259, -0.043954990804195404
12, 1, 20, 184, 239, -0.044314343482255936
13, 0, 0, 525, 434, 3.258823539908917e-07
13, 0, 1, 483, 413, -0.010787514969706535
13, 0, 2, 449, 387, -0.023006223142147064
13, 0, 3, 416, 379, -0.0388270728290081
13, 0, 4, 388, 378, -0.055582962930202484
13, 0, 5, 475, 322, -3.615156310843304e-05
13, 0, 6, 467, 276, -0.02068423107266426
13, 0, 7, 455, 252, -0.04127884656190872
13, 0, 8, 440, 233, -0.05625229701399803
13, 0, 9, 490, 320, -0.012414628639817238
13, 0, 10, 481, 272, -0.029514819383621216
13, 0, 11, 466, 243, -0.04612944647669792
13, 0, 12, 449, 221, -0.058497071266174316
13, 0, 13, 507, 324, -0.028834965080022812
13, 0, 14, 501, 275, -0.043426088988780975
13, 0, 15, 491, 247, -0.053267113864421844
13, 0, 16, 477, 224, -0.06049873307347298
13, 0, 17, 524, 336, -0.04755902290344238
13, 0, 18, 524, 300, -0.058432649821043015
13, 0, 19, 517, 278, -0.0607965886592865
13, 0, 20, 508, 260, -0.06257175654172897
13, 1, 0, 185, 415, 4.754285782837542e-07
13, 1, 1, 228, 394, -0.009054658003151417
13, 1, 2, 261, 360, -0.013137073256075382
13, 1, 3, 290, 344, -0.02119516022503376
13, 1, 4, 318, 343, -0.02989172749221325
13, 1, 5, 232, 297, 0.01285976730287075
13, 1, 6, 240, 253, -0.00047765442286618054
13, 1, 7, 248, 227, -0.01633503846824169
13, 1, 8, 256, 205, -0.027581464499235153
13, 1, 9, 214, 293, 0.003201326122507453
13, 1, 10, 220, 244, -0.006037605926394463
13, 1, 11, 227, 213, -0.019486792385578156
13, 1, 12, 235, 187, -0.029110495001077652
13, 1, 13, 196, 295, -0.010457788594067097
13, 1, 14, 201, 248, -0.019219815731048584
13, 1, 15, 206, 218, -0.02827916480600834
13, 1, 16, 213, 195, -0.03412019833922386
13, 1, 17, 176, 304, -0.02657269686460495
13, 1, 18, 176, 269, -0.03223893418908119
13, 1, 19, 179, 245, -0.032744619995355606
13, 1, 20, 184, 225, -0.032655008137226105
14, 0, 0, 525, 435, 3.0375505843949213e-07
14, 0, 1, 484, 413, -0.012007425539195538
14, 0, 2, 449, 385, -0.02655828185379505
14, 0, 3, 416, 377, -0.044165756553411484
14, 0, 4, 386, 374, -0.06260888278484344
14, 0, 5, 481, 316, -0.0053075761534273624
14, 0, 6, 472, 269, -0.028432389721274376
14, 0, 7, 459, 246, -0.05076969042420387
14, 0, 8, 442, 231, -0.06614020466804504
14, 0, 9, 497, 316, -0.017431030049920082
14, 0, 10, 488, 267, -0.03648585081100464
14, 0, 11, 471, 240, -0.053932271897792816
14, 0, 12, 452, 220, -0.06623266637325287
14, 0, 13, 515, 323, -0.033436454832553864
14, 0, 14, 509, 273, -0.04916977882385254
14, 0, 15, 497, 246, -0.05912817642092705
14, 0, 16, 482, 225, -0.06605963408946991
14, 0, 17, 532, 338, -0.051685452461242676
14, 0, 18, 532, 300, -0.06384497880935669
14, 0, 19, 525, 276, -0.06697002798318863
14, 0, 20, 515, 256, -0.06877568364143372
14, 1, 0, 186, 416, 3.913802117949672e-07
14, 1, 1, 226, 391, -0.007138455286622047
14, 1, 2, 258, 355, -0.013024049811065197
14, 1, 3, 287, 338, -0.023271525278687477
14, 1, 4, 314, 333, -0.0351320281624794
14, 1, 5, 228, 293, 0.00855440367013216
14, 1, 6, 235, 250, -0.009392199106514454
14, 1, 7, 243, 225, -0.028422286733984947
14, 1, 8, 252, 204, -0.04186225309967995
14, 1, 9, 210, 291, -0.003967646975070238
14, 1, 10, 213, 243, -0.01843484304845333
14, 1, 11, 221, 214, -0.03435155376791954
14, 1, 12, 230, 190, -0.04561521112918854
14, 1, 13, 191, 297, -0.02032775990664959
14, 1, 14, 193, 249, -0.034464601427316666
14, 1, 15, 200, 218, -0.04535112902522087
14, 1, 16, 210, 194, -0.052311692386865616
14, 1, 17, 172, 310, -0.038576558232307434
14, 1, 18, 170, 273, -0.04914074018597603
14, 1, 19, 174, 248, -0.0520310178399086
14, 1, 20, 180, 226, -0.05361125245690346
15, 0, 0, 533, 436, 1.58775833369873e-07
15, 0, 1, 492, 409, -0.004465612582862377
15, 0, 2, 459, 377, -0.015209832228720188
15, 0, 3, 428, 366, -0.031163370236754417
15, 0, 4, 402, 365, -0.047958239912986755
15, 0, 5, 494, 312, 0.009099532850086689
15, 0, 6, 493, 265, -0.01444698590785265
15, 0, 7, 480, 242, -0.038584887981414795
15, 0, 8, 461, 232, -0.054188091307878494
15, 0, 9, 509, 315, -0.005923388060182333
15, 0, 10, 506, 267, -0.026123464107513428
15, 0, 11, 488, 242, -0.045282311737537384
15, 0, 12, 465, 229, -0.05758748576045036
15, 0, 13, 524, 323, -0.024844327941536903
15, 0, 14, 519, 275, -0.03890790045261383
15, 0, 15, 503, 250, -0.047666117548942566
15, 0, 16, 483, 235, -0.052856381982564926
15, 0, 17, 540, 337, -0.04579798877239227
15, 0, 18, 538, 299, -0.05423209071159363
15, 0, 19, 528, 275, -0.05546701326966286
15, 0, 20, 515, 258, -0.05566183850169182
15, 1, 0, 187, 420, 2.8484205927270523e-07
15, 1, 1, 225, 388, -0.0020516905933618546
15, 1, 2, 251, 350, -0.005197009537369013
15, 1, 3, 279, 330, -0.014434476383030415
15, 1, 4, 306, 322, -0.02445458434522152
15, 1, 5, 211, 291, 0.02524251490831375
15, 1, 6, 204, 248, 0.010936399921774864
15, 1, 7, 206, 221, -0.0069481669925153255
15, 1, 8, 211, 199, -0.020333444699645042
15, 1, 9, 195, 293, 0.009845052845776081
15, 1, 10, 188, 247, -0.002147626830264926
15, 1, 11, 193, 217, -0.018691962584853172
15, 1, 12, 203, 195, -0.030865157023072243
15, 1, 13, 181, 301, -0.010017137974500656
15, 1, 14, 173, 255, -0.02285800874233246
15, 1, 15, 180, 226, -0.032929208129644394
15, 1, 16, 190, 205, -0.03927016258239746
15, 1, 17, 169, 316, -0.031968776136636734
15, 1, 18, 163, 280, -0.04116332530975342
15, 1, 19, 166, 255, -0.04375327751040459
15, 1, 20, 172, 235, -0.04538382217288017
16, 0, 0, 548, 440, -2.522997988307907e-07
16, 0, 1, 508, 403, 0.02190934494137764
16, 0, 2, 481, 367, 0.02968335524201393
16, 0, 3, 454, 350, 0.02803710103034973
16, 0, 4, 429, 342, 0.02641291916370392
16, 0, 5, 523, 320, 0.056775957345962524
16, 0, 6, 515, 280, 0.0536794513463974
16, 0, 7, 500, 261, 0.042741045355796814
16, 0, 8, 483, 253, 0.03479813411831856
16, 0, 9, 535, 321, 0.036792781203985214
16, 0, 10, 525, 280, 0.03660844638943672
16, 0, 11, 508, 263, 0.026472613215446472
16, 0, 12, 489, 256, 0.017947381362318993
16, 0, 13, 544, 326, 0.013618357479572296
16, 0, 14, 535, 286, 0.01502334326505661
16, 0, 15, 518, 270, 0.011416072025895119
16, 0, 16, 500, 263, 0.007392113097012043
16, 0, 17, 551, 333, -0.009544583037495613
16, 0, 18, 541, 300, -0.006276828236877918
16, 0, 19, 527, 284, -0.004093388561159372
16, 0, 20, 510, 275, -0.0037093372084200382
16, 1, 0, 169, 431, 4.2997484683837683e-08
16, 1, 1, 206, 389, 0.04408063739538193
16, 1, 2, 222, 351, 0.0658174455165863
16, 1, 3, 238, 331, 0.07305815815925598
16, 1, 4, 250, 322, 0.07793286442756653
16, 1, 5, 174, 305, 0.08211348205804825
16, 1, 6, 173, 265, 0.08729145675897598
16, 1, 7, 179, 240, 0.08105534315109253
16, 1, 8, 187, 221, 0.07380393892526627
16, 1, 9, 165, 307, 0.047024015337228775
16, 1, 10, 162, 265, 0.052114278078079224
16, 1, 11, 170, 239, 0.042927876114845276
16, 1, 12, 180, 219, 0.03352218493819237
16, 1, 13, 160, 313, 0.009795460850000381
16, 1, 14, 155, 272, 0.010563699528574944
16, 1, 15, 162, 246, 0.006585369817912579
16, 1, 16, 173, 228, 0.0016981802182272077
16, 1, 17, 162, 321, -0.026539841666817665
16, 1, 18, 155, 283, -0.030503947287797928
16, 1, 19, 157, 258, -0.031286951154470444
16, 1, 20, 163, 239, -0.03318946063518524
17, 0, 0, 584, 451, -5.204619810683653e-07
17, 0, 1, 541, 436, -0.03234340623021126
17, 0, 2, 505, 394, -0.05266692489385605
17, 0, 3, 471, 353, -0.06470414996147156
17, 0, 4, 437, 333, -0.0749892145395279
17, 0, 5, 561, 390, -0.07552875578403473
17, 0, 6, 522, 359, -0.11360274255275726
17, 0, 7, 498, 343, -0.13447020947933197
17, 0, 8, 481, 337, -0.1438443958759308
17, 0, 9, 577, 368, -0.06756884604692459
17, 0, 10, 535, 316, -0.10084539651870728
17, 0, 11, 507, 308, -0.10826637595891953
17, 0, 12, 492, 312, -0.11031544953584671
17, 0, 13, 581, 353, -0.05949964001774788
17, 0, 14, 541, 300, -0.09093662351369858
17, 0, 15, 516, 291, -0.09121167659759521
17, 0, 16, 503, 294, -0.08530067652463913
17, 0, 17, 574, 345, -0.051869116723537445
17, 0, 18, 546, 298, -0.07109398394823074
17, 0, 19, 525, 286, -0.06879973411560059
17, 0, 20, 511, 288, -0.06376809626817703
17, 1, 0, 150, 457, 2.442593824980577e-07
17, 1, 1, 191, 396, -0.014889530837535858
17, 1, 2, 218, 341, -0.03340967744588852
17, 1, 3, 243, 305, -0.05215407907962799
17, 1, 4, 269, 277, -0.07209522277116776
17, 1, 5, 150, 343, -0.0518968366086483
17, 1, 6, 133, 312, -0.0861796885728836
17, 1, 7, 148, 302, -0.11179126799106598
17, 1, 8, 168, 296, -0.12978985905647278
17, 1, 9, 142, 372, -0.06490062922239304
17, 1, 10, 141, 351, -0.09596344828605652
17, 1, 11, 166, 338, -0.11345472931861877
17, 1, 12, 189, 329, -0.12866346538066864
17, 1, 13, 146, 406, -0.07889249175786972
17, 1, 14, 159, 388, -0.11197835952043533
17, 1, 15, 181, 370, -0.12422602623701096
17, 1, 16, 200, 354, -0.13365572690963745
17, 1, 17, 159, 441, -0.0937812328338623
17, 1, 18, 175, 429, -0.12032684683799744
17, 1, 19, 192, 417, -0.1262878179550171
17, 1, 20, 207, 404, -0.13128522038459778
18, 0, 0, 553, 455, -7.813068947370994e-08
18, 0, 1, 517, 419, -0.005199889186769724
18, 0, 2, 494, 380, -0.015607192181050777
18, 0, 3, 468, 359, -0.029938720166683197
18, 0, 4, 442, 349, -0.04453270137310028
18, 0, 5, 550, 329, 0.0049329353496432304
18, 0, 6, 550, 300, -0.016371555626392365
18, 0, 7, 534, 284, -0.04001567140221596
18, 0, 8, 515, 277, -0.05646747723221779
18, 0, 9, 567, 338, -0.008747397921979427
18, 0, 10, 563, 305, -0.023891165852546692
18, 0, 11, 543, 288, -0.03910120204091072
18, 0, 12, 521, 281, -0.050810329616069794
18, 0, 13, 579, 355, -0.02575675956904888
18, 0, 14, 569, 323, -0.03945286199450493
18, 0, 15, 548, 308, -0.043724339455366135
18, 0, 16, 527, 301, -0.046432655304670334
18, 0, 17, 582, 379, -0.04453426972031593
18, 0, 18, 570, 354, -0.05492245778441429
18, 0, 19, 554, 339, -0.05497538670897484
18, 0, 20, 539, 330, -0.05427015200257301
18, 1, 0, 179, 434, 3.7750999126728857e-07
18, 1, 1, 208, 397, 0.0030697770416736603
18, 1, 2, 223, 366, -0.004458993207663298
18, 1, 3, 237, 349, -0.017830541357398033
18, 1, 4, 247, 342, -0.03273792937397957
18, 1, 5, 176, 322, 0.01241282932460308
18, 1, 6, 168, 293, -0.004500143229961395
18, 1, 7, 175, 275, -0.024087246507406235
18, 1, 8, 184, 263, -0.037556953728199005
18, 1, 9, 164, 331, -0.003212433075532317
18, 1, 10, 157, 301, -0.012922863475978374
18, 1, 11, 165, 284, -0.027625419199466705
18, 1, 12, 175, 272, -0.03974597528576851
18, 1, 13, 158, 345, -0.020987924188375473
18, 1, 14, 152, 318, -0.030684126541018486
18, 1, 15, 160, 302, -0.03641023859381676
18, 1, 16, 171, 292, -0.04111485928297043
18, 1, 17, 156, 366, -0.0397726371884346
18, 1, 18, 153, 346, -0.0456320121884346
18, 1, 19, 161, 333, -0.04269970580935478
18, 1, 20, 170, 325, -0.04055279865860939
19, 0, 0, 561, 459, 2.3069060262059793e-07
19, 0, 1, 523, 436, -0.01885862834751606
19, 0, 2, 493, 407, -0.042381301522254944
19, 0, 3, 469, 390, -0.06681147962808609
19, 0, 4, 447, 379, -0.09209567308425903
19, 0, 5, 536, 347, -0.03263407200574875
19, 0, 6, 545, 299, -0.07114038616418839
19, 0, 7, 535, 278, -0.10248643159866333
19, 0, 8, 517, 268, -0.12008626759052277
19, 0, 9, 560, 354, -0.044272202998399734
19, 0, 10, 570, 304, -0.07358182966709137
19, 0, 11, 560, 276, -0.09480070322751999
19, 0, 12, 545, 260, -0.10737698525190353
19, 0, 13, 582, 370, -0.05944077670574188
19, 0, 14, 592, 322, -0.08071931451559067
19, 0, 15, 587, 294, -0.09075196832418442
19, 0, 16, 578, 272, -0.09676250070333481
19, 0, 17, 603, 394, -0.07669781893491745
19, 0, 18, 615, 361, -0.09275711327791214
19, 0, 19, 615, 338, -0.09494984894990921
19, 0, 20, 613, 317, -0.09461979568004608
19, 1, 0, 199, 420, 5.466053494274092e-07
19, 1, 1, 229, 398, -0.017211493104696274
19, 1, 2, 251, 364, -0.033012162894010544
19, 1, 3, 278, 349, -0.050978437066078186
19, 1, 4, 308, 346, -0.07056538015604019
19, 1, 5, 204, 308, -0.011780807748436928
19, 1, 6, 190, 272, -0.0350169837474823
19, 1, 7, 191, 248, -0.056022051721811295
19, 1, 8, 199, 230, -0.06980680674314499
19, 1, 9, 188, 314, -0.020788010209798813
19, 1, 10, 174, 274, -0.039865799248218536
19, 1, 11, 177, 247, -0.05735032632946968
19, 1, 12, 186, 228, -0.06898016482591629
19, 1, 13, 175, 327, -0.033408068120479584
19, 1, 14, 161, 286, -0.050405312329530716
19, 1, 15, 163, 260, -0.06146545335650444
19, 1, 16, 172, 241, -0.06724398583173752
19, 1, 17, 164, 346, -0.0485239140689373
19, 1, 18, 151, 312, -0.05985488370060921
19, 1, 19, 150, 288, -0.0628192350268364
19, 1, 20, 155, 267, -0.06382802873849869
20, 0, 0, 578, 468, 4.003281617315224e-07
20, 0, 1, 537, 451, -0.02125379629433155
20, 0, 2, 505, 424, -0.0448625423014164
20, 0, 3, 478, 412, -0.06875669211149216
20, 0, 4, 452, 407, -0.09374455362558365
20, 0, 5, 535, 350, -0.03688768669962883
20, 0, 6, 537, 294, -0.07393035292625427
20, 0, 7, 523, 274, -0.1024196445941925
20, 0, 8, 503, 265, -0.11840487271547318
20, 0, 9, 561, 352, -0.04892127960920334
20, 0, 10, 565, 294, -0.07916109263896942
20, 0, 11, 552, 264, -0.10222519189119339
20, 0, 12, 534, 243, -0.11626392602920532
20, 0, 13, 586, 366, -0.06454524397850037
20, 0, 14, 593, 310, -0.09008783847093582
20, 0, 15, 586, 278, -0.10818248242139816
20, 0, 16, 574, 251, -0.11937077343463898
20, 0, 17, 610, 387, -0.0817093625664711
20, 0, 18, 626, 345, -0.10164099931716919
20, 0, 19, 632, 317, -0.10995479673147202
20, 0, 20, 633, 291, -0.1146029457449913
20, 1, 0, 208, 426, 7.206677423710062e-07
20, 1, 1, 240, 405, -0.02743271179497242
20, 1, 2, 267, 371, -0.0504218228161335
20, 1, 3, 297, 357, -0.07368136942386627
20, 1, 4, 327, 350, -0.09934810549020767
20, 1, 5, 219, 307, -0.030688494443893433
20, 1, 6, 213, 265, -0.06378494948148727
20, 1, 7, 217, 235, -0.09151387959718704
20, 1, 8, 228, 212, -0.10953852534294128
20, 1, 9, 198, 314, -0.03860672935843468
20, 1, 10, 189, 268, -0.06554502993822098
20, 1, 11, 193, 236, -0.08857258409261703
20, 1, 12, 204, 209, -0.10467628389596939
20, 1, 13, 180, 329, -0.050747040659189224
20, 1, 14, 170, 282, -0.07597542554140091
20, 1, 15, 173, 250, -0.09267309308052063
20, 1, 16, 182, 223, -0.10268870741128922
20, 1, 17, 165, 352, -0.06568095833063126
20, 1, 18, 155, 315, -0.08559980988502502
20, 1, 19, 155, 288, -0.09352804720401764
20, 1, 20, 161, 264, -0.09803224354982376
21, 0, 0, 585, 473, 2.552069702232984e-07
21, 0, 1, 546, 454, -0.01393505372107029
21, 0, 2, 514, 424, -0.029630033299326897
21, 0, 3, 487, 410, -0.04704071953892708
21, 0, 4, 462, 403, -0.06589869409799576
21, 0, 5, 545, 347, -0.015190980397164822
21, 0, 6, 541, 300, -0.04249601811170578
21, 0, 7, 527, 278, -0.06770513206720352
21, 0, 8, 510, 264, -0.0841745138168335
21, 0, 9, 569, 347, -0.028579087927937508
21, 0, 10, 568, 293, -0.04798361286520958
21, 0, 11, 556, 264, -0.0667005106806755
21, 0, 12, 540, 243, -0.08051523566246033
21, 0, 13, 592, 357, -0.0455663837492466
21, 0, 14, 597, 304, -0.06173950433731079
21, 0, 15, 591, 274, -0.0731944665312767
21, 0, 16, 580, 252, -0.0821334719657898
21, 0, 17, 613, 378, -0.0645708292722702
21, 0, 18, 621, 339, -0.07807910442352295
21, 0, 19, 621, 312, -0.08175205439329147
21, 0, 20, 616, 290, -0.08437962085008621
21, 1, 0, 206, 436, 6.360678526107222e-07
21, 1, 1, 246, 418, -0.02069767192006111
21, 1, 2, 276, 380, -0.032036785036325455
21, 1, 3, 306, 358, -0.04464039206504822
21, 1, 4, 338, 352, -0.058189380913972855
21, 1, 5, 232, 311, -0.004066824913024902
21, 1, 6, 235, 265, -0.023422420024871826
21, 1, 7, 243, 235, -0.04392152652144432
21, 1, 8, 251, 211, -0.05832888185977936
21, 1, 9, 212, 311, -0.01016190554946661
21, 1, 10, 216, 262, -0.02456040121614933
21, 1, 11, 224, 230, -0.04184237867593765
21, 1, 12, 235, 203, -0.05439697951078415
21, 1, 13, 194, 318, -0.020658040419220924
21, 1, 14, 195, 270, -0.03462273254990578
21, 1, 15, 202, 237, -0.04685097932815552
21, 1, 16, 213, 211, -0.054545193910598755
21, 1, 17, 175, 332, -0.03424420207738876
21, 1, 18, 173, 294, -0.043364349752664566
21, 1, 19, 177, 269, -0.04593696445226669
21, 1, 20, 184, 247, -0.047353364527225494
22, 0, 0, 587, 475, 1.8016541503129702e-07
22, 0, 1, 548, 446, -0.006395519245415926
22, 0, 2, 520, 410, -0.01962459459900856
22, 0, 3, 492, 396, -0.03678063303232193
22, 0, 4, 463, 389, -0.05586997792124748
22, 0, 5, 573, 341, -5.352955486159772e-05
22, 0, 6, 577, 296, -0.025481324642896652
22, 0, 7, 567, 274, -0.05252159759402275
22, 0, 8, 549, 262, -0.07043089717626572
22, 0, 9, 593, 348, -0.01687125489115715
22, 0, 10, 607, 298, -0.03583051636815071
22, 0, 11, 596, 272, -0.05572685971856117
22, 0, 12, 577, 257, -0.06997887045145035
22, 0, 13, 610, 365, -0.03725220635533333
22, 0, 14, 625, 316, -0.050893209874629974
22, 0, 15, 618, 288, -0.058817069977521896
22, 0, 16, 603, 270, -0.06522642821073532
22, 0, 17, 622, 390, -0.05958867445588112
22, 0, 18, 634, 353, -0.07008089125156403
22, 0, 19, 632, 328, -0.07017594575881958
22, 0, 20, 623, 308, -0.07034757733345032
22, 1, 0, 227, 442, 4.943631779497082e-07
22, 1, 1, 264, 416, -0.008144938386976719
22, 1, 2, 292, 377, -0.013843958266079426
22, 1, 3, 323, 357, -0.024490665644407272
22, 1, 4, 354, 348, -0.03578321263194084
22, 1, 5, 242, 315, 0.02045566774904728
22, 1, 6, 243, 271, 0.004271977581083775
22, 1, 7, 251, 242, -0.015013524331152439
22, 1, 8, 261, 218, -0.028816895559430122
22, 1, 9, 227, 314, 0.007547647692263126
22, 1, 10, 229, 266, -0.0037953814025968313
22, 1, 11, 238, 233, -0.019992070272564888
22, 1, 12, 249, 205, -0.031797733157873154
22, 1, 13, 212, 318, -0.010359663516283035
22, 1, 14, 212, 269, -0.021386921405792236
22, 1, 15, 221, 237, -0.0300382561981678
22, 1, 16, 233, 211, -0.03502003103494644
22, 1, 17, 198, 328, -0.031215796247124672
22, 1, 18, 196, 287, -0.03814268857240677
22, 1, 19, 200, 259, -0.03810427337884903
22, 1, 20, 208, 235, -0.03747901692986488
23, 0, 0, 580, 491, 1.963519622449894e-07
23, 0, 1, 549, 449, -0.00231254193931818
23, 0, 2, 530, 401, -0.007476738188415766
23, 0, 3, 508, 378, -0.01745106466114521
23, 0, 4, 481, 369, -0.02926461771130562
23, 0, 5, 598, 357, 0.01249962579458952
23, 0, 6, 622, 318, -0.003959770780056715
23, 0, 7, 624, 293, -0.02325836382806301
23, 0, 8, 616, 277, -0.037314046174287796
23, 0, 9, 615, 371, -0.004110313486307859
23, 0, 10, 639, 328, -0.01604083925485611
23, 0, 11, 638, 302, -0.030704280361533165
23, 0, 12, 628, 285, -0.04188365489244461
23, 0, 13, 627, 393, -0.02435416914522648
23, 0, 14, 648, 353, -0.03624792397022247
23, 0, 15, 649, 327, -0.043446023017168045
23, 0, 16, 642, 310, -0.04888908192515373
23, 0, 17, 630, 421, -0.04595061391592026
23, 0, 18, 645, 394, -0.05682677403092384
23, 0, 19, 647, 373, -0.05762834846973419
23, 0, 20, 644, 355, -0.05848440155386925
23, 1, 0, 233, 447, 3.133740449356992e-07
23, 1, 1, 269, 412, -0.0044896784238517284
23, 1, 2, 296, 374, -0.015633080154657364
23, 1, 3, 328, 356, -0.03213455155491829
23, 1, 4, 358, 347, -0.05059034004807472
23, 1, 5, 256, 326, 0.004963547457009554
23, 1, 6, 253, 281, -0.014819832518696785
23, 1, 7, 253, 253, -0.03473752364516258
23, 1, 8, 254, 232, -0.048775564879179
23, 1, 9, 243, 329, -0.011531004682183266
23, 1, 10, 239, 282, -0.027258630841970444
23, 1, 11, 239, 252, -0.04525946080684662
23, 1, 12, 240, 231, -0.0585249699652195
23, 1, 13, 229, 338, -0.031137855723500252
23, 1, 14, 225, 294, -0.04466544836759567
23, 1, 15, 225, 267, -0.05253304913640022
23, 1, 16, 227, 246, -0.05816642940044403
23, 1, 17, 217, 354, -0.05271197110414505
23, 1, 18, 212, 320, -0.06155240535736084
23, 1, 19, 212, 298, -0.060625724494457245
23, 1, 20, 214, 280, -0.059881631284952164
24, 0, 0, 239, 419, 1.1298535440573687e-07
24, 0, 1, 267, 385, -0.015755560249090195
24, 0, 2, 299, 360, -0.03911888599395752
24, 0, 3, 326, 346, -0.06409495323896408
24, 0, 4, 358, 339, -0.09130414575338364
24, 0, 5, 252, 353, -0.061163660138845444
24, 0, 6, 272, 345, -0.09788652509450912
24, 0, 7, 294, 357, -0.12417256087064743
24, 0, 8, 313, 373, -0.14023983478546143
24, 0, 9, 229, 383, -0.07308082282543182
24, 0, 10, 264, 397, -0.10533260554075241
24, 0, 11, 302, 411, -0.1165442019701004
24, 0, 12, 332, 422, -0.12694554030895233
24, 0, 13, 213, 413, -0.08464912325143814
24, 0, 14, 255, 431, -0.11983788758516312
24, 0, 15, 288, 442, -0.11640680581331253
24, 0, 16, 314, 451, -0.11291496455669403
24, 0, 17, 205, 441, -0.09710106253623962
24, 0, 18, 240, 458, -0.12039948999881744
24, 0, 19, 266, 469, -0.10951002687215805
24, 0, 20, 284, 478, -0.100013367831707
24, 1, 0, 0, 0, 0.0
24, 1, 1, 0, 0, 0.0
24, 1, 2, 0, 0, 0.0
24, 1, 3, 0, 0, 0.0
24, 1, 4, 0, 0, 0.0
24, 1, 5, 0, 0, 0.0
24, 1, 6, 0, 0, 0.0
24, 1, 7, 0, 0, 0.0
24, 1, 8, 0, 0, 0.0
24, 1, 9, 0, 0, 0.0
24, 1, 10, 0, 0, 0.0
24, 1, 11, 0, 0, 0.0
24, 1, 12, 0, 0, 0.0
24, 1, 13, 0, 0, 0.0
24, 1, 14, 0, 0, 0.0
24, 1, 15, 0, 0, 0.0
24, 1, 16, 0, 0, 0.0
24, 1, 17, 0, 0, 0.0
24, 1, 18, 0, 0, 0.0
24, 1, 19, 0, 0, 0.0
24, 1, 20, 0, 0, 0.0
25, 0, 0, 239, 471, 4.48676615860677e-07
25, 0, 1, 262, 431, -0.016087597236037254
25, 0, 2, 288, 396, -0.03869812563061714
25, 0, 3, 312, 376, -0.06214267015457153
25, 0, 4, 337, 366, -0.08894206583499908
25, 0, 5, 251, 386, -0.06731653213500977
25, 0, 6, 276, 366, -0.10720573365688324
25, 0, 7, 310, 364, -0.1333530992269516
25, 0, 8, 346, 366, -0.14908668398857117
25, 0, 9, 233, 417, -0.08067907392978668
25, 0, 10, 281, 414, -0.12339797616004944
25, 0, 11, 328, 419, -0.13597188889980316
25, 0, 12, 365, 426, -0.14273133873939514
25, 0, 13, 224, 451, -0.09410147368907928
25, 0, 14, 271, 455, -0.13428644835948944
25, 0, 15, 313, 460, -0.1343570500612259
25, 0, 16, 346, 466, -0.12990227341651917
25, 0, 17, 224, 482, -0.10856234282255173
25, 0, 18, 258, 494, -0.13083788752555847
25, 0, 19, 284, 499, -0.1231524795293808
25, 0, 20, 303, 504, -0.11524691432714462
25, 1, 0, 0, 0, 0.0
25, 1, 1, 0, 0, 0.0
25, 1, 2, 0, 0, 0.0
25, 1, 3, 0, 0, 0.0
25, 1, 4, 0, 0, 0.0
25, 1, 5, 0, 0, 0.0
25, 1, 6, 0, 0, 0.0
25, 1, 7, 0, 0, 0.0
25, 1, 8, 0, 0, 0.0
25, 1, 9, 0, 0, 0.0
25, 1, 10, 0, 0, 0.0
25, 1, 11, 0, 0, 0.0
25, 1, 12, 0, 0, 0.0
25, 1, 13, 0, 0, 0.0
25, 1, 14, 0, 0, 0.0
25, 1, 15, 0, 0, 0.0
25, 1, 16, 0, 0, 0.0
25, 1, 17, 0, 0, 0.0
25, 1, 18, 0, 0, 0.0
25, 1, 19, 0, 0, 0.0
25, 1, 20, 0, 0, 0.0
26, 0, 0, 223, 490, 8.050910196288896e-07
26, 0, 1, 242, 449, -0.012142964638769627
26, 0, 2, 272, 410, -0.03511640056967735
26, 0, 3, 303, 391, -0.05907144024968147
26, 0, 4, 333, 381, -0.08615723997354507
26, 0, 5, 254, 393, -0.06665150076150894
26, 0, 6, 306, 365, -0.11353947967290878
26, 0, 7, 349, 357, -0.14288635551929474
26, 0, 8, 384, 358, -0.16005682945251465
26, 0, 9, 248, 415, -0.08369182050228119
26, 0, 10, 312, 393, -0.13123631477355957
26, 0, 11, 365, 391, -0.14974547922611237
26, 0, 12, 404, 393, -0.15920336544513702
26, 0, 13, 250, 443, -0.1005440205335617
26, 0, 14, 310, 425, -0.14620894193649292
26, 0, 15, 359, 421, -0.1539180874824524
26, 0, 16, 398, 419, -0.1535162627696991
26, 0, 17, 259, 474, -0.11718300729990005
26, 0, 18, 305, 465, -0.1493661254644394
26, 0, 19, 342, 460, -0.15011855959892273
26, 0, 20, 371, 457, -0.146682471036911
26, 1, 0, 0, 0, 0.0
26, 1, 1, 0, 0, 0.0
26, 1, 2, 0, 0, 0.0
26, 1, 3, 0, 0, 0.0
26, 1, 4, 0, 0, 0.0
26, 1, 5, 0, 0, 0.0
26, 1, 6, 0, 0, 0.0
26, 1, 7, 0, 0, 0.0
26, 1, 8, 0, 0, 0.0
26, 1, 9, 0, 0, 0.0
26, 1, 10, 0, 0, 0.0
26, 1, 11, 0, 0, 0.0
26, 1, 12, 0, 0, 0.0
26, 1, 13, 0, 0, 0.0
26, 1, 14, 0, 0, 0.0
26, 1, 15, 0, 0, 0.0
26, 1, 16, 0, 0, 0.0
26, 1, 17, 0, 0, 0.0
26, 1, 18, 0, 0, 0.0
26, 1, 19, 0, 0, 0.0
26, 1, 20, 0, 0, 0.0
27, 0, 0, 234, 478, 6.338584626064403e-07
27, 0, 1, 258, 448, -0.0055052791722118855
27, 0, 2, 297, 414, -0.014766904525458813
27, 0, 3, 334, 399, -0.02556595206260681
27, 0, 4, 363, 394, -0.03715158626437187
27, 0, 5, 295, 395, -0.027857275679707527
27, 0, 6, 339, 372, -0.05125729367136955
27, 0, 7, 375, 368, -0.0672484040260315
27, 0, 8, 406, 368, -0.07640969753265381
27, 0, 9, 292, 408, -0.03736252710223198
27, 0, 10, 345, 399, -0.061038631945848465
27, 0, 11, 392, 401, -0.07350260764360428
27, 0, 12, 432, 406, -0.07989362627267838
27, 0, 13, 293, 427, -0.046893246471881866
27, 0, 14, 345, 422, -0.06883159279823303
27, 0, 15, 387, 420, -0.07850797474384308
27, 0, 16, 424, 420, -0.08201002329587936
27, 0, 17, 297, 450, -0.05651383101940155
27, 0, 18, 339, 448, -0.07113628834486008
27, 0, 19, 372, 447, -0.0727686956524849
27, 0, 20, 401, 447, -0.0714404508471489
27, 1, 0, 0, 0, 0.0
27, 1, 1, 0, 0, 0.0
27, 1, 2, 0, 0, 0.0
27, 1, 3, 0, 0, 0.0
27, 1, 4, 0, 0, 0.0
27, 1, 5, 0, 0, 0.0
27, 1, 6, 0, 0, 0.0
27, 1, 7, 0, 0, 0.0
27, 1, 8, 0, 0, 0.0
27, 1, 9, 0, 0, 0.0
27, 1, 10, 0, 0, 0.0
27, 1, 11, 0, 0, 0.0
27, 1, 12, 0, 0, 0.0
27, 1, 13, 0, 0, 0.0
27, 1, 14, 0, 0, 0.0
27, 1, 15, 0, 0, 0.0
27, 1, 16, 0, 0, 0.0
27, 1, 17, 0, 0, 0.0
27, 1, 18, 0, 0, 0.0
27, 1, 19, 0, 0, 0.0
27, 1, 20, 0, 0, 0.0
28, 0, 0, 244, 473, 6.986994662838697e-07
28, 0, 1, 276, 439, -0.008336315862834454
28, 0, 2, 324, 411, -0.024398773908615112
28, 0, 3, 368, 398, -0.03928780555725098
28, 0, 4, 403, 393, -0.05423867329955101
28, 0, 5, 316, 405, -0.06094843149185181
28, 0, 6, 361, 379, -0.09067601710557938
28, 0, 7, 398, 372, -0.10597706586122513
28, 0, 8, 427, 371, -0.11474674195051193
28, 0, 9, 310, 427, -0.07352403551340103
28, 0, 10, 361, 413, -0.10159645974636078
28, 0, 11, 406, 414, -0.11120204627513885
28, 0, 12, 441, 420, -0.11758224666118622
28, 0, 13, 306, 456, -0.0850636437535286
28, 0, 14, 352, 450, -0.10876716673374176
28, 0, 15, 394, 451, -0.11726177483797073
28, 0, 16, 425, 453, -0.12280842661857605
28, 0, 17, 304, 489, -0.09634124487638474
28, 0, 18, 340, 488, -0.1121356412768364
28, 0, 19, 368, 485, -0.11617309600114822
28, 0, 20, 391, 482, -0.11937182396650314
28, 1, 0, 0, 0, 0.0
28, 1, 1, 0, 0, 0.0
28, 1, 2, 0, 0, 0.0
28, 1, 3, 0, 0, 0.0
28, 1, 4, 0, 0, 0.0
28, 1, 5, 0, 0, 0.0
28, 1, 6, 0, 0, 0.0
28, 1, 7, 0, 0, 0.0
28, 1, 8, 0, 0, 0.0
28, 1, 9, 0, 0, 0.0
28, 1, 10, 0, 0, 0.0
28, 1, 11, 0, 0, 0.0
28, 1, 12, 0, 0, 0.0
28, 1, 13, 0, 0, 0.0
28, 1, 14, 0, 0, 0.0
28, 1, 15, 0, 0, 0.0
28, 1, 16, 0, 0, 0.0
28, 1, 17, 0, 0, 0.0
28, 1, 18, 0, 0, 0.0
28, 1, 19, 0, 0, 0.0
28, 1, 20, 0, 0, 0.0
29, 0, 0, 261, 472, 7.357241429417627e-07
29, 0, 1, 288, 437, -0.00924274604767561
29, 0, 2, 326, 410, -0.024054106324911118
29, 0, 3, 364, 398, -0.038286302238702774
29, 0, 4, 394, 392, -0.05229952558875084
29, 0, 5, 322, 401, -0.053272031247615814
29, 0, 6, 372, 371, -0.08528066426515579
29, 0, 7, 410, 364, -0.10221366584300995
29, 0, 8, 439, 362, -0.1109134703874588
29, 0, 9, 323, 421, -0.06391730159521103
29, 0, 10, 378, 401, -0.09337666630744934
29, 0, 11, 421, 400, -0.10598444938659668
29, 0, 12, 452, 403, -0.11293361335992813
29, 0, 13, 324, 448, -0.0739855170249939
29, 0, 14, 370, 438, -0.09952140599489212
29, 0, 15, 407, 437, -0.11054994910955429
29, 0, 16, 435, 437, -0.11650512367486954
29, 0, 17, 325, 479, -0.08377889543771744
29, 0, 18, 362, 478, -0.10324098914861679
29, 0, 19, 388, 480, -0.10903666913509369
29, 0, 20, 409, 482, -0.11171741038560867
29, 1, 0, 0, 0, 0.0
29, 1, 1, 0, 0, 0.0
29, 1, 2, 0, 0, 0.0
29, 1, 3, 0, 0, 0.0
29, 1, 4, 0, 0, 0.0
29, 1, 5, 0, 0, 0.0
29, 1, 6, 0, 0, 0.0
29, 1, 7, 0, 0, 0.0
29, 1, 8, 0, 0, 0.0
29, 1, 9, 0, 0, 0.0
29, 1, 10, 0, 0, 0.0
29, 1, 11, 0, 0, 0.0
29, 1, 12, 0, 0, 0.0
29, 1, 13, 0, 0, 0.0
29, 1, 14, 0, 0, 0.0
29, 1, 15, 0, 0, 0.0
29, 1, 16, 0, 0, 0.0
29, 1, 17, 0, 0, 0.0
29, 1, 18, 0, 0, 0.0
29, 1, 19, 0, 0, 0.0
29, 1, 20, 0, 0, 0.0
30, 0, 0, 270, 467, 7.949498694870272e-07
30, 0, 1, 293, 429, -0.013178171589970589
30, 0, 2, 331, 403, -0.03145363926887512
30, 0, 3, 370, 395, -0.04699118807911873
30, 0, 4, 400, 395, -0.06224369257688522
30, 0, 5, 333, 399, -0.06402341276407242
30, 0, 6, 383, 372, -0.0960032120347023
30, 0, 7, 420, 363, -0.11331149935722351
30, 0, 8, 450, 359, -0.12211605906486511
30, 0, 9, 337, 424, -0.0713857114315033
30, 0, 10, 398, 406, -0.09865419566631317
30, 0, 11, 442, 402, -0.10917162895202637
30, 0, 12, 475, 402, -0.11531753838062286
30, 0, 13, 341, 453, -0.07776110619306564
30, 0, 14, 400, 443, -0.09986072033643723
30, 0, 15, 442, 439, -0.1077406257390976
30, 0, 16, 473, 438, -0.11177445948123932
30, 0, 17, 346, 481, -0.08402209728956223
30, 0, 18, 396, 480, -0.09990157932043076
30, 0, 19, 430, 478, -0.10361456125974655
30, 0, 20, 458, 476, -0.10485491156578064
30, 1, 0, 0, 0, 0.0
30, 1, 1, 0, 0, 0.0
30, 1, 2, 0, 0, 0.0
30, 1, 3, 0, 0, 0.0
30, 1, 4, 0, 0, 0.0
30, 1, 5, 0, 0, 0.0
30, 1, 6, 0, 0, 0.0
30, 1, 7, 0, 0, 0.0
30, 1, 8, 0, 0, 0.0
30, 1, 9, 0, 0, 0.0
30, 1, 10, 0, 0, 0.0
30, 1, 11, 0, 0, 0.0
30, 1, 12, 0, 0, 0.0
30, 1, 13, 0, 0, 0.0
30, 1, 14, 0, 0, 0.0
30, 1, 15, 0, 0, 0.0
30, 1, 16, 0, 0, 0.0
30, 1, 17, 0, 0, 0.0
30, 1, 18, 0, 0, 0.0
30, 1, 19, 0, 0, 0.0
30, 1, 20, 0, 0, 0.0
31, 0, 0, 280, 447, 7.916847266642435e-07
31, 0, 1, 302, 405, -0.015358041040599346
31, 0, 2, 340, 382, -0.034309424459934235
31, 0, 3, 380, 380, -0.049379974603652954
31, 0, 4, 408, 386, -0.06450400501489639
31, 0, 5, 337, 385, -0.06512289494276047
31, 0, 6, 392, 369, -0.09220880270004272
31, 0, 7, 427, 363, -0.10442674905061722
31, 0, 8, 455, 360, -0.11016283184289932
31, 0, 9, 346, 415, -0.06984883546829224
31, 0, 10, 414, 406, -0.09310778975486755
31, 0, 11, 455, 402, -0.10119514167308807
31, 0, 12, 486, 402, -0.10690809041261673
31, 0, 13, 355, 444, -0.07325534522533417
31, 0, 14, 418, 438, -0.09146621078252792
31, 0, 15, 456, 434, -0.09860549867153168
31, 0, 16, 484, 431, -0.10316391289234161
31, 0, 17, 362, 468, -0.07673965394496918
31, 0, 18, 413, 467, -0.08862117677927017
31, 0, 19, 443, 463, -0.09184927493333817
31, 0, 20, 467, 459, -0.09397757053375244
31, 1, 0, 0, 0, 0.0
31, 1, 1, 0, 0, 0.0
31, 1, 2, 0, 0, 0.0
31, 1, 3, 0, 0, 0.0
31, 1, 4, 0, 0, 0.0
31, 1, 5, 0, 0, 0.0
31, 1, 6, 0, 0, 0.0
31, 1, 7, 0, 0, 0.0
31, 1, 8, 0, 0, 0.0
31, 1, 9, 0, 0, 0.0
31, 1, 10, 0, 0, 0.0
31, 1, 11, 0, 0, 0.0
31, 1, 12, 0, 0, 0.0
31, 1, 13, 0, 0, 0.0
31, 1, 14, 0, 0, 0.0
31, 1, 15, 0, 0, 0.0
31, 1, 16, 0, 0, 0.0
31, 1, 17, 0, 0, 0.0
31, 1, 18, 0, 0, 0.0
31, 1, 19, 0, 0, 0.0
31, 1, 20, 0, 0, 0.0
32, 0, 0, 275, 437, 5.936414595453243e-07
32, 0, 1, 296, 398, -0.015684138983488083
32, 0, 2, 334, 371, -0.031716566532850266
32, 0, 3, 373, 360, -0.045116547495126724
32, 0, 4, 403, 359, -0.05837834253907204
32, 0, 5, 335, 371, -0.05434752628207207
32, 0, 6, 384, 356, -0.08371614664793015
32, 0, 7, 417, 349, -0.09914105385541916
32, 0, 8, 444, 344, -0.10769421607255936
32, 0, 9, 341, 394, -0.060643505305051804
32, 0, 10, 399, 384, -0.08892175555229187
32, 0, 11, 440, 380, -0.10237014293670654
32, 0, 12, 471, 378, -0.11050695180892944
32, 0, 13, 347, 422, -0.06656453013420105
32, 0, 14, 403, 414, -0.0910831019282341
32, 0, 15, 442, 411, -0.10270045697689056
32, 0, 16, 472, 408, -0.10861894488334656
32, 0, 17, 352, 448, -0.0727410614490509
32, 0, 18, 399, 446, -0.09183251112699509
32, 0, 19, 429, 443, -0.10006976127624512
32, 0, 20, 455, 440, -0.10430949181318283
32, 1, 0, 0, 0, 0.0
32, 1, 1, 0, 0, 0.0
32, 1, 2, 0, 0, 0.0
32, 1, 3, 0, 0, 0.0
32, 1, 4, 0, 0, 0.0
32, 1, 5, 0, 0, 0.0
32, 1, 6, 0, 0, 0.0
32, 1, 7, 0, 0, 0.0
32, 1, 8, 0, 0, 0.0
32, 1, 9, 0, 0, 0.0
32, 1, 10, 0, 0, 0.0
32, 1, 11, 0, 0, 0.0
32, 1, 12, 0, 0, 0.0
32, 1, 13, 0, 0, 0.0
32, 1, 14, 0, 0, 0.0
32, 1, 15, 0, 0, 0.0
32, 1, 16, 0, 0, 0.0
32, 1, 17, 0, 0, 0.0
32, 1, 18, 0, 0, 0.0
32, 1, 19, 0, 0, 0.0
32, 1, 20, 0, 0, 0.0
33, 0, 0, 264, 436, 6.366561251525127e-07
33, 0, 1, 284, 398, -0.009037617594003677
33, 0, 2, 319, 368, -0.022873150184750557
33, 0, 3, 355, 356, -0.03589214012026787
33, 0, 4, 384, 353, -0.048427436500787735
33, 0, 5, 316, 357, -0.044222623109817505
33, 0, 6, 365, 338, -0.07143990695476532
33, 0, 7, 399, 330, -0.0859653428196907
33, 0, 8, 426, 325, -0.09396424144506454
33, 0, 9, 320, 379, -0.05349999666213989
33, 0, 10, 379, 367, -0.0797746330499649
33, 0, 11, 418, 362, -0.09109001606702805
33, 0, 12, 448, 358, -0.09744205325841904
33, 0, 13, 326, 407, -0.06254943460226059
33, 0, 14, 383, 399, -0.08466506004333496
33, 0, 15, 420, 393, -0.0937982052564621
33, 0, 16, 448, 387, -0.09800221025943756
33, 0, 17, 333, 436, -0.07160162925720215
33, 0, 18, 382, 435, -0.08765857666730881
33, 0, 19, 413, 432, -0.09358443319797516
33, 0, 20, 438, 427, -0.09630940854549408
33, 1, 0, 0, 0, 0.0
33, 1, 1, 0, 0, 0.0
33, 1, 2, 0, 0, 0.0
33, 1, 3, 0, 0, 0.0
33, 1, 4, 0, 0, 0.0
33, 1, 5, 0, 0, 0.0
33, 1, 6, 0, 0, 0.0
33, 1, 7, 0, 0, 0.0
33, 1, 8, 0, 0, 0.0
33, 1, 9, 0, 0, 0.0
33, 1, 10, 0, 0, 0.0
33, 1, 11, 0, 0, 0.0
33, 1, 12, 0, 0, 0.0
33, 1, 13, 0, 0, 0.0
33, 1, 14, 0, 0, 0.0
33, 1, 15, 0, 0, 0.0
33, 1, 16, 0, 0, 0.0
33, 1, 17, 0, 0, 0.0
33, 1, 18, 0, 0, 0.0
33, 1, 19, 0, 0, 0.0
33, 1, 20, 0, 0, 0.0
34, 0, 0, 247, 445, 7.318232064790209e-07
34, 0, 1, 271, 411, -0.005230699200183153
34, 0, 2, 304, 378, -0.018298912793397903
34, 0, 3, 337, 360, -0.03235483542084694
34, 0, 4, 364, 353, -0.046910542994737625
34, 0, 5, 299, 359, -0.04449933394789696
34, 0, 6, 343, 331, -0.07728886604309082
34, 0, 7, 379, 322, -0.09646932035684586
34, 0, 8, 407, 320, -0.10649872571229935
34, 0, 9, 296, 376, -0.0573522187769413
34, 0, 10, 350, 354, -0.08809670060873032
34, 0, 11, 391, 347, -0.10166887193918228
34, 0, 12, 423, 346, -0.10793580114841461
34, 0, 13, 297, 403, -0.06973124295473099
34, 0, 14, 348, 386, -0.09621351212263107
34, 0, 15, 384, 377, -0.1051289290189743
34, 0, 16, 411, 371, -0.10816086083650589
34, 0, 17, 301, 434, -0.08195854723453522
34, 0, 18, 347, 430, -0.10048767924308777
34, 0, 19, 374, 427, -0.10396767407655716
34, 0, 20, 397, 425, -0.10386670380830765
34, 1, 0, 0, 0, 0.0
34, 1, 1, 0, 0, 0.0
34, 1, 2, 0, 0, 0.0
34, 1, 3, 0, 0, 0.0
34, 1, 4, 0, 0, 0.0
34, 1, 5, 0, 0, 0.0
34, 1, 6, 0, 0, 0.0
34, 1, 7, 0, 0, 0.0
34, 1, 8, 0, 0, 0.0
34, 1, 9, 0, 0, 0.0
34, 1, 10, 0, 0, 0.0
34, 1, 11, 0, 0, 0.0
34, 1, 12, 0, 0, 0.0
34, 1, 13, 0, 0, 0.0
34, 1, 14, 0, 0, 0.0
34, 1, 15, 0, 0, 0.0
34, 1, 16, 0, 0, 0.0
34, 1, 17, 0, 0, 0.0
34, 1, 18, 0, 0, 0.0
34, 1, 19, 0, 0, 0.0
34, 1, 20, 0, 0, 0.0
35, 0, 0, 238, 462, 6.515641075566236e-07
35, 0, 1, 275, 432, -0.0010088159469887614
35, 0, 2, 312, 400, -0.012206917628645897
35, 0, 3, 342, 381, -0.02597709372639656
35, 0, 4, 364, 367, -0.041054997593164444
35, 0, 5, 284, 363, -0.03676776960492134
35, 0, 6, 326, 335, -0.07085156440734863
35, 0, 7, 358, 327, -0.09355312585830688
35, 0, 8, 386, 325, -0.1074199452996254
35, 0, 9, 275, 378, -0.05593905225396156
35, 0, 10, 323, 349, -0.08842438459396362
35, 0, 11, 359, 341, -0.10734100639820099
35, 0, 12, 389, 339, -0.11886242777109146
35, 0, 13, 270, 405, -0.07474393397569656
35, 0, 14, 312, 379, -0.10634459555149078
35, 0, 15, 343, 369, -0.118635393679142
35, 0, 16, 368, 362, -0.12491349875926971
35, 0, 17, 269, 437, -0.09287115931510925
35, 0, 18, 304, 425, -0.11659598350524902
35, 0, 19, 327, 419, -0.12130280584096909
35, 0, 20, 346, 415, -0.12301758676767349
35, 1, 0, 0, 0, 0.0
35, 1, 1, 0, 0, 0.0
35, 1, 2, 0, 0, 0.0
35, 1, 3, 0, 0, 0.0
35, 1, 4, 0, 0, 0.0
35, 1, 5, 0, 0, 0.0
35, 1, 6, 0, 0, 0.0
35, 1, 7, 0, 0, 0.0
35, 1, 8, 0, 0, 0.0
35, 1, 9, 0, 0, 0.0
35, 1, 10, 0, 0, 0.0
35, 1, 11, 0, 0, 0.0
35, 1, 12, 0, 0, 0.0
35, 1, 13, 0, 0, 0.0
35, 1, 14, 0, 0, 0.0
35, 1, 15, 0, 0, 0.0
35, 1, 16, 0, 0, 0.0
35, 1, 17, 0, 0, 0.0
35, 1, 18, 0, 0, 0.0
35, 1, 19, 0, 0, 0.0
35, 1, 20, 0, 0, 0.0
36, 0, 0, 230, 474, 4.149885626247851e-07
36, 0, 1, 268, 459, -0.001241609686985612
36, 0, 2, 303, 432, -0.006657829042524099
36, 0, 3, 332, 415, -0.015733107924461365
36, 0, 4, 355, 404, -0.023563170805573463
36, 0, 5, 268, 377, 0.007684807293117046
36, 0, 6, 309, 358, -0.008603951893746853
36, 0, 7, 338, 351, -0.02399372309446335
36, 0, 8, 358, 350, -0.034194450825452805
36, 0, 9, 263, 377, -0.0036413250491023064
36, 0, 10, 308, 355, -0.018160661682486534
36, 0, 11, 337, 349, -0.031030848622322083
36, 0, 12, 359, 343, -0.039912570267915726
36, 0, 13, 264, 385, -0.01725422963500023
36, 0, 14, 308, 363, -0.033378053456544876
36, 0, 15, 334, 360, -0.03686656057834625
36, 0, 16, 355, 356, -0.03731927648186684
36, 0, 17, 271, 399, -0.03151374310255051
36, 0, 18, 307, 381, -0.040441691875457764
36, 0, 19, 328, 375, -0.037069834768772125
36, 0, 20, 344, 371, -0.03327171504497528
36, 1, 0, 0, 0, 0.0
36, 1, 1, 0, 0, 0.0
36, 1, 2, 0, 0, 0.0
36, 1, 3, 0, 0, 0.0
36, 1, 4, 0, 0, 0.0
36, 1, 5, 0, 0, 0.0
36, 1, 6, 0, 0, 0.0
36, 1, 7, 0, 0, 0.0
36, 1, 8, 0, 0, 0.0
36, 1, 9, 0, 0, 0.0
36, 1, 10, 0, 0, 0.0
36, 1, 11, 0, 0, 0.0
36, 1, 12, 0, 0, 0.0
36, 1, 13, 0, 0, 0.0
36, 1, 14, 0, 0, 0.0
36, 1, 15, 0, 0, 0.0
36, 1, 16, 0, 0, 0.0
36, 1, 17, 0, 0, 0.0
36, 1, 18, 0, 0, 0.0
36, 1, 19, 0, 0, 0.0
36, 1, 20, 0, 0, 0.0
37, 0, 0, 0, 0, 0.0
37, 0, 1, 0, 0, 0.0
37, 0, 2, 0, 0, 0.0
37, 0, 3, 0, 0, 0.0
37, 0, 4, 0, 0, 0.0
37, 0, 5, 0, 0, 0.0
37, 0, 6, 0, 0, 0.0
37, 0, 7, 0, 0, 0.0
37, 0, 8, 0, 0, 0.0
37, 0, 9, 0, 0, 0.0
37, 0, 10, 0, 0, 0.0
37, 0, 11, 0, 0, 0.0
37, 0, 12, 0, 0, 0.0
37, 0, 13, 0, 0, 0.0
37, 0, 14, 0, 0, 0.0
37, 0, 15, 0, 0, 0.0
37, 0, 16, 0, 0, 0.0
37, 0, 17, 0, 0, 0.0
37, 0, 18, 0, 0, 0.0
37, 0, 19, 0, 0, 0.0
37, 0, 20, 0, 0, 0.0
37, 1, 0, 0, 0, 0.0
37, 1, 1, 0, 0, 0.0
37, 1, 2, 0, 0, 0.0
37, 1, 3, 0, 0, 0.0
37, 1, 4, 0, 0, 0.0
37, 1, 5, 0, 0, 0.0
37, 1, 6, 0, 0, 0.0
37, 1, 7, 0, 0, 0.0
37, 1, 8, 0, 0, 0.0
37, 1, 9, 0, 0, 0.0
37, 1, 10, 0, 0, 0.0
37, 1, 11, 0, 0, 0.0
37, 1, 12, 0, 0, 0.0
37, 1, 13, 0, 0, 0.0
37, 1, 14, 0, 0, 0.0
37, 1, 15, 0, 0, 0.0
37, 1, 16, 0, 0, 0.0
37, 1, 17, 0, 0, 0.0
37, 1, 18, 0, 0, 0.0
37, 1, 19, 0, 0, 0.0
37, 1, 20, 0, 0, 0.0
38, 0, 0, 0, 0, 0.0
38, 0, 1, 0, 0, 0.0
38, 0, 2, 0, 0, 0.0
38, 0, 3, 0, 0, 0.0
38, 0, 4, 0, 0, 0.0
38, 0, 5, 0, 0, 0.0
38, 0, 6, 0, 0, 0.0
38, 0, 7, 0, 0, 0.0
38, 0, 8, 0, 0, 0.0
38, 0, 9, 0, 0, 0.0
38, 0, 10, 0, 0, 0.0
38, 0, 11, 0, 0, 0.0
38, 0, 12, 0, 0, 0.0
38, 0, 13, 0, 0, 0.0
38, 0, 14, 0, 0, 0.0
38, 0, 15, 0, 0, 0.0
38, 0, 16, 0, 0, 0.0
38, 0, 17, 0, 0, 0.0
38, 0, 18, 0, 0, 0.0
38, 0, 19, 0, 0, 0.0
38, 0, 20, 0, 0, 0.0
38, 1, 0, 0, 0, 0.0
38, 1, 1, 0, 0, 0.0
38, 1, 2, 0, 0, 0.0
38, 1, 3, 0, 0, 0.0
38, 1, 4, 0, 0, 0.0
38, 1, 5, 0, 0, 0.0
38, 1, 6, 0, 0, 0.0
38, 1, 7, 0, 0, 0.0
38, 1, 8, 0, 0, 0.0
38, 1, 9, 0, 0, 0.0
38, 1, 10, 0, 0, 0.0
38, 1, 11, 0, 0, 0.0
38, 1, 12, 0, 0, 0.0
38, 1, 13, 0, 0, 0.0
38, 1, 14, 0, 0, 0.0
38, 1, 15, 0, 0, 0.0
38, 1, 16, 0, 0, 0.0
38, 1, 17, 0, 0, 0.0
38, 1, 18, 0, 0, 0.0
38, 1, 19, 0, 0, 0.0
38, 1, 20, 0, 0, 0.0
39, 0, 0, 0, 0, 0.0
39, 0, 1, 0, 0, 0.0
39, 0, 2, 0, 0, 0.0
39, 0, 3, 0, 0, 0.0
39, 0, 4, 0, 0, 0.0
39, 0, 5, 0, 0, 0.0
39, 0, 6, 0, 0, 0.0
39, 0, 7, 0, 0, 0.0
39, 0, 8, 0, 0, 0.0
39, 0, 9, 0, 0, 0.0
39, 0, 10, 0, 0, 0.0
39, 0, 11, 0, 0, 0.0
39, 0, 12, 0, 0, 0.0
39, 0, 13, 0, 0, 0.0
39, 0, 14, 0, 0, 0.0
39, 0, 15, 0, 0, 0.0
39, 0, 16, 0, 0, 0.0
39, 0, 17, 0, 0, 0.0
39, 0, 18, 0, 0, 0.0
39, 0, 19, 0, 0, 0.0
39, 0, 20, 0, 0, 0.0
39, 1, 0, 0, 0, 0.0
39, 1, 1, 0, 0, 0.0
39, 1, 2, 0, 0, 0.0
39, 1, 3, 0, 0, 0.0
39, 1, 4, 0, 0, 0.0
39, 1, 5, 0, 0, 0.0
39, 1, 6, 0, 0, 0.0
39, 1, 7, 0, 0, 0.0
39, 1, 8, 0, 0, 0.0
39, 1, 9, 0, 0, 0.0
39, 1, 10, 0, 0, 0.0
39, 1, 11, 0, 0, 0.0
39, 1, 12, 0, 0, 0.0
39, 1, 13, 0, 0, 0.0
39, 1, 14, 0, 0, 0.0
39, 1, 15, 0, 0, 0.0
39, 1, 16, 0, 0, 0.0
39, 1, 17, 0, 0, 0.0
39, 1, 18, 0, 0, 0.0
39, 1, 19, 0, 0, 0.0
39, 1, 20, 0, 0, 0.0
40, 0, 0, 0, 0, 0.0
40, 0, 1, 0, 0, 0.0
40, 0, 2, 0, 0, 0.0
40, 0, 3, 0, 0, 0.0
40, 0, 4, 0, 0, 0.0
40, 0, 5, 0, 0, 0.0
40, 0, 6, 0, 0, 0.0
40, 0, 7, 0, 0, 0.0
40, 0, 8, 0, 0, 0.0
40, 0, 9, 0, 0, 0.0
40, 0, 10, 0, 0, 0.0
40, 0, 11, 0, 0, 0.0
40, 0, 12, 0, 0, 0.0
40, 0, 13, 0, 0, 0.0
40, 0, 14, 0, 0, 0.0
40, 0, 15, 0, 0, 0.0
40, 0, 16, 0, 0, 0.0
40, 0, 17, 0, 0, 0.0
40, 0, 18, 0, 0, 0.0
40, 0, 19, 0, 0, 0.0
40, 0, 20, 0, 0, 0.0
40, 1, 0, 0, 0, 0.0
40, 1, 1, 0, 0, 0.0
40, 1, 2, 0, 0, 0.0
40, 1, 3, 0, 0, 0.0
40, 1, 4, 0, 0, 0.0
40, 1, 5, 0, 0, 0.0
40, 1, 6, 0, 0, 0.0
40, 1, 7, 0, 0, 0.0
40, 1, 8, 0, 0, 0.0
40, 1, 9, 0, 0, 0.0
40, 1, 10, 0, 0, 0.0
40, 1, 11, 0, 0, 0.0
40, 1, 12, 0, 0, 0.0
40, 1, 13, 0, 0, 0.0
40, 1, 14, 0, 0, 0.0
40, 1, 15, 0, 0, 0.0
40, 1, 16, 0, 0, 0.0
40, 1, 17, 0, 0, 0.0
40, 1, 18, 0, 0, 0.0
40, 1, 19, 0, 0, 0.0
40, 1, 20, 0, 0, 0.0
41, 0, 0, 0, 0, 0.0
41, 0, 1, 0, 0, 0.0
41, 0, 2, 0, 0, 0.0
41, 0, 3, 0, 0, 0.0
41, 0, 4, 0, 0, 0.0
41, 0, 5, 0, 0, 0.0
41, 0, 6, 0, 0, 0.0
41, 0, 7, 0, 0, 0.0
41, 0, 8, 0, 0, 0.0
41, 0, 9, 0, 0, 0.0
41, 0, 10, 0, 0, 0.0
41, 0, 11, 0, 0, 0.0
41, 0, 12, 0, 0, 0.0
41, 0, 13, 0, 0, 0.0
41, 0, 14, 0, 0, 0.0
41, 0, 15, 0, 0, 0.0
41, 0, 16, 0, 0, 0.0
41, 0, 17, 0, 0, 0.0
41, 0, 18, 0, 0, 0.0
41, 0, 19, 0, 0, 0.0
41, 0, 20, 0, 0, 0.0
41, 1, 0, 0, 0, 0.0
41, 1, 1, 0, 0, 0.0
41, 1, 2, 0, 0, 0.0
41, 1, 3, 0, 0, 0.0
41, 1, 4, 0, 0, 0.0
41, 1, 5, 0, 0, 0.0
41, 1, 6, 0, 0, 0.0
41, 1, 7, 0, 0, 0.0
41, 1, 8, 0, 0, 0.0
41, 1, 9, 0, 0, 0.0
41, 1, 10, 0, 0, 0.0
41, 1, 11, 0, 0, 0.0
41, 1, 12, 0, 0, 0.0
41, 1, 13, 0, 0, 0.0
41, 1, 14, 0, 0, 0.0
41, 1, 15, 0, 0, 0.0
41, 1, 16, 0, 0, 0.0
41, 1, 17, 0, 0, 0.0
41, 1, 18, 0, 0, 0.0
41, 1, 19, 0, 0, 0.0
41, 1, 20, 0, 0, 0.0
42, 0, 0, 0, 0, 0.0
42, 0, 1, 0, 0, 0.0
42, 0, 2, 0, 0, 0.0
42, 0, 3, 0, 0, 0.0
42, 0, 4, 0, 0, 0.0
42, 0, 5, 0, 0, 0.0
42, 0, 6, 0, 0, 0.0
42, 0, 7, 0, 0, 0.0
42, 0, 8, 0, 0, 0.0
42, 0, 9, 0, 0, 0.0
42, 0, 10, 0, 0, 0.0
42, 0, 11, 0, 0, 0.0
42, 0, 12, 0, 0, 0.0
42, 0, 13, 0, 0, 0.0
42, 0, 14, 0, 0, 0.0
42, 0, 15, 0, 0, 0.0
42, 0, 16, 0, 0, 0.0
42, 0, 17, 0, 0, 0.0
42, 0, 18, 0, 0, 0.0
42, 0, 19, 0, 0, 0.0
42, 0, 20, 0, 0, 0.0
42, 1, 0, 0, 0, 0.0
42, 1, 1, 0, 0, 0.0
42, 1, 2, 0, 0, 0.0
42, 1, 3, 0, 0, 0.0
42, 1, 4, 0, 0, 0.0
42, 1, 5, 0, 0, 0.0
42, 1, 6, 0, 0, 0.0
42, 1, 7, 0, 0, 0.0
42, 1, 8, 0, 0, 0.0
42, 1, 9, 0, 0, 0.0
42, 1, 10, 0, 0, 0.0
42, 1, 11, 0, 0, 0.0
42, 1, 12, 0, 0, 0.0
42, 1, 13, 0, 0, 0.0
42, 1, 14, 0, 0, 0.0
42, 1, 15, 0, 0, 0.0
42, 1, 16, 0, 0, 0.0
42, 1, 17, 0, 0, 0.0
42, 1, 18, 0, 0, 0.0
42, 1, 19, 0, 0, 0.0
42, 1, 20, 0, 0, 0.0
43, 0, 0, 0, 0, 0.0
43, 0, 1, 0, 0, 0.0
43, 0, 2, 0, 0, 0.0
43, 0, 3, 0, 0, 0.0
43, 0, 4, 0, 0, 0.0
43, 0, 5, 0, 0, 0.0
43, 0, 6, 0, 0, 0.0
43, 0, 7, 0, 0, 0.0
43, 0, 8, 0, 0, 0.0
43, 0, 9, 0, 0, 0.0
43, 0, 10, 0, 0, 0.0
43, 0, 11, 0, 0, 0.0
43, 0, 12, 0, 0, 0.0
43, 0, 13, 0, 0, 0.0
43, 0, 14, 0, 0, 0.0
43, 0, 15, 0, 0, 0.0
43, 0, 16, 0, 0, 0.0
43, 0, 17, 0, 0, 0.0
43, 0, 18, 0, 0, 0.0
43, 0, 19, 0, 0, 0.0
43, 0, 20, 0, 0, 0.0
43, 1, 0, 0, 0, 0.0
43, 1, 1, 0, 0, 0.0
43, 1, 2, 0, 0, 0.0
43, 1, 3, 0, 0, 0.0
43, 1, 4, 0, 0, 0.0
43, 1, 5, 0, 0, 0.0
43, 1, 6, 0, 0, 0.0
43, 1, 7, 0, 0, 0.0
43, 1, 8, 0, 0, 0.0
43, 1, 9, 0, 0, 0.0
43, 1, 10, 0, 0, 0.0
43, 1, 11, 0, 0, 0.0
43, 1, 12, 0, 0, 0.0
43, 1, 13, 0, 0, 0.0
43, 1, 14, 0, 0, 0.0
43, 1, 15, 0, 0, 0.0
43, 1, 16, 0, 0, 0.0
43, 1, 17, 0, 0, 0.0
43, 1, 18, 0, 0, 0.0
43, 1, 19, 0, 0, 0.0
43, 1, 20, 0, 0, 0.0
44, 0, 0, 0, 0, 0.0
44, 0, 1, 0, 0, 0.0
44, 0, 2, 0, 0, 0.0
44, 0, 3, 0, 0, 0.0
44, 0, 4, 0, 0, 0.0
44, 0, 5, 0, 0, 0.0
44, 0, 6, 0, 0, 0.0
44, 0, 7, 0, 0, 0.0
44, 0, 8, 0, 0, 0.0
44, 0, 9, 0, 0, 0.0
44, 0, 10, 0, 0, 0.0
44, 0, 11, 0, 0, 0.0
44, 0, 12, 0, 0, 0.0
44, 0, 13, 0, 0, 0.0
44, 0, 14, 0, 0, 0.0
44, 0, 15, 0, 0, 0.0
44, 0, 16, 0, 0, 0.0
44, 0, 17, 0, 0, 0.0
44, 0, 18, 0, 0, 0.0
44, 0, 19, 0, 0, 0.0
44, 0, 20, 0, 0, 0.0
44, 1, 0, 0, 0, 0.0
44, 1, 1, 0, 0, 0.0
44, 1, 2, 0, 0, 0.0
44, 1, 3, 0, 0, 0.0
44, 1, 4, 0, 0, 0.0
44, 1, 5, 0, 0, 0.0
44, 1, 6, 0, 0, 0.0
44, 1, 7, 0, 0, 0.0
44, 1, 8, 0, 0, 0.0
44, 1, 9, 0, 0, 0.0
44, 1, 10, 0, 0, 0.0
44, 1, 11, 0, 0, 0.0
44, 1, 12, 0, 0, 0.0
44, 1, 13, 0, 0, 0.0
44, 1, 14, 0, 0, 0.0
44, 1, 15, 0, 0, 0.0
44, 1, 16, 0, 0, 0.0
44, 1, 17, 0, 0, 0.0
44, 1, 18, 0, 0, 0.0
44, 1, 19, 0, 0, 0.0
44, 1, 20, 0, 0, 0.0
45, 0, 0, 0, 0, 0.0
45, 0, 1, 0, 0, 0.0
45, 0, 2, 0, 0, 0.0
45, 0, 3, 0, 0, 0.0
45, 0, 4, 0, 0, 0.0
45, 0, 5, 0, 0, 0.0
45, 0, 6, 0, 0, 0.0
45, 0, 7, 0, 0, 0.0
45, 0, 8, 0, 0, 0.0
45, 0, 9, 0, 0, 0.0
45, 0, 10, 0, 0, 0.0
45, 0, 11, 0, 0, 0.0
45, 0, 12, 0, 0, 0.0
45, 0, 13, 0, 0, 0.0
45, 0, 14, 0, 0, 0.0
45, 0, 15, 0, 0, 0.0
45, 0, 16, 0, 0, 0.0
45, 0, 17, 0, 0, 0.0
45, 0, 18, 0, 0, 0.0
45, 0, 19, 0, 0, 0.0
45, 0, 20, 0, 0, 0.0
45, 1, 0, 0, 0, 0.0
45, 1, 1, 0, 0, 0.0
45, 1, 2, 0, 0, 0.0
45, 1, 3, 0, 0, 0.0
45, 1, 4, 0, 0, 0.0
45, 1, 5, 0, 0, 0.0
45, 1, 6, 0, 0, 0.0
45, 1, 7, 0, 0, 0.0
45, 1, 8, 0, 0, 0.0
45, 1, 9, 0, 0, 0.0
45, 1, 10, 0, 0, 0.0
45, 1, 11, 0, 0, 0.0
45, 1, 12, 0, 0, 0.0
45, 1, 13, 0, 0, 0.0
45, 1, 14, 0, 0, 0.0
45, 1, 15, 0, 0, 0.0
45, 1, 16, 0, 0, 0.0
45, 1, 17, 0, 0, 0.0
45, 1, 18, 0, 0, 0.0
45, 1, 19, 0, 0, 0.0
45, 1, 20, 0, 0, 0.0
