0, 0, 0, 0, 0, 0.0
0, 0, 1, 0, 0, 0.0
0, 0, 2, 0, 0, 0.0
0, 0, 3, 0, 0, 0.0
0, 0, 4, 0, 0, 0.0
0, 0, 5, 0, 0, 0.0
0, 0, 6, 0, 0, 0.0
0, 0, 7, 0, 0, 0.0
0, 0, 8, 0, 0, 0.0
0, 0, 9, 0, 0, 0.0
0, 0, 10, 0, 0, 0.0
0, 0, 11, 0, 0, 0.0
0, 0, 12, 0, 0, 0.0
0, 0, 13, 0, 0, 0.0
0, 0, 14, 0, 0, 0.0
0, 0, 15, 0, 0, 0.0
0, 0, 16, 0, 0, 0.0
0, 0, 17, 0, 0, 0.0
0, 0, 18, 0, 0, 0.0
0, 0, 19, 0, 0, 0.0
0, 0, 20, 0, 0, 0.0
0, 1, 0, 0, 0, 0.0
0, 1, 1, 0, 0, 0.0
0, 1, 2, 0, 0, 0.0
0, 1, 3, 0, 0, 0.0
0, 1, 4, 0, 0, 0.0
0, 1, 5, 0, 0, 0.0
0, 1, 6, 0, 0, 0.0
0, 1, 7, 0, 0, 0.0
0, 1, 8, 0, 0, 0.0
0, 1, 9, 0, 0, 0.0
0, 1, 10, 0, 0, 0.0
0, 1, 11, 0, 0, 0.0
0, 1, 12, 0, 0, 0.0
0, 1, 13, 0, 0, 0.0
0, 1, 14, 0, 0, 0.0
0, 1, 15, 0, 0, 0.0
0, 1, 16, 0, 0, 0.0
0, 1, 17, 0, 0, 0.0
0, 1, 18, 0, 0, 0.0
0, 1, 19, 0, 0, 0.0
0, 1, 20, 0, 0, 0.0
1, 0, 0, 0, 0, 0.0
1, 0, 1, 0, 0, 0.0
1, 0, 2, 0, 0, 0.0
1, 0, 3, 0, 0, 0.0
1, 0, 4, 0, 0, 0.0
1, 0, 5, 0, 0, 0.0
1, 0, 6, 0, 0, 0.0
1, 0, 7, 0, 0, 0.0
1, 0, 8, 0, 0, 0.0
1, 0, 9, 0, 0, 0.0
1, 0, 10, 0, 0, 0.0
1, 0, 11, 0, 0, 0.0
1, 0, 12, 0, 0, 0.0
1, 0, 13, 0, 0, 0.0
1, 0, 14, 0, 0, 0.0
1, 0, 15, 0, 0, 0.0
1, 0, 16, 0, 0, 0.0
1, 0, 17, 0, 0, 0.0
1, 0, 18, 0, 0, 0.0
1, 0, 19, 0, 0, 0.0
1, 0, 20, 0, 0, 0.0
1, 1, 0, 0, 0, 0.0
1, 1, 1, 0, 0, 0.0
1, 1, 2, 0, 0, 0.0
1, 1, 3, 0, 0, 0.0
1, 1, 4, 0, 0, 0.0
1, 1, 5, 0, 0, 0.0
1, 1, 6, 0, 0, 0.0
1, 1, 7, 0, 0, 0.0
1, 1, 8, 0, 0, 0.0
1, 1, 9, 0, 0, 0.0
1, 1, 10, 0, 0, 0.0
1, 1, 11, 0, 0, 0.0
1, 1, 12, 0, 0, 0.0
1, 1, 13, 0, 0, 0.0
1, 1, 14, 0, 0, 0.0
1, 1, 15, 0, 0, 0.0
1, 1, 16, 0, 0, 0.0
1, 1, 17, 0, 0, 0.0
1, 1, 18, 0, 0, 0.0
1, 1, 19, 0, 0, 0.0
1, 1, 20, 0, 0, 0.0
2, 0, 0, 0, 0, 0.0
2, 0, 1, 0, 0, 0.0
2, 0, 2, 0, 0, 0.0
2, 0, 3, 0, 0, 0.0
2, 0, 4, 0, 0, 0.0
2, 0, 5, 0, 0, 0.0
2, 0, 6, 0, 0, 0.0
2, 0, 7, 0, 0, 0.0
2, 0, 8, 0, 0, 0.0
2, 0, 9, 0, 0, 0.0
2, 0, 10, 0, 0, 0.0
2, 0, 11, 0, 0, 0.0
2, 0, 12, 0, 0, 0.0
2, 0, 13, 0, 0, 0.0
2, 0, 14, 0, 0, 0.0
2, 0, 15, 0, 0, 0.0
2, 0, 16, 0, 0, 0.0
2, 0, 17, 0, 0, 0.0
2, 0, 18, 0, 0, 0.0
2, 0, 19, 0, 0, 0.0
2, 0, 20, 0, 0, 0.0
2, 1, 0, 0, 0, 0.0
2, 1, 1, 0, 0, 0.0
2, 1, 2, 0, 0, 0.0
2, 1, 3, 0, 0, 0.0
2, 1, 4, 0, 0, 0.0
2, 1, 5, 0, 0, 0.0
2, 1, 6, 0, 0, 0.0
2, 1, 7, 0, 0, 0.0
2, 1, 8, 0, 0, 0.0
2, 1, 9, 0, 0, 0.0
2, 1, 10, 0, 0, 0.0
2, 1, 11, 0, 0, 0.0
2, 1, 12, 0, 0, 0.0
2, 1, 13, 0, 0, 0.0
2, 1, 14, 0, 0, 0.0
2, 1, 15, 0, 0, 0.0
2, 1, 16, 0, 0, 0.0
2, 1, 17, 0, 0, 0.0
2, 1, 18, 0, 0, 0.0
2, 1, 19, 0, 0, 0.0
2, 1, 20, 0, 0, 0.0
3, 0, 0, 0, 0, 0.0
3, 0, 1, 0, 0, 0.0
3, 0, 2, 0, 0, 0.0
3, 0, 3, 0, 0, 0.0
3, 0, 4, 0, 0, 0.0
3, 0, 5, 0, 0, 0.0
3, 0, 6, 0, 0, 0.0
3, 0, 7, 0, 0, 0.0
3, 0, 8, 0, 0, 0.0
3, 0, 9, 0, 0, 0.0
3, 0, 10, 0, 0, 0.0
3, 0, 11, 0, 0, 0.0
3, 0, 12, 0, 0, 0.0
3, 0, 13, 0, 0, 0.0
3, 0, 14, 0, 0, 0.0
3, 0, 15, 0, 0, 0.0
3, 0, 16, 0, 0, 0.0
3, 0, 17, 0, 0, 0.0
3, 0, 18, 0, 0, 0.0
3, 0, 19, 0, 0, 0.0
3, 0, 20, 0, 0, 0.0
3, 1, 0, 0, 0, 0.0
3, 1, 1, 0, 0, 0.0
3, 1, 2, 0, 0, 0.0
3, 1, 3, 0, 0, 0.0
3, 1, 4, 0, 0, 0.0
3, 1, 5, 0, 0, 0.0
3, 1, 6, 0, 0, 0.0
3, 1, 7, 0, 0, 0.0
3, 1, 8, 0, 0, 0.0
3, 1, 9, 0, 0, 0.0
3, 1, 10, 0, 0, 0.0
3, 1, 11, 0, 0, 0.0
3, 1, 12, 0, 0, 0.0
3, 1, 13, 0, 0, 0.0
3, 1, 14, 0, 0, 0.0
3, 1, 15, 0, 0, 0.0
3, 1, 16, 0, 0, 0.0
3, 1, 17, 0, 0, 0.0
3, 1, 18, 0, 0, 0.0
3, 1, 19, 0, 0, 0.0
3, 1, 20, 0, 0, 0.0
4, 0, 0, 0, 0, 0.0
4, 0, 1, 0, 0, 0.0
4, 0, 2, 0, 0, 0.0
4, 0, 3, 0, 0, 0.0
4, 0, 4, 0, 0, 0.0
4, 0, 5, 0, 0, 0.0
4, 0, 6, 0, 0, 0.0
4, 0, 7, 0, 0, 0.0
4, 0, 8, 0, 0, 0.0
4, 0, 9, 0, 0, 0.0
4, 0, 10, 0, 0, 0.0
4, 0, 11, 0, 0, 0.0
4, 0, 12, 0, 0, 0.0
4, 0, 13, 0, 0, 0.0
4, 0, 14, 0, 0, 0.0
4, 0, 15, 0, 0, 0.0
4, 0, 16, 0, 0, 0.0
4, 0, 17, 0, 0, 0.0
4, 0, 18, 0, 0, 0.0
4, 0, 19, 0, 0, 0.0
4, 0, 20, 0, 0, 0.0
4, 1, 0, 0, 0, 0.0
4, 1, 1, 0, 0, 0.0
4, 1, 2, 0, 0, 0.0
4, 1, 3, 0, 0, 0.0
4, 1, 4, 0, 0, 0.0
4, 1, 5, 0, 0, 0.0
4, 1, 6, 0, 0, 0.0
4, 1, 7, 0, 0, 0.0
4, 1, 8, 0, 0, 0.0
4, 1, 9, 0, 0, 0.0
4, 1, 10, 0, 0, 0.0
4, 1, 11, 0, 0, 0.0
4, 1, 12, 0, 0, 0.0
4, 1, 13, 0, 0, 0.0
4, 1, 14, 0, 0, 0.0
4, 1, 15, 0, 0, 0.0
4, 1, 16, 0, 0, 0.0
4, 1, 17, 0, 0, 0.0
4, 1, 18, 0, 0, 0.0
4, 1, 19, 0, 0, 0.0
4, 1, 20, 0, 0, 0.0
5, 0, 0, 0, 0, 0.0
5, 0, 1, 0, 0, 0.0
5, 0, 2, 0, 0, 0.0
5, 0, 3, 0, 0, 0.0
5, 0, 4, 0, 0, 0.0
5, 0, 5, 0, 0, 0.0
5, 0, 6, 0, 0, 0.0
5, 0, 7, 0, 0, 0.0
5, 0, 8, 0, 0, 0.0
5, 0, 9, 0, 0, 0.0
5, 0, 10, 0, 0, 0.0
5, 0, 11, 0, 0, 0.0
5, 0, 12, 0, 0, 0.0
5, 0, 13, 0, 0, 0.0
5, 0, 14, 0, 0, 0.0
5, 0, 15, 0, 0, 0.0
5, 0, 16, 0, 0, 0.0
5, 0, 17, 0, 0, 0.0
5, 0, 18, 0, 0, 0.0
5, 0, 19, 0, 0, 0.0
5, 0, 20, 0, 0, 0.0
5, 1, 0, 0, 0, 0.0
5, 1, 1, 0, 0, 0.0
5, 1, 2, 0, 0, 0.0
5, 1, 3, 0, 0, 0.0
5, 1, 4, 0, 0, 0.0
5, 1, 5, 0, 0, 0.0
5, 1, 6, 0, 0, 0.0
5, 1, 7, 0, 0, 0.0
5, 1, 8, 0, 0, 0.0
5, 1, 9, 0, 0, 0.0
5, 1, 10, 0, 0, 0.0
5, 1, 11, 0, 0, 0.0
5, 1, 12, 0, 0, 0.0
5, 1, 13, 0, 0, 0.0
5, 1, 14, 0, 0, 0.0
5, 1, 15, 0, 0, 0.0
5, 1, 16, 0, 0, 0.0
5, 1, 17, 0, 0, 0.0
5, 1, 18, 0, 0, 0.0
5, 1, 19, 0, 0, 0.0
5, 1, 20, 0, 0, 0.0
6, 0, 0, 198, 481, 8.723476412342279e-07
6, 0, 1, 233, 459, -0.042275670915842056
6, 0, 2, 259, 434, -0.07932335883378983
6, 0, 3, 285, 416, -0.11383885890245438
6, 0, 4, 313, 400, -0.15210139751434326
6, 0, 5, 216, 387, -0.07824458181858063
6, 0, 6, 214, 337, -0.12408683449029922
6, 0, 7, 218, 304, -0.1561858355998993
6, 0, 8, 224, 277, -0.17638126015663147
6, 0, 9, 188, 396, -0.08135127276182175
6, 0, 10, 179, 350, -0.11954989284276962
6, 0, 11, 178, 315, -0.1449088156223297
6, 0, 12, 179, 288, -0.16298604011535645
6, 0, 13, 165, 415, -0.0878707617521286
6, 0, 14, 151, 375, -0.12046248465776443
6, 0, 15, 146, 344, -0.14084169268608093
6, 0, 16, 145, 317, -0.1547716110944748
6, 0, 17, 146, 440, -0.09736698865890503
6, 0, 18, 128, 414, -0.12571687996387482
6, 0, 19, 118, 394, -0.13850276172161102
6, 0, 20, 112, 376, -0.14671899378299713
6, 1, 0, 0, 0, 0.0
6, 1, 1, 0, 0, 0.0
6, 1, 2, 0, 0, 0.0
6, 1, 3, 0, 0, 0.0
6, 1, 4, 0, 0, 0.0
6, 1, 5, 0, 0, 0.0
6, 1, 6, 0, 0, 0.0
6, 1, 7, 0, 0, 0.0
6, 1, 8, 0, 0, 0.0
6, 1, 9, 0, 0, 0.0
6, 1, 10, 0, 0, 0.0
6, 1, 11, 0, 0, 0.0
6, 1, 12, 0, 0, 0.0
6, 1, 13, 0, 0, 0.0
6, 1, 14, 0, 0, 0.0
6, 1, 15, 0, 0, 0.0
6, 1, 16, 0, 0, 0.0
6, 1, 17, 0, 0, 0.0
6, 1, 18, 0, 0, 0.0
6, 1, 19, 0, 0, 0.0
6, 1, 20, 0, 0, 0.0
7, 0, 0, 211, 465, 7.412343734358728e-07
7, 0, 1, 238, 432, -0.023038191720843315
7, 0, 2, 258, 395, -0.039698392152786255
7, 0, 3, 279, 371, -0.057054586708545685
7, 0, 4, 299, 351, -0.07624002546072006
7, 0, 5, 207, 348, -0.029143424704670906
7, 0, 6, 203, 300, -0.055654365569353104
7, 0, 7, 203, 270, -0.076547771692276
7, 0, 8, 205, 243, -0.09088318794965744
7, 0, 9, 181, 355, -0.036664534360170364
7, 0, 10, 168, 309, -0.05882314220070839
7, 0, 11, 164, 278, -0.07749246060848236
7, 0, 12, 164, 251, -0.09093475341796875
7, 0, 13, 160, 372, -0.04724787175655365
7, 0, 14, 141, 333, -0.06836545467376709
7, 0, 15, 134, 304, -0.08297853171825409
7, 0, 16, 132, 278, -0.09305337816476822
7, 0, 17, 145, 398, -0.060236576944589615
7, 0, 18, 122, 373, -0.08121132105588913
7, 0, 19, 111, 353, -0.09006024897098541
7, 0, 20, 104, 333, -0.09485828876495361
7, 1, 0, 0, 0, 0.0
7, 1, 1, 0, 0, 0.0
7, 1, 2, 0, 0, 0.0
7, 1, 3, 0, 0, 0.0
7, 1, 4, 0, 0, 0.0
7, 1, 5, 0, 0, 0.0
7, 1, 6, 0, 0, 0.0
7, 1, 7, 0, 0, 0.0
7, 1, 8, 0, 0, 0.0
7, 1, 9, 0, 0, 0.0
7, 1, 10, 0, 0, 0.0
7, 1, 11, 0, 0, 0.0
7, 1, 12, 0, 0, 0.0
7, 1, 13, 0, 0, 0.0
7, 1, 14, 0, 0, 0.0
7, 1, 15, 0, 0, 0.0
7, 1, 16, 0, 0, 0.0
7, 1, 17, 0, 0, 0.0
7, 1, 18, 0, 0, 0.0
7, 1, 19, 0, 0, 0.0
7, 1, 20, 0, 0, 0.0
8, 0, 0, 398, 469, 4.447564379006508e-07
8, 0, 1, 377, 442, -0.022555645555257797
8, 0, 2, 370, 407, -0.0378713458776474
8, 0, 3, 364, 382, -0.05172836408019066
8, 0, 4, 355, 363, -0.06669864058494568
8, 0, 5, 416, 369, -0.029978612437844276
8, 0, 6, 429, 326, -0.052201926708221436
8, 0, 7, 437, 298, -0.07044464349746704
8, 0, 8, 444, 276, -0.08274120837450027
8, 0, 9, 441, 381, -0.035712771117687225
8, 0, 10, 467, 343, -0.05043628811836243
8, 0, 11, 483, 319, -0.06369297206401825
8, 0, 12, 496, 299, -0.07374387979507446
8, 0, 13, 457, 402, -0.044335078448057175
8, 0, 14, 488, 375, -0.05870421230792999
8, 0, 15, 504, 356, -0.06782831996679306
8, 0, 16, 517, 339, -0.07494018226861954
8, 0, 17, 465, 427, -0.055298127233982086
8, 0, 18, 492, 413, -0.0687187910079956
8, 0, 19, 507, 404, -0.07045409083366394
8, 0, 20, 517, 395, -0.0709928423166275
8, 1, 0, 221, 438, 6.151773845886055e-07
8, 1, 1, 245, 403, -0.019824780523777008
8, 1, 2, 260, 365, -0.03446308150887489
8, 1, 3, 277, 339, -0.05046974867582321
8, 1, 4, 293, 320, -0.06791965663433075
8, 1, 5, 206, 325, -0.024006396532058716
8, 1, 6, 194, 281, -0.04902614653110504
8, 1, 7, 190, 254, -0.06832609325647354
8, 1, 8, 190, 229, -0.08171647042036057
8, 1, 9, 182, 334, -0.03201281279325485
8, 1, 10, 162, 290, -0.05429869517683983
8, 1, 11, 154, 259, -0.07260357588529587
8, 1, 12, 150, 230, -0.08584965765476227
8, 1, 13, 165, 352, -0.04317634925246239
8, 1, 14, 140, 313, -0.06488072872161865
8, 1, 15, 129, 285, -0.08010479062795639
8, 1, 16, 124, 259, -0.09025808423757553
8, 1, 17, 154, 375, -0.05649185925722122
8, 1, 18, 129, 351, -0.07776231318712234
8, 1, 19, 115, 332, -0.08807285130023956
8, 1, 20, 106, 312, -0.09416324645280838
9, 0, 0, 400, 445, 5.987855047351331e-07
9, 0, 1, 380, 407, -0.012950598262250423
9, 0, 2, 374, 368, -0.021523816511034966
9, 0, 3, 368, 343, -0.030196992680430412
9, 0, 4, 359, 327, -0.04027096554636955
9, 0, 5, 421, 334, -0.009176641702651978
9, 0, 6, 433, 295, -0.02402367815375328
9, 0, 7, 443, 270, -0.03953343257308006
9, 0, 8, 450, 249, -0.0510275661945343
9, 0, 9, 442, 344, -0.01742086187005043
9, 0, 10, 468, 308, -0.02778608165681362
9, 0, 11, 485, 283, -0.04186026751995087
9, 0, 12, 499, 264, -0.052728306502103806
9, 0, 13, 456, 361, -0.02837773598730564
9, 0, 14, 485, 333, -0.04029897600412369
9, 0, 15, 504, 311, -0.054688096046447754
9, 0, 16, 519, 293, -0.06604074686765671
9, 0, 17, 462, 384, -0.04059797525405884
9, 0, 18, 487, 370, -0.053078874945640564
9, 0, 19, 503, 360, -0.05838178098201752
9, 0, 20, 518, 352, -0.062155693769454956
9, 1, 0, 232, 419, 5.233919182501268e-07
9, 1, 1, 255, 384, -0.016957629472017288
9, 1, 2, 265, 343, -0.028597557917237282
9, 1, 3, 279, 314, -0.041542477905750275
9, 1, 4, 294, 295, -0.05599624663591385
9, 1, 5, 209, 309, -0.01800549030303955
9, 1, 6, 195, 269, -0.039192356169223785
9, 1, 7, 189, 244, -0.05666410177946091
9, 1, 8, 186, 221, -0.06925281137228012
9, 1, 9, 188, 317, -0.026151200756430626
9, 1, 10, 166, 275, -0.04482758790254593
9, 1, 11, 156, 245, -0.06113503500819206
9, 1, 12, 150, 218, -0.07307165861129761
9, 1, 13, 174, 334, -0.037255506962537766
9, 1, 14, 146, 296, -0.056426845490932465
9, 1, 15, 133, 269, -0.07089471817016602
9, 1, 16, 125, 244, -0.08076849579811096
9, 1, 17, 164, 358, -0.0501750148832798
9, 1, 18, 139, 335, -0.06911363452672958
9, 1, 19, 124, 316, -0.07837130129337311
9, 1, 20, 114, 296, -0.08417104184627533
10, 0, 0, 391, 413, 5.705983312509488e-07
10, 0, 1, 374, 374, -0.013529188930988312
10, 0, 2, 370, 332, -0.02308269403874874
10, 0, 3, 359, 302, -0.033837057650089264
10, 0, 4, 344, 282, -0.04599979519844055
10, 0, 5, 420, 306, -0.0035594424698501825
10, 0, 6, 433, 269, -0.018824445083737373
10, 0, 7, 442, 245, -0.035046227276325226
10, 0, 8, 449, 224, -0.047541361302137375
10, 0, 9, 439, 314, -0.012098209001123905
10, 0, 10, 467, 277, -0.023938124999403954
10, 0, 11, 484, 251, -0.038528066128492355
10, 0, 12, 498, 229, -0.050003405660390854
10, 0, 13, 451, 328, -0.024128420278429985
10, 0, 14, 479, 296, -0.03649071604013443
10, 0, 15, 496, 273, -0.04911770671606064
10, 0, 16, 509, 252, -0.0592719204723835
10, 0, 17, 456, 348, -0.037930093705654144
10, 0, 18, 480, 329, -0.0480680875480175
10, 0, 19, 493, 314, -0.05241864547133446
10, 0, 20, 504, 301, -0.056500792503356934
10, 1, 0, 244, 407, 4.365264771877264e-07
10, 1, 1, 265, 373, -0.015532596036791801
10, 1, 2, 273, 329, -0.023983892053365707
10, 1, 3, 287, 299, -0.03402452915906906
10, 1, 4, 302, 278, -0.044991638511419296
10, 1, 5, 214, 298, -0.007488344330340624
10, 1, 6, 200, 262, -0.024608738720417023
10, 1, 7, 193, 240, -0.04088636115193367
10, 1, 8, 189, 218, -0.05342846363782883
10, 1, 9, 196, 305, -0.014976008795201778
10, 1, 10, 174, 265, -0.030221886932849884
10, 1, 11, 164, 236, -0.045339204370975494
10, 1, 12, 158, 210, -0.05675346776843071
10, 1, 13, 183, 319, -0.025925401598215103
10, 1, 14, 157, 283, -0.042630527168512344
10, 1, 15, 145, 258, -0.056090887635946274
10, 1, 16, 136, 234, -0.06532040983438492
10, 1, 17, 175, 340, -0.03893040865659714
10, 1, 18, 153, 316, -0.05480653792619705
10, 1, 19, 140, 298, -0.06262455135583878
10, 1, 20, 129, 281, -0.06789358705282211
11, 0, 0, 383, 395, 4.1246511273129727e-07
11, 0, 1, 365, 361, -0.013034792616963387
11, 0, 2, 360, 315, -0.020178889855742455
11, 0, 3, 350, 284, -0.02828141488134861
11, 0, 4, 332, 265, -0.03783515468239784
11, 0, 5, 409, 290, -0.003791350405663252
11, 0, 6, 423, 256, -0.016919147223234177
11, 0, 7, 431, 234, -0.03050566464662552
11, 0, 8, 438, 216, -0.0413314513862133
11, 0, 9, 424, 298, -0.011801261454820633
11, 0, 10, 453, 263, -0.021896757185459137
11, 0, 11, 469, 238, -0.033555127680301666
11, 0, 12, 484, 218, -0.04279428720474243
11, 0, 13, 434, 312, -0.02318631485104561
11, 0, 14, 461, 279, -0.034948013722896576
11, 0, 15, 476, 256, -0.04589194431900978
11, 0, 16, 491, 235, -0.05469276383519173
11, 0, 17, 436, 331, -0.03634331375360489
11, 0, 18, 456, 310, -0.04676193743944168
11, 0, 19, 468, 294, -0.05120084062218666
11, 0, 20, 480, 279, -0.055489957332611084
11, 1, 0, 259, 398, 3.604331482165435e-07
11, 1, 1, 277, 365, -0.013221359811723232
11, 1, 2, 281, 321, -0.01995723694562912
11, 1, 3, 293, 291, -0.02880346216261387
11, 1, 4, 308, 272, -0.038372162729501724
11, 1, 5, 223, 293, -0.0032869987189769745
11, 1, 6, 207, 257, -0.020045854151248932
11, 1, 7, 200, 234, -0.035610295832157135
11, 1, 8, 196, 213, -0.0473259761929512
11, 1, 9, 209, 299, -0.011777623556554317
11, 1, 10, 184, 260, -0.026625704020261765
11, 1, 11, 174, 232, -0.04109914228320122
11, 1, 12, 167, 207, -0.051905661821365356
11, 1, 13, 199, 312, -0.023851431906223297
11, 1, 14, 173, 274, -0.04003534093499184
11, 1, 15, 163, 249, -0.052351757884025574
11, 1, 16, 155, 225, -0.0607374832034111
11, 1, 17, 194, 331, -0.037956107407808304
11, 1, 18, 176, 305, -0.05281579867005348
11, 1, 19, 164, 285, -0.05981888249516487
11, 1, 20, 154, 266, -0.06480817496776581
12, 0, 0, 376, 389, 2.8081390723855293e-07
12, 0, 1, 355, 355, -0.011352154426276684
12, 0, 2, 352, 310, -0.015502482652664185
12, 0, 3, 346, 278, -0.021434122696518898
12, 0, 4, 331, 259, -0.02818390727043152
12, 0, 5, 399, 286, 0.0076533048413693905
12, 0, 6, 410, 253, -0.003454536898061633
12, 0, 7, 415, 231, -0.01713167130947113
12, 0, 8, 420, 213, -0.02802371047437191
12, 0, 9, 412, 290, -0.00016946345567703247
12, 0, 10, 434, 252, -0.008856384083628654
12, 0, 11, 447, 226, -0.020254651084542274
12, 0, 12, 458, 204, -0.029105599969625473
12, 0, 13, 420, 300, -0.011966544203460217
12, 0, 14, 441, 263, -0.021911609917879105
12, 0, 15, 453, 238, -0.031213488429784775
12, 0, 16, 464, 218, -0.03845719248056412
12, 0, 17, 422, 312, -0.025911737233400345
12, 0, 18, 435, 285, -0.033188629895448685
12, 0, 19, 444, 268, -0.03572884202003479
12, 0, 20, 451, 253, -0.038628026843070984
12, 1, 0, 268, 396, 2.9253052957756154e-07
12, 1, 1, 286, 363, -0.008621465414762497
12, 1, 2, 289, 319, -0.011839630082249641
12, 1, 3, 300, 288, -0.018146740272641182
12, 1, 4, 313, 268, -0.02502787671983242
12, 1, 5, 238, 291, 0.007485358975827694
12, 1, 6, 221, 256, -0.005535388831049204
12, 1, 7, 212, 233, -0.01963605172932148
12, 1, 8, 205, 213, -0.030617251992225647
12, 1, 9, 226, 296, -0.0028865730855613947
12, 1, 10, 205, 257, -0.015045490115880966
12, 1, 11, 193, 229, -0.029492035508155823
12, 1, 12, 183, 204, -0.040563859045505524
12, 1, 13, 217, 306, -0.016949929296970367
12, 1, 14, 199, 269, -0.0302879698574543
12, 1, 15, 191, 242, -0.04151231795549393
12, 1, 16, 186, 218, -0.049296628683805466
12, 1, 17, 210, 321, -0.03307940810918808
12, 1, 18, 197, 289, -0.044484540820121765
12, 1, 19, 191, 268, -0.04969830811023712
12, 1, 20, 186, 247, -0.05370262265205383
13, 0, 0, 368, 394, -3.8575194594159257e-08
13, 0, 1, 346, 352, 0.002604652661830187
13, 0, 2, 345, 307, 0.005752187222242355
13, 0, 3, 343, 274, 0.0027546335477381945
13, 0, 4, 332, 250, 7.852881390135735e-05
13, 0, 5, 396, 293, 0.03660524636507034
13, 0, 6, 398, 257, 0.03124983049929142
13, 0, 7, 398, 232, 0.020040489733219147
13, 0, 8, 398, 211, 0.009959000162780285
13, 0, 9, 405, 298, 0.022551540285348892
13, 0, 10, 406, 258, 0.01572631672024727
13, 0, 11, 404, 232, 0.0030594049021601677
13, 0, 12, 402, 209, -0.006524097640067339
13, 0, 13, 410, 303, 0.004376557189971209
13, 0, 14, 408, 262, -0.00572347454726696
13, 0, 15, 404, 236, -0.012494223192334175
13, 0, 16, 402, 214, -0.016265371814370155
13, 0, 17, 407, 308, -0.015357233583927155
13, 0, 18, 405, 270, -0.022892307490110397
13, 0, 19, 403, 247, -0.024712398648262024
13, 0, 20, 402, 228, -0.025776777416467667
13, 1, 0, 276, 398, 4.027465934086649e-07
13, 1, 1, 292, 360, -0.005600040312856436
13, 1, 2, 294, 318, -0.011498548090457916
13, 1, 3, 302, 287, -0.02102459780871868
13, 1, 4, 314, 262, -0.030045293271541595
13, 1, 5, 238, 298, 0.007024913094937801
13, 1, 6, 228, 260, -0.008178794756531715
13, 1, 7, 224, 233, -0.022477703168988228
13, 1, 8, 221, 212, -0.03279251605272293
13, 1, 9, 228, 304, -0.004341785795986652
13, 1, 10, 221, 260, -0.01921416074037552
13, 1, 11, 220, 231, -0.0324084609746933
13, 1, 12, 221, 208, -0.04156792163848877
13, 1, 13, 223, 312, -0.019012192264199257
13, 1, 14, 224, 268, -0.03554890677332878
13, 1, 15, 228, 240, -0.04516742751002312
13, 1, 16, 232, 218, -0.05073860287666321
13, 1, 17, 224, 322, -0.035134825855493546
13, 1, 18, 232, 284, -0.04804714396595955
13, 1, 19, 239, 261, -0.052193790674209595
13, 1, 20, 246, 242, -0.05432025343179703
14, 0, 0, 358, 393, -5.43133808150742e-07
14, 0, 1, 337, 349, 0.010994655080139637
14, 0, 2, 337, 311, 0.014511528424918652
14, 0, 3, 338, 282, 0.010522614233195782
14, 0, 4, 336, 259, 0.006908118259161711
14, 0, 5, 385, 292, 0.03307685628533363
14, 0, 6, 369, 260, 0.016473649069666862
14, 0, 7, 347, 243, -0.002531069330871105
14, 0, 8, 329, 234, -0.014174549840390682
14, 0, 9, 393, 297, 0.017053425312042236
14, 0, 10, 370, 260, 0.005547296721488237
14, 0, 11, 347, 244, -0.009185736067593098
14, 0, 12, 326, 233, -0.019217107445001602
14, 0, 13, 398, 303, -0.0021229723934084177
14, 0, 14, 371, 265, -0.01285503152757883
14, 0, 15, 348, 250, -0.017937656491994858
14, 0, 16, 327, 240, -0.020478853955864906
14, 0, 17, 396, 310, -0.022088313475251198
14, 0, 18, 370, 279, -0.029300415888428688
14, 0, 19, 352, 264, -0.02971816062927246
14, 0, 20, 334, 254, -0.028845729306340218
14, 1, 0, 282, 396, 2.653507920058473e-07
14, 1, 1, 300, 354, 0.0007278517005033791
14, 1, 2, 302, 316, -0.006799671333283186
14, 1, 3, 305, 287, -0.01937110722064972
14, 1, 4, 306, 264, -0.0305992029607296
14, 1, 5, 242, 292, 0.0009861239232122898
14, 1, 6, 258, 256, -0.020198872312903404
14, 1, 7, 278, 240, -0.037793081253767014
14, 1, 8, 295, 231, -0.04844938591122627
14, 1, 9, 232, 301, -0.011799615807831287
14, 1, 10, 258, 262, -0.02911219373345375
14, 1, 11, 283, 248, -0.03904063627123833
14, 1, 12, 303, 241, -0.0454220250248909
14, 1, 13, 230, 311, -0.026590216904878616
14, 1, 14, 262, 276, -0.04283016920089722
14, 1, 15, 287, 262, -0.04516160115599632
14, 1, 16, 308, 255, -0.045397501438856125
14, 1, 17, 236, 322, -0.042622875422239304
14, 1, 18, 264, 291, -0.052879225462675095
14, 1, 19, 285, 279, -0.051137104630470276
14, 1, 20, 302, 272, -0.04812067002058029
15, 0, 0, 348, 390, -4.7185994844767265e-07
15, 0, 1, 328, 351, 0.008991701528429985
15, 0, 2, 333, 311, 0.015686916187405586
15, 0, 3, 337, 283, 0.016530100256204605
15, 0, 4, 343, 264, 0.017705749720335007
15, 0, 5, 383, 290, 0.030207283794879913
15, 0, 6, 367, 265, 0.020728781819343567
15, 0, 7, 348, 248, 0.006640240084379911
15, 0, 8, 331, 233, -0.0044575766660273075
15, 0, 9, 393, 293, 0.015921708196401596
15, 0, 10, 371, 261, 0.009314041584730148
15, 0, 11, 351, 243, -0.00246696756221354
15, 0, 12, 333, 225, -0.011558087542653084
15, 0, 13, 398, 300, -0.0011110396590083838
15, 0, 14, 371, 267, -0.01226282212883234
15, 0, 15, 351, 248, -0.021087348461151123
15, 0, 16, 333, 230, -0.027018306776881218
15, 0, 17, 394, 310, -0.01866036467254162
15, 0, 18, 364, 286, -0.029609763994812965
15, 0, 19, 344, 272, -0.034584492444992065
15, 0, 20, 327, 261, -0.03739064559340477
15, 1, 0, 291, 394, 3.572955051822646e-07
15, 1, 1, 308, 347, -0.00011784501111833379
15, 1, 2, 309, 311, -0.0064831688068807125
15, 1, 3, 311, 284, -0.017324507236480713
15, 1, 4, 311, 259, -0.026777558028697968
15, 1, 5, 248, 293, 0.007616547401994467
15, 1, 6, 272, 263, -0.013343955390155315
15, 1, 7, 293, 246, -0.032080166041851044
15, 1, 8, 310, 234, -0.04430363327264786
15, 1, 9, 238, 300, -0.004265862982720137
15, 1, 10, 270, 265, -0.024571627378463745
15, 1, 11, 295, 250, -0.03727256506681442
15, 1, 12, 315, 239, -0.044532183557748795
15, 1, 13, 235, 309, -0.018829530104994774
15, 1, 14, 272, 276, -0.03920876607298851
15, 1, 15, 296, 262, -0.04517361894249916
15, 1, 16, 317, 251, -0.0464274100959301
15, 1, 17, 241, 320, -0.03462357074022293
15, 1, 18, 273, 293, -0.04987721890211105
15, 1, 19, 293, 281, -0.05250073969364166
15, 1, 20, 311, 272, -0.05147556960582733
16, 0, 0, 294, 385, 4.6258838892754284e-07
16, 0, 1, 308, 346, -0.002191771287471056
16, 0, 2, 310, 310, -0.009180333465337753
16, 0, 3, 312, 283, -0.019337577745318413
16, 0, 4, 314, 259, -0.028154492378234863
16, 0, 5, 248, 296, 0.003451353870332241
16, 0, 6, 269, 265, -0.01513224933296442
16, 0, 7, 287, 245, -0.031650230288505554
16, 0, 8, 302, 230, -0.04210405424237251
16, 0, 9, 239, 302, -0.00574551522731781
16, 0, 10, 266, 267, -0.022813448682427406
16, 0, 11, 288, 250, -0.03279592841863632
16, 0, 12, 306, 238, -0.03849462792277336
16, 0, 13, 238, 311, -0.017187461256980896
16, 0, 14, 269, 277, -0.03300674259662628
16, 0, 15, 291, 262, -0.03562921658158302
16, 0, 16, 309, 253, -0.03531873598694801
16, 0, 17, 245, 321, -0.02994983084499836
16, 0, 18, 270, 293, -0.04027828574180603
16, 0, 19, 287, 280, -0.04024847596883774
16, 0, 20, 301, 271, -0.03800412639975548
16, 1, 0, 0, 0, 0.0
16, 1, 1, 0, 0, 0.0
16, 1, 2, 0, 0, 0.0
16, 1, 3, 0, 0, 0.0
16, 1, 4, 0, 0, 0.0
16, 1, 5, 0, 0, 0.0
16, 1, 6, 0, 0, 0.0
16, 1, 7, 0, 0, 0.0
16, 1, 8, 0, 0, 0.0
16, 1, 9, 0, 0, 0.0
16, 1, 10, 0, 0, 0.0
16, 1, 11, 0, 0, 0.0
16, 1, 12, 0, 0, 0.0
16, 1, 13, 0, 0, 0.0
16, 1, 14, 0, 0, 0.0
16, 1, 15, 0, 0, 0.0
16, 1, 16, 0, 0, 0.0
16, 1, 17, 0, 0, 0.0
16, 1, 18, 0, 0, 0.0
16, 1, 19, 0, 0, 0.0
16, 1, 20, 0, 0, 0.0
17, 0, 0, 348, 380, -2.0658356447711412e-07
17, 0, 1, 330, 348, 0.0001742199674481526
17, 0, 2, 333, 306, 0.0014975679805502295
17, 0, 3, 334, 277, -0.0008118677651509643
17, 0, 4, 326, 254, -0.0026952701155096292
17, 0, 5, 386, 295, 0.015705203637480736
17, 0, 6, 379, 263, 0.007916366681456566
17, 0, 7, 369, 239, -0.0017714679706841707
17, 0, 8, 360, 220, -0.010675854980945587
17, 0, 9, 396, 300, 0.0044296253472566605
17, 0, 10, 385, 262, -0.004119085147976875
17, 0, 11, 372, 239, -0.013853570446372032
17, 0, 12, 361, 219, -0.021475154906511307
17, 0, 13, 400, 306, -0.009477184154093266
17, 0, 14, 388, 266, -0.022421618923544884
17, 0, 15, 373, 242, -0.02889242209494114
17, 0, 16, 360, 223, -0.032839592546224594
17, 0, 17, 394, 313, -0.024189533665776253
17, 0, 18, 373, 281, -0.03883625194430351
17, 0, 19, 357, 262, -0.04456710442900658
17, 0, 20, 345, 247, -0.04736978933215141
17, 1, 0, 291, 378, 5.403354066402244e-07
17, 1, 1, 307, 347, -0.004577190149575472
17, 1, 2, 306, 307, -0.011632412672042847
17, 1, 3, 311, 278, -0.02086102031171322
17, 1, 4, 315, 254, -0.0287022665143013
17, 1, 5, 244, 294, 0.0011995700187981129
17, 1, 6, 256, 261, -0.01682741567492485
17, 1, 7, 268, 238, -0.03332313895225525
17, 1, 8, 280, 220, -0.04382374510169029
17, 1, 9, 235, 301, -0.007592039182782173
17, 1, 10, 253, 263, -0.023100918158888817
17, 1, 11, 269, 238, -0.03367570415139198
17, 1, 12, 283, 219, -0.04040655121207237
17, 1, 13, 235, 308, -0.018789460882544518
17, 1, 14, 258, 270, -0.035255227237939835
17, 1, 15, 279, 250, -0.039398353546857834
17, 1, 16, 295, 237, -0.0398935042321682
17, 1, 17, 242, 315, -0.031353775411844254
17, 1, 18, 263, 281, -0.043871909379959106
17, 1, 19, 280, 265, -0.04457687959074974
17, 1, 20, 294, 253, -0.04246543347835541
18, 0, 0, 348, 378, -1.2913753266730055e-07
18, 0, 1, 330, 348, -0.0023750397376716137
18, 0, 2, 335, 306, -0.002226555487141013
18, 0, 3, 336, 277, -0.005356945097446442
18, 0, 4, 327, 254, -0.008264066651463509
18, 0, 5, 392, 294, 0.015028456225991249
18, 0, 6, 389, 262, 0.006062230560928583
18, 0, 7, 384, 235, -0.006040867883712053
18, 0, 8, 381, 214, -0.01742682419717312
18, 0, 9, 401, 298, 0.0026625669561326504
18, 0, 10, 397, 257, -0.007701217196881771
18, 0, 11, 393, 228, -0.021063009276986122
18, 0, 12, 390, 202, -0.03135675564408302
18, 0, 13, 402, 305, -0.012616030871868134
18, 0, 14, 400, 261, -0.029533173888921738
18, 0, 15, 394, 231, -0.04177578538656235
18, 0, 16, 390, 205, -0.04959701746702194
18, 0, 17, 393, 312, -0.028654707595705986
18, 0, 18, 381, 276, -0.04752107709646225
18, 0, 19, 372, 253, -0.05669350177049637
18, 0, 20, 367, 233, -0.06212984770536423
18, 1, 0, 286, 378, 5.920103944845323e-07
18, 1, 1, 302, 346, -0.007148308679461479
18, 1, 2, 302, 308, -0.01589381694793701
18, 1, 3, 308, 281, -0.026874849572777748
18, 1, 4, 317, 256, -0.03726263716816902
18, 1, 5, 239, 295, 0.0005030504544265568
18, 1, 6, 243, 261, -0.019195327535271645
18, 1, 7, 249, 233, -0.03804333508014679
18, 1, 8, 255, 211, -0.050606727600097656
18, 1, 9, 231, 301, -0.008977850899100304
18, 1, 10, 238, 260, -0.025498278439044952
18, 1, 11, 246, 231, -0.039383310824632645
18, 1, 12, 254, 205, -0.048658065497875214
18, 1, 13, 231, 307, -0.02128903940320015
18, 1, 14, 241, 265, -0.03765947371721268
18, 1, 15, 250, 237, -0.045378684997558594
18, 1, 16, 259, 214, -0.04910654574632645
18, 1, 17, 239, 313, -0.035266682505607605
18, 1, 18, 248, 277, -0.047368407249450684
18, 1, 19, 255, 254, -0.04998556151986122
18, 1, 20, 262, 235, -0.05019348859786987
19, 0, 0, 350, 381, -1.7793716722280806e-07
19, 0, 1, 330, 346, -0.0008355007157661021
19, 0, 2, 336, 305, -0.0011458491208031774
19, 0, 3, 336, 275, -0.005203487817198038
19, 0, 4, 328, 251, -0.009481430985033512
19, 0, 5, 394, 292, 0.015495420433580875
19, 0, 6, 392, 258, 0.006179298274219036
19, 0, 7, 389, 233, -0.00702061178162694
19, 0, 8, 387, 211, -0.019512547180056572
19, 0, 9, 404, 297, 0.0022494595032185316
19, 0, 10, 399, 256, -0.009038048796355724
19, 0, 11, 395, 228, -0.023793689906597137
19, 0, 12, 395, 201, -0.0350923053920269
19, 0, 13, 405, 305, -0.013535141944885254
19, 0, 14, 400, 261, -0.030369894579052925
19, 0, 15, 396, 232, -0.04213352128863335
19, 0, 16, 395, 204, -0.04982420802116394
19, 0, 17, 396, 313, -0.029981441795825958
19, 0, 18, 382, 277, -0.04727834090590477
19, 0, 19, 375, 254, -0.05493612587451935
19, 0, 20, 372, 233, -0.059638287872076035
19, 1, 0, 285, 378, 5.94888774685387e-07
19, 1, 1, 300, 344, -0.003533374285325408
19, 1, 2, 298, 306, -0.010819479823112488
19, 1, 3, 304, 279, -0.02129773050546646
19, 1, 4, 313, 254, -0.03141244500875473
19, 1, 5, 235, 297, 0.004047795198857784
19, 1, 6, 234, 261, -0.012872813269495964
19, 1, 7, 237, 232, -0.029057830572128296
19, 1, 8, 241, 209, -0.04030212014913559
19, 1, 9, 226, 302, -0.007674833759665489
19, 1, 10, 228, 257, -0.02099176123738289
19, 1, 11, 234, 226, -0.03332976624369621
19, 1, 12, 241, 201, -0.04192103445529938
19, 1, 13, 227, 308, -0.021896982565522194
19, 1, 14, 232, 263, -0.035656001418828964
19, 1, 15, 238, 234, -0.04344557970762253
19, 1, 16, 245, 210, -0.04815711826086044
19, 1, 17, 236, 314, -0.03745608404278755
19, 1, 18, 242, 278, -0.048849474638700485
19, 1, 19, 249, 256, -0.0515635684132576
19, 1, 20, 256, 237, -0.05231994390487671
20, 0, 0, 348, 384, -4.969965630152728e-07
20, 0, 1, 330, 344, 0.007563721388578415
20, 0, 2, 334, 305, 0.00970176700502634
20, 0, 3, 335, 275, 0.0053873551078140736
20, 0, 4, 332, 251, 0.0010237428359687328
20, 0, 5, 393, 292, 0.026941459625959396
20, 0, 6, 379, 259, 0.0132271908223629
20, 0, 7, 361, 238, -0.003284837817773223
20, 0, 8, 348, 225, -0.015114559791982174
20, 0, 9, 401, 297, 0.011699597351253033
20, 0, 10, 383, 257, 0.0016521341167390347
20, 0, 11, 363, 238, -0.009566685184836388
20, 0, 12, 346, 223, -0.017494872212409973
20, 0, 13, 402, 305, -0.006625284440815449
20, 0, 14, 382, 262, -0.01879829168319702
20, 0, 15, 360, 244, -0.02143670618534088
20, 0, 16, 342, 230, -0.022270653396844864
20, 0, 17, 393, 314, -0.02590639889240265
20, 0, 18, 370, 280, -0.03837559372186661
20, 0, 19, 353, 262, -0.04119947925209999
20, 0, 20, 340, 248, -0.041318703442811966
20, 1, 0, 283, 382, 5.362239221540221e-07
20, 1, 1, 300, 342, -0.004752821754664183
20, 1, 2, 301, 306, -0.014409295283257961
20, 1, 3, 306, 277, -0.02807520143687725
20, 1, 4, 314, 252, -0.04078105092048645
20, 1, 5, 237, 292, 0.000321523635648191
20, 1, 6, 243, 254, -0.016892211511731148
20, 1, 7, 245, 227, -0.031144334003329277
20, 1, 8, 246, 206, -0.04054959490895271
20, 1, 9, 230, 298, -0.010899150744080544
20, 1, 10, 241, 253, -0.025742584839463234
20, 1, 11, 246, 226, -0.03415215015411377
20, 1, 12, 246, 204, -0.03950021043419838
20, 1, 13, 231, 305, -0.024447154253721237
20, 1, 14, 255, 262, -0.04320940002799034
20, 1, 15, 272, 258, -0.042473968118429184
20, 1, 16, 280, 259, -0.03797304630279541
20, 1, 17, 240, 312, -0.039521507918834686
20, 1, 18, 260, 278, -0.05146948620676994
20, 1, 19, 274, 274, -0.04738643765449524
20, 1, 20, 281, 275, -0.041466888040304184
21, 0, 0, 346, 385, -5.474508952829638e-07
21, 0, 1, 329, 343, 0.009142497554421425
21, 0, 2, 336, 305, 0.013414737768471241
21, 0, 3, 341, 277, 0.011676091700792313
21, 0, 4, 345, 256, 0.01043750997632742
21, 0, 5, 391, 292, 0.02670491673052311
21, 0, 6, 375, 261, 0.012059139087796211
21, 0, 7, 354, 243, -0.004547442309558392
21, 0, 8, 336, 232, -0.01495733205229044
21, 0, 9, 397, 295, 0.013142256997525692
21, 0, 10, 375, 258, 0.004027854651212692
21, 0, 11, 353, 241, -0.008212652057409286
21, 0, 12, 333, 228, -0.016880899667739868
21, 0, 13, 397, 302, -0.0032067399006336927
21, 0, 14, 370, 265, -0.014540738426148891
21, 0, 15, 347, 248, -0.022620154544711113
21, 0, 16, 327, 234, -0.02748830057680607
21, 0, 17, 387, 309, -0.019971434026956558
21, 0, 18, 360, 281, -0.028799261897802353
21, 0, 19, 343, 266, -0.033285826444625854
21, 0, 20, 327, 254, -0.03561849519610405
21, 1, 0, 288, 388, 3.2784174663902377e-07
21, 1, 1, 306, 343, -0.003495190991088748
21, 1, 2, 305, 306, -0.011463004164397717
21, 1, 3, 305, 279, -0.02278539165854454
21, 1, 4, 306, 256, -0.032728515565395355
21, 1, 5, 240, 290, -0.0034580514766275883
21, 1, 6, 265, 257, -0.026552848517894745
21, 1, 7, 289, 240, -0.04606495052576065
21, 1, 8, 309, 230, -0.058870453387498856
21, 1, 9, 233, 299, -0.01415261346846819
21, 1, 10, 267, 260, -0.03465127572417259
21, 1, 11, 293, 244, -0.046617407351732254
21, 1, 12, 315, 233, -0.05413592979311943
21, 1, 13, 235, 310, -0.027171211317181587
21, 1, 14, 272, 274, -0.04733594134449959
21, 1, 15, 298, 258, -0.05251134932041168
21, 1, 16, 320, 247, -0.054062820971012115
21, 1, 17, 245, 321, -0.04155458137392998
21, 1, 18, 277, 294, -0.05596350133419037
21, 1, 19, 297, 281, -0.057922184467315674
21, 1, 20, 314, 272, -0.05719932168722153
22, 0, 0, 293, 389, 4.887271529696591e-07
22, 0, 1, 311, 345, -0.004354140721261501
22, 0, 2, 311, 310, -0.012969392351806164
22, 0, 3, 310, 285, -0.02411447837948799
22, 0, 4, 311, 262, -0.033928968012332916
22, 0, 5, 248, 294, -0.0017813617596402764
22, 0, 6, 276, 263, -0.02354172058403492
22, 0, 7, 297, 243, -0.04320133849978447
22, 0, 8, 314, 228, -0.05670308694243431
22, 0, 9, 238, 300, -0.01214290689677
22, 0, 10, 272, 260, -0.03203979879617691
22, 0, 11, 297, 240, -0.044513050466775894
22, 0, 12, 317, 226, -0.052309244871139526
22, 0, 13, 237, 309, -0.024950455874204636
22, 0, 14, 273, 270, -0.0463748425245285
22, 0, 15, 298, 250, -0.053778961300849915
22, 0, 16, 319, 235, -0.05697803944349289
22, 0, 17, 247, 319, -0.03892691060900688
22, 0, 18, 283, 291, -0.055949676781892776
22, 0, 19, 304, 278, -0.05979171395301819
22, 0, 20, 323, 269, -0.060219790786504745
22, 1, 0, 0, 0, 0.0
22, 1, 1, 0, 0, 0.0
22, 1, 2, 0, 0, 0.0
22, 1, 3, 0, 0, 0.0
22, 1, 4, 0, 0, 0.0
22, 1, 5, 0, 0, 0.0
22, 1, 6, 0, 0, 0.0
22, 1, 7, 0, 0, 0.0
22, 1, 8, 0, 0, 0.0
22, 1, 9, 0, 0, 0.0
22, 1, 10, 0, 0, 0.0
22, 1, 11, 0, 0, 0.0
22, 1, 12, 0, 0, 0.0
22, 1, 13, 0, 0, 0.0
22, 1, 14, 0, 0, 0.0
22, 1, 15, 0, 0, 0.0
22, 1, 16, 0, 0, 0.0
22, 1, 17, 0, 0, 0.0
22, 1, 18, 0, 0, 0.0
22, 1, 19, 0, 0, 0.0
22, 1, 20, 0, 0, 0.0
23, 0, 0, 344, 385, -4.905973014501797e-07
23, 0, 1, 324, 346, 0.007852135226130486
23, 0, 2, 331, 310, 0.012225066311657429
23, 0, 3, 337, 283, 0.011646650731563568
23, 0, 4, 341, 265, 0.011288587935268879
23, 0, 5, 389, 294, 0.023256992921233177
23, 0, 6, 366, 266, 0.014170448295772076
23, 0, 7, 347, 247, 0.0013202069094404578
23, 0, 8, 332, 234, -0.008762793615460396
23, 0, 9, 396, 298, 0.010262558236718178
23, 0, 10, 367, 262, 0.005023275502026081
23, 0, 11, 347, 243, -0.0057450165040791035
23, 0, 12, 331, 226, -0.01548705529421568
23, 0, 13, 396, 303, -0.004847198724746704
23, 0, 14, 363, 267, -0.014123880304396152
23, 0, 15, 342, 248, -0.022391654551029205
23, 0, 16, 326, 232, -0.02896764501929283
23, 0, 17, 386, 310, -0.020493144169449806
23, 0, 18, 356, 282, -0.029260050505399704
23, 0, 19, 339, 267, -0.0340820737183094
23, 0, 20, 324, 255, -0.037538349628448486
23, 1, 0, 291, 389, 5.222497065915377e-07
23, 1, 1, 308, 347, -0.0042225974611938
23, 1, 2, 307, 310, -0.012434794567525387
23, 1, 3, 308, 283, -0.022878043353557587
23, 1, 4, 309, 259, -0.031908996403217316
23, 1, 5, 241, 297, -0.0025556636974215508
23, 1, 6, 270, 265, -0.024395622313022614
23, 1, 7, 291, 245, -0.04377293959259987
23, 1, 8, 309, 230, -0.056946609169244766
23, 1, 9, 233, 303, -0.012695806100964546
23, 1, 10, 267, 262, -0.032742295414209366
23, 1, 11, 291, 243, -0.04483828693628311
23, 1, 12, 312, 228, -0.05234237015247345
23, 1, 13, 235, 312, -0.025287574157118797
23, 1, 14, 271, 273, -0.047248341143131256
23, 1, 15, 296, 252, -0.05513044446706772
23, 1, 16, 317, 237, -0.058471545577049255
23, 1, 17, 247, 321, -0.03894170746207237
23, 1, 18, 281, 292, -0.057183943688869476
23, 1, 19, 304, 280, -0.062016647309064865
23, 1, 20, 322, 270, -0.0629584938287735
24, 0, 0, 291, 389, 4.870549332736118e-07
24, 0, 1, 308, 347, -0.0025738407857716084
24, 0, 2, 308, 312, -0.010450921952724457
24, 0, 3, 308, 285, -0.02087983675301075
24, 0, 4, 310, 262, -0.03024968132376671
24, 0, 5, 241, 296, -0.0010467489482834935
24, 0, 6, 271, 264, -0.02105710841715336
24, 0, 7, 291, 245, -0.039159178733825684
24, 0, 8, 309, 230, -0.0517144538462162
24, 0, 9, 233, 302, -0.011807219125330448
24, 0, 10, 269, 262, -0.028682567179203033
24, 0, 11, 293, 243, -0.03943747654557228
24, 0, 12, 313, 229, -0.046836212277412415
24, 0, 13, 234, 311, -0.024752391502261162
24, 0, 14, 273, 273, -0.043769579380750656
24, 0, 15, 298, 254, -0.050531044602394104
24, 0, 16, 319, 239, -0.05398472398519516
24, 0, 17, 246, 322, -0.03870795667171478
24, 0, 18, 282, 294, -0.054648883640766144
24, 0, 19, 304, 282, -0.05828278511762619
24, 0, 20, 323, 273, -0.05875064805150032
24, 1, 0, 0, 0, 0.0
24, 1, 1, 0, 0, 0.0
24, 1, 2, 0, 0, 0.0
24, 1, 3, 0, 0, 0.0
24, 1, 4, 0, 0, 0.0
24, 1, 5, 0, 0, 0.0
24, 1, 6, 0, 0, 0.0
24, 1, 7, 0, 0, 0.0
24, 1, 8, 0, 0, 0.0
24, 1, 9, 0, 0, 0.0
24, 1, 10, 0, 0, 0.0
24, 1, 11, 0, 0, 0.0
24, 1, 12, 0, 0, 0.0
24, 1, 13, 0, 0, 0.0
24, 1, 14, 0, 0, 0.0
24, 1, 15, 0, 0, 0.0
24, 1, 16, 0, 0, 0.0
24, 1, 17, 0, 0, 0.0
24, 1, 18, 0, 0, 0.0
24, 1, 19, 0, 0, 0.0
24, 1, 20, 0, 0, 0.0
25, 0, 0, 349, 392, -4.924220320390305e-07
25, 0, 1, 328, 354, 0.007426886353641748
25, 0, 2, 333, 317, 0.011796325445175171
25, 0, 3, 337, 289, 0.01152830384671688
25, 0, 4, 338, 268, 0.011550435796380043
25, 0, 5, 394, 302, 0.021938398480415344
25, 0, 6, 369, 273, 0.01291049737483263
25, 0, 7, 349, 253, 0.00012325907300692052
25, 0, 8, 334, 238, -0.010120885446667671
25, 0, 9, 400, 306, 0.009358879178762436
25, 0, 10, 369, 269, 0.004131180699914694
25, 0, 11, 348, 250, -0.006259510759264231
25, 0, 12, 333, 233, -0.015820065513253212
25, 0, 13, 399, 311, -0.005184672307223082
25, 0, 14, 365, 274, -0.014188638888299465
25, 0, 15, 344, 254, -0.021263202652335167
25, 0, 16, 328, 237, -0.027134183794260025
25, 0, 17, 389, 317, -0.02034258097410202
25, 0, 18, 359, 289, -0.02950703352689743
25, 0, 19, 342, 274, -0.033890705555677414
25, 0, 20, 327, 262, -0.03684712201356888
25, 1, 0, 289, 395, 4.784261022905412e-07
25, 1, 1, 307, 354, -0.0035912394523620605
25, 1, 2, 307, 318, -0.011660848744213581
25, 1, 3, 310, 291, -0.02221005968749523
25, 1, 4, 313, 267, -0.03164485841989517
25, 1, 5, 242, 300, 0.0005315255839377642
25, 1, 6, 270, 270, -0.02023066207766533
25, 1, 7, 291, 250, -0.03984120860695839
25, 1, 8, 309, 235, -0.05330090969800949
25, 1, 9, 232, 306, -0.010116154327988625
25, 1, 10, 267, 268, -0.02712150290608406
25, 1, 11, 292, 249, -0.03850500285625458
25, 1, 12, 312, 234, -0.04627424106001854
25, 1, 13, 233, 316, -0.023305999115109444
25, 1, 14, 271, 278, -0.04251580685377121
25, 1, 15, 297, 259, -0.048821114003658295
25, 1, 16, 318, 245, -0.05177493020892143
25, 1, 17, 245, 327, -0.03780220076441765
25, 1, 18, 281, 298, -0.053731970489025116
25, 1, 19, 304, 286, -0.05676873028278351
25, 1, 20, 322, 277, -0.056662123650312424
26, 0, 0, 355, 405, -5.531453552976018e-07
26, 0, 1, 335, 368, 0.008130465634167194
26, 0, 2, 336, 327, 0.01166123989969492
26, 0, 3, 337, 298, 0.009798049926757812
26, 0, 4, 335, 275, 0.008065685629844666
26, 0, 5, 397, 310, 0.02202433906495571
26, 0, 6, 371, 279, 0.00846274383366108
26, 0, 7, 351, 259, -0.008563797920942307
26, 0, 8, 334, 243, -0.020800460129976273
26, 0, 9, 403, 314, 0.007874500937759876
26, 0, 10, 371, 278, 3.454669058555737e-05
26, 0, 11, 350, 257, -0.01158616691827774
26, 0, 12, 332, 238, -0.02110397070646286
26, 0, 13, 402, 321, -0.008697292767465115
26, 0, 14, 368, 283, -0.019505027681589127
26, 0, 15, 347, 263, -0.024854416027665138
26, 0, 16, 329, 245, -0.028422558680176735
26, 0, 17, 392, 328, -0.026029525324702263
26, 0, 18, 364, 299, -0.03683602064847946
26, 0, 19, 347, 282, -0.04021982103586197
26, 0, 20, 332, 268, -0.041353192180395126
26, 1, 0, 282, 406, 4.6766967898292933e-07
26, 1, 1, 302, 367, -0.002435659524053335
26, 1, 2, 304, 328, -0.01065798569470644
26, 1, 3, 311, 298, -0.021796012297272682
26, 1, 4, 318, 274, -0.03189714998006821
26, 1, 5, 235, 308, 0.0006189701380208135
26, 1, 6, 266, 276, -0.021081695333123207
26, 1, 7, 291, 258, -0.041981253772974014
26, 1, 8, 312, 244, -0.05659027770161629
26, 1, 9, 226, 315, -0.011620898731052876
26, 1, 10, 265, 275, -0.029495757073163986
26, 1, 11, 293, 258, -0.04235010966658592
26, 1, 12, 316, 244, -0.0516333170235157
26, 1, 13, 228, 326, -0.026198280975222588
26, 1, 14, 269, 287, -0.046348221600055695
26, 1, 15, 298, 268, -0.05359746515750885
26, 1, 16, 322, 255, -0.05737123265862465
26, 1, 17, 241, 338, -0.04190399870276451
26, 1, 18, 278, 308, -0.05794922634959221
26, 1, 19, 303, 294, -0.060950130224227905
26, 1, 20, 323, 284, -0.06116945296525955
27, 0, 0, 367, 428, -5.903430633225071e-07
27, 0, 1, 342, 388, 0.003597058355808258
27, 0, 2, 341, 345, 0.0031375684775412083
27, 0, 3, 341, 313, -0.001442143227905035
27, 0, 4, 339, 291, -0.0057773408479988575
27, 0, 5, 401, 325, 0.011296172626316547
27, 0, 6, 373, 295, -0.007565532810986042
27, 0, 7, 350, 275, -0.02791757509112358
27, 0, 8, 331, 263, -0.04107382521033287
27, 0, 9, 409, 332, -0.0010335356928408146
27, 0, 10, 376, 298, -0.012535286135971546
27, 0, 11, 350, 278, -0.0244036503136158
27, 0, 12, 328, 264, -0.03355836495757103
27, 0, 13, 409, 342, -0.01575704663991928
27, 0, 14, 374, 305, -0.028839441016316414
27, 0, 15, 350, 287, -0.0317748598754406
27, 0, 16, 330, 275, -0.03292178735136986
27, 0, 17, 399, 353, -0.03139020875096321
27, 0, 18, 373, 322, -0.04315665364265442
27, 0, 19, 355, 306, -0.04352026432752609
27, 0, 20, 338, 296, -0.041617318987846375
27, 1, 0, 270, 427, 4.5945455440232763e-07
27, 1, 1, 293, 389, -0.007010424043983221
27, 1, 2, 297, 341, -0.01412218064069748
27, 1, 3, 303, 306, -0.0229736790060997
27, 1, 4, 309, 277, -0.030845195055007935
27, 1, 5, 227, 323, -0.00510156387463212
27, 1, 6, 256, 291, -0.027793049812316895
27, 1, 7, 284, 273, -0.048493124544620514
27, 1, 8, 308, 262, -0.06274274736642838
27, 1, 9, 215, 332, -0.013962553814053535
27, 1, 10, 253, 297, -0.0336066409945488
27, 1, 11, 284, 278, -0.046978194266557693
27, 1, 12, 309, 263, -0.05657525733113289
27, 1, 13, 215, 345, -0.02538583241403103
27, 1, 14, 255, 309, -0.047233469784259796
27, 1, 15, 287, 291, -0.05455157160758972
27, 1, 16, 312, 278, -0.05790742114186287
27, 1, 17, 225, 361, -0.03824470192193985
27, 1, 18, 260, 331, -0.05668104439973831
27, 1, 19, 285, 318, -0.06112731248140335
27, 1, 20, 306, 308, -0.06182679533958435
28, 0, 0, 379, 458, -7.035477551653457e-07
28, 0, 1, 352, 421, -0.0012705831322818995
28, 0, 2, 345, 370, -0.004735455382615328
28, 0, 3, 341, 334, -0.01090860553085804
28, 0, 4, 336, 305, -0.016877008602023125
28, 0, 5, 407, 349, -0.0002654128475114703
28, 0, 6, 372, 316, -0.023528866469860077
28, 0, 7, 345, 307, -0.044413644820451736
28, 0, 8, 329, 308, -0.05683028697967529
28, 0, 9, 415, 358, -0.010116899386048317
28, 0, 10, 374, 324, -0.026680726557970047
28, 0, 11, 347, 318, -0.03783905506134033
28, 0, 12, 330, 320, -0.04582937806844711
28, 0, 13, 415, 371, -0.022013884037733078
28, 0, 14, 374, 338, -0.03956250101327896
28, 0, 15, 350, 338, -0.03849969431757927
28, 0, 16, 337, 343, -0.035991303622722626
28, 0, 17, 409, 387, -0.03457411751151085
28, 0, 18, 377, 356, -0.050299566239118576
28, 0, 19, 358, 354, -0.047879111021757126
28, 0, 20, 348, 358, -0.04274660348892212
28, 1, 0, 252, 459, 2.849265570148418e-07
28, 1, 1, 280, 420, -0.0068986727856099606
28, 1, 2, 290, 371, -0.015060112811625004
28, 1, 3, 297, 336, -0.02552059479057789
28, 1, 4, 304, 309, -0.03576480224728584
28, 1, 5, 220, 344, -0.0093921460211277
28, 1, 6, 246, 314, -0.03315101936459541
28, 1, 7, 274, 304, -0.05320455878973007
28, 1, 8, 297, 301, -0.06585319340229034
28, 1, 9, 207, 357, -0.017984896898269653
28, 1, 10, 244, 328, -0.03564521297812462
28, 1, 11, 274, 317, -0.04753628000617027
28, 1, 12, 297, 313, -0.05693795159459114
28, 1, 13, 205, 375, -0.028687292709946632
28, 1, 14, 245, 348, -0.047338373959064484
28, 1, 15, 274, 340, -0.05101555958390236
28, 1, 16, 294, 337, -0.05237901583313942
28, 1, 17, 212, 397, -0.0407356396317482
28, 1, 18, 245, 371, -0.053730402141809464
28, 1, 19, 266, 360, -0.05394748970866203
28, 1, 20, 283, 354, -0.05233903229236603
29, 0, 0, 0, 0, 0.0
29, 0, 1, 0, 0, 0.0
29, 0, 2, 0, 0, 0.0
29, 0, 3, 0, 0, 0.0
29, 0, 4, 0, 0, 0.0
29, 0, 5, 0, 0, 0.0
29, 0, 6, 0, 0, 0.0
29, 0, 7, 0, 0, 0.0
29, 0, 8, 0, 0, 0.0
29, 0, 9, 0, 0, 0.0
29, 0, 10, 0, 0, 0.0
29, 0, 11, 0, 0, 0.0
29, 0, 12, 0, 0, 0.0
29, 0, 13, 0, 0, 0.0
29, 0, 14, 0, 0, 0.0
29, 0, 15, 0, 0, 0.0
29, 0, 16, 0, 0, 0.0
29, 0, 17, 0, 0, 0.0
29, 0, 18, 0, 0, 0.0
29, 0, 19, 0, 0, 0.0
29, 0, 20, 0, 0, 0.0
29, 1, 0, 0, 0, 0.0
29, 1, 1, 0, 0, 0.0
29, 1, 2, 0, 0, 0.0
29, 1, 3, 0, 0, 0.0
29, 1, 4, 0, 0, 0.0
29, 1, 5, 0, 0, 0.0
29, 1, 6, 0, 0, 0.0
29, 1, 7, 0, 0, 0.0
29, 1, 8, 0, 0, 0.0
29, 1, 9, 0, 0, 0.0
29, 1, 10, 0, 0, 0.0
29, 1, 11, 0, 0, 0.0
29, 1, 12, 0, 0, 0.0
29, 1, 13, 0, 0, 0.0
29, 1, 14, 0, 0, 0.0
29, 1, 15, 0, 0, 0.0
29, 1, 16, 0, 0, 0.0
29, 1, 17, 0, 0, 0.0
29, 1, 18, 0, 0, 0.0
29, 1, 19, 0, 0, 0.0
29, 1, 20, 0, 0, 0.0
30, 0, 0, 0, 0, 0.0
30, 0, 1, 0, 0, 0.0
30, 0, 2, 0, 0, 0.0
30, 0, 3, 0, 0, 0.0
30, 0, 4, 0, 0, 0.0
30, 0, 5, 0, 0, 0.0
30, 0, 6, 0, 0, 0.0
30, 0, 7, 0, 0, 0.0
30, 0, 8, 0, 0, 0.0
30, 0, 9, 0, 0, 0.0
30, 0, 10, 0, 0, 0.0
30, 0, 11, 0, 0, 0.0
30, 0, 12, 0, 0, 0.0
30, 0, 13, 0, 0, 0.0
30, 0, 14, 0, 0, 0.0
30, 0, 15, 0, 0, 0.0
30, 0, 16, 0, 0, 0.0
30, 0, 17, 0, 0, 0.0
30, 0, 18, 0, 0, 0.0
30, 0, 19, 0, 0, 0.0
30, 0, 20, 0, 0, 0.0
30, 1, 0, 0, 0, 0.0
30, 1, 1, 0, 0, 0.0
30, 1, 2, 0, 0, 0.0
30, 1, 3, 0, 0, 0.0
30, 1, 4, 0, 0, 0.0
30, 1, 5, 0, 0, 0.0
30, 1, 6, 0, 0, 0.0
30, 1, 7, 0, 0, 0.0
30, 1, 8, 0, 0, 0.0
30, 1, 9, 0, 0, 0.0
30, 1, 10, 0, 0, 0.0
30, 1, 11, 0, 0, 0.0
30, 1, 12, 0, 0, 0.0
30, 1, 13, 0, 0, 0.0
30, 1, 14, 0, 0, 0.0
30, 1, 15, 0, 0, 0.0
30, 1, 16, 0, 0, 0.0
30, 1, 17, 0, 0, 0.0
30, 1, 18, 0, 0, 0.0
30, 1, 19, 0, 0, 0.0
30, 1, 20, 0, 0, 0.0
31, 0, 0, 0, 0, 0.0
31, 0, 1, 0, 0, 0.0
31, 0, 2, 0, 0, 0.0
31, 0, 3, 0, 0, 0.0
31, 0, 4, 0, 0, 0.0
31, 0, 5, 0, 0, 0.0
31, 0, 6, 0, 0, 0.0
31, 0, 7, 0, 0, 0.0
31, 0, 8, 0, 0, 0.0
31, 0, 9, 0, 0, 0.0
31, 0, 10, 0, 0, 0.0
31, 0, 11, 0, 0, 0.0
31, 0, 12, 0, 0, 0.0
31, 0, 13, 0, 0, 0.0
31, 0, 14, 0, 0, 0.0
31, 0, 15, 0, 0, 0.0
31, 0, 16, 0, 0, 0.0
31, 0, 17, 0, 0, 0.0
31, 0, 18, 0, 0, 0.0
31, 0, 19, 0, 0, 0.0
31, 0, 20, 0, 0, 0.0
31, 1, 0, 0, 0, 0.0
31, 1, 1, 0, 0, 0.0
31, 1, 2, 0, 0, 0.0
31, 1, 3, 0, 0, 0.0
31, 1, 4, 0, 0, 0.0
31, 1, 5, 0, 0, 0.0
31, 1, 6, 0, 0, 0.0
31, 1, 7, 0, 0, 0.0
31, 1, 8, 0, 0, 0.0
31, 1, 9, 0, 0, 0.0
31, 1, 10, 0, 0, 0.0
31, 1, 11, 0, 0, 0.0
31, 1, 12, 0, 0, 0.0
31, 1, 13, 0, 0, 0.0
31, 1, 14, 0, 0, 0.0
31, 1, 15, 0, 0, 0.0
31, 1, 16, 0, 0, 0.0
31, 1, 17, 0, 0, 0.0
31, 1, 18, 0, 0, 0.0
31, 1, 19, 0, 0, 0.0
31, 1, 20, 0, 0, 0.0
32, 0, 0, 0, 0, 0.0
32, 0, 1, 0, 0, 0.0
32, 0, 2, 0, 0, 0.0
32, 0, 3, 0, 0, 0.0
32, 0, 4, 0, 0, 0.0
32, 0, 5, 0, 0, 0.0
32, 0, 6, 0, 0, 0.0
32, 0, 7, 0, 0, 0.0
32, 0, 8, 0, 0, 0.0
32, 0, 9, 0, 0, 0.0
32, 0, 10, 0, 0, 0.0
32, 0, 11, 0, 0, 0.0
32, 0, 12, 0, 0, 0.0
32, 0, 13, 0, 0, 0.0
32, 0, 14, 0, 0, 0.0
32, 0, 15, 0, 0, 0.0
32, 0, 16, 0, 0, 0.0
32, 0, 17, 0, 0, 0.0
32, 0, 18, 0, 0, 0.0
32, 0, 19, 0, 0, 0.0
32, 0, 20, 0, 0, 0.0
32, 1, 0, 0, 0, 0.0
32, 1, 1, 0, 0, 0.0
32, 1, 2, 0, 0, 0.0
32, 1, 3, 0, 0, 0.0
32, 1, 4, 0, 0, 0.0
32, 1, 5, 0, 0, 0.0
32, 1, 6, 0, 0, 0.0
32, 1, 7, 0, 0, 0.0
32, 1, 8, 0, 0, 0.0
32, 1, 9, 0, 0, 0.0
32, 1, 10, 0, 0, 0.0
32, 1, 11, 0, 0, 0.0
32, 1, 12, 0, 0, 0.0
32, 1, 13, 0, 0, 0.0
32, 1, 14, 0, 0, 0.0
32, 1, 15, 0, 0, 0.0
32, 1, 16, 0, 0, 0.0
32, 1, 17, 0, 0, 0.0
32, 1, 18, 0, 0, 0.0
32, 1, 19, 0, 0, 0.0
32, 1, 20, 0, 0, 0.0
33, 0, 0, 0, 0, 0.0
33, 0, 1, 0, 0, 0.0
33, 0, 2, 0, 0, 0.0
33, 0, 3, 0, 0, 0.0
33, 0, 4, 0, 0, 0.0
33, 0, 5, 0, 0, 0.0
33, 0, 6, 0, 0, 0.0
33, 0, 7, 0, 0, 0.0
33, 0, 8, 0, 0, 0.0
33, 0, 9, 0, 0, 0.0
33, 0, 10, 0, 0, 0.0
33, 0, 11, 0, 0, 0.0
33, 0, 12, 0, 0, 0.0
33, 0, 13, 0, 0, 0.0
33, 0, 14, 0, 0, 0.0
33, 0, 15, 0, 0, 0.0
33, 0, 16, 0, 0, 0.0
33, 0, 17, 0, 0, 0.0
33, 0, 18, 0, 0, 0.0
33, 0, 19, 0, 0, 0.0
33, 0, 20, 0, 0, 0.0
33, 1, 0, 0, 0, 0.0
33, 1, 1, 0, 0, 0.0
33, 1, 2, 0, 0, 0.0
33, 1, 3, 0, 0, 0.0
33, 1, 4, 0, 0, 0.0
33, 1, 5, 0, 0, 0.0
33, 1, 6, 0, 0, 0.0
33, 1, 7, 0, 0, 0.0
33, 1, 8, 0, 0, 0.0
33, 1, 9, 0, 0, 0.0
33, 1, 10, 0, 0, 0.0
33, 1, 11, 0, 0, 0.0
33, 1, 12, 0, 0, 0.0
33, 1, 13, 0, 0, 0.0
33, 1, 14, 0, 0, 0.0
33, 1, 15, 0, 0, 0.0
33, 1, 16, 0, 0, 0.0
33, 1, 17, 0, 0, 0.0
33, 1, 18, 0, 0, 0.0
33, 1, 19, 0, 0, 0.0
33, 1, 20, 0, 0, 0.0
34, 0, 0, 0, 0, 0.0
34, 0, 1, 0, 0, 0.0
34, 0, 2, 0, 0, 0.0
34, 0, 3, 0, 0, 0.0
34, 0, 4, 0, 0, 0.0
34, 0, 5, 0, 0, 0.0
34, 0, 6, 0, 0, 0.0
34, 0, 7, 0, 0, 0.0
34, 0, 8, 0, 0, 0.0
34, 0, 9, 0, 0, 0.0
34, 0, 10, 0, 0, 0.0
34, 0, 11, 0, 0, 0.0
34, 0, 12, 0, 0, 0.0
34, 0, 13, 0, 0, 0.0
34, 0, 14, 0, 0, 0.0
34, 0, 15, 0, 0, 0.0
34, 0, 16, 0, 0, 0.0
34, 0, 17, 0, 0, 0.0
34, 0, 18, 0, 0, 0.0
34, 0, 19, 0, 0, 0.0
34, 0, 20, 0, 0, 0.0
34, 1, 0, 0, 0, 0.0
34, 1, 1, 0, 0, 0.0
34, 1, 2, 0, 0, 0.0
34, 1, 3, 0, 0, 0.0
34, 1, 4, 0, 0, 0.0
34, 1, 5, 0, 0, 0.0
34, 1, 6, 0, 0, 0.0
34, 1, 7, 0, 0, 0.0
34, 1, 8, 0, 0, 0.0
34, 1, 9, 0, 0, 0.0
34, 1, 10, 0, 0, 0.0
34, 1, 11, 0, 0, 0.0
34, 1, 12, 0, 0, 0.0
34, 1, 13, 0, 0, 0.0
34, 1, 14, 0, 0, 0.0
34, 1, 15, 0, 0, 0.0
34, 1, 16, 0, 0, 0.0
34, 1, 17, 0, 0, 0.0
34, 1, 18, 0, 0, 0.0
34, 1, 19, 0, 0, 0.0
34, 1, 20, 0, 0, 0.0
35, 0, 0, 0, 0, 0.0
35, 0, 1, 0, 0, 0.0
35, 0, 2, 0, 0, 0.0
35, 0, 3, 0, 0, 0.0
35, 0, 4, 0, 0, 0.0
35, 0, 5, 0, 0, 0.0
35, 0, 6, 0, 0, 0.0
35, 0, 7, 0, 0, 0.0
35, 0, 8, 0, 0, 0.0
35, 0, 9, 0, 0, 0.0
35, 0, 10, 0, 0, 0.0
35, 0, 11, 0, 0, 0.0
35, 0, 12, 0, 0, 0.0
35, 0, 13, 0, 0, 0.0
35, 0, 14, 0, 0, 0.0
35, 0, 15, 0, 0, 0.0
35, 0, 16, 0, 0, 0.0
35, 0, 17, 0, 0, 0.0
35, 0, 18, 0, 0, 0.0
35, 0, 19, 0, 0, 0.0
35, 0, 20, 0, 0, 0.0
35, 1, 0, 0, 0, 0.0
35, 1, 1, 0, 0, 0.0
35, 1, 2, 0, 0, 0.0
35, 1, 3, 0, 0, 0.0
35, 1, 4, 0, 0, 0.0
35, 1, 5, 0, 0, 0.0
35, 1, 6, 0, 0, 0.0
35, 1, 7, 0, 0, 0.0
35, 1, 8, 0, 0, 0.0
35, 1, 9, 0, 0, 0.0
35, 1, 10, 0, 0, 0.0
35, 1, 11, 0, 0, 0.0
35, 1, 12, 0, 0, 0.0
35, 1, 13, 0, 0, 0.0
35, 1, 14, 0, 0, 0.0
35, 1, 15, 0, 0, 0.0
35, 1, 16, 0, 0, 0.0
35, 1, 17, 0, 0, 0.0
35, 1, 18, 0, 0, 0.0
35, 1, 19, 0, 0, 0.0
35, 1, 20, 0, 0, 0.0
36, 0, 0, 0, 0, 0.0
36, 0, 1, 0, 0, 0.0
36, 0, 2, 0, 0, 0.0
36, 0, 3, 0, 0, 0.0
36, 0, 4, 0, 0, 0.0
36, 0, 5, 0, 0, 0.0
36, 0, 6, 0, 0, 0.0
36, 0, 7, 0, 0, 0.0
36, 0, 8, 0, 0, 0.0
36, 0, 9, 0, 0, 0.0
36, 0, 10, 0, 0, 0.0
36, 0, 11, 0, 0, 0.0
36, 0, 12, 0, 0, 0.0
36, 0, 13, 0, 0, 0.0
36, 0, 14, 0, 0, 0.0
36, 0, 15, 0, 0, 0.0
36, 0, 16, 0, 0, 0.0
36, 0, 17, 0, 0, 0.0
36, 0, 18, 0, 0, 0.0
36, 0, 19, 0, 0, 0.0
36, 0, 20, 0, 0, 0.0
36, 1, 0, 0, 0, 0.0
36, 1, 1, 0, 0, 0.0
36, 1, 2, 0, 0, 0.0
36, 1, 3, 0, 0, 0.0
36, 1, 4, 0, 0, 0.0
36, 1, 5, 0, 0, 0.0
36, 1, 6, 0, 0, 0.0
36, 1, 7, 0, 0, 0.0
36, 1, 8, 0, 0, 0.0
36, 1, 9, 0, 0, 0.0
36, 1, 10, 0, 0, 0.0
36, 1, 11, 0, 0, 0.0
36, 1, 12, 0, 0, 0.0
36, 1, 13, 0, 0, 0.0
36, 1, 14, 0, 0, 0.0
36, 1, 15, 0, 0, 0.0
36, 1, 16, 0, 0, 0.0
36, 1, 17, 0, 0, 0.0
36, 1, 18, 0, 0, 0.0
36, 1, 19, 0, 0, 0.0
36, 1, 20, 0, 0, 0.0
37, 0, 0, 0, 0, 0.0
37, 0, 1, 0, 0, 0.0
37, 0, 2, 0, 0, 0.0
37, 0, 3, 0, 0, 0.0
37, 0, 4, 0, 0, 0.0
37, 0, 5, 0, 0, 0.0
37, 0, 6, 0, 0, 0.0
37, 0, 7, 0, 0, 0.0
37, 0, 8, 0, 0, 0.0
37, 0, 9, 0, 0, 0.0
37, 0, 10, 0, 0, 0.0
37, 0, 11, 0, 0, 0.0
37, 0, 12, 0, 0, 0.0
37, 0, 13, 0, 0, 0.0
37, 0, 14, 0, 0, 0.0
37, 0, 15, 0, 0, 0.0
37, 0, 16, 0, 0, 0.0
37, 0, 17, 0, 0, 0.0
37, 0, 18, 0, 0, 0.0
37, 0, 19, 0, 0, 0.0
37, 0, 20, 0, 0, 0.0
37, 1, 0, 0, 0, 0.0
37, 1, 1, 0, 0, 0.0
37, 1, 2, 0, 0, 0.0
37, 1, 3, 0, 0, 0.0
37, 1, 4, 0, 0, 0.0
37, 1, 5, 0, 0, 0.0
37, 1, 6, 0, 0, 0.0
37, 1, 7, 0, 0, 0.0
37, 1, 8, 0, 0, 0.0
37, 1, 9, 0, 0, 0.0
37, 1, 10, 0, 0, 0.0
37, 1, 11, 0, 0, 0.0
37, 1, 12, 0, 0, 0.0
37, 1, 13, 0, 0, 0.0
37, 1, 14, 0, 0, 0.0
37, 1, 15, 0, 0, 0.0
37, 1, 16, 0, 0, 0.0
37, 1, 17, 0, 0, 0.0
37, 1, 18, 0, 0, 0.0
37, 1, 19, 0, 0, 0.0
37, 1, 20, 0, 0, 0.0
38, 0, 0, 0, 0, 0.0
38, 0, 1, 0, 0, 0.0
38, 0, 2, 0, 0, 0.0
38, 0, 3, 0, 0, 0.0
38, 0, 4, 0, 0, 0.0
38, 0, 5, 0, 0, 0.0
38, 0, 6, 0, 0, 0.0
38, 0, 7, 0, 0, 0.0
38, 0, 8, 0, 0, 0.0
38, 0, 9, 0, 0, 0.0
38, 0, 10, 0, 0, 0.0
38, 0, 11, 0, 0, 0.0
38, 0, 12, 0, 0, 0.0
38, 0, 13, 0, 0, 0.0
38, 0, 14, 0, 0, 0.0
38, 0, 15, 0, 0, 0.0
38, 0, 16, 0, 0, 0.0
38, 0, 17, 0, 0, 0.0
38, 0, 18, 0, 0, 0.0
38, 0, 19, 0, 0, 0.0
38, 0, 20, 0, 0, 0.0
38, 1, 0, 0, 0, 0.0
38, 1, 1, 0, 0, 0.0
38, 1, 2, 0, 0, 0.0
38, 1, 3, 0, 0, 0.0
38, 1, 4, 0, 0, 0.0
38, 1, 5, 0, 0, 0.0
38, 1, 6, 0, 0, 0.0
38, 1, 7, 0, 0, 0.0
38, 1, 8, 0, 0, 0.0
38, 1, 9, 0, 0, 0.0
38, 1, 10, 0, 0, 0.0
38, 1, 11, 0, 0, 0.0
38, 1, 12, 0, 0, 0.0
38, 1, 13, 0, 0, 0.0
38, 1, 14, 0, 0, 0.0
38, 1, 15, 0, 0, 0.0
38, 1, 16, 0, 0, 0.0
38, 1, 17, 0, 0, 0.0
38, 1, 18, 0, 0, 0.0
38, 1, 19, 0, 0, 0.0
38, 1, 20, 0, 0, 0.0
39, 0, 0, 0, 0, 0.0
39, 0, 1, 0, 0, 0.0
39, 0, 2, 0, 0, 0.0
39, 0, 3, 0, 0, 0.0
39, 0, 4, 0, 0, 0.0
39, 0, 5, 0, 0, 0.0
39, 0, 6, 0, 0, 0.0
39, 0, 7, 0, 0, 0.0
39, 0, 8, 0, 0, 0.0
39, 0, 9, 0, 0, 0.0
39, 0, 10, 0, 0, 0.0
39, 0, 11, 0, 0, 0.0
39, 0, 12, 0, 0, 0.0
39, 0, 13, 0, 0, 0.0
39, 0, 14, 0, 0, 0.0
39, 0, 15, 0, 0, 0.0
39, 0, 16, 0, 0, 0.0
39, 0, 17, 0, 0, 0.0
39, 0, 18, 0, 0, 0.0
39, 0, 19, 0, 0, 0.0
39, 0, 20, 0, 0, 0.0
39, 1, 0, 0, 0, 0.0
39, 1, 1, 0, 0, 0.0
39, 1, 2, 0, 0, 0.0
39, 1, 3, 0, 0, 0.0
39, 1, 4, 0, 0, 0.0
39, 1, 5, 0, 0, 0.0
39, 1, 6, 0, 0, 0.0
39, 1, 7, 0, 0, 0.0
39, 1, 8, 0, 0, 0.0
39, 1, 9, 0, 0, 0.0
39, 1, 10, 0, 0, 0.0
39, 1, 11, 0, 0, 0.0
39, 1, 12, 0, 0, 0.0
39, 1, 13, 0, 0, 0.0
39, 1, 14, 0, 0, 0.0
39, 1, 15, 0, 0, 0.0
39, 1, 16, 0, 0, 0.0
39, 1, 17, 0, 0, 0.0
39, 1, 18, 0, 0, 0.0
39, 1, 19, 0, 0, 0.0
39, 1, 20, 0, 0, 0.0
40, 0, 0, 0, 0, 0.0
40, 0, 1, 0, 0, 0.0
40, 0, 2, 0, 0, 0.0
40, 0, 3, 0, 0, 0.0
40, 0, 4, 0, 0, 0.0
40, 0, 5, 0, 0, 0.0
40, 0, 6, 0, 0, 0.0
40, 0, 7, 0, 0, 0.0
40, 0, 8, 0, 0, 0.0
40, 0, 9, 0, 0, 0.0
40, 0, 10, 0, 0, 0.0
40, 0, 11, 0, 0, 0.0
40, 0, 12, 0, 0, 0.0
40, 0, 13, 0, 0, 0.0
40, 0, 14, 0, 0, 0.0
40, 0, 15, 0, 0, 0.0
40, 0, 16, 0, 0, 0.0
40, 0, 17, 0, 0, 0.0
40, 0, 18, 0, 0, 0.0
40, 0, 19, 0, 0, 0.0
40, 0, 20, 0, 0, 0.0
40, 1, 0, 0, 0, 0.0
40, 1, 1, 0, 0, 0.0
40, 1, 2, 0, 0, 0.0
40, 1, 3, 0, 0, 0.0
40, 1, 4, 0, 0, 0.0
40, 1, 5, 0, 0, 0.0
40, 1, 6, 0, 0, 0.0
40, 1, 7, 0, 0, 0.0
40, 1, 8, 0, 0, 0.0
40, 1, 9, 0, 0, 0.0
40, 1, 10, 0, 0, 0.0
40, 1, 11, 0, 0, 0.0
40, 1, 12, 0, 0, 0.0
40, 1, 13, 0, 0, 0.0
40, 1, 14, 0, 0, 0.0
40, 1, 15, 0, 0, 0.0
40, 1, 16, 0, 0, 0.0
40, 1, 17, 0, 0, 0.0
40, 1, 18, 0, 0, 0.0
40, 1, 19, 0, 0, 0.0
40, 1, 20, 0, 0, 0.0
41, 0, 0, 0, 0, 0.0
41, 0, 1, 0, 0, 0.0
41, 0, 2, 0, 0, 0.0
41, 0, 3, 0, 0, 0.0
41, 0, 4, 0, 0, 0.0
41, 0, 5, 0, 0, 0.0
41, 0, 6, 0, 0, 0.0
41, 0, 7, 0, 0, 0.0
41, 0, 8, 0, 0, 0.0
41, 0, 9, 0, 0, 0.0
41, 0, 10, 0, 0, 0.0
41, 0, 11, 0, 0, 0.0
41, 0, 12, 0, 0, 0.0
41, 0, 13, 0, 0, 0.0
41, 0, 14, 0, 0, 0.0
41, 0, 15, 0, 0, 0.0
41, 0, 16, 0, 0, 0.0
41, 0, 17, 0, 0, 0.0
41, 0, 18, 0, 0, 0.0
41, 0, 19, 0, 0, 0.0
41, 0, 20, 0, 0, 0.0
41, 1, 0, 0, 0, 0.0
41, 1, 1, 0, 0, 0.0
41, 1, 2, 0, 0, 0.0
41, 1, 3, 0, 0, 0.0
41, 1, 4, 0, 0, 0.0
41, 1, 5, 0, 0, 0.0
41, 1, 6, 0, 0, 0.0
41, 1, 7, 0, 0, 0.0
41, 1, 8, 0, 0, 0.0
41, 1, 9, 0, 0, 0.0
41, 1, 10, 0, 0, 0.0
41, 1, 11, 0, 0, 0.0
41, 1, 12, 0, 0, 0.0
41, 1, 13, 0, 0, 0.0
41, 1, 14, 0, 0, 0.0
41, 1, 15, 0, 0, 0.0
41, 1, 16, 0, 0, 0.0
41, 1, 17, 0, 0, 0.0
41, 1, 18, 0, 0, 0.0
41, 1, 19, 0, 0, 0.0
41, 1, 20, 0, 0, 0.0
42, 0, 0, 0, 0, 0.0
42, 0, 1, 0, 0, 0.0
42, 0, 2, 0, 0, 0.0
42, 0, 3, 0, 0, 0.0
42, 0, 4, 0, 0, 0.0
42, 0, 5, 0, 0, 0.0
42, 0, 6, 0, 0, 0.0
42, 0, 7, 0, 0, 0.0
42, 0, 8, 0, 0, 0.0
42, 0, 9, 0, 0, 0.0
42, 0, 10, 0, 0, 0.0
42, 0, 11, 0, 0, 0.0
42, 0, 12, 0, 0, 0.0
42, 0, 13, 0, 0, 0.0
42, 0, 14, 0, 0, 0.0
42, 0, 15, 0, 0, 0.0
42, 0, 16, 0, 0, 0.0
42, 0, 17, 0, 0, 0.0
42, 0, 18, 0, 0, 0.0
42, 0, 19, 0, 0, 0.0
42, 0, 20, 0, 0, 0.0
42, 1, 0, 0, 0, 0.0
42, 1, 1, 0, 0, 0.0
42, 1, 2, 0, 0, 0.0
42, 1, 3, 0, 0, 0.0
42, 1, 4, 0, 0, 0.0
42, 1, 5, 0, 0, 0.0
42, 1, 6, 0, 0, 0.0
42, 1, 7, 0, 0, 0.0
42, 1, 8, 0, 0, 0.0
42, 1, 9, 0, 0, 0.0
42, 1, 10, 0, 0, 0.0
42, 1, 11, 0, 0, 0.0
42, 1, 12, 0, 0, 0.0
42, 1, 13, 0, 0, 0.0
42, 1, 14, 0, 0, 0.0
42, 1, 15, 0, 0, 0.0
42, 1, 16, 0, 0, 0.0
42, 1, 17, 0, 0, 0.0
42, 1, 18, 0, 0, 0.0
42, 1, 19, 0, 0, 0.0
42, 1, 20, 0, 0, 0.0
43, 0, 0, 0, 0, 0.0
43, 0, 1, 0, 0, 0.0
43, 0, 2, 0, 0, 0.0
43, 0, 3, 0, 0, 0.0
43, 0, 4, 0, 0, 0.0
43, 0, 5, 0, 0, 0.0
43, 0, 6, 0, 0, 0.0
43, 0, 7, 0, 0, 0.0
43, 0, 8, 0, 0, 0.0
43, 0, 9, 0, 0, 0.0
43, 0, 10, 0, 0, 0.0
43, 0, 11, 0, 0, 0.0
43, 0, 12, 0, 0, 0.0
43, 0, 13, 0, 0, 0.0
43, 0, 14, 0, 0, 0.0
43, 0, 15, 0, 0, 0.0
43, 0, 16, 0, 0, 0.0
43, 0, 17, 0, 0, 0.0
43, 0, 18, 0, 0, 0.0
43, 0, 19, 0, 0, 0.0
43, 0, 20, 0, 0, 0.0
43, 1, 0, 0, 0, 0.0
43, 1, 1, 0, 0, 0.0
43, 1, 2, 0, 0, 0.0
43, 1, 3, 0, 0, 0.0
43, 1, 4, 0, 0, 0.0
43, 1, 5, 0, 0, 0.0
43, 1, 6, 0, 0, 0.0
43, 1, 7, 0, 0, 0.0
43, 1, 8, 0, 0, 0.0
43, 1, 9, 0, 0, 0.0
43, 1, 10, 0, 0, 0.0
43, 1, 11, 0, 0, 0.0
43, 1, 12, 0, 0, 0.0
43, 1, 13, 0, 0, 0.0
43, 1, 14, 0, 0, 0.0
43, 1, 15, 0, 0, 0.0
43, 1, 16, 0, 0, 0.0
43, 1, 17, 0, 0, 0.0
43, 1, 18, 0, 0, 0.0
43, 1, 19, 0, 0, 0.0
43, 1, 20, 0, 0, 0.0
44, 0, 0, 0, 0, 0.0
44, 0, 1, 0, 0, 0.0
44, 0, 2, 0, 0, 0.0
44, 0, 3, 0, 0, 0.0
44, 0, 4, 0, 0, 0.0
44, 0, 5, 0, 0, 0.0
44, 0, 6, 0, 0, 0.0
44, 0, 7, 0, 0, 0.0
44, 0, 8, 0, 0, 0.0
44, 0, 9, 0, 0, 0.0
44, 0, 10, 0, 0, 0.0
44, 0, 11, 0, 0, 0.0
44, 0, 12, 0, 0, 0.0
44, 0, 13, 0, 0, 0.0
44, 0, 14, 0, 0, 0.0
44, 0, 15, 0, 0, 0.0
44, 0, 16, 0, 0, 0.0
44, 0, 17, 0, 0, 0.0
44, 0, 18, 0, 0, 0.0
44, 0, 19, 0, 0, 0.0
44, 0, 20, 0, 0, 0.0
44, 1, 0, 0, 0, 0.0
44, 1, 1, 0, 0, 0.0
44, 1, 2, 0, 0, 0.0
44, 1, 3, 0, 0, 0.0
44, 1, 4, 0, 0, 0.0
44, 1, 5, 0, 0, 0.0
44, 1, 6, 0, 0, 0.0
44, 1, 7, 0, 0, 0.0
44, 1, 8, 0, 0, 0.0
44, 1, 9, 0, 0, 0.0
44, 1, 10, 0, 0, 0.0
44, 1, 11, 0, 0, 0.0
44, 1, 12, 0, 0, 0.0
44, 1, 13, 0, 0, 0.0
44, 1, 14, 0, 0, 0.0
44, 1, 15, 0, 0, 0.0
44, 1, 16, 0, 0, 0.0
44, 1, 17, 0, 0, 0.0
44, 1, 18, 0, 0, 0.0
44, 1, 19, 0, 0, 0.0
44, 1, 20, 0, 0, 0.0
45, 0, 0, 0, 0, 0.0
45, 0, 1, 0, 0, 0.0
45, 0, 2, 0, 0, 0.0
45, 0, 3, 0, 0, 0.0
45, 0, 4, 0, 0, 0.0
45, 0, 5, 0, 0, 0.0
45, 0, 6, 0, 0, 0.0
45, 0, 7, 0, 0, 0.0
45, 0, 8, 0, 0, 0.0
45, 0, 9, 0, 0, 0.0
45, 0, 10, 0, 0, 0.0
45, 0, 11, 0, 0, 0.0
45, 0, 12, 0, 0, 0.0
45, 0, 13, 0, 0, 0.0
45, 0, 14, 0, 0, 0.0
45, 0, 15, 0, 0, 0.0
45, 0, 16, 0, 0, 0.0
45, 0, 17, 0, 0, 0.0
45, 0, 18, 0, 0, 0.0
45, 0, 19, 0, 0, 0.0
45, 0, 20, 0, 0, 0.0
45, 1, 0, 0, 0, 0.0
45, 1, 1, 0, 0, 0.0
45, 1, 2, 0, 0, 0.0
45, 1, 3, 0, 0, 0.0
45, 1, 4, 0, 0, 0.0
45, 1, 5, 0, 0, 0.0
45, 1, 6, 0, 0, 0.0
45, 1, 7, 0, 0, 0.0
45, 1, 8, 0, 0, 0.0
45, 1, 9, 0, 0, 0.0
45, 1, 10, 0, 0, 0.0
45, 1, 11, 0, 0, 0.0
45, 1, 12, 0, 0, 0.0
45, 1, 13, 0, 0, 0.0
45, 1, 14, 0, 0, 0.0
45, 1, 15, 0, 0, 0.0
45, 1, 16, 0, 0, 0.0
45, 1, 17, 0, 0, 0.0
45, 1, 18, 0, 0, 0.0
45, 1, 19, 0, 0, 0.0
45, 1, 20, 0, 0, 0.0
46, 0, 0, 0, 0, 0.0
46, 0, 1, 0, 0, 0.0
46, 0, 2, 0, 0, 0.0
46, 0, 3, 0, 0, 0.0
46, 0, 4, 0, 0, 0.0
46, 0, 5, 0, 0, 0.0
46, 0, 6, 0, 0, 0.0
46, 0, 7, 0, 0, 0.0
46, 0, 8, 0, 0, 0.0
46, 0, 9, 0, 0, 0.0
46, 0, 10, 0, 0, 0.0
46, 0, 11, 0, 0, 0.0
46, 0, 12, 0, 0, 0.0
46, 0, 13, 0, 0, 0.0
46, 0, 14, 0, 0, 0.0
46, 0, 15, 0, 0, 0.0
46, 0, 16, 0, 0, 0.0
46, 0, 17, 0, 0, 0.0
46, 0, 18, 0, 0, 0.0
46, 0, 19, 0, 0, 0.0
46, 0, 20, 0, 0, 0.0
46, 1, 0, 0, 0, 0.0
46, 1, 1, 0, 0, 0.0
46, 1, 2, 0, 0, 0.0
46, 1, 3, 0, 0, 0.0
46, 1, 4, 0, 0, 0.0
46, 1, 5, 0, 0, 0.0
46, 1, 6, 0, 0, 0.0
46, 1, 7, 0, 0, 0.0
46, 1, 8, 0, 0, 0.0
46, 1, 9, 0, 0, 0.0
46, 1, 10, 0, 0, 0.0
46, 1, 11, 0, 0, 0.0
46, 1, 12, 0, 0, 0.0
46, 1, 13, 0, 0, 0.0
46, 1, 14, 0, 0, 0.0
46, 1, 15, 0, 0, 0.0
46, 1, 16, 0, 0, 0.0
46, 1, 17, 0, 0, 0.0
46, 1, 18, 0, 0, 0.0
46, 1, 19, 0, 0, 0.0
46, 1, 20, 0, 0, 0.0
47, 0, 0, 0, 0, 0.0
47, 0, 1, 0, 0, 0.0
47, 0, 2, 0, 0, 0.0
47, 0, 3, 0, 0, 0.0
47, 0, 4, 0, 0, 0.0
47, 0, 5, 0, 0, 0.0
47, 0, 6, 0, 0, 0.0
47, 0, 7, 0, 0, 0.0
47, 0, 8, 0, 0, 0.0
47, 0, 9, 0, 0, 0.0
47, 0, 10, 0, 0, 0.0
47, 0, 11, 0, 0, 0.0
47, 0, 12, 0, 0, 0.0
47, 0, 13, 0, 0, 0.0
47, 0, 14, 0, 0, 0.0
47, 0, 15, 0, 0, 0.0
47, 0, 16, 0, 0, 0.0
47, 0, 17, 0, 0, 0.0
47, 0, 18, 0, 0, 0.0
47, 0, 19, 0, 0, 0.0
47, 0, 20, 0, 0, 0.0
47, 1, 0, 0, 0, 0.0
47, 1, 1, 0, 0, 0.0
47, 1, 2, 0, 0, 0.0
47, 1, 3, 0, 0, 0.0
47, 1, 4, 0, 0, 0.0
47, 1, 5, 0, 0, 0.0
47, 1, 6, 0, 0, 0.0
47, 1, 7, 0, 0, 0.0
47, 1, 8, 0, 0, 0.0
47, 1, 9, 0, 0, 0.0
47, 1, 10, 0, 0, 0.0
47, 1, 11, 0, 0, 0.0
47, 1, 12, 0, 0, 0.0
47, 1, 13, 0, 0, 0.0
47, 1, 14, 0, 0, 0.0
47, 1, 15, 0, 0, 0.0
47, 1, 16, 0, 0, 0.0
47, 1, 17, 0, 0, 0.0
47, 1, 18, 0, 0, 0.0
47, 1, 19, 0, 0, 0.0
47, 1, 20, 0, 0, 0.0
