0, 0, 0, 0, 0, 0.0
0, 0, 1, 0, 0, 0.0
0, 0, 2, 0, 0, 0.0
0, 0, 3, 0, 0, 0.0
0, 0, 4, 0, 0, 0.0
0, 0, 5, 0, 0, 0.0
0, 0, 6, 0, 0, 0.0
0, 0, 7, 0, 0, 0.0
0, 0, 8, 0, 0, 0.0
0, 0, 9, 0, 0, 0.0
0, 0, 10, 0, 0, 0.0
0, 0, 11, 0, 0, 0.0
0, 0, 12, 0, 0, 0.0
0, 0, 13, 0, 0, 0.0
0, 0, 14, 0, 0, 0.0
0, 0, 15, 0, 0, 0.0
0, 0, 16, 0, 0, 0.0
0, 0, 17, 0, 0, 0.0
0, 0, 18, 0, 0, 0.0
0, 0, 19, 0, 0, 0.0
0, 0, 20, 0, 0, 0.0
0, 1, 0, 0, 0, 0.0
0, 1, 1, 0, 0, 0.0
0, 1, 2, 0, 0, 0.0
0, 1, 3, 0, 0, 0.0
0, 1, 4, 0, 0, 0.0
0, 1, 5, 0, 0, 0.0
0, 1, 6, 0, 0, 0.0
0, 1, 7, 0, 0, 0.0
0, 1, 8, 0, 0, 0.0
0, 1, 9, 0, 0, 0.0
0, 1, 10, 0, 0, 0.0
0, 1, 11, 0, 0, 0.0
0, 1, 12, 0, 0, 0.0
0, 1, 13, 0, 0, 0.0
0, 1, 14, 0, 0, 0.0
0, 1, 15, 0, 0, 0.0
0, 1, 16, 0, 0, 0.0
0, 1, 17, 0, 0, 0.0
0, 1, 18, 0, 0, 0.0
0, 1, 19, 0, 0, 0.0
0, 1, 20, 0, 0, 0.0
1, 0, 0, 0, 0, 0.0
1, 0, 1, 0, 0, 0.0
1, 0, 2, 0, 0, 0.0
1, 0, 3, 0, 0, 0.0
1, 0, 4, 0, 0, 0.0
1, 0, 5, 0, 0, 0.0
1, 0, 6, 0, 0, 0.0
1, 0, 7, 0, 0, 0.0
1, 0, 8, 0, 0, 0.0
1, 0, 9, 0, 0, 0.0
1, 0, 10, 0, 0, 0.0
1, 0, 11, 0, 0, 0.0
1, 0, 12, 0, 0, 0.0
1, 0, 13, 0, 0, 0.0
1, 0, 14, 0, 0, 0.0
1, 0, 15, 0, 0, 0.0
1, 0, 16, 0, 0, 0.0
1, 0, 17, 0, 0, 0.0
1, 0, 18, 0, 0, 0.0
1, 0, 19, 0, 0, 0.0
1, 0, 20, 0, 0, 0.0
1, 1, 0, 0, 0, 0.0
1, 1, 1, 0, 0, 0.0
1, 1, 2, 0, 0, 0.0
1, 1, 3, 0, 0, 0.0
1, 1, 4, 0, 0, 0.0
1, 1, 5, 0, 0, 0.0
1, 1, 6, 0, 0, 0.0
1, 1, 7, 0, 0, 0.0
1, 1, 8, 0, 0, 0.0
1, 1, 9, 0, 0, 0.0
1, 1, 10, 0, 0, 0.0
1, 1, 11, 0, 0, 0.0
1, 1, 12, 0, 0, 0.0
1, 1, 13, 0, 0, 0.0
1, 1, 14, 0, 0, 0.0
1, 1, 15, 0, 0, 0.0
1, 1, 16, 0, 0, 0.0
1, 1, 17, 0, 0, 0.0
1, 1, 18, 0, 0, 0.0
1, 1, 19, 0, 0, 0.0
1, 1, 20, 0, 0, 0.0
2, 0, 0, 0, 0, 0.0
2, 0, 1, 0, 0, 0.0
2, 0, 2, 0, 0, 0.0
2, 0, 3, 0, 0, 0.0
2, 0, 4, 0, 0, 0.0
2, 0, 5, 0, 0, 0.0
2, 0, 6, 0, 0, 0.0
2, 0, 7, 0, 0, 0.0
2, 0, 8, 0, 0, 0.0
2, 0, 9, 0, 0, 0.0
2, 0, 10, 0, 0, 0.0
2, 0, 11, 0, 0, 0.0
2, 0, 12, 0, 0, 0.0
2, 0, 13, 0, 0, 0.0
2, 0, 14, 0, 0, 0.0
2, 0, 15, 0, 0, 0.0
2, 0, 16, 0, 0, 0.0
2, 0, 17, 0, 0, 0.0
2, 0, 18, 0, 0, 0.0
2, 0, 19, 0, 0, 0.0
2, 0, 20, 0, 0, 0.0
2, 1, 0, 0, 0, 0.0
2, 1, 1, 0, 0, 0.0
2, 1, 2, 0, 0, 0.0
2, 1, 3, 0, 0, 0.0
2, 1, 4, 0, 0, 0.0
2, 1, 5, 0, 0, 0.0
2, 1, 6, 0, 0, 0.0
2, 1, 7, 0, 0, 0.0
2, 1, 8, 0, 0, 0.0
2, 1, 9, 0, 0, 0.0
2, 1, 10, 0, 0, 0.0
2, 1, 11, 0, 0, 0.0
2, 1, 12, 0, 0, 0.0
2, 1, 13, 0, 0, 0.0
2, 1, 14, 0, 0, 0.0
2, 1, 15, 0, 0, 0.0
2, 1, 16, 0, 0, 0.0
2, 1, 17, 0, 0, 0.0
2, 1, 18, 0, 0, 0.0
2, 1, 19, 0, 0, 0.0
2, 1, 20, 0, 0, 0.0
3, 0, 0, 0, 0, 0.0
3, 0, 1, 0, 0, 0.0
3, 0, 2, 0, 0, 0.0
3, 0, 3, 0, 0, 0.0
3, 0, 4, 0, 0, 0.0
3, 0, 5, 0, 0, 0.0
3, 0, 6, 0, 0, 0.0
3, 0, 7, 0, 0, 0.0
3, 0, 8, 0, 0, 0.0
3, 0, 9, 0, 0, 0.0
3, 0, 10, 0, 0, 0.0
3, 0, 11, 0, 0, 0.0
3, 0, 12, 0, 0, 0.0
3, 0, 13, 0, 0, 0.0
3, 0, 14, 0, 0, 0.0
3, 0, 15, 0, 0, 0.0
3, 0, 16, 0, 0, 0.0
3, 0, 17, 0, 0, 0.0
3, 0, 18, 0, 0, 0.0
3, 0, 19, 0, 0, 0.0
3, 0, 20, 0, 0, 0.0
3, 1, 0, 0, 0, 0.0
3, 1, 1, 0, 0, 0.0
3, 1, 2, 0, 0, 0.0
3, 1, 3, 0, 0, 0.0
3, 1, 4, 0, 0, 0.0
3, 1, 5, 0, 0, 0.0
3, 1, 6, 0, 0, 0.0
3, 1, 7, 0, 0, 0.0
3, 1, 8, 0, 0, 0.0
3, 1, 9, 0, 0, 0.0
3, 1, 10, 0, 0, 0.0
3, 1, 11, 0, 0, 0.0
3, 1, 12, 0, 0, 0.0
3, 1, 13, 0, 0, 0.0
3, 1, 14, 0, 0, 0.0
3, 1, 15, 0, 0, 0.0
3, 1, 16, 0, 0, 0.0
3, 1, 17, 0, 0, 0.0
3, 1, 18, 0, 0, 0.0
3, 1, 19, 0, 0, 0.0
3, 1, 20, 0, 0, 0.0
4, 0, 0, 0, 0, 0.0
4, 0, 1, 0, 0, 0.0
4, 0, 2, 0, 0, 0.0
4, 0, 3, 0, 0, 0.0
4, 0, 4, 0, 0, 0.0
4, 0, 5, 0, 0, 0.0
4, 0, 6, 0, 0, 0.0
4, 0, 7, 0, 0, 0.0
4, 0, 8, 0, 0, 0.0
4, 0, 9, 0, 0, 0.0
4, 0, 10, 0, 0, 0.0
4, 0, 11, 0, 0, 0.0
4, 0, 12, 0, 0, 0.0
4, 0, 13, 0, 0, 0.0
4, 0, 14, 0, 0, 0.0
4, 0, 15, 0, 0, 0.0
4, 0, 16, 0, 0, 0.0
4, 0, 17, 0, 0, 0.0
4, 0, 18, 0, 0, 0.0
4, 0, 19, 0, 0, 0.0
4, 0, 20, 0, 0, 0.0
4, 1, 0, 0, 0, 0.0
4, 1, 1, 0, 0, 0.0
4, 1, 2, 0, 0, 0.0
4, 1, 3, 0, 0, 0.0
4, 1, 4, 0, 0, 0.0
4, 1, 5, 0, 0, 0.0
4, 1, 6, 0, 0, 0.0
4, 1, 7, 0, 0, 0.0
4, 1, 8, 0, 0, 0.0
4, 1, 9, 0, 0, 0.0
4, 1, 10, 0, 0, 0.0
4, 1, 11, 0, 0, 0.0
4, 1, 12, 0, 0, 0.0
4, 1, 13, 0, 0, 0.0
4, 1, 14, 0, 0, 0.0
4, 1, 15, 0, 0, 0.0
4, 1, 16, 0, 0, 0.0
4, 1, 17, 0, 0, 0.0
4, 1, 18, 0, 0, 0.0
4, 1, 19, 0, 0, 0.0
4, 1, 20, 0, 0, 0.0
5, 0, 0, 0, 0, 0.0
5, 0, 1, 0, 0, 0.0
5, 0, 2, 0, 0, 0.0
5, 0, 3, 0, 0, 0.0
5, 0, 4, 0, 0, 0.0
5, 0, 5, 0, 0, 0.0
5, 0, 6, 0, 0, 0.0
5, 0, 7, 0, 0, 0.0
5, 0, 8, 0, 0, 0.0
5, 0, 9, 0, 0, 0.0
5, 0, 10, 0, 0, 0.0
5, 0, 11, 0, 0, 0.0
5, 0, 12, 0, 0, 0.0
5, 0, 13, 0, 0, 0.0
5, 0, 14, 0, 0, 0.0
5, 0, 15, 0, 0, 0.0
5, 0, 16, 0, 0, 0.0
5, 0, 17, 0, 0, 0.0
5, 0, 18, 0, 0, 0.0
5, 0, 19, 0, 0, 0.0
5, 0, 20, 0, 0, 0.0
5, 1, 0, 0, 0, 0.0
5, 1, 1, 0, 0, 0.0
5, 1, 2, 0, 0, 0.0
5, 1, 3, 0, 0, 0.0
5, 1, 4, 0, 0, 0.0
5, 1, 5, 0, 0, 0.0
5, 1, 6, 0, 0, 0.0
5, 1, 7, 0, 0, 0.0
5, 1, 8, 0, 0, 0.0
5, 1, 9, 0, 0, 0.0
5, 1, 10, 0, 0, 0.0
5, 1, 11, 0, 0, 0.0
5, 1, 12, 0, 0, 0.0
5, 1, 13, 0, 0, 0.0
5, 1, 14, 0, 0, 0.0
5, 1, 15, 0, 0, 0.0
5, 1, 16, 0, 0, 0.0
5, 1, 17, 0, 0, 0.0
5, 1, 18, 0, 0, 0.0
5, 1, 19, 0, 0, 0.0
5, 1, 20, 0, 0, 0.0
6, 0, 0, 0, 0, 0.0
6, 0, 1, 0, 0, 0.0
6, 0, 2, 0, 0, 0.0
6, 0, 3, 0, 0, 0.0
6, 0, 4, 0, 0, 0.0
6, 0, 5, 0, 0, 0.0
6, 0, 6, 0, 0, 0.0
6, 0, 7, 0, 0, 0.0
6, 0, 8, 0, 0, 0.0
6, 0, 9, 0, 0, 0.0
6, 0, 10, 0, 0, 0.0
6, 0, 11, 0, 0, 0.0
6, 0, 12, 0, 0, 0.0
6, 0, 13, 0, 0, 0.0
6, 0, 14, 0, 0, 0.0
6, 0, 15, 0, 0, 0.0
6, 0, 16, 0, 0, 0.0
6, 0, 17, 0, 0, 0.0
6, 0, 18, 0, 0, 0.0
6, 0, 19, 0, 0, 0.0
6, 0, 20, 0, 0, 0.0
6, 1, 0, 0, 0, 0.0
6, 1, 1, 0, 0, 0.0
6, 1, 2, 0, 0, 0.0
6, 1, 3, 0, 0, 0.0
6, 1, 4, 0, 0, 0.0
6, 1, 5, 0, 0, 0.0
6, 1, 6, 0, 0, 0.0
6, 1, 7, 0, 0, 0.0
6, 1, 8, 0, 0, 0.0
6, 1, 9, 0, 0, 0.0
6, 1, 10, 0, 0, 0.0
6, 1, 11, 0, 0, 0.0
6, 1, 12, 0, 0, 0.0
6, 1, 13, 0, 0, 0.0
6, 1, 14, 0, 0, 0.0
6, 1, 15, 0, 0, 0.0
6, 1, 16, 0, 0, 0.0
6, 1, 17, 0, 0, 0.0
6, 1, 18, 0, 0, 0.0
6, 1, 19, 0, 0, 0.0
6, 1, 20, 0, 0, 0.0
7, 0, 0, 0, 0, 0.0
7, 0, 1, 0, 0, 0.0
7, 0, 2, 0, 0, 0.0
7, 0, 3, 0, 0, 0.0
7, 0, 4, 0, 0, 0.0
7, 0, 5, 0, 0, 0.0
7, 0, 6, 0, 0, 0.0
7, 0, 7, 0, 0, 0.0
7, 0, 8, 0, 0, 0.0
7, 0, 9, 0, 0, 0.0
7, 0, 10, 0, 0, 0.0
7, 0, 11, 0, 0, 0.0
7, 0, 12, 0, 0, 0.0
7, 0, 13, 0, 0, 0.0
7, 0, 14, 0, 0, 0.0
7, 0, 15, 0, 0, 0.0
7, 0, 16, 0, 0, 0.0
7, 0, 17, 0, 0, 0.0
7, 0, 18, 0, 0, 0.0
7, 0, 19, 0, 0, 0.0
7, 0, 20, 0, 0, 0.0
7, 1, 0, 0, 0, 0.0
7, 1, 1, 0, 0, 0.0
7, 1, 2, 0, 0, 0.0
7, 1, 3, 0, 0, 0.0
7, 1, 4, 0, 0, 0.0
7, 1, 5, 0, 0, 0.0
7, 1, 6, 0, 0, 0.0
7, 1, 7, 0, 0, 0.0
7, 1, 8, 0, 0, 0.0
7, 1, 9, 0, 0, 0.0
7, 1, 10, 0, 0, 0.0
7, 1, 11, 0, 0, 0.0
7, 1, 12, 0, 0, 0.0
7, 1, 13, 0, 0, 0.0
7, 1, 14, 0, 0, 0.0
7, 1, 15, 0, 0, 0.0
7, 1, 16, 0, 0, 0.0
7, 1, 17, 0, 0, 0.0
7, 1, 18, 0, 0, 0.0
7, 1, 19, 0, 0, 0.0
7, 1, 20, 0, 0, 0.0
8, 0, 0, 0, 0, 0.0
8, 0, 1, 0, 0, 0.0
8, 0, 2, 0, 0, 0.0
8, 0, 3, 0, 0, 0.0
8, 0, 4, 0, 0, 0.0
8, 0, 5, 0, 0, 0.0
8, 0, 6, 0, 0, 0.0
8, 0, 7, 0, 0, 0.0
8, 0, 8, 0, 0, 0.0
8, 0, 9, 0, 0, 0.0
8, 0, 10, 0, 0, 0.0
8, 0, 11, 0, 0, 0.0
8, 0, 12, 0, 0, 0.0
8, 0, 13, 0, 0, 0.0
8, 0, 14, 0, 0, 0.0
8, 0, 15, 0, 0, 0.0
8, 0, 16, 0, 0, 0.0
8, 0, 17, 0, 0, 0.0
8, 0, 18, 0, 0, 0.0
8, 0, 19, 0, 0, 0.0
8, 0, 20, 0, 0, 0.0
8, 1, 0, 0, 0, 0.0
8, 1, 1, 0, 0, 0.0
8, 1, 2, 0, 0, 0.0
8, 1, 3, 0, 0, 0.0
8, 1, 4, 0, 0, 0.0
8, 1, 5, 0, 0, 0.0
8, 1, 6, 0, 0, 0.0
8, 1, 7, 0, 0, 0.0
8, 1, 8, 0, 0, 0.0
8, 1, 9, 0, 0, 0.0
8, 1, 10, 0, 0, 0.0
8, 1, 11, 0, 0, 0.0
8, 1, 12, 0, 0, 0.0
8, 1, 13, 0, 0, 0.0
8, 1, 14, 0, 0, 0.0
8, 1, 15, 0, 0, 0.0
8, 1, 16, 0, 0, 0.0
8, 1, 17, 0, 0, 0.0
8, 1, 18, 0, 0, 0.0
8, 1, 19, 0, 0, 0.0
8, 1, 20, 0, 0, 0.0
9, 0, 0, 0, 0, 0.0
9, 0, 1, 0, 0, 0.0
9, 0, 2, 0, 0, 0.0
9, 0, 3, 0, 0, 0.0
9, 0, 4, 0, 0, 0.0
9, 0, 5, 0, 0, 0.0
9, 0, 6, 0, 0, 0.0
9, 0, 7, 0, 0, 0.0
9, 0, 8, 0, 0, 0.0
9, 0, 9, 0, 0, 0.0
9, 0, 10, 0, 0, 0.0
9, 0, 11, 0, 0, 0.0
9, 0, 12, 0, 0, 0.0
9, 0, 13, 0, 0, 0.0
9, 0, 14, 0, 0, 0.0
9, 0, 15, 0, 0, 0.0
9, 0, 16, 0, 0, 0.0
9, 0, 17, 0, 0, 0.0
9, 0, 18, 0, 0, 0.0
9, 0, 19, 0, 0, 0.0
9, 0, 20, 0, 0, 0.0
9, 1, 0, 0, 0, 0.0
9, 1, 1, 0, 0, 0.0
9, 1, 2, 0, 0, 0.0
9, 1, 3, 0, 0, 0.0
9, 1, 4, 0, 0, 0.0
9, 1, 5, 0, 0, 0.0
9, 1, 6, 0, 0, 0.0
9, 1, 7, 0, 0, 0.0
9, 1, 8, 0, 0, 0.0
9, 1, 9, 0, 0, 0.0
9, 1, 10, 0, 0, 0.0
9, 1, 11, 0, 0, 0.0
9, 1, 12, 0, 0, 0.0
9, 1, 13, 0, 0, 0.0
9, 1, 14, 0, 0, 0.0
9, 1, 15, 0, 0, 0.0
9, 1, 16, 0, 0, 0.0
9, 1, 17, 0, 0, 0.0
9, 1, 18, 0, 0, 0.0
9, 1, 19, 0, 0, 0.0
9, 1, 20, 0, 0, 0.0
10, 0, 0, 399, 407, -3.1959331181496964e-08
10, 0, 1, 379, 397, -0.01296887919306755
10, 0, 2, 360, 385, -0.0229448564350605
10, 0, 3, 345, 375, -0.03243454918265343
10, 0, 4, 331, 367, -0.04296265169978142
10, 0, 5, 373, 356, -0.02539839781820774
10, 0, 6, 366, 339, -0.042739883065223694
10, 0, 7, 355, 327, -0.05565975606441498
10, 0, 8, 347, 319, -0.06531161814928055
10, 0, 9, 384, 361, -0.029796183109283447
10, 0, 10, 368, 364, -0.0514204278588295
10, 0, 11, 360, 380, -0.05834098160266876
10, 0, 12, 357, 394, -0.06066996976733208
10, 0, 13, 394, 373, -0.03524434566497803
10, 0, 14, 380, 380, -0.05592820420861244
10, 0, 15, 372, 395, -0.05486835911870003
10, 0, 16, 368, 406, -0.051248516887426376
10, 0, 17, 405, 389, -0.041588786989450455
10, 0, 18, 393, 400, -0.059865791350603104
10, 0, 19, 387, 409, -0.05984804034233093
10, 0, 20, 384, 414, -0.056473977863788605
10, 1, 0, 0, 0, 0.0
10, 1, 1, 0, 0, 0.0
10, 1, 2, 0, 0, 0.0
10, 1, 3, 0, 0, 0.0
10, 1, 4, 0, 0, 0.0
10, 1, 5, 0, 0, 0.0
10, 1, 6, 0, 0, 0.0
10, 1, 7, 0, 0, 0.0
10, 1, 8, 0, 0, 0.0
10, 1, 9, 0, 0, 0.0
10, 1, 10, 0, 0, 0.0
10, 1, 11, 0, 0, 0.0
10, 1, 12, 0, 0, 0.0
10, 1, 13, 0, 0, 0.0
10, 1, 14, 0, 0, 0.0
10, 1, 15, 0, 0, 0.0
10, 1, 16, 0, 0, 0.0
10, 1, 17, 0, 0, 0.0
10, 1, 18, 0, 0, 0.0
10, 1, 19, 0, 0, 0.0
10, 1, 20, 0, 0, 0.0
11, 0, 0, 410, 390, -2.4869448722597554e-08
11, 0, 1, 391, 369, -0.0037895359564572573
11, 0, 2, 370, 349, -0.011140729300677776
11, 0, 3, 351, 337, -0.0199492946267128
11, 0, 4, 332, 334, -0.031773943454027176
11, 0, 5, 381, 332, -0.022091485559940338
11, 0, 6, 364, 323, -0.038306619971990585
11, 0, 7, 352, 312, -0.051169101148843765
11, 0, 8, 342, 302, -0.061386607587337494
11, 0, 9, 386, 343, -0.029682397842407227
11, 0, 10, 347, 348, -0.04389020428061485
11, 0, 11, 324, 355, -0.05200611427426338
11, 0, 12, 309, 361, -0.05997361242771149
11, 0, 13, 389, 360, -0.037247173488140106
11, 0, 14, 352, 366, -0.05451446771621704
11, 0, 15, 333, 374, -0.058745745569467545
11, 0, 16, 320, 381, -0.06172719597816467
11, 0, 17, 390, 381, -0.04460544139146805
11, 0, 18, 360, 386, -0.06309986859560013
11, 0, 19, 341, 393, -0.06823135912418365
11, 0, 20, 326, 401, -0.07061413675546646
11, 1, 0, 0, 0, 0.0
11, 1, 1, 0, 0, 0.0
11, 1, 2, 0, 0, 0.0
11, 1, 3, 0, 0, 0.0
11, 1, 4, 0, 0, 0.0
11, 1, 5, 0, 0, 0.0
11, 1, 6, 0, 0, 0.0
11, 1, 7, 0, 0, 0.0
11, 1, 8, 0, 0, 0.0
11, 1, 9, 0, 0, 0.0
11, 1, 10, 0, 0, 0.0
11, 1, 11, 0, 0, 0.0
11, 1, 12, 0, 0, 0.0
11, 1, 13, 0, 0, 0.0
11, 1, 14, 0, 0, 0.0
11, 1, 15, 0, 0, 0.0
11, 1, 16, 0, 0, 0.0
11, 1, 17, 0, 0, 0.0
11, 1, 18, 0, 0, 0.0
11, 1, 19, 0, 0, 0.0
11, 1, 20, 0, 0, 0.0
12, 0, 0, 395, 388, -3.115463300673582e-07
12, 0, 1, 382, 370, -0.00657653110101819
12, 0, 2, 359, 356, -0.01687217876315117
12, 0, 3, 336, 354, -0.027169061824679375
12, 0, 4, 319, 354, -0.03971794992685318
12, 0, 5, 357, 342, -0.03191494941711426
12, 0, 6, 328, 338, -0.05603472515940666
12, 0, 7, 306, 351, -0.0724673643708229
12, 0, 8, 291, 365, -0.08148263394832611
12, 0, 9, 365, 352, -0.03903903067111969
12, 0, 10, 336, 352, -0.058191582560539246
12, 0, 11, 311, 369, -0.06754332035779953
12, 0, 12, 297, 383, -0.0743284821510315
12, 0, 13, 373, 366, -0.04621277004480362
12, 0, 14, 346, 367, -0.06299280375242233
12, 0, 15, 322, 383, -0.06710419058799744
12, 0, 16, 310, 395, -0.06980562955141068
12, 0, 17, 380, 382, -0.05341678857803345
12, 0, 18, 356, 388, -0.07042042165994644
12, 0, 19, 336, 397, -0.0735541582107544
12, 0, 20, 324, 404, -0.07403817027807236
12, 1, 0, 0, 0, 0.0
12, 1, 1, 0, 0, 0.0
12, 1, 2, 0, 0, 0.0
12, 1, 3, 0, 0, 0.0
12, 1, 4, 0, 0, 0.0
12, 1, 5, 0, 0, 0.0
12, 1, 6, 0, 0, 0.0
12, 1, 7, 0, 0, 0.0
12, 1, 8, 0, 0, 0.0
12, 1, 9, 0, 0, 0.0
12, 1, 10, 0, 0, 0.0
12, 1, 11, 0, 0, 0.0
12, 1, 12, 0, 0, 0.0
12, 1, 13, 0, 0, 0.0
12, 1, 14, 0, 0, 0.0
12, 1, 15, 0, 0, 0.0
12, 1, 16, 0, 0, 0.0
12, 1, 17, 0, 0, 0.0
12, 1, 18, 0, 0, 0.0
12, 1, 19, 0, 0, 0.0
12, 1, 20, 0, 0, 0.0
13, 0, 0, 381, 383, -2.0610728768133413e-07
13, 0, 1, 364, 369, -0.012194113805890083
13, 0, 2, 332, 358, -0.023862337693572044
13, 0, 3, 302, 357, -0.03260189667344093
13, 0, 4, 278, 358, -0.04264010488986969
13, 0, 5, 346, 334, -0.03567882254719734
13, 0, 6, 311, 336, -0.0540555864572525
13, 0, 7, 293, 349, -0.06489309668540955
13, 0, 8, 284, 362, -0.07053413987159729
13, 0, 9, 349, 339, -0.034969571977853775
13, 0, 10, 312, 348, -0.04950002580881119
13, 0, 11, 296, 361, -0.05691414698958397
13, 0, 12, 289, 374, -0.0633298009634018
13, 0, 13, 348, 350, -0.03369441628456116
13, 0, 14, 310, 359, -0.04548531025648117
13, 0, 15, 296, 372, -0.04846172407269478
13, 0, 16, 291, 382, -0.05126504227519035
13, 0, 17, 346, 364, -0.032016050070524216
13, 0, 18, 314, 374, -0.044444289058446884
13, 0, 19, 302, 384, -0.047632846981287
13, 0, 20, 297, 391, -0.04876700043678284
13, 1, 0, 0, 0, 0.0
13, 1, 1, 0, 0, 0.0
13, 1, 2, 0, 0, 0.0
13, 1, 3, 0, 0, 0.0
13, 1, 4, 0, 0, 0.0
13, 1, 5, 0, 0, 0.0
13, 1, 6, 0, 0, 0.0
13, 1, 7, 0, 0, 0.0
13, 1, 8, 0, 0, 0.0
13, 1, 9, 0, 0, 0.0
13, 1, 10, 0, 0, 0.0
13, 1, 11, 0, 0, 0.0
13, 1, 12, 0, 0, 0.0
13, 1, 13, 0, 0, 0.0
13, 1, 14, 0, 0, 0.0
13, 1, 15, 0, 0, 0.0
13, 1, 16, 0, 0, 0.0
13, 1, 17, 0, 0, 0.0
13, 1, 18, 0, 0, 0.0
13, 1, 19, 0, 0, 0.0
13, 1, 20, 0, 0, 0.0
14, 0, 0, 251, 304, -2.4370567075493454e-07
14, 0, 1, 256, 269, -0.013977518305182457
14, 0, 2, 279, 233, -0.03119395114481449
14, 0, 3, 307, 216, -0.046058133244514465
14, 0, 4, 330, 227, -0.056964755058288574
14, 0, 5, 256, 248, -0.05676718428730965
14, 0, 6, 305, 226, -0.08166975528001785
14, 0, 7, 298, 235, -0.08764655888080597
14, 0, 8, 284, 244, -0.08755650371313095
14, 0, 9, 264, 273, -0.06032458692789078
14, 0, 10, 317, 249, -0.07894447445869446
14, 0, 11, 308, 256, -0.0714239701628685
14, 0, 12, 289, 265, -0.06560098379850388
14, 0, 13, 276, 295, -0.06368675827980042
14, 0, 14, 324, 270, -0.07300026714801788
14, 0, 15, 313, 275, -0.0542960949242115
14, 0, 16, 296, 284, -0.041978560388088226
14, 0, 17, 288, 312, -0.06878707557916641
14, 0, 18, 324, 289, -0.06654634326696396
14, 0, 19, 314, 292, -0.050302259624004364
14, 0, 20, 299, 301, -0.04122291877865791
14, 1, 0, 367, 379, -4.229828505231126e-07
14, 1, 1, 330, 373, -0.008929521776735783
14, 1, 2, 301, 361, -0.01995035447180271
14, 1, 3, 278, 357, -0.03025227040052414
14, 1, 4, 255, 357, -0.040556248277425766
14, 1, 5, 322, 309, -0.030032411217689514
14, 1, 6, 290, 326, -0.04852551966905594
14, 1, 7, 281, 348, -0.058099109679460526
14, 1, 8, 280, 365, -0.06400960683822632
14, 1, 9, 335, 314, -0.03636612370610237
14, 1, 10, 293, 331, -0.05621306225657463
14, 1, 11, 286, 356, -0.06264261901378632
14, 1, 12, 289, 374, -0.06684716045856476
14, 1, 13, 344, 329, -0.042946863919496536
14, 1, 14, 303, 352, -0.06408511102199554
14, 1, 15, 298, 372, -0.06724601238965988
14, 1, 16, 301, 385, -0.06828007847070694
14, 1, 17, 352, 349, -0.049104005098342896
14, 1, 18, 316, 367, -0.070029117166996
14, 1, 19, 298, 382, -0.07601343840360641
14, 1, 20, 288, 392, -0.07872648537158966
15, 0, 0, 247, 311, -1.9925690253330686e-07
15, 0, 1, 256, 273, -0.011589833535254002
15, 0, 2, 284, 236, -0.027471382170915604
15, 0, 3, 312, 222, -0.041518330574035645
15, 0, 4, 326, 236, -0.05260935425758362
15, 0, 5, 263, 248, -0.051495879888534546
15, 0, 6, 309, 232, -0.0752764567732811
15, 0, 7, 302, 243, -0.08297731727361679
15, 0, 8, 287, 250, -0.08585967868566513
15, 0, 9, 268, 272, -0.05722132697701454
15, 0, 10, 320, 256, -0.07465168088674545
15, 0, 11, 308, 265, -0.06730396300554276
15, 0, 12, 290, 271, -0.06314011663198471
15, 0, 13, 277, 295, -0.06287302821874619
15, 0, 14, 324, 277, -0.07052090018987656
15, 0, 15, 312, 284, -0.05215148255228996
15, 0, 16, 296, 291, -0.0415719673037529
15, 0, 17, 288, 315, -0.07034654915332794
15, 0, 18, 325, 296, -0.06612295657396317
15, 0, 19, 313, 300, -0.049451522529125214
15, 0, 20, 298, 307, -0.04087187349796295
15, 1, 0, 370, 382, -5.322689844433626e-07
15, 1, 1, 332, 378, -0.006629656534641981
15, 1, 2, 305, 366, -0.018765240907669067
15, 1, 3, 282, 362, -0.03033236786723137
15, 1, 4, 259, 364, -0.041888389736413956
15, 1, 5, 326, 312, -0.03313309699296951
15, 1, 6, 290, 327, -0.053262028843164444
15, 1, 7, 280, 350, -0.0637262761592865
15, 1, 8, 280, 368, -0.07012578099966049
15, 1, 9, 339, 318, -0.04106517508625984
15, 1, 10, 294, 335, -0.06050781160593033
15, 1, 11, 290, 360, -0.06355690956115723
15, 1, 12, 294, 376, -0.06569360196590424
15, 1, 13, 348, 334, -0.04921673238277435
15, 1, 14, 307, 356, -0.0693906769156456
15, 1, 15, 306, 374, -0.06894629448652267
15, 1, 16, 313, 385, -0.06833227723836899
15, 1, 17, 353, 355, -0.05702205002307892
15, 1, 18, 319, 373, -0.07746890187263489
15, 1, 19, 303, 388, -0.08144287019968033
15, 1, 20, 293, 399, -0.0829470306634903
16, 0, 0, 248, 317, -2.1167760166918015e-07
16, 0, 1, 256, 278, -0.011303136125206947
16, 0, 2, 284, 241, -0.026455985382199287
16, 0, 3, 314, 226, -0.0398140624165535
16, 0, 4, 328, 239, -0.04992717131972313
16, 0, 5, 263, 254, -0.04953142628073692
16, 0, 6, 312, 239, -0.07275170832872391
16, 0, 7, 303, 249, -0.07976065576076508
16, 0, 8, 288, 255, -0.08173476159572601
16, 0, 9, 270, 279, -0.05498391017317772
16, 0, 10, 322, 262, -0.07063411921262741
16, 0, 11, 310, 270, -0.0628385916352272
16, 0, 12, 292, 276, -0.058434244245290756
16, 0, 13, 279, 302, -0.06044982373714447
16, 0, 14, 326, 283, -0.06671618670225143
16, 0, 15, 314, 289, -0.04784391447901726
16, 0, 16, 298, 296, -0.03704429790377617
16, 0, 17, 290, 321, -0.06778886169195175
16, 0, 18, 326, 301, -0.062357500195503235
16, 0, 19, 315, 305, -0.0448618158698082
16, 0, 20, 299, 313, -0.035913191735744476
16, 1, 0, 375, 389, -5.613755433842016e-07
16, 1, 1, 334, 384, -0.006463275756686926
16, 1, 2, 307, 373, -0.018995000049471855
16, 1, 3, 284, 369, -0.031193451955914497
16, 1, 4, 260, 369, -0.04319475218653679
16, 1, 5, 328, 319, -0.031550172716379166
16, 1, 6, 291, 333, -0.05192561447620392
16, 1, 7, 281, 355, -0.06258657574653625
16, 1, 8, 279, 372, -0.06894342601299286
16, 1, 9, 341, 324, -0.03964792937040329
16, 1, 10, 295, 341, -0.059983350336551666
16, 1, 11, 290, 366, -0.06325601041316986
16, 1, 12, 294, 383, -0.06499003618955612
16, 1, 13, 349, 339, -0.04816487058997154
16, 1, 14, 308, 363, -0.06880209594964981
16, 1, 15, 309, 381, -0.0684085413813591
16, 1, 16, 317, 391, -0.06737030297517776
16, 1, 17, 354, 359, -0.05650879070162773
16, 1, 18, 321, 378, -0.07736284285783768
16, 1, 19, 306, 394, -0.08191337436437607
16, 1, 20, 296, 404, -0.0835719034075737
17, 0, 0, 250, 317, -1.8681488711536076e-07
17, 0, 1, 259, 278, -0.0093757389113307
17, 0, 2, 286, 242, -0.02390771545469761
17, 0, 3, 317, 229, -0.036791447550058365
17, 0, 4, 329, 243, -0.04675227403640747
17, 0, 5, 265, 255, -0.049839574843645096
17, 0, 6, 315, 238, -0.07193240523338318
17, 0, 7, 307, 246, -0.07828245311975479
17, 0, 8, 291, 253, -0.0797254741191864
17, 0, 9, 273, 280, -0.055592961609363556
17, 0, 10, 324, 261, -0.06939252465963364
17, 0, 11, 313, 268, -0.0612771101295948
17, 0, 12, 296, 275, -0.057013027369976044
17, 0, 13, 283, 303, -0.0609624981880188
17, 0, 14, 329, 281, -0.06536442041397095
17, 0, 15, 317, 286, -0.04679923877120018
17, 0, 16, 301, 294, -0.036495428532361984
17, 0, 17, 294, 321, -0.06803625822067261
17, 0, 18, 329, 299, -0.06170358136296272
17, 0, 19, 318, 302, -0.04469811171293259
17, 0, 20, 303, 310, -0.036145903170108795
17, 1, 0, 374, 391, -5.697932579096232e-07
17, 1, 1, 333, 385, -0.007774525322020054
17, 1, 2, 306, 373, -0.019918691366910934
17, 1, 3, 283, 368, -0.031302787363529205
17, 1, 4, 259, 369, -0.04195934161543846
17, 1, 5, 329, 318, -0.03238612040877342
17, 1, 6, 291, 334, -0.05288633331656456
17, 1, 7, 283, 357, -0.06223951652646065
17, 1, 8, 284, 375, -0.06765015423297882
17, 1, 9, 342, 323, -0.03962548077106476
17, 1, 10, 296, 344, -0.060596123337745667
17, 1, 11, 292, 369, -0.06399219483137131
17, 1, 12, 298, 384, -0.06597241014242172
17, 1, 13, 352, 338, -0.047496240586042404
17, 1, 14, 310, 364, -0.07017956674098969
17, 1, 15, 311, 382, -0.07075715065002441
17, 1, 16, 319, 391, -0.07003645598888397
17, 1, 17, 358, 359, -0.0550350695848465
17, 1, 18, 324, 379, -0.07826068997383118
17, 1, 19, 308, 393, -0.08468770235776901
17, 1, 20, 297, 403, -0.08737678825855255
18, 0, 0, 251, 314, -1.6440237970982707e-07
18, 0, 1, 260, 275, -0.009837375953793526
18, 0, 2, 287, 239, -0.024421347305178642
18, 0, 3, 318, 227, -0.03725447878241539
18, 0, 4, 333, 243, -0.0471469908952713
18, 0, 5, 266, 252, -0.05093475058674812
18, 0, 6, 316, 236, -0.07286249101161957
18, 0, 7, 308, 243, -0.07901942729949951
18, 0, 8, 292, 250, -0.08037075400352478
18, 0, 9, 273, 278, -0.05644333362579346
18, 0, 10, 325, 259, -0.07057461887598038
18, 0, 11, 314, 265, -0.06238529086112976
18, 0, 12, 297, 273, -0.057679951190948486
18, 0, 13, 283, 301, -0.06151410937309265
18, 0, 14, 331, 279, -0.06601713597774506
18, 0, 15, 318, 284, -0.04783877357840538
18, 0, 16, 302, 292, -0.037521254271268845
18, 0, 17, 294, 320, -0.06832019984722137
18, 0, 18, 330, 298, -0.06205606088042259
18, 0, 19, 319, 300, -0.045450713485479355
18, 0, 20, 304, 309, -0.03707054257392883
18, 1, 0, 375, 390, -5.538782374969742e-07
18, 1, 1, 335, 383, -0.007695699110627174
18, 1, 2, 308, 372, -0.0197641272097826
18, 1, 3, 284, 366, -0.031168073415756226
18, 1, 4, 261, 367, -0.04185051470994949
18, 1, 5, 330, 318, -0.031159086152911186
18, 1, 6, 293, 332, -0.05172857642173767
18, 1, 7, 284, 356, -0.06114225089550018
18, 1, 8, 285, 374, -0.06608805805444717
18, 1, 9, 343, 323, -0.038156379014253616
18, 1, 10, 298, 341, -0.05863172933459282
18, 1, 11, 293, 366, -0.06181783601641655
18, 1, 12, 297, 383, -0.06332742422819138
18, 1, 13, 352, 337, -0.045830342918634415
18, 1, 14, 311, 363, -0.06746328622102737
18, 1, 15, 311, 381, -0.06775865703821182
18, 1, 16, 318, 392, -0.06676405668258667
18, 1, 17, 358, 357, -0.053288109600543976
18, 1, 18, 324, 378, -0.0747038871049881
18, 1, 19, 308, 392, -0.07995636761188507
18, 1, 20, 299, 401, -0.08172242343425751
19, 0, 0, 249, 315, -1.8740335860911728e-07
19, 0, 1, 257, 279, -0.010264507494866848
19, 0, 2, 282, 242, -0.025999924167990685
19, 0, 3, 312, 226, -0.039581548422575
19, 0, 4, 330, 240, -0.04992787912487984
19, 0, 5, 263, 255, -0.05445057153701782
19, 0, 6, 312, 235, -0.07688155025243759
19, 0, 7, 305, 245, -0.08187530189752579
19, 0, 8, 291, 253, -0.08228728920221329
19, 0, 9, 271, 280, -0.05976684018969536
19, 0, 10, 322, 258, -0.0752694234251976
19, 0, 11, 312, 265, -0.06626664102077484
19, 0, 12, 295, 273, -0.060669343918561935
19, 0, 13, 281, 302, -0.06445237994194031
19, 0, 14, 328, 279, -0.07027427852153778
19, 0, 15, 316, 284, -0.05085161328315735
19, 0, 16, 301, 292, -0.03939034417271614
19, 0, 17, 291, 320, -0.07072968035936356
19, 0, 18, 326, 297, -0.06564127653837204
19, 0, 19, 316, 301, -0.048760492354631424
19, 0, 20, 302, 309, -0.03996148705482483
19, 1, 0, 372, 390, -5.377333991418709e-07
19, 1, 1, 333, 382, -0.007760303094983101
19, 1, 2, 306, 371, -0.019927332177758217
19, 1, 3, 283, 365, -0.03172291815280914
19, 1, 4, 259, 366, -0.04275713860988617
19, 1, 5, 328, 317, -0.028641842305660248
19, 1, 6, 293, 330, -0.04963543638586998
19, 1, 7, 283, 352, -0.05969410762190819
19, 1, 8, 284, 369, -0.06484147161245346
19, 1, 9, 341, 322, -0.03553501144051552
19, 1, 10, 297, 341, -0.05606544390320778
19, 1, 11, 291, 366, -0.05986405536532402
19, 1, 12, 295, 382, -0.0615384466946125
19, 1, 13, 351, 336, -0.043352801352739334
19, 1, 14, 310, 364, -0.06477364897727966
19, 1, 15, 310, 382, -0.06531256437301636
19, 1, 16, 316, 392, -0.06414341926574707
19, 1, 17, 357, 356, -0.05107005685567856
19, 1, 18, 324, 376, -0.07146917283535004
19, 1, 19, 309, 391, -0.07609957456588745
19, 1, 20, 300, 401, -0.07724379003047943
20, 0, 0, 247, 322, -2.012413489183018e-07
20, 0, 1, 252, 286, -0.012321259826421738
20, 0, 2, 274, 248, -0.02990754321217537
20, 0, 3, 302, 229, -0.044829439371824265
20, 0, 4, 323, 239, -0.05616747587919235
20, 0, 5, 254, 264, -0.06011269986629486
20, 0, 6, 300, 241, -0.08549930155277252
20, 0, 7, 293, 249, -0.09099635481834412
20, 0, 8, 278, 258, -0.09081811457872391
20, 0, 9, 261, 290, -0.06458214670419693
20, 0, 10, 314, 264, -0.08578941226005554
20, 0, 11, 303, 270, -0.07766330242156982
20, 0, 12, 285, 279, -0.07101088762283325
20, 0, 13, 272, 312, -0.06824661046266556
20, 0, 14, 321, 285, -0.07899100333452225
20, 0, 15, 310, 290, -0.05820569396018982
20, 0, 16, 293, 298, -0.04397192597389221
20, 0, 17, 284, 331, -0.07331109791994095
20, 0, 18, 322, 304, -0.0708848237991333
20, 0, 19, 310, 308, -0.05291047692298889
20, 0, 20, 295, 317, -0.04233774170279503
20, 1, 0, 377, 389, -5.599941346190462e-07
20, 1, 1, 337, 382, -0.0040917410515248775
20, 1, 2, 308, 372, -0.015523341484367847
20, 1, 3, 283, 370, -0.027485636994242668
20, 1, 4, 258, 373, -0.03940829634666443
20, 1, 5, 325, 321, -0.026265500113368034
20, 1, 6, 292, 333, -0.04716065526008606
20, 1, 7, 282, 354, -0.05878327041864395
20, 1, 8, 281, 372, -0.06518803536891937
20, 1, 9, 338, 325, -0.034948933869600296
20, 1, 10, 295, 345, -0.05433954298496246
20, 1, 11, 291, 371, -0.05779694393277168
20, 1, 12, 295, 388, -0.05941365286707878
20, 1, 13, 348, 340, -0.04422135651111603
20, 1, 14, 310, 367, -0.0641646459698677
20, 1, 15, 311, 385, -0.06386762857437134
20, 1, 16, 319, 395, -0.06242212653160095
20, 1, 17, 355, 360, -0.05312752723693848
20, 1, 18, 322, 381, -0.07252377271652222
20, 1, 19, 308, 396, -0.0759926363825798
20, 1, 20, 300, 407, -0.07655554264783859
21, 0, 0, 225, 335, -1.4011558846505068e-07
21, 0, 1, 231, 305, -0.011714090593159199
21, 0, 2, 256, 270, -0.030872909352183342
21, 0, 3, 283, 247, -0.04731688275933266
21, 0, 4, 307, 235, -0.06050588935613632
21, 0, 5, 233, 276, -0.06535836309194565
21, 0, 6, 283, 252, -0.08789762854576111
21, 0, 7, 287, 268, -0.08838710188865662
21, 0, 8, 276, 282, -0.08499784022569656
21, 0, 9, 236, 298, -0.07072212547063828
21, 0, 10, 294, 277, -0.08840148895978928
21, 0, 11, 294, 290, -0.07724103331565857
21, 0, 12, 280, 300, -0.07076864689588547
21, 0, 13, 246, 322, -0.07485317438840866
21, 0, 14, 300, 299, -0.08450648188591003
21, 0, 15, 296, 311, -0.0622115358710289
21, 0, 16, 281, 320, -0.04953974112868309
21, 0, 17, 258, 343, -0.07992208003997803
21, 0, 18, 299, 322, -0.08230164647102356
21, 0, 19, 295, 329, -0.06622685492038727
21, 0, 20, 283, 336, -0.05694762244820595
21, 1, 0, 379, 390, -3.223904059268534e-07
21, 1, 1, 345, 380, -0.0031292447820305824
21, 1, 2, 313, 374, -0.016687018796801567
21, 1, 3, 285, 379, -0.031141040846705437
21, 1, 4, 260, 385, -0.047405946999788284
21, 1, 5, 321, 331, -0.028472954407334328
21, 1, 6, 294, 332, -0.05014853551983833
21, 1, 7, 275, 332, -0.06556078791618347
21, 1, 8, 261, 332, -0.07679414749145508
21, 1, 9, 334, 336, -0.038651932030916214
21, 1, 10, 294, 359, -0.060970813035964966
21, 1, 11, 289, 382, -0.06542659550905228
21, 1, 12, 292, 396, -0.06768394261598587
21, 1, 13, 345, 352, -0.04896963760256767
21, 1, 14, 310, 379, -0.07040131092071533
21, 1, 15, 311, 394, -0.0687369778752327
21, 1, 16, 318, 401, -0.06634888052940369
21, 1, 17, 355, 372, -0.05895204842090607
21, 1, 18, 325, 393, -0.07959967851638794
21, 1, 19, 313, 408, -0.08189279586076736
21, 1, 20, 306, 417, -0.08147931098937988
22, 0, 0, 381, 405, -2.107371557258375e-07
22, 0, 1, 353, 391, -0.007643034681677818
22, 0, 2, 318, 386, -0.024234790354967117
22, 0, 3, 290, 397, -0.04148141294717789
22, 0, 4, 269, 408, -0.06099674478173256
22, 0, 5, 324, 350, -0.03637636452913284
22, 0, 6, 296, 350, -0.06010062247514725
22, 0, 7, 280, 356, -0.07575268298387527
22, 0, 8, 271, 359, -0.08633583039045334
22, 0, 9, 339, 362, -0.0466364286839962
22, 0, 10, 304, 385, -0.06486327946186066
22, 0, 11, 299, 403, -0.06880661845207214
22, 0, 12, 301, 409, -0.073093481361866
22, 0, 13, 353, 385, -0.057030290365219116
22, 0, 14, 318, 412, -0.07418978959321976
22, 0, 15, 317, 423, -0.06862860918045044
22, 0, 16, 323, 423, -0.06569705158472061
22, 0, 17, 363, 410, -0.0676935687661171
22, 0, 18, 330, 436, -0.08385048061609268
22, 0, 19, 328, 443, -0.07881808280944824
22, 0, 20, 332, 440, -0.07392780482769012
22, 1, 0, 0, 0, 0.0
22, 1, 1, 0, 0, 0.0
22, 1, 2, 0, 0, 0.0
22, 1, 3, 0, 0, 0.0
22, 1, 4, 0, 0, 0.0
22, 1, 5, 0, 0, 0.0
22, 1, 6, 0, 0, 0.0
22, 1, 7, 0, 0, 0.0
22, 1, 8, 0, 0, 0.0
22, 1, 9, 0, 0, 0.0
22, 1, 10, 0, 0, 0.0
22, 1, 11, 0, 0, 0.0
22, 1, 12, 0, 0, 0.0
22, 1, 13, 0, 0, 0.0
22, 1, 14, 0, 0, 0.0
22, 1, 15, 0, 0, 0.0
22, 1, 16, 0, 0, 0.0
22, 1, 17, 0, 0, 0.0
22, 1, 18, 0, 0, 0.0
22, 1, 19, 0, 0, 0.0
22, 1, 20, 0, 0, 0.0
23, 0, 0, 0, 0, 0.0
23, 0, 1, 0, 0, 0.0
23, 0, 2, 0, 0, 0.0
23, 0, 3, 0, 0, 0.0
23, 0, 4, 0, 0, 0.0
23, 0, 5, 0, 0, 0.0
23, 0, 6, 0, 0, 0.0
23, 0, 7, 0, 0, 0.0
23, 0, 8, 0, 0, 0.0
23, 0, 9, 0, 0, 0.0
23, 0, 10, 0, 0, 0.0
23, 0, 11, 0, 0, 0.0
23, 0, 12, 0, 0, 0.0
23, 0, 13, 0, 0, 0.0
23, 0, 14, 0, 0, 0.0
23, 0, 15, 0, 0, 0.0
23, 0, 16, 0, 0, 0.0
23, 0, 17, 0, 0, 0.0
23, 0, 18, 0, 0, 0.0
23, 0, 19, 0, 0, 0.0
23, 0, 20, 0, 0, 0.0
23, 1, 0, 0, 0, 0.0
23, 1, 1, 0, 0, 0.0
23, 1, 2, 0, 0, 0.0
23, 1, 3, 0, 0, 0.0
23, 1, 4, 0, 0, 0.0
23, 1, 5, 0, 0, 0.0
23, 1, 6, 0, 0, 0.0
23, 1, 7, 0, 0, 0.0
23, 1, 8, 0, 0, 0.0
23, 1, 9, 0, 0, 0.0
23, 1, 10, 0, 0, 0.0
23, 1, 11, 0, 0, 0.0
23, 1, 12, 0, 0, 0.0
23, 1, 13, 0, 0, 0.0
23, 1, 14, 0, 0, 0.0
23, 1, 15, 0, 0, 0.0
23, 1, 16, 0, 0, 0.0
23, 1, 17, 0, 0, 0.0
23, 1, 18, 0, 0, 0.0
23, 1, 19, 0, 0, 0.0
23, 1, 20, 0, 0, 0.0
24, 0, 0, 0, 0, 0.0
24, 0, 1, 0, 0, 0.0
24, 0, 2, 0, 0, 0.0
24, 0, 3, 0, 0, 0.0
24, 0, 4, 0, 0, 0.0
24, 0, 5, 0, 0, 0.0
24, 0, 6, 0, 0, 0.0
24, 0, 7, 0, 0, 0.0
24, 0, 8, 0, 0, 0.0
24, 0, 9, 0, 0, 0.0
24, 0, 10, 0, 0, 0.0
24, 0, 11, 0, 0, 0.0
24, 0, 12, 0, 0, 0.0
24, 0, 13, 0, 0, 0.0
24, 0, 14, 0, 0, 0.0
24, 0, 15, 0, 0, 0.0
24, 0, 16, 0, 0, 0.0
24, 0, 17, 0, 0, 0.0
24, 0, 18, 0, 0, 0.0
24, 0, 19, 0, 0, 0.0
24, 0, 20, 0, 0, 0.0
24, 1, 0, 0, 0, 0.0
24, 1, 1, 0, 0, 0.0
24, 1, 2, 0, 0, 0.0
24, 1, 3, 0, 0, 0.0
24, 1, 4, 0, 0, 0.0
24, 1, 5, 0, 0, 0.0
24, 1, 6, 0, 0, 0.0
24, 1, 7, 0, 0, 0.0
24, 1, 8, 0, 0, 0.0
24, 1, 9, 0, 0, 0.0
24, 1, 10, 0, 0, 0.0
24, 1, 11, 0, 0, 0.0
24, 1, 12, 0, 0, 0.0
24, 1, 13, 0, 0, 0.0
24, 1, 14, 0, 0, 0.0
24, 1, 15, 0, 0, 0.0
24, 1, 16, 0, 0, 0.0
24, 1, 17, 0, 0, 0.0
24, 1, 18, 0, 0, 0.0
24, 1, 19, 0, 0, 0.0
24, 1, 20, 0, 0, 0.0
25, 0, 0, 0, 0, 0.0
25, 0, 1, 0, 0, 0.0
25, 0, 2, 0, 0, 0.0
25, 0, 3, 0, 0, 0.0
25, 0, 4, 0, 0, 0.0
25, 0, 5, 0, 0, 0.0
25, 0, 6, 0, 0, 0.0
25, 0, 7, 0, 0, 0.0
25, 0, 8, 0, 0, 0.0
25, 0, 9, 0, 0, 0.0
25, 0, 10, 0, 0, 0.0
25, 0, 11, 0, 0, 0.0
25, 0, 12, 0, 0, 0.0
25, 0, 13, 0, 0, 0.0
25, 0, 14, 0, 0, 0.0
25, 0, 15, 0, 0, 0.0
25, 0, 16, 0, 0, 0.0
25, 0, 17, 0, 0, 0.0
25, 0, 18, 0, 0, 0.0
25, 0, 19, 0, 0, 0.0
25, 0, 20, 0, 0, 0.0
25, 1, 0, 0, 0, 0.0
25, 1, 1, 0, 0, 0.0
25, 1, 2, 0, 0, 0.0
25, 1, 3, 0, 0, 0.0
25, 1, 4, 0, 0, 0.0
25, 1, 5, 0, 0, 0.0
25, 1, 6, 0, 0, 0.0
25, 1, 7, 0, 0, 0.0
25, 1, 8, 0, 0, 0.0
25, 1, 9, 0, 0, 0.0
25, 1, 10, 0, 0, 0.0
25, 1, 11, 0, 0, 0.0
25, 1, 12, 0, 0, 0.0
25, 1, 13, 0, 0, 0.0
25, 1, 14, 0, 0, 0.0
25, 1, 15, 0, 0, 0.0
25, 1, 16, 0, 0, 0.0
25, 1, 17, 0, 0, 0.0
25, 1, 18, 0, 0, 0.0
25, 1, 19, 0, 0, 0.0
25, 1, 20, 0, 0, 0.0
26, 0, 0, 0, 0, 0.0
26, 0, 1, 0, 0, 0.0
26, 0, 2, 0, 0, 0.0
26, 0, 3, 0, 0, 0.0
26, 0, 4, 0, 0, 0.0
26, 0, 5, 0, 0, 0.0
26, 0, 6, 0, 0, 0.0
26, 0, 7, 0, 0, 0.0
26, 0, 8, 0, 0, 0.0
26, 0, 9, 0, 0, 0.0
26, 0, 10, 0, 0, 0.0
26, 0, 11, 0, 0, 0.0
26, 0, 12, 0, 0, 0.0
26, 0, 13, 0, 0, 0.0
26, 0, 14, 0, 0, 0.0
26, 0, 15, 0, 0, 0.0
26, 0, 16, 0, 0, 0.0
26, 0, 17, 0, 0, 0.0
26, 0, 18, 0, 0, 0.0
26, 0, 19, 0, 0, 0.0
26, 0, 20, 0, 0, 0.0
26, 1, 0, 0, 0, 0.0
26, 1, 1, 0, 0, 0.0
26, 1, 2, 0, 0, 0.0
26, 1, 3, 0, 0, 0.0
26, 1, 4, 0, 0, 0.0
26, 1, 5, 0, 0, 0.0
26, 1, 6, 0, 0, 0.0
26, 1, 7, 0, 0, 0.0
26, 1, 8, 0, 0, 0.0
26, 1, 9, 0, 0, 0.0
26, 1, 10, 0, 0, 0.0
26, 1, 11, 0, 0, 0.0
26, 1, 12, 0, 0, 0.0
26, 1, 13, 0, 0, 0.0
26, 1, 14, 0, 0, 0.0
26, 1, 15, 0, 0, 0.0
26, 1, 16, 0, 0, 0.0
26, 1, 17, 0, 0, 0.0
26, 1, 18, 0, 0, 0.0
26, 1, 19, 0, 0, 0.0
26, 1, 20, 0, 0, 0.0
27, 0, 0, 0, 0, 0.0
27, 0, 1, 0, 0, 0.0
27, 0, 2, 0, 0, 0.0
27, 0, 3, 0, 0, 0.0
27, 0, 4, 0, 0, 0.0
27, 0, 5, 0, 0, 0.0
27, 0, 6, 0, 0, 0.0
27, 0, 7, 0, 0, 0.0
27, 0, 8, 0, 0, 0.0
27, 0, 9, 0, 0, 0.0
27, 0, 10, 0, 0, 0.0
27, 0, 11, 0, 0, 0.0
27, 0, 12, 0, 0, 0.0
27, 0, 13, 0, 0, 0.0
27, 0, 14, 0, 0, 0.0
27, 0, 15, 0, 0, 0.0
27, 0, 16, 0, 0, 0.0
27, 0, 17, 0, 0, 0.0
27, 0, 18, 0, 0, 0.0
27, 0, 19, 0, 0, 0.0
27, 0, 20, 0, 0, 0.0
27, 1, 0, 0, 0, 0.0
27, 1, 1, 0, 0, 0.0
27, 1, 2, 0, 0, 0.0
27, 1, 3, 0, 0, 0.0
27, 1, 4, 0, 0, 0.0
27, 1, 5, 0, 0, 0.0
27, 1, 6, 0, 0, 0.0
27, 1, 7, 0, 0, 0.0
27, 1, 8, 0, 0, 0.0
27, 1, 9, 0, 0, 0.0
27, 1, 10, 0, 0, 0.0
27, 1, 11, 0, 0, 0.0
27, 1, 12, 0, 0, 0.0
27, 1, 13, 0, 0, 0.0
27, 1, 14, 0, 0, 0.0
27, 1, 15, 0, 0, 0.0
27, 1, 16, 0, 0, 0.0
27, 1, 17, 0, 0, 0.0
27, 1, 18, 0, 0, 0.0
27, 1, 19, 0, 0, 0.0
27, 1, 20, 0, 0, 0.0
28, 0, 0, 0, 0, 0.0
28, 0, 1, 0, 0, 0.0
28, 0, 2, 0, 0, 0.0
28, 0, 3, 0, 0, 0.0
28, 0, 4, 0, 0, 0.0
28, 0, 5, 0, 0, 0.0
28, 0, 6, 0, 0, 0.0
28, 0, 7, 0, 0, 0.0
28, 0, 8, 0, 0, 0.0
28, 0, 9, 0, 0, 0.0
28, 0, 10, 0, 0, 0.0
28, 0, 11, 0, 0, 0.0
28, 0, 12, 0, 0, 0.0
28, 0, 13, 0, 0, 0.0
28, 0, 14, 0, 0, 0.0
28, 0, 15, 0, 0, 0.0
28, 0, 16, 0, 0, 0.0
28, 0, 17, 0, 0, 0.0
28, 0, 18, 0, 0, 0.0
28, 0, 19, 0, 0, 0.0
28, 0, 20, 0, 0, 0.0
28, 1, 0, 0, 0, 0.0
28, 1, 1, 0, 0, 0.0
28, 1, 2, 0, 0, 0.0
28, 1, 3, 0, 0, 0.0
28, 1, 4, 0, 0, 0.0
28, 1, 5, 0, 0, 0.0
28, 1, 6, 0, 0, 0.0
28, 1, 7, 0, 0, 0.0
28, 1, 8, 0, 0, 0.0
28, 1, 9, 0, 0, 0.0
28, 1, 10, 0, 0, 0.0
28, 1, 11, 0, 0, 0.0
28, 1, 12, 0, 0, 0.0
28, 1, 13, 0, 0, 0.0
28, 1, 14, 0, 0, 0.0
28, 1, 15, 0, 0, 0.0
28, 1, 16, 0, 0, 0.0
28, 1, 17, 0, 0, 0.0
28, 1, 18, 0, 0, 0.0
28, 1, 19, 0, 0, 0.0
28, 1, 20, 0, 0, 0.0
29, 0, 0, 0, 0, 0.0
29, 0, 1, 0, 0, 0.0
29, 0, 2, 0, 0, 0.0
29, 0, 3, 0, 0, 0.0
29, 0, 4, 0, 0, 0.0
29, 0, 5, 0, 0, 0.0
29, 0, 6, 0, 0, 0.0
29, 0, 7, 0, 0, 0.0
29, 0, 8, 0, 0, 0.0
29, 0, 9, 0, 0, 0.0
29, 0, 10, 0, 0, 0.0
29, 0, 11, 0, 0, 0.0
29, 0, 12, 0, 0, 0.0
29, 0, 13, 0, 0, 0.0
29, 0, 14, 0, 0, 0.0
29, 0, 15, 0, 0, 0.0
29, 0, 16, 0, 0, 0.0
29, 0, 17, 0, 0, 0.0
29, 0, 18, 0, 0, 0.0
29, 0, 19, 0, 0, 0.0
29, 0, 20, 0, 0, 0.0
29, 1, 0, 0, 0, 0.0
29, 1, 1, 0, 0, 0.0
29, 1, 2, 0, 0, 0.0
29, 1, 3, 0, 0, 0.0
29, 1, 4, 0, 0, 0.0
29, 1, 5, 0, 0, 0.0
29, 1, 6, 0, 0, 0.0
29, 1, 7, 0, 0, 0.0
29, 1, 8, 0, 0, 0.0
29, 1, 9, 0, 0, 0.0
29, 1, 10, 0, 0, 0.0
29, 1, 11, 0, 0, 0.0
29, 1, 12, 0, 0, 0.0
29, 1, 13, 0, 0, 0.0
29, 1, 14, 0, 0, 0.0
29, 1, 15, 0, 0, 0.0
29, 1, 16, 0, 0, 0.0
29, 1, 17, 0, 0, 0.0
29, 1, 18, 0, 0, 0.0
29, 1, 19, 0, 0, 0.0
29, 1, 20, 0, 0, 0.0
30, 0, 0, 0, 0, 0.0
30, 0, 1, 0, 0, 0.0
30, 0, 2, 0, 0, 0.0
30, 0, 3, 0, 0, 0.0
30, 0, 4, 0, 0, 0.0
30, 0, 5, 0, 0, 0.0
30, 0, 6, 0, 0, 0.0
30, 0, 7, 0, 0, 0.0
30, 0, 8, 0, 0, 0.0
30, 0, 9, 0, 0, 0.0
30, 0, 10, 0, 0, 0.0
30, 0, 11, 0, 0, 0.0
30, 0, 12, 0, 0, 0.0
30, 0, 13, 0, 0, 0.0
30, 0, 14, 0, 0, 0.0
30, 0, 15, 0, 0, 0.0
30, 0, 16, 0, 0, 0.0
30, 0, 17, 0, 0, 0.0
30, 0, 18, 0, 0, 0.0
30, 0, 19, 0, 0, 0.0
30, 0, 20, 0, 0, 0.0
30, 1, 0, 0, 0, 0.0
30, 1, 1, 0, 0, 0.0
30, 1, 2, 0, 0, 0.0
30, 1, 3, 0, 0, 0.0
30, 1, 4, 0, 0, 0.0
30, 1, 5, 0, 0, 0.0
30, 1, 6, 0, 0, 0.0
30, 1, 7, 0, 0, 0.0
30, 1, 8, 0, 0, 0.0
30, 1, 9, 0, 0, 0.0
30, 1, 10, 0, 0, 0.0
30, 1, 11, 0, 0, 0.0
30, 1, 12, 0, 0, 0.0
30, 1, 13, 0, 0, 0.0
30, 1, 14, 0, 0, 0.0
30, 1, 15, 0, 0, 0.0
30, 1, 16, 0, 0, 0.0
30, 1, 17, 0, 0, 0.0
30, 1, 18, 0, 0, 0.0
30, 1, 19, 0, 0, 0.0
30, 1, 20, 0, 0, 0.0
31, 0, 0, 0, 0, 0.0
31, 0, 1, 0, 0, 0.0
31, 0, 2, 0, 0, 0.0
31, 0, 3, 0, 0, 0.0
31, 0, 4, 0, 0, 0.0
31, 0, 5, 0, 0, 0.0
31, 0, 6, 0, 0, 0.0
31, 0, 7, 0, 0, 0.0
31, 0, 8, 0, 0, 0.0
31, 0, 9, 0, 0, 0.0
31, 0, 10, 0, 0, 0.0
31, 0, 11, 0, 0, 0.0
31, 0, 12, 0, 0, 0.0
31, 0, 13, 0, 0, 0.0
31, 0, 14, 0, 0, 0.0
31, 0, 15, 0, 0, 0.0
31, 0, 16, 0, 0, 0.0
31, 0, 17, 0, 0, 0.0
31, 0, 18, 0, 0, 0.0
31, 0, 19, 0, 0, 0.0
31, 0, 20, 0, 0, 0.0
31, 1, 0, 0, 0, 0.0
31, 1, 1, 0, 0, 0.0
31, 1, 2, 0, 0, 0.0
31, 1, 3, 0, 0, 0.0
31, 1, 4, 0, 0, 0.0
31, 1, 5, 0, 0, 0.0
31, 1, 6, 0, 0, 0.0
31, 1, 7, 0, 0, 0.0
31, 1, 8, 0, 0, 0.0
31, 1, 9, 0, 0, 0.0
31, 1, 10, 0, 0, 0.0
31, 1, 11, 0, 0, 0.0
31, 1, 12, 0, 0, 0.0
31, 1, 13, 0, 0, 0.0
31, 1, 14, 0, 0, 0.0
31, 1, 15, 0, 0, 0.0
31, 1, 16, 0, 0, 0.0
31, 1, 17, 0, 0, 0.0
31, 1, 18, 0, 0, 0.0
31, 1, 19, 0, 0, 0.0
31, 1, 20, 0, 0, 0.0
32, 0, 0, 0, 0, 0.0
32, 0, 1, 0, 0, 0.0
32, 0, 2, 0, 0, 0.0
32, 0, 3, 0, 0, 0.0
32, 0, 4, 0, 0, 0.0
32, 0, 5, 0, 0, 0.0
32, 0, 6, 0, 0, 0.0
32, 0, 7, 0, 0, 0.0
32, 0, 8, 0, 0, 0.0
32, 0, 9, 0, 0, 0.0
32, 0, 10, 0, 0, 0.0
32, 0, 11, 0, 0, 0.0
32, 0, 12, 0, 0, 0.0
32, 0, 13, 0, 0, 0.0
32, 0, 14, 0, 0, 0.0
32, 0, 15, 0, 0, 0.0
32, 0, 16, 0, 0, 0.0
32, 0, 17, 0, 0, 0.0
32, 0, 18, 0, 0, 0.0
32, 0, 19, 0, 0, 0.0
32, 0, 20, 0, 0, 0.0
32, 1, 0, 0, 0, 0.0
32, 1, 1, 0, 0, 0.0
32, 1, 2, 0, 0, 0.0
32, 1, 3, 0, 0, 0.0
32, 1, 4, 0, 0, 0.0
32, 1, 5, 0, 0, 0.0
32, 1, 6, 0, 0, 0.0
32, 1, 7, 0, 0, 0.0
32, 1, 8, 0, 0, 0.0
32, 1, 9, 0, 0, 0.0
32, 1, 10, 0, 0, 0.0
32, 1, 11, 0, 0, 0.0
32, 1, 12, 0, 0, 0.0
32, 1, 13, 0, 0, 0.0
32, 1, 14, 0, 0, 0.0
32, 1, 15, 0, 0, 0.0
32, 1, 16, 0, 0, 0.0
32, 1, 17, 0, 0, 0.0
32, 1, 18, 0, 0, 0.0
32, 1, 19, 0, 0, 0.0
32, 1, 20, 0, 0, 0.0
33, 0, 0, 0, 0, 0.0
33, 0, 1, 0, 0, 0.0
33, 0, 2, 0, 0, 0.0
33, 0, 3, 0, 0, 0.0
33, 0, 4, 0, 0, 0.0
33, 0, 5, 0, 0, 0.0
33, 0, 6, 0, 0, 0.0
33, 0, 7, 0, 0, 0.0
33, 0, 8, 0, 0, 0.0
33, 0, 9, 0, 0, 0.0
33, 0, 10, 0, 0, 0.0
33, 0, 11, 0, 0, 0.0
33, 0, 12, 0, 0, 0.0
33, 0, 13, 0, 0, 0.0
33, 0, 14, 0, 0, 0.0
33, 0, 15, 0, 0, 0.0
33, 0, 16, 0, 0, 0.0
33, 0, 17, 0, 0, 0.0
33, 0, 18, 0, 0, 0.0
33, 0, 19, 0, 0, 0.0
33, 0, 20, 0, 0, 0.0
33, 1, 0, 0, 0, 0.0
33, 1, 1, 0, 0, 0.0
33, 1, 2, 0, 0, 0.0
33, 1, 3, 0, 0, 0.0
33, 1, 4, 0, 0, 0.0
33, 1, 5, 0, 0, 0.0
33, 1, 6, 0, 0, 0.0
33, 1, 7, 0, 0, 0.0
33, 1, 8, 0, 0, 0.0
33, 1, 9, 0, 0, 0.0
33, 1, 10, 0, 0, 0.0
33, 1, 11, 0, 0, 0.0
33, 1, 12, 0, 0, 0.0
33, 1, 13, 0, 0, 0.0
33, 1, 14, 0, 0, 0.0
33, 1, 15, 0, 0, 0.0
33, 1, 16, 0, 0, 0.0
33, 1, 17, 0, 0, 0.0
33, 1, 18, 0, 0, 0.0
33, 1, 19, 0, 0, 0.0
33, 1, 20, 0, 0, 0.0
34, 0, 0, 0, 0, 0.0
34, 0, 1, 0, 0, 0.0
34, 0, 2, 0, 0, 0.0
34, 0, 3, 0, 0, 0.0
34, 0, 4, 0, 0, 0.0
34, 0, 5, 0, 0, 0.0
34, 0, 6, 0, 0, 0.0
34, 0, 7, 0, 0, 0.0
34, 0, 8, 0, 0, 0.0
34, 0, 9, 0, 0, 0.0
34, 0, 10, 0, 0, 0.0
34, 0, 11, 0, 0, 0.0
34, 0, 12, 0, 0, 0.0
34, 0, 13, 0, 0, 0.0
34, 0, 14, 0, 0, 0.0
34, 0, 15, 0, 0, 0.0
34, 0, 16, 0, 0, 0.0
34, 0, 17, 0, 0, 0.0
34, 0, 18, 0, 0, 0.0
34, 0, 19, 0, 0, 0.0
34, 0, 20, 0, 0, 0.0
34, 1, 0, 0, 0, 0.0
34, 1, 1, 0, 0, 0.0
34, 1, 2, 0, 0, 0.0
34, 1, 3, 0, 0, 0.0
34, 1, 4, 0, 0, 0.0
34, 1, 5, 0, 0, 0.0
34, 1, 6, 0, 0, 0.0
34, 1, 7, 0, 0, 0.0
34, 1, 8, 0, 0, 0.0
34, 1, 9, 0, 0, 0.0
34, 1, 10, 0, 0, 0.0
34, 1, 11, 0, 0, 0.0
34, 1, 12, 0, 0, 0.0
34, 1, 13, 0, 0, 0.0
34, 1, 14, 0, 0, 0.0
34, 1, 15, 0, 0, 0.0
34, 1, 16, 0, 0, 0.0
34, 1, 17, 0, 0, 0.0
34, 1, 18, 0, 0, 0.0
34, 1, 19, 0, 0, 0.0
34, 1, 20, 0, 0, 0.0
35, 0, 0, 0, 0, 0.0
35, 0, 1, 0, 0, 0.0
35, 0, 2, 0, 0, 0.0
35, 0, 3, 0, 0, 0.0
35, 0, 4, 0, 0, 0.0
35, 0, 5, 0, 0, 0.0
35, 0, 6, 0, 0, 0.0
35, 0, 7, 0, 0, 0.0
35, 0, 8, 0, 0, 0.0
35, 0, 9, 0, 0, 0.0
35, 0, 10, 0, 0, 0.0
35, 0, 11, 0, 0, 0.0
35, 0, 12, 0, 0, 0.0
35, 0, 13, 0, 0, 0.0
35, 0, 14, 0, 0, 0.0
35, 0, 15, 0, 0, 0.0
35, 0, 16, 0, 0, 0.0
35, 0, 17, 0, 0, 0.0
35, 0, 18, 0, 0, 0.0
35, 0, 19, 0, 0, 0.0
35, 0, 20, 0, 0, 0.0
35, 1, 0, 0, 0, 0.0
35, 1, 1, 0, 0, 0.0
35, 1, 2, 0, 0, 0.0
35, 1, 3, 0, 0, 0.0
35, 1, 4, 0, 0, 0.0
35, 1, 5, 0, 0, 0.0
35, 1, 6, 0, 0, 0.0
35, 1, 7, 0, 0, 0.0
35, 1, 8, 0, 0, 0.0
35, 1, 9, 0, 0, 0.0
35, 1, 10, 0, 0, 0.0
35, 1, 11, 0, 0, 0.0
35, 1, 12, 0, 0, 0.0
35, 1, 13, 0, 0, 0.0
35, 1, 14, 0, 0, 0.0
35, 1, 15, 0, 0, 0.0
35, 1, 16, 0, 0, 0.0
35, 1, 17, 0, 0, 0.0
35, 1, 18, 0, 0, 0.0
35, 1, 19, 0, 0, 0.0
35, 1, 20, 0, 0, 0.0
36, 0, 0, 0, 0, 0.0
36, 0, 1, 0, 0, 0.0
36, 0, 2, 0, 0, 0.0
36, 0, 3, 0, 0, 0.0
36, 0, 4, 0, 0, 0.0
36, 0, 5, 0, 0, 0.0
36, 0, 6, 0, 0, 0.0
36, 0, 7, 0, 0, 0.0
36, 0, 8, 0, 0, 0.0
36, 0, 9, 0, 0, 0.0
36, 0, 10, 0, 0, 0.0
36, 0, 11, 0, 0, 0.0
36, 0, 12, 0, 0, 0.0
36, 0, 13, 0, 0, 0.0
36, 0, 14, 0, 0, 0.0
36, 0, 15, 0, 0, 0.0
36, 0, 16, 0, 0, 0.0
36, 0, 17, 0, 0, 0.0
36, 0, 18, 0, 0, 0.0
36, 0, 19, 0, 0, 0.0
36, 0, 20, 0, 0, 0.0
36, 1, 0, 0, 0, 0.0
36, 1, 1, 0, 0, 0.0
36, 1, 2, 0, 0, 0.0
36, 1, 3, 0, 0, 0.0
36, 1, 4, 0, 0, 0.0
36, 1, 5, 0, 0, 0.0
36, 1, 6, 0, 0, 0.0
36, 1, 7, 0, 0, 0.0
36, 1, 8, 0, 0, 0.0
36, 1, 9, 0, 0, 0.0
36, 1, 10, 0, 0, 0.0
36, 1, 11, 0, 0, 0.0
36, 1, 12, 0, 0, 0.0
36, 1, 13, 0, 0, 0.0
36, 1, 14, 0, 0, 0.0
36, 1, 15, 0, 0, 0.0
36, 1, 16, 0, 0, 0.0
36, 1, 17, 0, 0, 0.0
36, 1, 18, 0, 0, 0.0
36, 1, 19, 0, 0, 0.0
36, 1, 20, 0, 0, 0.0
37, 0, 0, 0, 0, 0.0
37, 0, 1, 0, 0, 0.0
37, 0, 2, 0, 0, 0.0
37, 0, 3, 0, 0, 0.0
37, 0, 4, 0, 0, 0.0
37, 0, 5, 0, 0, 0.0
37, 0, 6, 0, 0, 0.0
37, 0, 7, 0, 0, 0.0
37, 0, 8, 0, 0, 0.0
37, 0, 9, 0, 0, 0.0
37, 0, 10, 0, 0, 0.0
37, 0, 11, 0, 0, 0.0
37, 0, 12, 0, 0, 0.0
37, 0, 13, 0, 0, 0.0
37, 0, 14, 0, 0, 0.0
37, 0, 15, 0, 0, 0.0
37, 0, 16, 0, 0, 0.0
37, 0, 17, 0, 0, 0.0
37, 0, 18, 0, 0, 0.0
37, 0, 19, 0, 0, 0.0
37, 0, 20, 0, 0, 0.0
37, 1, 0, 0, 0, 0.0
37, 1, 1, 0, 0, 0.0
37, 1, 2, 0, 0, 0.0
37, 1, 3, 0, 0, 0.0
37, 1, 4, 0, 0, 0.0
37, 1, 5, 0, 0, 0.0
37, 1, 6, 0, 0, 0.0
37, 1, 7, 0, 0, 0.0
37, 1, 8, 0, 0, 0.0
37, 1, 9, 0, 0, 0.0
37, 1, 10, 0, 0, 0.0
37, 1, 11, 0, 0, 0.0
37, 1, 12, 0, 0, 0.0
37, 1, 13, 0, 0, 0.0
37, 1, 14, 0, 0, 0.0
37, 1, 15, 0, 0, 0.0
37, 1, 16, 0, 0, 0.0
37, 1, 17, 0, 0, 0.0
37, 1, 18, 0, 0, 0.0
37, 1, 19, 0, 0, 0.0
37, 1, 20, 0, 0, 0.0
