0, 0, 0, 0, 0, 0.0
0, 0, 1, 0, 0, 0.0
0, 0, 2, 0, 0, 0.0
0, 0, 3, 0, 0, 0.0
0, 0, 4, 0, 0, 0.0
0, 0, 5, 0, 0, 0.0
0, 0, 6, 0, 0, 0.0
0, 0, 7, 0, 0, 0.0
0, 0, 8, 0, 0, 0.0
0, 0, 9, 0, 0, 0.0
0, 0, 10, 0, 0, 0.0
0, 0, 11, 0, 0, 0.0
0, 0, 12, 0, 0, 0.0
0, 0, 13, 0, 0, 0.0
0, 0, 14, 0, 0, 0.0
0, 0, 15, 0, 0, 0.0
0, 0, 16, 0, 0, 0.0
0, 0, 17, 0, 0, 0.0
0, 0, 18, 0, 0, 0.0
0, 0, 19, 0, 0, 0.0
0, 0, 20, 0, 0, 0.0
0, 1, 0, 0, 0, 0.0
0, 1, 1, 0, 0, 0.0
0, 1, 2, 0, 0, 0.0
0, 1, 3, 0, 0, 0.0
0, 1, 4, 0, 0, 0.0
0, 1, 5, 0, 0, 0.0
0, 1, 6, 0, 0, 0.0
0, 1, 7, 0, 0, 0.0
0, 1, 8, 0, 0, 0.0
0, 1, 9, 0, 0, 0.0
0, 1, 10, 0, 0, 0.0
0, 1, 11, 0, 0, 0.0
0, 1, 12, 0, 0, 0.0
0, 1, 13, 0, 0, 0.0
0, 1, 14, 0, 0, 0.0
0, 1, 15, 0, 0, 0.0
0, 1, 16, 0, 0, 0.0
0, 1, 17, 0, 0, 0.0
0, 1, 18, 0, 0, 0.0
0, 1, 19, 0, 0, 0.0
0, 1, 20, 0, 0, 0.0
1, 0, 0, 0, 0, 0.0
1, 0, 1, 0, 0, 0.0
1, 0, 2, 0, 0, 0.0
1, 0, 3, 0, 0, 0.0
1, 0, 4, 0, 0, 0.0
1, 0, 5, 0, 0, 0.0
1, 0, 6, 0, 0, 0.0
1, 0, 7, 0, 0, 0.0
1, 0, 8, 0, 0, 0.0
1, 0, 9, 0, 0, 0.0
1, 0, 10, 0, 0, 0.0
1, 0, 11, 0, 0, 0.0
1, 0, 12, 0, 0, 0.0
1, 0, 13, 0, 0, 0.0
1, 0, 14, 0, 0, 0.0
1, 0, 15, 0, 0, 0.0
1, 0, 16, 0, 0, 0.0
1, 0, 17, 0, 0, 0.0
1, 0, 18, 0, 0, 0.0
1, 0, 19, 0, 0, 0.0
1, 0, 20, 0, 0, 0.0
1, 1, 0, 0, 0, 0.0
1, 1, 1, 0, 0, 0.0
1, 1, 2, 0, 0, 0.0
1, 1, 3, 0, 0, 0.0
1, 1, 4, 0, 0, 0.0
1, 1, 5, 0, 0, 0.0
1, 1, 6, 0, 0, 0.0
1, 1, 7, 0, 0, 0.0
1, 1, 8, 0, 0, 0.0
1, 1, 9, 0, 0, 0.0
1, 1, 10, 0, 0, 0.0
1, 1, 11, 0, 0, 0.0
1, 1, 12, 0, 0, 0.0
1, 1, 13, 0, 0, 0.0
1, 1, 14, 0, 0, 0.0
1, 1, 15, 0, 0, 0.0
1, 1, 16, 0, 0, 0.0
1, 1, 17, 0, 0, 0.0
1, 1, 18, 0, 0, 0.0
1, 1, 19, 0, 0, 0.0
1, 1, 20, 0, 0, 0.0
2, 0, 0, 0, 0, 0.0
2, 0, 1, 0, 0, 0.0
2, 0, 2, 0, 0, 0.0
2, 0, 3, 0, 0, 0.0
2, 0, 4, 0, 0, 0.0
2, 0, 5, 0, 0, 0.0
2, 0, 6, 0, 0, 0.0
2, 0, 7, 0, 0, 0.0
2, 0, 8, 0, 0, 0.0
2, 0, 9, 0, 0, 0.0
2, 0, 10, 0, 0, 0.0
2, 0, 11, 0, 0, 0.0
2, 0, 12, 0, 0, 0.0
2, 0, 13, 0, 0, 0.0
2, 0, 14, 0, 0, 0.0
2, 0, 15, 0, 0, 0.0
2, 0, 16, 0, 0, 0.0
2, 0, 17, 0, 0, 0.0
2, 0, 18, 0, 0, 0.0
2, 0, 19, 0, 0, 0.0
2, 0, 20, 0, 0, 0.0
2, 1, 0, 0, 0, 0.0
2, 1, 1, 0, 0, 0.0
2, 1, 2, 0, 0, 0.0
2, 1, 3, 0, 0, 0.0
2, 1, 4, 0, 0, 0.0
2, 1, 5, 0, 0, 0.0
2, 1, 6, 0, 0, 0.0
2, 1, 7, 0, 0, 0.0
2, 1, 8, 0, 0, 0.0
2, 1, 9, 0, 0, 0.0
2, 1, 10, 0, 0, 0.0
2, 1, 11, 0, 0, 0.0
2, 1, 12, 0, 0, 0.0
2, 1, 13, 0, 0, 0.0
2, 1, 14, 0, 0, 0.0
2, 1, 15, 0, 0, 0.0
2, 1, 16, 0, 0, 0.0
2, 1, 17, 0, 0, 0.0
2, 1, 18, 0, 0, 0.0
2, 1, 19, 0, 0, 0.0
2, 1, 20, 0, 0, 0.0
3, 0, 0, 0, 0, 0.0
3, 0, 1, 0, 0, 0.0
3, 0, 2, 0, 0, 0.0
3, 0, 3, 0, 0, 0.0
3, 0, 4, 0, 0, 0.0
3, 0, 5, 0, 0, 0.0
3, 0, 6, 0, 0, 0.0
3, 0, 7, 0, 0, 0.0
3, 0, 8, 0, 0, 0.0
3, 0, 9, 0, 0, 0.0
3, 0, 10, 0, 0, 0.0
3, 0, 11, 0, 0, 0.0
3, 0, 12, 0, 0, 0.0
3, 0, 13, 0, 0, 0.0
3, 0, 14, 0, 0, 0.0
3, 0, 15, 0, 0, 0.0
3, 0, 16, 0, 0, 0.0
3, 0, 17, 0, 0, 0.0
3, 0, 18, 0, 0, 0.0
3, 0, 19, 0, 0, 0.0
3, 0, 20, 0, 0, 0.0
3, 1, 0, 0, 0, 0.0
3, 1, 1, 0, 0, 0.0
3, 1, 2, 0, 0, 0.0
3, 1, 3, 0, 0, 0.0
3, 1, 4, 0, 0, 0.0
3, 1, 5, 0, 0, 0.0
3, 1, 6, 0, 0, 0.0
3, 1, 7, 0, 0, 0.0
3, 1, 8, 0, 0, 0.0
3, 1, 9, 0, 0, 0.0
3, 1, 10, 0, 0, 0.0
3, 1, 11, 0, 0, 0.0
3, 1, 12, 0, 0, 0.0
3, 1, 13, 0, 0, 0.0
3, 1, 14, 0, 0, 0.0
3, 1, 15, 0, 0, 0.0
3, 1, 16, 0, 0, 0.0
3, 1, 17, 0, 0, 0.0
3, 1, 18, 0, 0, 0.0
3, 1, 19, 0, 0, 0.0
3, 1, 20, 0, 0, 0.0
4, 0, 0, 0, 0, 0.0
4, 0, 1, 0, 0, 0.0
4, 0, 2, 0, 0, 0.0
4, 0, 3, 0, 0, 0.0
4, 0, 4, 0, 0, 0.0
4, 0, 5, 0, 0, 0.0
4, 0, 6, 0, 0, 0.0
4, 0, 7, 0, 0, 0.0
4, 0, 8, 0, 0, 0.0
4, 0, 9, 0, 0, 0.0
4, 0, 10, 0, 0, 0.0
4, 0, 11, 0, 0, 0.0
4, 0, 12, 0, 0, 0.0
4, 0, 13, 0, 0, 0.0
4, 0, 14, 0, 0, 0.0
4, 0, 15, 0, 0, 0.0
4, 0, 16, 0, 0, 0.0
4, 0, 17, 0, 0, 0.0
4, 0, 18, 0, 0, 0.0
4, 0, 19, 0, 0, 0.0
4, 0, 20, 0, 0, 0.0
4, 1, 0, 0, 0, 0.0
4, 1, 1, 0, 0, 0.0
4, 1, 2, 0, 0, 0.0
4, 1, 3, 0, 0, 0.0
4, 1, 4, 0, 0, 0.0
4, 1, 5, 0, 0, 0.0
4, 1, 6, 0, 0, 0.0
4, 1, 7, 0, 0, 0.0
4, 1, 8, 0, 0, 0.0
4, 1, 9, 0, 0, 0.0
4, 1, 10, 0, 0, 0.0
4, 1, 11, 0, 0, 0.0
4, 1, 12, 0, 0, 0.0
4, 1, 13, 0, 0, 0.0
4, 1, 14, 0, 0, 0.0
4, 1, 15, 0, 0, 0.0
4, 1, 16, 0, 0, 0.0
4, 1, 17, 0, 0, 0.0
4, 1, 18, 0, 0, 0.0
4, 1, 19, 0, 0, 0.0
4, 1, 20, 0, 0, 0.0
5, 0, 0, 0, 0, 0.0
5, 0, 1, 0, 0, 0.0
5, 0, 2, 0, 0, 0.0
5, 0, 3, 0, 0, 0.0
5, 0, 4, 0, 0, 0.0
5, 0, 5, 0, 0, 0.0
5, 0, 6, 0, 0, 0.0
5, 0, 7, 0, 0, 0.0
5, 0, 8, 0, 0, 0.0
5, 0, 9, 0, 0, 0.0
5, 0, 10, 0, 0, 0.0
5, 0, 11, 0, 0, 0.0
5, 0, 12, 0, 0, 0.0
5, 0, 13, 0, 0, 0.0
5, 0, 14, 0, 0, 0.0
5, 0, 15, 0, 0, 0.0
5, 0, 16, 0, 0, 0.0
5, 0, 17, 0, 0, 0.0
5, 0, 18, 0, 0, 0.0
5, 0, 19, 0, 0, 0.0
5, 0, 20, 0, 0, 0.0
5, 1, 0, 0, 0, 0.0
5, 1, 1, 0, 0, 0.0
5, 1, 2, 0, 0, 0.0
5, 1, 3, 0, 0, 0.0
5, 1, 4, 0, 0, 0.0
5, 1, 5, 0, 0, 0.0
5, 1, 6, 0, 0, 0.0
5, 1, 7, 0, 0, 0.0
5, 1, 8, 0, 0, 0.0
5, 1, 9, 0, 0, 0.0
5, 1, 10, 0, 0, 0.0
5, 1, 11, 0, 0, 0.0
5, 1, 12, 0, 0, 0.0
5, 1, 13, 0, 0, 0.0
5, 1, 14, 0, 0, 0.0
5, 1, 15, 0, 0, 0.0
5, 1, 16, 0, 0, 0.0
5, 1, 17, 0, 0, 0.0
5, 1, 18, 0, 0, 0.0
5, 1, 19, 0, 0, 0.0
5, 1, 20, 0, 0, 0.0
6, 0, 0, 0, 0, 0.0
6, 0, 1, 0, 0, 0.0
6, 0, 2, 0, 0, 0.0
6, 0, 3, 0, 0, 0.0
6, 0, 4, 0, 0, 0.0
6, 0, 5, 0, 0, 0.0
6, 0, 6, 0, 0, 0.0
6, 0, 7, 0, 0, 0.0
6, 0, 8, 0, 0, 0.0
6, 0, 9, 0, 0, 0.0
6, 0, 10, 0, 0, 0.0
6, 0, 11, 0, 0, 0.0
6, 0, 12, 0, 0, 0.0
6, 0, 13, 0, 0, 0.0
6, 0, 14, 0, 0, 0.0
6, 0, 15, 0, 0, 0.0
6, 0, 16, 0, 0, 0.0
6, 0, 17, 0, 0, 0.0
6, 0, 18, 0, 0, 0.0
6, 0, 19, 0, 0, 0.0
6, 0, 20, 0, 0, 0.0
6, 1, 0, 0, 0, 0.0
6, 1, 1, 0, 0, 0.0
6, 1, 2, 0, 0, 0.0
6, 1, 3, 0, 0, 0.0
6, 1, 4, 0, 0, 0.0
6, 1, 5, 0, 0, 0.0
6, 1, 6, 0, 0, 0.0
6, 1, 7, 0, 0, 0.0
6, 1, 8, 0, 0, 0.0
6, 1, 9, 0, 0, 0.0
6, 1, 10, 0, 0, 0.0
6, 1, 11, 0, 0, 0.0
6, 1, 12, 0, 0, 0.0
6, 1, 13, 0, 0, 0.0
6, 1, 14, 0, 0, 0.0
6, 1, 15, 0, 0, 0.0
6, 1, 16, 0, 0, 0.0
6, 1, 17, 0, 0, 0.0
6, 1, 18, 0, 0, 0.0
6, 1, 19, 0, 0, 0.0
6, 1, 20, 0, 0, 0.0
7, 0, 0, 0, 0, 0.0
7, 0, 1, 0, 0, 0.0
7, 0, 2, 0, 0, 0.0
7, 0, 3, 0, 0, 0.0
7, 0, 4, 0, 0, 0.0
7, 0, 5, 0, 0, 0.0
7, 0, 6, 0, 0, 0.0
7, 0, 7, 0, 0, 0.0
7, 0, 8, 0, 0, 0.0
7, 0, 9, 0, 0, 0.0
7, 0, 10, 0, 0, 0.0
7, 0, 11, 0, 0, 0.0
7, 0, 12, 0, 0, 0.0
7, 0, 13, 0, 0, 0.0
7, 0, 14, 0, 0, 0.0
7, 0, 15, 0, 0, 0.0
7, 0, 16, 0, 0, 0.0
7, 0, 17, 0, 0, 0.0
7, 0, 18, 0, 0, 0.0
7, 0, 19, 0, 0, 0.0
7, 0, 20, 0, 0, 0.0
7, 1, 0, 0, 0, 0.0
7, 1, 1, 0, 0, 0.0
7, 1, 2, 0, 0, 0.0
7, 1, 3, 0, 0, 0.0
7, 1, 4, 0, 0, 0.0
7, 1, 5, 0, 0, 0.0
7, 1, 6, 0, 0, 0.0
7, 1, 7, 0, 0, 0.0
7, 1, 8, 0, 0, 0.0
7, 1, 9, 0, 0, 0.0
7, 1, 10, 0, 0, 0.0
7, 1, 11, 0, 0, 0.0
7, 1, 12, 0, 0, 0.0
7, 1, 13, 0, 0, 0.0
7, 1, 14, 0, 0, 0.0
7, 1, 15, 0, 0, 0.0
7, 1, 16, 0, 0, 0.0
7, 1, 17, 0, 0, 0.0
7, 1, 18, 0, 0, 0.0
7, 1, 19, 0, 0, 0.0
7, 1, 20, 0, 0, 0.0
8, 0, 0, 0, 0, 0.0
8, 0, 1, 0, 0, 0.0
8, 0, 2, 0, 0, 0.0
8, 0, 3, 0, 0, 0.0
8, 0, 4, 0, 0, 0.0
8, 0, 5, 0, 0, 0.0
8, 0, 6, 0, 0, 0.0
8, 0, 7, 0, 0, 0.0
8, 0, 8, 0, 0, 0.0
8, 0, 9, 0, 0, 0.0
8, 0, 10, 0, 0, 0.0
8, 0, 11, 0, 0, 0.0
8, 0, 12, 0, 0, 0.0
8, 0, 13, 0, 0, 0.0
8, 0, 14, 0, 0, 0.0
8, 0, 15, 0, 0, 0.0
8, 0, 16, 0, 0, 0.0
8, 0, 17, 0, 0, 0.0
8, 0, 18, 0, 0, 0.0
8, 0, 19, 0, 0, 0.0
8, 0, 20, 0, 0, 0.0
8, 1, 0, 0, 0, 0.0
8, 1, 1, 0, 0, 0.0
8, 1, 2, 0, 0, 0.0
8, 1, 3, 0, 0, 0.0
8, 1, 4, 0, 0, 0.0
8, 1, 5, 0, 0, 0.0
8, 1, 6, 0, 0, 0.0
8, 1, 7, 0, 0, 0.0
8, 1, 8, 0, 0, 0.0
8, 1, 9, 0, 0, 0.0
8, 1, 10, 0, 0, 0.0
8, 1, 11, 0, 0, 0.0
8, 1, 12, 0, 0, 0.0
8, 1, 13, 0, 0, 0.0
8, 1, 14, 0, 0, 0.0
8, 1, 15, 0, 0, 0.0
8, 1, 16, 0, 0, 0.0
8, 1, 17, 0, 0, 0.0
8, 1, 18, 0, 0, 0.0
8, 1, 19, 0, 0, 0.0
8, 1, 20, 0, 0, 0.0
9, 0, 0, 0, 0, 0.0
9, 0, 1, 0, 0, 0.0
9, 0, 2, 0, 0, 0.0
9, 0, 3, 0, 0, 0.0
9, 0, 4, 0, 0, 0.0
9, 0, 5, 0, 0, 0.0
9, 0, 6, 0, 0, 0.0
9, 0, 7, 0, 0, 0.0
9, 0, 8, 0, 0, 0.0
9, 0, 9, 0, 0, 0.0
9, 0, 10, 0, 0, 0.0
9, 0, 11, 0, 0, 0.0
9, 0, 12, 0, 0, 0.0
9, 0, 13, 0, 0, 0.0
9, 0, 14, 0, 0, 0.0
9, 0, 15, 0, 0, 0.0
9, 0, 16, 0, 0, 0.0
9, 0, 17, 0, 0, 0.0
9, 0, 18, 0, 0, 0.0
9, 0, 19, 0, 0, 0.0
9, 0, 20, 0, 0, 0.0
9, 1, 0, 0, 0, 0.0
9, 1, 1, 0, 0, 0.0
9, 1, 2, 0, 0, 0.0
9, 1, 3, 0, 0, 0.0
9, 1, 4, 0, 0, 0.0
9, 1, 5, 0, 0, 0.0
9, 1, 6, 0, 0, 0.0
9, 1, 7, 0, 0, 0.0
9, 1, 8, 0, 0, 0.0
9, 1, 9, 0, 0, 0.0
9, 1, 10, 0, 0, 0.0
9, 1, 11, 0, 0, 0.0
9, 1, 12, 0, 0, 0.0
9, 1, 13, 0, 0, 0.0
9, 1, 14, 0, 0, 0.0
9, 1, 15, 0, 0, 0.0
9, 1, 16, 0, 0, 0.0
9, 1, 17, 0, 0, 0.0
9, 1, 18, 0, 0, 0.0
9, 1, 19, 0, 0, 0.0
9, 1, 20, 0, 0, 0.0
10, 0, 0, 0, 0, 0.0
10, 0, 1, 0, 0, 0.0
10, 0, 2, 0, 0, 0.0
10, 0, 3, 0, 0, 0.0
10, 0, 4, 0, 0, 0.0
10, 0, 5, 0, 0, 0.0
10, 0, 6, 0, 0, 0.0
10, 0, 7, 0, 0, 0.0
10, 0, 8, 0, 0, 0.0
10, 0, 9, 0, 0, 0.0
10, 0, 10, 0, 0, 0.0
10, 0, 11, 0, 0, 0.0
10, 0, 12, 0, 0, 0.0
10, 0, 13, 0, 0, 0.0
10, 0, 14, 0, 0, 0.0
10, 0, 15, 0, 0, 0.0
10, 0, 16, 0, 0, 0.0
10, 0, 17, 0, 0, 0.0
10, 0, 18, 0, 0, 0.0
10, 0, 19, 0, 0, 0.0
10, 0, 20, 0, 0, 0.0
10, 1, 0, 0, 0, 0.0
10, 1, 1, 0, 0, 0.0
10, 1, 2, 0, 0, 0.0
10, 1, 3, 0, 0, 0.0
10, 1, 4, 0, 0, 0.0
10, 1, 5, 0, 0, 0.0
10, 1, 6, 0, 0, 0.0
10, 1, 7, 0, 0, 0.0
10, 1, 8, 0, 0, 0.0
10, 1, 9, 0, 0, 0.0
10, 1, 10, 0, 0, 0.0
10, 1, 11, 0, 0, 0.0
10, 1, 12, 0, 0, 0.0
10, 1, 13, 0, 0, 0.0
10, 1, 14, 0, 0, 0.0
10, 1, 15, 0, 0, 0.0
10, 1, 16, 0, 0, 0.0
10, 1, 17, 0, 0, 0.0
10, 1, 18, 0, 0, 0.0
10, 1, 19, 0, 0, 0.0
10, 1, 20, 0, 0, 0.0
11, 0, 0, 360, 479, 5.041875539291141e-08
11, 0, 1, 343, 461, -0.011157719418406487
11, 0, 2, 317, 454, -0.015387922525405884
11, 0, 3, 295, 453, -0.015554881654679775
11, 0, 4, 278, 449, -0.013339100405573845
11, 0, 5, 311, 469, -0.022503653541207314
11, 0, 6, 278, 471, -0.024901144206523895
11, 0, 7, 279, 467, -0.021907269954681396
11, 0, 8, 288, 466, -0.01738598942756653
11, 0, 9, 314, 484, -0.014008531346917152
11, 0, 10, 280, 487, -0.012075085192918777
11, 0, 11, 280, 481, -0.008833377622067928
11, 0, 12, 288, 480, -0.007102253846824169
11, 0, 13, 317, 496, -0.004973179195076227
11, 0, 14, 286, 499, -0.0003743968845810741
11, 0, 15, 288, 493, 0.004180114716291428
11, 0, 16, 295, 492, 0.005601787008345127
11, 0, 17, 320, 506, 0.0038458548951894045
11, 0, 18, 296, 510, 0.008431656286120415
11, 0, 19, 296, 506, 0.013298822566866875
11, 0, 20, 302, 505, 0.016143426299095154
11, 1, 0, 0, 0, 0.0
11, 1, 1, 0, 0, 0.0
11, 1, 2, 0, 0, 0.0
11, 1, 3, 0, 0, 0.0
11, 1, 4, 0, 0, 0.0
11, 1, 5, 0, 0, 0.0
11, 1, 6, 0, 0, 0.0
11, 1, 7, 0, 0, 0.0
11, 1, 8, 0, 0, 0.0
11, 1, 9, 0, 0, 0.0
11, 1, 10, 0, 0, 0.0
11, 1, 11, 0, 0, 0.0
11, 1, 12, 0, 0, 0.0
11, 1, 13, 0, 0, 0.0
11, 1, 14, 0, 0, 0.0
11, 1, 15, 0, 0, 0.0
11, 1, 16, 0, 0, 0.0
11, 1, 17, 0, 0, 0.0
11, 1, 18, 0, 0, 0.0
11, 1, 19, 0, 0, 0.0
11, 1, 20, 0, 0, 0.0
12, 0, 0, 361, 480, 2.0762831809406634e-07
12, 0, 1, 343, 460, -0.00560405757278204
12, 0, 2, 317, 455, -0.004868275485932827
12, 0, 3, 296, 453, -0.000378514698240906
12, 0, 4, 280, 447, 0.006808302830904722
12, 0, 5, 311, 471, -0.009132998064160347
12, 0, 6, 282, 471, -0.0011171259684488177
12, 0, 7, 275, 466, 0.011179149150848389
12, 0, 8, 278, 463, 0.022482043132185936
12, 0, 9, 313, 487, 4.6612389269284904e-05
12, 0, 10, 282, 487, 0.010345720686018467
12, 0, 11, 274, 480, 0.021497385576367378
12, 0, 12, 276, 476, 0.03066510520875454
12, 0, 13, 316, 498, 0.010018685832619667
12, 0, 14, 286, 498, 0.021063661202788353
12, 0, 15, 280, 490, 0.03114580176770687
12, 0, 16, 281, 486, 0.03805042803287506
12, 0, 17, 318, 506, 0.019991017878055573
12, 0, 18, 293, 506, 0.029170386493206024
12, 0, 19, 285, 500, 0.0369708389043808
12, 0, 20, 285, 496, 0.043598297983407974
12, 1, 0, 0, 0, 0.0
12, 1, 1, 0, 0, 0.0
12, 1, 2, 0, 0, 0.0
12, 1, 3, 0, 0, 0.0
12, 1, 4, 0, 0, 0.0
12, 1, 5, 0, 0, 0.0
12, 1, 6, 0, 0, 0.0
12, 1, 7, 0, 0, 0.0
12, 1, 8, 0, 0, 0.0
12, 1, 9, 0, 0, 0.0
12, 1, 10, 0, 0, 0.0
12, 1, 11, 0, 0, 0.0
12, 1, 12, 0, 0, 0.0
12, 1, 13, 0, 0, 0.0
12, 1, 14, 0, 0, 0.0
12, 1, 15, 0, 0, 0.0
12, 1, 16, 0, 0, 0.0
12, 1, 17, 0, 0, 0.0
12, 1, 18, 0, 0, 0.0
12, 1, 19, 0, 0, 0.0
12, 1, 20, 0, 0, 0.0
13, 0, 0, 364, 478, 2.1246837889066228e-07
13, 0, 1, 348, 461, -0.009480791166424751
13, 0, 2, 321, 452, -0.016275716945528984
13, 0, 3, 298, 447, -0.020611997693777084
13, 0, 4, 284, 439, -0.024866431951522827
13, 0, 5, 320, 469, -0.02859254740178585
13, 0, 6, 292, 472, -0.03828175365924835
13, 0, 7, 277, 470, -0.04119587317109108
13, 0, 8, 268, 467, -0.04144866392016411
13, 0, 9, 322, 485, -0.025917375460267067
13, 0, 10, 291, 489, -0.033419378101825714
13, 0, 11, 277, 484, -0.03347191587090492
13, 0, 12, 270, 479, -0.03269294649362564
13, 0, 13, 323, 496, -0.02270650491118431
13, 0, 14, 296, 501, -0.026782963424921036
13, 0, 15, 284, 495, -0.025079265236854553
13, 0, 16, 279, 489, -0.02341974899172783
13, 0, 17, 325, 504, -0.01996501535177231
13, 0, 18, 302, 509, -0.021511200815439224
13, 0, 19, 292, 506, -0.01936245709657669
13, 0, 20, 286, 503, -0.017306216061115265
13, 1, 0, 0, 0, 0.0
13, 1, 1, 0, 0, 0.0
13, 1, 2, 0, 0, 0.0
13, 1, 3, 0, 0, 0.0
13, 1, 4, 0, 0, 0.0
13, 1, 5, 0, 0, 0.0
13, 1, 6, 0, 0, 0.0
13, 1, 7, 0, 0, 0.0
13, 1, 8, 0, 0, 0.0
13, 1, 9, 0, 0, 0.0
13, 1, 10, 0, 0, 0.0
13, 1, 11, 0, 0, 0.0
13, 1, 12, 0, 0, 0.0
13, 1, 13, 0, 0, 0.0
13, 1, 14, 0, 0, 0.0
13, 1, 15, 0, 0, 0.0
13, 1, 16, 0, 0, 0.0
13, 1, 17, 0, 0, 0.0
13, 1, 18, 0, 0, 0.0
13, 1, 19, 0, 0, 0.0
13, 1, 20, 0, 0, 0.0
14, 0, 0, 363, 478, 3.303433970813785e-07
14, 0, 1, 348, 460, -0.019638795405626297
14, 0, 2, 326, 449, -0.033659759908914566
14, 0, 3, 304, 440, -0.04316742718219757
14, 0, 4, 291, 429, -0.05342057719826698
14, 0, 5, 321, 468, -0.046533145010471344
14, 0, 6, 292, 473, -0.06312567740678787
14, 0, 7, 273, 474, -0.07158008217811584
14, 0, 8, 259, 474, -0.07594873011112213
14, 0, 9, 324, 484, -0.041022635996341705
14, 0, 10, 296, 490, -0.054002054035663605
14, 0, 11, 278, 490, -0.05696427822113037
14, 0, 12, 264, 488, -0.05849549174308777
14, 0, 13, 327, 496, -0.03523437678813934
14, 0, 14, 302, 502, -0.0432574562728405
14, 0, 15, 286, 502, -0.04243018850684166
14, 0, 16, 274, 500, -0.041426192969083786
14, 0, 17, 330, 505, -0.03081253357231617
14, 0, 18, 309, 511, -0.03601498901844025
14, 0, 19, 295, 512, -0.03525174409151077
14, 0, 20, 285, 511, -0.03402777761220932
14, 1, 0, 0, 0, 0.0
14, 1, 1, 0, 0, 0.0
14, 1, 2, 0, 0, 0.0
14, 1, 3, 0, 0, 0.0
14, 1, 4, 0, 0, 0.0
14, 1, 5, 0, 0, 0.0
14, 1, 6, 0, 0, 0.0
14, 1, 7, 0, 0, 0.0
14, 1, 8, 0, 0, 0.0
14, 1, 9, 0, 0, 0.0
14, 1, 10, 0, 0, 0.0
14, 1, 11, 0, 0, 0.0
14, 1, 12, 0, 0, 0.0
14, 1, 13, 0, 0, 0.0
14, 1, 14, 0, 0, 0.0
14, 1, 15, 0, 0, 0.0
14, 1, 16, 0, 0, 0.0
14, 1, 17, 0, 0, 0.0
14, 1, 18, 0, 0, 0.0
14, 1, 19, 0, 0, 0.0
14, 1, 20, 0, 0, 0.0
15, 0, 0, 358, 477, 3.7114614315214567e-07
15, 0, 1, 349, 458, -0.03233223408460617
15, 0, 2, 332, 445, -0.05225049704313278
15, 0, 3, 315, 434, -0.06499190628528595
15, 0, 4, 304, 420, -0.07836827635765076
15, 0, 5, 319, 469, -0.06068519502878189
15, 0, 6, 290, 474, -0.08119527250528336
15, 0, 7, 271, 477, -0.09361738711595535
15, 0, 8, 256, 478, -0.10031938552856445
15, 0, 9, 320, 484, -0.047911182045936584
15, 0, 10, 293, 490, -0.06265447288751602
15, 0, 11, 274, 492, -0.06748262047767639
15, 0, 12, 260, 493, -0.07027504593133926
15, 0, 13, 322, 493, -0.03530287370085716
15, 0, 14, 298, 498, -0.044507648795843124
15, 0, 15, 282, 499, -0.045643072575330734
15, 0, 16, 269, 499, -0.045882899314165115
15, 0, 17, 325, 499, -0.024963349103927612
15, 0, 18, 305, 504, -0.03132778778672218
15, 0, 19, 292, 506, -0.031820736825466156
15, 0, 20, 282, 506, -0.03137175738811493
15, 1, 0, 0, 0, 0.0
15, 1, 1, 0, 0, 0.0
15, 1, 2, 0, 0, 0.0
15, 1, 3, 0, 0, 0.0
15, 1, 4, 0, 0, 0.0
15, 1, 5, 0, 0, 0.0
15, 1, 6, 0, 0, 0.0
15, 1, 7, 0, 0, 0.0
15, 1, 8, 0, 0, 0.0
15, 1, 9, 0, 0, 0.0
15, 1, 10, 0, 0, 0.0
15, 1, 11, 0, 0, 0.0
15, 1, 12, 0, 0, 0.0
15, 1, 13, 0, 0, 0.0
15, 1, 14, 0, 0, 0.0
15, 1, 15, 0, 0, 0.0
15, 1, 16, 0, 0, 0.0
15, 1, 17, 0, 0, 0.0
15, 1, 18, 0, 0, 0.0
15, 1, 19, 0, 0, 0.0
15, 1, 20, 0, 0, 0.0
16, 0, 0, 361, 475, 3.338458327561966e-07
16, 0, 1, 351, 456, -0.03237480670213699
16, 0, 2, 334, 444, -0.05176791176199913
16, 0, 3, 318, 433, -0.06383123993873596
16, 0, 4, 309, 418, -0.07609682530164719
16, 0, 5, 321, 471, -0.05584513023495674
16, 0, 6, 296, 476, -0.07521428167819977
16, 0, 7, 278, 480, -0.08814985305070877
16, 0, 8, 265, 482, -0.09529688954353333
16, 0, 9, 322, 484, -0.04134950786828995
16, 0, 10, 298, 490, -0.05290287360548973
16, 0, 11, 281, 492, -0.05548565834760666
16, 0, 12, 269, 493, -0.05692720785737038
16, 0, 13, 323, 492, -0.02761048637330532
16, 0, 14, 303, 497, -0.036370713263750076
16, 0, 15, 289, 498, -0.03739750757813454
16, 0, 16, 278, 497, -0.03703797236084938
16, 0, 17, 326, 496, -0.01594463549554348
16, 0, 18, 308, 500, -0.021676769480109215
16, 0, 19, 297, 502, -0.02177523262798786
16, 0, 20, 289, 501, -0.020980775356292725
16, 1, 0, 0, 0, 0.0
16, 1, 1, 0, 0, 0.0
16, 1, 2, 0, 0, 0.0
16, 1, 3, 0, 0, 0.0
16, 1, 4, 0, 0, 0.0
16, 1, 5, 0, 0, 0.0
16, 1, 6, 0, 0, 0.0
16, 1, 7, 0, 0, 0.0
16, 1, 8, 0, 0, 0.0
16, 1, 9, 0, 0, 0.0
16, 1, 10, 0, 0, 0.0
16, 1, 11, 0, 0, 0.0
16, 1, 12, 0, 0, 0.0
16, 1, 13, 0, 0, 0.0
16, 1, 14, 0, 0, 0.0
16, 1, 15, 0, 0, 0.0
16, 1, 16, 0, 0, 0.0
16, 1, 17, 0, 0, 0.0
16, 1, 18, 0, 0, 0.0
16, 1, 19, 0, 0, 0.0
16, 1, 20, 0, 0, 0.0
17, 0, 0, 363, 474, 3.099735010891891e-07
17, 0, 1, 354, 456, -0.02790047414600849
17, 0, 2, 338, 445, -0.04264802113175392
17, 0, 3, 323, 434, -0.051810722798109055
17, 0, 4, 314, 420, -0.060669030994176865
17, 0, 5, 324, 473, -0.03499281406402588
17, 0, 6, 303, 479, -0.045308470726013184
17, 0, 7, 289, 482, -0.05225351080298424
17, 0, 8, 279, 484, -0.056239381432533264
17, 0, 9, 326, 486, -0.022714929655194283
17, 0, 10, 307, 492, -0.028952311724424362
17, 0, 11, 294, 494, -0.03160962462425232
17, 0, 12, 284, 495, -0.033338744193315506
17, 0, 13, 329, 493, -0.011671328917145729
17, 0, 14, 312, 500, -0.016331808641552925
17, 0, 15, 301, 501, -0.017462901771068573
17, 0, 16, 292, 501, -0.017611417919397354
17, 0, 17, 333, 498, -0.0027704143431037664
17, 0, 18, 319, 504, -0.005475298967212439
17, 0, 19, 310, 507, -0.005324856843799353
17, 0, 20, 303, 507, -0.004640037659555674
17, 1, 0, 0, 0, 0.0
17, 1, 1, 0, 0, 0.0
17, 1, 2, 0, 0, 0.0
17, 1, 3, 0, 0, 0.0
17, 1, 4, 0, 0, 0.0
17, 1, 5, 0, 0, 0.0
17, 1, 6, 0, 0, 0.0
17, 1, 7, 0, 0, 0.0
17, 1, 8, 0, 0, 0.0
17, 1, 9, 0, 0, 0.0
17, 1, 10, 0, 0, 0.0
17, 1, 11, 0, 0, 0.0
17, 1, 12, 0, 0, 0.0
17, 1, 13, 0, 0, 0.0
17, 1, 14, 0, 0, 0.0
17, 1, 15, 0, 0, 0.0
17, 1, 16, 0, 0, 0.0
17, 1, 17, 0, 0, 0.0
17, 1, 18, 0, 0, 0.0
17, 1, 19, 0, 0, 0.0
17, 1, 20, 0, 0, 0.0
18, 0, 0, 365, 474, 3.341941976486851e-07
18, 0, 1, 354, 457, -0.02955891750752926
18, 0, 2, 335, 447, -0.045008085668087006
18, 0, 3, 317, 438, -0.05438480153679848
18, 0, 4, 304, 427, -0.06359755992889404
18, 0, 5, 324, 474, -0.0397694893181324
18, 0, 6, 302, 480, -0.0520009808242321
18, 0, 7, 287, 484, -0.060281526297330856
18, 0, 8, 276, 486, -0.06494183838367462
18, 0, 9, 328, 487, -0.026834268122911453
18, 0, 10, 308, 494, -0.03437300771474838
18, 0, 11, 294, 498, -0.03769746795296669
18, 0, 12, 283, 499, -0.04003504291176796
18, 0, 13, 331, 495, -0.015108690597116947
18, 0, 14, 314, 501, -0.020348958671092987
18, 0, 15, 302, 503, -0.02087104693055153
18, 0, 16, 292, 504, -0.020835988223552704
18, 0, 17, 335, 499, -0.005655909888446331
18, 0, 18, 319, 505, -0.008862486109137535
18, 0, 19, 310, 508, -0.008219524286687374
18, 0, 20, 302, 508, -0.007224664557725191
18, 1, 0, 0, 0, 0.0
18, 1, 1, 0, 0, 0.0
18, 1, 2, 0, 0, 0.0
18, 1, 3, 0, 0, 0.0
18, 1, 4, 0, 0, 0.0
18, 1, 5, 0, 0, 0.0
18, 1, 6, 0, 0, 0.0
18, 1, 7, 0, 0, 0.0
18, 1, 8, 0, 0, 0.0
18, 1, 9, 0, 0, 0.0
18, 1, 10, 0, 0, 0.0
18, 1, 11, 0, 0, 0.0
18, 1, 12, 0, 0, 0.0
18, 1, 13, 0, 0, 0.0
18, 1, 14, 0, 0, 0.0
18, 1, 15, 0, 0, 0.0
18, 1, 16, 0, 0, 0.0
18, 1, 17, 0, 0, 0.0
18, 1, 18, 0, 0, 0.0
18, 1, 19, 0, 0, 0.0
18, 1, 20, 0, 0, 0.0
19, 0, 0, 361, 479, 3.8750056319258874e-07
19, 0, 1, 348, 460, -0.0269188042730093
19, 0, 2, 325, 450, -0.03954518586397171
19, 0, 3, 304, 446, -0.04633288085460663
19, 0, 4, 287, 437, -0.05277136713266373
19, 0, 5, 317, 474, -0.03313329443335533
19, 0, 6, 294, 479, -0.04302414506673813
19, 0, 7, 277, 481, -0.0497274324297905
19, 0, 8, 266, 482, -0.05332086235284805
19, 0, 9, 321, 488, -0.020846370607614517
19, 0, 10, 299, 492, -0.028127945959568024
19, 0, 11, 283, 494, -0.032696329057216644
19, 0, 12, 271, 493, -0.03549393266439438
19, 0, 13, 324, 497, -0.009379683062434196
19, 0, 14, 305, 500, -0.013969095423817635
19, 0, 15, 291, 501, -0.014604456722736359
19, 0, 16, 280, 500, -0.014521709643304348
19, 0, 17, 328, 502, 4.2680119804572314e-05
19, 0, 18, 311, 507, -0.002672522561624646
19, 0, 19, 299, 508, -0.0018407556926831603
19, 0, 20, 290, 508, -0.00038543727714568377
19, 1, 0, 0, 0, 0.0
19, 1, 1, 0, 0, 0.0
19, 1, 2, 0, 0, 0.0
19, 1, 3, 0, 0, 0.0
19, 1, 4, 0, 0, 0.0
19, 1, 5, 0, 0, 0.0
19, 1, 6, 0, 0, 0.0
19, 1, 7, 0, 0, 0.0
19, 1, 8, 0, 0, 0.0
19, 1, 9, 0, 0, 0.0
19, 1, 10, 0, 0, 0.0
19, 1, 11, 0, 0, 0.0
19, 1, 12, 0, 0, 0.0
19, 1, 13, 0, 0, 0.0
19, 1, 14, 0, 0, 0.0
19, 1, 15, 0, 0, 0.0
19, 1, 16, 0, 0, 0.0
19, 1, 17, 0, 0, 0.0
19, 1, 18, 0, 0, 0.0
19, 1, 19, 0, 0, 0.0
19, 1, 20, 0, 0, 0.0
20, 0, 0, 352, 476, 3.499935985473712e-07
20, 0, 1, 338, 458, -0.019255364313721657
20, 0, 2, 315, 451, -0.02936115488409996
20, 0, 3, 294, 450, -0.03499005734920502
20, 0, 4, 278, 445, -0.041201502084732056
20, 0, 5, 311, 467, -0.04014529660344124
20, 0, 6, 283, 474, -0.05557067692279816
20, 0, 7, 264, 476, -0.0646669939160347
20, 0, 8, 249, 477, -0.06935518980026245
20, 0, 9, 314, 480, -0.033657703548669815
20, 0, 10, 286, 486, -0.046388231217861176
20, 0, 11, 265, 486, -0.05166490375995636
20, 0, 12, 249, 486, -0.054395321756601334
20, 0, 13, 316, 489, -0.02683567814528942
20, 0, 14, 290, 493, -0.03552241623401642
20, 0, 15, 271, 493, -0.036990560591220856
20, 0, 16, 257, 491, -0.036885347217321396
20, 0, 17, 318, 496, -0.021208593621850014
20, 0, 18, 296, 500, -0.027590999379754066
20, 0, 19, 281, 499, -0.02802727371454239
20, 0, 20, 270, 497, -0.027010859921574593
20, 1, 0, 0, 0, 0.0
20, 1, 1, 0, 0, 0.0
20, 1, 2, 0, 0, 0.0
20, 1, 3, 0, 0, 0.0
20, 1, 4, 0, 0, 0.0
20, 1, 5, 0, 0, 0.0
20, 1, 6, 0, 0, 0.0
20, 1, 7, 0, 0, 0.0
20, 1, 8, 0, 0, 0.0
20, 1, 9, 0, 0, 0.0
20, 1, 10, 0, 0, 0.0
20, 1, 11, 0, 0, 0.0
20, 1, 12, 0, 0, 0.0
20, 1, 13, 0, 0, 0.0
20, 1, 14, 0, 0, 0.0
20, 1, 15, 0, 0, 0.0
20, 1, 16, 0, 0, 0.0
20, 1, 17, 0, 0, 0.0
20, 1, 18, 0, 0, 0.0
20, 1, 19, 0, 0, 0.0
20, 1, 20, 0, 0, 0.0
21, 0, 0, 352, 474, 2.4332203452104295e-07
21, 0, 1, 337, 459, -0.011155313812196255
21, 0, 2, 312, 454, -0.01742071844637394
21, 0, 3, 291, 453, -0.021361524239182472
21, 0, 4, 277, 450, -0.026134755462408066
21, 0, 5, 308, 465, -0.028853151947259903
21, 0, 6, 281, 472, -0.04236534610390663
21, 0, 7, 263, 475, -0.05022015795111656
21, 0, 8, 248, 477, -0.054792631417512894
21, 0, 9, 311, 476, -0.028344251215457916
21, 0, 10, 283, 481, -0.04115581139922142
21, 0, 11, 263, 483, -0.047816939651966095
21, 0, 12, 246, 484, -0.05194610357284546
21, 0, 13, 315, 484, -0.02752801775932312
21, 0, 14, 289, 488, -0.03772464394569397
21, 0, 15, 270, 488, -0.04093008488416672
21, 0, 16, 254, 488, -0.0421636663377285
21, 0, 17, 319, 491, -0.027250908315181732
21, 0, 18, 297, 494, -0.03545544296503067
21, 0, 19, 281, 494, -0.03755112364888191
21, 0, 20, 268, 493, -0.038063351064920425
21, 1, 0, 0, 0, 0.0
21, 1, 1, 0, 0, 0.0
21, 1, 2, 0, 0, 0.0
21, 1, 3, 0, 0, 0.0
21, 1, 4, 0, 0, 0.0
21, 1, 5, 0, 0, 0.0
21, 1, 6, 0, 0, 0.0
21, 1, 7, 0, 0, 0.0
21, 1, 8, 0, 0, 0.0
21, 1, 9, 0, 0, 0.0
21, 1, 10, 0, 0, 0.0
21, 1, 11, 0, 0, 0.0
21, 1, 12, 0, 0, 0.0
21, 1, 13, 0, 0, 0.0
21, 1, 14, 0, 0, 0.0
21, 1, 15, 0, 0, 0.0
21, 1, 16, 0, 0, 0.0
21, 1, 17, 0, 0, 0.0
21, 1, 18, 0, 0, 0.0
21, 1, 19, 0, 0, 0.0
21, 1, 20, 0, 0, 0.0
22, 0, 0, 355, 475, 2.5465837438787275e-07
22, 0, 1, 339, 458, -0.012549801729619503
22, 0, 2, 313, 454, -0.020616566762328148
22, 0, 3, 292, 454, -0.025513527914881706
22, 0, 4, 277, 450, -0.031512897461652756
22, 0, 5, 310, 468, -0.0376477912068367
22, 0, 6, 282, 474, -0.053066518157720566
22, 0, 7, 264, 475, -0.06135319545865059
22, 0, 8, 249, 476, -0.0661657452583313
22, 0, 9, 314, 479, -0.03608763590455055
22, 0, 10, 284, 484, -0.0506511814892292
22, 0, 11, 264, 485, -0.056683335453271866
22, 0, 12, 247, 485, -0.06049516052007675
22, 0, 13, 318, 488, -0.033829592168331146
22, 0, 14, 291, 492, -0.04486226290464401
22, 0, 15, 272, 492, -0.04762871935963631
22, 0, 16, 257, 491, -0.04882519319653511
22, 0, 17, 322, 495, -0.032039083540439606
22, 0, 18, 299, 498, -0.04087325558066368
22, 0, 19, 284, 498, -0.043380286544561386
22, 0, 20, 271, 496, -0.044459499418735504
22, 1, 0, 0, 0, 0.0
22, 1, 1, 0, 0, 0.0
22, 1, 2, 0, 0, 0.0
22, 1, 3, 0, 0, 0.0
22, 1, 4, 0, 0, 0.0
22, 1, 5, 0, 0, 0.0
22, 1, 6, 0, 0, 0.0
22, 1, 7, 0, 0, 0.0
22, 1, 8, 0, 0, 0.0
22, 1, 9, 0, 0, 0.0
22, 1, 10, 0, 0, 0.0
22, 1, 11, 0, 0, 0.0
22, 1, 12, 0, 0, 0.0
22, 1, 13, 0, 0, 0.0
22, 1, 14, 0, 0, 0.0
22, 1, 15, 0, 0, 0.0
22, 1, 16, 0, 0, 0.0
22, 1, 17, 0, 0, 0.0
22, 1, 18, 0, 0, 0.0
22, 1, 19, 0, 0, 0.0
22, 1, 20, 0, 0, 0.0
23, 0, 0, 357, 472, 2.11509004088839e-07
23, 0, 1, 340, 459, -0.00545442383736372
23, 0, 2, 313, 456, -0.012297538109123707
23, 0, 3, 292, 454, -0.01810201071202755
23, 0, 4, 277, 450, -0.025855159386992455
23, 0, 5, 311, 463, -0.03128291293978691
23, 0, 6, 283, 470, -0.046119075268507004
23, 0, 7, 265, 473, -0.0542420893907547
23, 0, 8, 251, 475, -0.05949860066175461
23, 0, 9, 317, 473, -0.035620421171188354
23, 0, 10, 287, 479, -0.050038374960422516
23, 0, 11, 268, 482, -0.057296525686979294
23, 0, 12, 251, 484, -0.06272466480731964
23, 0, 13, 323, 482, -0.03905142471194267
23, 0, 14, 296, 489, -0.05082175135612488
23, 0, 15, 278, 491, -0.055084023624658585
23, 0, 16, 263, 492, -0.05809466913342476
23, 0, 17, 330, 492, -0.04228520393371582
23, 0, 18, 309, 498, -0.052600547671318054
23, 0, 19, 294, 500, -0.05629687383770943
23, 0, 20, 282, 501, -0.058798693120479584
23, 1, 0, 0, 0, 0.0
23, 1, 1, 0, 0, 0.0
23, 1, 2, 0, 0, 0.0
23, 1, 3, 0, 0, 0.0
23, 1, 4, 0, 0, 0.0
23, 1, 5, 0, 0, 0.0
23, 1, 6, 0, 0, 0.0
23, 1, 7, 0, 0, 0.0
23, 1, 8, 0, 0, 0.0
23, 1, 9, 0, 0, 0.0
23, 1, 10, 0, 0, 0.0
23, 1, 11, 0, 0, 0.0
23, 1, 12, 0, 0, 0.0
23, 1, 13, 0, 0, 0.0
23, 1, 14, 0, 0, 0.0
23, 1, 15, 0, 0, 0.0
23, 1, 16, 0, 0, 0.0
23, 1, 17, 0, 0, 0.0
23, 1, 18, 0, 0, 0.0
23, 1, 19, 0, 0, 0.0
23, 1, 20, 0, 0, 0.0
24, 0, 0, 357, 475, 2.3564086859551026e-07
24, 0, 1, 341, 459, -0.010592772625386715
24, 0, 2, 314, 455, -0.017817161977291107
24, 0, 3, 292, 455, -0.022536711767315865
24, 0, 4, 277, 451, -0.028342438861727715
24, 0, 5, 311, 466, -0.03340436518192291
24, 0, 6, 282, 472, -0.048047930002212524
24, 0, 7, 263, 475, -0.05570700764656067
24, 0, 8, 248, 477, -0.0600416362285614
24, 0, 9, 315, 478, -0.033256858587265015
24, 0, 10, 284, 483, -0.04757591336965561
24, 0, 11, 263, 484, -0.05369109287858009
24, 0, 12, 246, 485, -0.057298604398965836
24, 0, 13, 319, 488, -0.032418686896562576
24, 0, 14, 290, 492, -0.04334816709160805
24, 0, 15, 271, 493, -0.04579430818557739
24, 0, 16, 256, 492, -0.04646650701761246
24, 0, 17, 323, 496, -0.03190676495432854
24, 0, 18, 300, 501, -0.04052368551492691
24, 0, 19, 284, 501, -0.042454108595848083
24, 0, 20, 271, 500, -0.0428643599152565
24, 1, 0, 0, 0, 0.0
24, 1, 1, 0, 0, 0.0
24, 1, 2, 0, 0, 0.0
24, 1, 3, 0, 0, 0.0
24, 1, 4, 0, 0, 0.0
24, 1, 5, 0, 0, 0.0
24, 1, 6, 0, 0, 0.0
24, 1, 7, 0, 0, 0.0
24, 1, 8, 0, 0, 0.0
24, 1, 9, 0, 0, 0.0
24, 1, 10, 0, 0, 0.0
24, 1, 11, 0, 0, 0.0
24, 1, 12, 0, 0, 0.0
24, 1, 13, 0, 0, 0.0
24, 1, 14, 0, 0, 0.0
24, 1, 15, 0, 0, 0.0
24, 1, 16, 0, 0, 0.0
24, 1, 17, 0, 0, 0.0
24, 1, 18, 0, 0, 0.0
24, 1, 19, 0, 0, 0.0
24, 1, 20, 0, 0, 0.0
25, 0, 0, 357, 475, 2.3079805089309957e-07
25, 0, 1, 340, 459, -0.008854925632476807
25, 0, 2, 314, 455, -0.01563348062336445
25, 0, 3, 292, 455, -0.020310986787080765
25, 0, 4, 277, 452, -0.026180915534496307
25, 0, 5, 309, 467, -0.03141108155250549
25, 0, 6, 281, 473, -0.04542265087366104
25, 0, 7, 263, 475, -0.053077325224876404
25, 0, 8, 249, 477, -0.05751928687095642
25, 0, 9, 313, 477, -0.031784020364284515
25, 0, 10, 283, 483, -0.04524356126785278
25, 0, 11, 263, 484, -0.05085698887705803
25, 0, 12, 247, 484, -0.05452868342399597
25, 0, 13, 317, 486, -0.03145097196102142
25, 0, 14, 290, 490, -0.04156244918704033
25, 0, 15, 271, 490, -0.04353781044483185
25, 0, 16, 257, 490, -0.044337376952171326
25, 0, 17, 322, 493, -0.03134585916996002
25, 0, 18, 299, 497, -0.03936244174838066
25, 0, 19, 283, 496, -0.04114190861582756
25, 0, 20, 271, 495, -0.0418219268321991
25, 1, 0, 0, 0, 0.0
25, 1, 1, 0, 0, 0.0
25, 1, 2, 0, 0, 0.0
25, 1, 3, 0, 0, 0.0
25, 1, 4, 0, 0, 0.0
25, 1, 5, 0, 0, 0.0
25, 1, 6, 0, 0, 0.0
25, 1, 7, 0, 0, 0.0
25, 1, 8, 0, 0, 0.0
25, 1, 9, 0, 0, 0.0
25, 1, 10, 0, 0, 0.0
25, 1, 11, 0, 0, 0.0
25, 1, 12, 0, 0, 0.0
25, 1, 13, 0, 0, 0.0
25, 1, 14, 0, 0, 0.0
25, 1, 15, 0, 0, 0.0
25, 1, 16, 0, 0, 0.0
25, 1, 17, 0, 0, 0.0
25, 1, 18, 0, 0, 0.0
25, 1, 19, 0, 0, 0.0
25, 1, 20, 0, 0, 0.0
26, 0, 0, 357, 475, 1.9186806810012058e-07
26, 0, 1, 340, 459, -0.010396954603493214
26, 0, 2, 314, 455, -0.0160470400005579
26, 0, 3, 292, 455, -0.019778694957494736
26, 0, 4, 277, 452, -0.024274472147226334
26, 0, 5, 308, 467, -0.025975855067372322
26, 0, 6, 281, 473, -0.03900536894798279
26, 0, 7, 263, 475, -0.0464923121035099
26, 0, 8, 249, 477, -0.05099744722247124
26, 0, 9, 311, 476, -0.02574998326599598
26, 0, 10, 284, 482, -0.03791346400976181
26, 0, 11, 265, 483, -0.043845731765031815
26, 0, 12, 249, 484, -0.04760555550456047
26, 0, 13, 315, 484, -0.025477824732661247
26, 0, 14, 289, 489, -0.035383425652980804
26, 0, 15, 271, 490, -0.03789073973894119
26, 0, 16, 257, 490, -0.03880762681365013
26, 0, 17, 319, 491, -0.025794820860028267
26, 0, 18, 297, 496, -0.034108370542526245
26, 0, 19, 282, 496, -0.036427151411771774
26, 0, 20, 269, 496, -0.03719184175133705
26, 1, 0, 0, 0, 0.0
26, 1, 1, 0, 0, 0.0
26, 1, 2, 0, 0, 0.0
26, 1, 3, 0, 0, 0.0
26, 1, 4, 0, 0, 0.0
26, 1, 5, 0, 0, 0.0
26, 1, 6, 0, 0, 0.0
26, 1, 7, 0, 0, 0.0
26, 1, 8, 0, 0, 0.0
26, 1, 9, 0, 0, 0.0
26, 1, 10, 0, 0, 0.0
26, 1, 11, 0, 0, 0.0
26, 1, 12, 0, 0, 0.0
26, 1, 13, 0, 0, 0.0
26, 1, 14, 0, 0, 0.0
26, 1, 15, 0, 0, 0.0
26, 1, 16, 0, 0, 0.0
26, 1, 17, 0, 0, 0.0
26, 1, 18, 0, 0, 0.0
26, 1, 19, 0, 0, 0.0
26, 1, 20, 0, 0, 0.0
27, 0, 0, 355, 475, 2.419444626866607e-07
27, 0, 1, 341, 459, -0.017804352566599846
27, 0, 2, 315, 455, -0.025321878492832184
27, 0, 3, 293, 455, -0.028835145756602287
27, 0, 4, 276, 452, -0.0322449766099453
27, 0, 5, 308, 469, -0.03044802136719227
27, 0, 6, 280, 475, -0.04276908189058304
27, 0, 7, 262, 476, -0.04934431612491608
27, 0, 8, 248, 477, -0.052777376025915146
27, 0, 9, 309, 480, -0.024331627413630486
27, 0, 10, 281, 484, -0.03531477972865105
27, 0, 11, 263, 484, -0.03979470580816269
27, 0, 12, 247, 484, -0.04220759868621826
27, 0, 13, 311, 488, -0.01863786205649376
27, 0, 14, 285, 491, -0.02681783400475979
27, 0, 15, 268, 490, -0.0283943060785532
27, 0, 16, 255, 489, -0.0285700261592865
27, 0, 17, 313, 494, -0.014183254912495613
27, 0, 18, 291, 496, -0.02033657394349575
27, 0, 19, 277, 496, -0.02160639315843582
27, 0, 20, 266, 494, -0.021586965769529343
27, 1, 0, 0, 0, 0.0
27, 1, 1, 0, 0, 0.0
27, 1, 2, 0, 0, 0.0
27, 1, 3, 0, 0, 0.0
27, 1, 4, 0, 0, 0.0
27, 1, 5, 0, 0, 0.0
27, 1, 6, 0, 0, 0.0
27, 1, 7, 0, 0, 0.0
27, 1, 8, 0, 0, 0.0
27, 1, 9, 0, 0, 0.0
27, 1, 10, 0, 0, 0.0
27, 1, 11, 0, 0, 0.0
27, 1, 12, 0, 0, 0.0
27, 1, 13, 0, 0, 0.0
27, 1, 14, 0, 0, 0.0
27, 1, 15, 0, 0, 0.0
27, 1, 16, 0, 0, 0.0
27, 1, 17, 0, 0, 0.0
27, 1, 18, 0, 0, 0.0
27, 1, 19, 0, 0, 0.0
27, 1, 20, 0, 0, 0.0
28, 0, 0, 354, 475, 2.0128888422732416e-07
28, 0, 1, 336, 459, -0.008777344599366188
28, 0, 2, 311, 456, -0.013689366169273853
28, 0, 3, 291, 456, -0.016463445499539375
28, 0, 4, 276, 452, -0.020003540441393852
28, 0, 5, 307, 468, -0.02571822702884674
28, 0, 6, 282, 474, -0.038015302270650864
28, 0, 7, 264, 475, -0.04505698010325432
28, 0, 8, 251, 476, -0.04923322796821594
28, 0, 9, 309, 477, -0.024297522380948067
28, 0, 10, 283, 481, -0.035952139645814896
28, 0, 11, 265, 482, -0.04086708277463913
28, 0, 12, 250, 482, -0.044117119163274765
28, 0, 13, 312, 483, -0.02248077653348446
28, 0, 14, 287, 486, -0.030911434441804886
28, 0, 15, 271, 486, -0.03220750391483307
28, 0, 16, 258, 485, -0.032515134662389755
28, 0, 17, 315, 488, -0.021100467070937157
28, 0, 18, 294, 491, -0.026882890611886978
28, 0, 19, 279, 491, -0.027997860684990883
28, 0, 20, 268, 489, -0.028413353487849236
28, 1, 0, 0, 0, 0.0
28, 1, 1, 0, 0, 0.0
28, 1, 2, 0, 0, 0.0
28, 1, 3, 0, 0, 0.0
28, 1, 4, 0, 0, 0.0
28, 1, 5, 0, 0, 0.0
28, 1, 6, 0, 0, 0.0
28, 1, 7, 0, 0, 0.0
28, 1, 8, 0, 0, 0.0
28, 1, 9, 0, 0, 0.0
28, 1, 10, 0, 0, 0.0
28, 1, 11, 0, 0, 0.0
28, 1, 12, 0, 0, 0.0
28, 1, 13, 0, 0, 0.0
28, 1, 14, 0, 0, 0.0
28, 1, 15, 0, 0, 0.0
28, 1, 16, 0, 0, 0.0
28, 1, 17, 0, 0, 0.0
28, 1, 18, 0, 0, 0.0
28, 1, 19, 0, 0, 0.0
28, 1, 20, 0, 0, 0.0
29, 0, 0, 188, 172, 2.823807108143228e-07
29, 0, 1, 211, 169, -0.014866922982037067
29, 0, 2, 231, 151, -0.018316561356186867
29, 0, 3, 239, 131, -0.020597027614712715
29, 0, 4, 245, 117, -0.022885845974087715
29, 0, 5, 241, 129, -0.010763488709926605
29, 0, 6, 263, 110, -0.019891392439603806
29, 0, 7, 275, 97, -0.028177408501505852
29, 0, 8, 284, 85, -0.03394370153546333
29, 0, 9, 228, 120, -0.011987056583166122
29, 0, 10, 245, 96, -0.019663289189338684
29, 0, 11, 257, 79, -0.02808464504778385
29, 0, 12, 267, 66, -0.034012969583272934
29, 0, 13, 212, 116, -0.014883353374898434
29, 0, 14, 228, 97, -0.026797020807862282
29, 0, 15, 240, 89, -0.03451745957136154
29, 0, 16, 249, 84, -0.03930304944515228
29, 0, 17, 194, 117, -0.018933726474642754
29, 0, 18, 207, 108, -0.03203168138861656
29, 0, 19, 211, 115, -0.033058732748031616
29, 0, 20, 213, 123, -0.032012246549129486
29, 1, 0, 347, 474, 2.389208475506166e-07
29, 1, 1, 333, 458, -0.014880429022014141
29, 1, 2, 310, 455, -0.020737016573548317
29, 1, 3, 290, 456, -0.02321668341755867
29, 1, 4, 276, 452, -0.025477956980466843
29, 1, 5, 303, 469, -0.025597339496016502
29, 1, 6, 278, 474, -0.03715383633971214
29, 1, 7, 261, 476, -0.04375222697854042
29, 1, 8, 248, 477, -0.0472886860370636
29, 1, 9, 304, 480, -0.020377490669488907
29, 1, 10, 278, 483, -0.030907155945897102
29, 1, 11, 261, 484, -0.035043761134147644
29, 1, 12, 245, 484, -0.037021782249212265
29, 1, 13, 306, 488, -0.01549552008509636
29, 1, 14, 282, 490, -0.023462718352675438
29, 1, 15, 266, 490, -0.02466082200407982
29, 1, 16, 253, 489, -0.02414807677268982
29, 1, 17, 307, 493, -0.011664608493447304
29, 1, 18, 287, 495, -0.017153581604361534
29, 1, 19, 273, 495, -0.01775876060128212
29, 1, 20, 263, 493, -0.017044952139258385
30, 0, 0, 188, 158, 4.131466369017289e-07
30, 0, 1, 213, 157, -0.019290965050458908
30, 0, 2, 233, 143, -0.026244040578603745
30, 0, 3, 239, 120, -0.032299645245075226
30, 0, 4, 240, 102, -0.037183042615652084
30, 0, 5, 249, 120, -0.012138847261667252
30, 0, 6, 271, 102, -0.026655182242393494
30, 0, 7, 285, 89, -0.03655426949262619
30, 0, 8, 296, 78, -0.04193935543298721
30, 0, 9, 235, 108, -0.011516954749822617
30, 0, 10, 249, 81, -0.027544939890503883
30, 0, 11, 259, 64, -0.0371270515024662
30, 0, 12, 268, 50, -0.04124051332473755
30, 0, 13, 217, 103, -0.013168580830097198
30, 0, 14, 229, 89, -0.03790688514709473
30, 0, 15, 227, 104, -0.0410320945084095
30, 0, 16, 223, 117, -0.03535844758152962
30, 0, 17, 198, 104, -0.01594187133014202
30, 0, 18, 211, 95, -0.03604734316468239
30, 0, 19, 214, 106, -0.03529003635048866
30, 0, 20, 212, 116, -0.028958650305867195
30, 1, 0, 347, 470, 1.5079265835993283e-07
30, 1, 1, 329, 455, 0.000605724984779954
30, 1, 2, 307, 454, -0.0013602122198790312
30, 1, 3, 290, 455, -0.004105364438146353
30, 1, 4, 277, 451, -0.00799900759011507
30, 1, 5, 301, 466, -0.011327545158565044
30, 1, 6, 279, 473, -0.020837122574448586
30, 1, 7, 263, 475, -0.027249108999967575
30, 1, 8, 250, 476, -0.03198326379060745
30, 1, 9, 304, 473, -0.01622367650270462
30, 1, 10, 281, 479, -0.02527710422873497
30, 1, 11, 265, 481, -0.03035828284919262
30, 1, 12, 250, 482, -0.034614089876413345
30, 1, 13, 308, 479, -0.020785316824913025
30, 1, 14, 287, 484, -0.02736956812441349
30, 1, 15, 272, 485, -0.028464918956160545
30, 1, 16, 260, 485, -0.02977766841650009
30, 1, 17, 312, 484, -0.025366248562932014
30, 1, 18, 295, 489, -0.03118920885026455
30, 1, 19, 282, 489, -0.032589033246040344
30, 1, 20, 271, 489, -0.0337856262922287
31, 0, 0, 190, 155, 3.863821405047929e-07
31, 0, 1, 214, 154, -0.017458736896514893
31, 0, 2, 234, 141, -0.02453800104558468
31, 0, 3, 240, 119, -0.030614865943789482
31, 0, 4, 241, 101, -0.035734571516513824
31, 0, 5, 251, 118, -0.013451647944748402
31, 0, 6, 275, 101, -0.027431856840848923
31, 0, 7, 289, 88, -0.0367533341050148
31, 0, 8, 300, 77, -0.04205993562936783
31, 0, 9, 238, 106, -0.014230872504413128
31, 0, 10, 257, 78, -0.028767570853233337
31, 0, 11, 269, 58, -0.0384935587644577
31, 0, 12, 280, 43, -0.04338834807276726
31, 0, 13, 222, 101, -0.017068559303879738
31, 0, 14, 230, 82, -0.03601750358939171
31, 0, 15, 234, 84, -0.04099772125482559
31, 0, 16, 236, 89, -0.03946751728653908
31, 0, 17, 204, 100, -0.021303381770849228
31, 0, 18, 212, 87, -0.03609463945031166
31, 0, 19, 219, 87, -0.036984626203775406
31, 0, 20, 225, 91, -0.034119267016649246
31, 1, 0, 343, 472, 2.2721276593529183e-07
31, 1, 1, 330, 457, -0.014350485987961292
31, 1, 2, 309, 455, -0.0186113603413105
31, 1, 3, 290, 455, -0.019791878759860992
31, 1, 4, 277, 451, -0.020685845986008644
31, 1, 5, 299, 471, -0.018666446208953857
31, 1, 6, 277, 475, -0.027660978958010674
31, 1, 7, 261, 476, -0.033897388726472855
31, 1, 8, 249, 476, -0.037717413157224655
31, 1, 9, 300, 479, -0.012883524410426617
31, 1, 10, 278, 482, -0.020000219345092773
31, 1, 11, 262, 482, -0.02394503727555275
31, 1, 12, 248, 482, -0.02642386220395565
31, 1, 13, 302, 484, -0.00783802755177021
31, 1, 14, 281, 487, -0.01337600126862526
31, 1, 15, 267, 486, -0.015027964487671852
31, 1, 16, 254, 485, -0.015506642870604992
31, 1, 17, 304, 487, -0.004003627225756645
31, 1, 18, 286, 489, -0.008483557030558586
31, 1, 19, 274, 489, -0.009580719284713268
31, 1, 20, 264, 487, -0.009555372409522533
32, 0, 0, 189, 151, 3.6328006558505876e-07
32, 0, 1, 213, 151, -0.01714707352221012
32, 0, 2, 233, 139, -0.02414586767554283
32, 0, 3, 239, 117, -0.03048706240952015
32, 0, 4, 241, 98, -0.035734016448259354
32, 0, 5, 252, 115, -0.012478640303015709
32, 0, 6, 278, 98, -0.026217136532068253
32, 0, 7, 291, 85, -0.03531012684106827
32, 0, 8, 301, 74, -0.04045393690466881
32, 0, 9, 239, 102, -0.013590455986559391
32, 0, 10, 259, 74, -0.028420494869351387
32, 0, 11, 270, 54, -0.038200847804546356
32, 0, 12, 279, 40, -0.0429319404065609
32, 0, 13, 222, 97, -0.016707325354218483
32, 0, 14, 231, 77, -0.03643311187624931
32, 0, 15, 232, 83, -0.041340526193380356
32, 0, 16, 231, 92, -0.039154015481472015
32, 0, 17, 204, 97, -0.02114679478108883
32, 0, 18, 212, 84, -0.03645622730255127
32, 0, 19, 218, 86, -0.037370823323726654
32, 0, 20, 221, 91, -0.034173253923654556
32, 1, 0, 346, 473, 2.318426197689405e-07
32, 1, 1, 333, 457, -0.0176395196467638
32, 1, 2, 310, 454, -0.024934474378824234
32, 1, 3, 291, 455, -0.02842135727405548
32, 1, 4, 277, 451, -0.031945787370204926
32, 1, 5, 304, 469, -0.028457067906856537
32, 1, 6, 281, 475, -0.04145251587033272
32, 1, 7, 264, 476, -0.04999025538563728
32, 1, 8, 250, 477, -0.05509772524237633
32, 1, 9, 306, 479, -0.021951137110590935
32, 1, 10, 283, 483, -0.03278066962957382
32, 1, 11, 266, 483, -0.038053665310144424
32, 1, 12, 251, 483, -0.0412989966571331
32, 1, 13, 308, 485, -0.016003679484128952
32, 1, 14, 287, 488, -0.024170327931642532
32, 1, 15, 271, 488, -0.025555746629834175
32, 1, 16, 259, 486, -0.02560965158045292
32, 1, 17, 310, 489, -0.011450424790382385
32, 1, 18, 291, 493, -0.01803205907344818
32, 1, 19, 279, 492, -0.01927283965051174
32, 1, 20, 269, 491, -0.019193051382899284
33, 0, 0, 188, 155, 3.277778262145148e-07
33, 0, 1, 213, 155, -0.017642907798290253
33, 0, 2, 233, 141, -0.024550214409828186
33, 0, 3, 240, 117, -0.030717002227902412
33, 0, 4, 242, 98, -0.035933371633291245
33, 0, 5, 252, 118, -0.012845213524997234
33, 0, 6, 278, 100, -0.02630765736103058
33, 0, 7, 291, 87, -0.03532613813877106
33, 0, 8, 301, 76, -0.04075966775417328
33, 0, 9, 238, 105, -0.01361069269478321
33, 0, 10, 258, 75, -0.028236834332346916
33, 0, 11, 270, 56, -0.038011983036994934
33, 0, 12, 280, 41, -0.04313281923532486
33, 0, 13, 221, 99, -0.01638287864625454
33, 0, 14, 232, 78, -0.036278292536735535
33, 0, 15, 235, 85, -0.041340239346027374
33, 0, 16, 235, 95, -0.0395427867770195
33, 0, 17, 203, 100, -0.02054000273346901
33, 0, 18, 212, 87, -0.036601003259420395
33, 0, 19, 219, 90, -0.038183800876140594
33, 0, 20, 224, 96, -0.035615310072898865
33, 1, 0, 344, 471, 2.542203674238408e-07
33, 1, 1, 331, 456, -0.015353215858340263
33, 1, 2, 309, 453, -0.022535905241966248
33, 1, 3, 291, 454, -0.026825809851288795
33, 1, 4, 277, 451, -0.03147626668214798
33, 1, 5, 302, 468, -0.026361631229519844
33, 1, 6, 279, 474, -0.0400906577706337
33, 1, 7, 263, 475, -0.04931138828396797
33, 1, 8, 249, 475, -0.05495813861489296
33, 1, 9, 305, 478, -0.022750867530703545
33, 1, 10, 282, 482, -0.035310376435518265
33, 1, 11, 264, 483, -0.04243796691298485
33, 1, 12, 249, 483, -0.04693035036325455
33, 1, 13, 307, 484, -0.019649537280201912
33, 1, 14, 286, 488, -0.03002965822815895
33, 1, 15, 270, 488, -0.033131878823041916
33, 1, 16, 257, 487, -0.034166838973760605
33, 1, 17, 310, 489, -0.017668386921286583
33, 1, 18, 292, 493, -0.02612958662211895
33, 1, 19, 279, 493, -0.02844596467912197
33, 1, 20, 268, 492, -0.02900252677500248
34, 0, 0, 189, 157, 3.310425142899476e-07
34, 0, 1, 214, 158, -0.017658781260252
34, 0, 2, 233, 145, -0.024784501641988754
34, 0, 3, 240, 122, -0.03133338317275047
34, 0, 4, 244, 103, -0.036718662828207016
34, 0, 5, 253, 121, -0.013201461173593998
34, 0, 6, 279, 103, -0.026687828823924065
34, 0, 7, 293, 90, -0.035298995673656464
34, 0, 8, 303, 79, -0.04027760028839111
34, 0, 9, 240, 107, -0.014046043157577515
34, 0, 10, 260, 78, -0.028820786625146866
34, 0, 11, 272, 59, -0.038074154406785965
34, 0, 12, 281, 44, -0.042716134339571
34, 0, 13, 223, 102, -0.016908464953303337
34, 0, 14, 234, 83, -0.03731785714626312
34, 0, 15, 235, 91, -0.04172226041555405
34, 0, 16, 235, 102, -0.03904138505458832
34, 0, 17, 204, 102, -0.021162493154406548
34, 0, 18, 214, 90, -0.03779453784227371
34, 0, 19, 221, 95, -0.03902062773704529
34, 0, 20, 226, 103, -0.035840194672346115
34, 1, 0, 346, 470, 2.499377558251581e-07
34, 1, 1, 333, 456, -0.016829494386911392
34, 1, 2, 309, 454, -0.02477494440972805
34, 1, 3, 290, 454, -0.02919476479291916
34, 1, 4, 277, 450, -0.034025587141513824
34, 1, 5, 307, 467, -0.032723184674978256
34, 1, 6, 283, 473, -0.04750359058380127
34, 1, 7, 265, 475, -0.05656418204307556
34, 1, 8, 250, 476, -0.062041472643613815
34, 1, 9, 309, 476, -0.02834716998040676
34, 1, 10, 284, 480, -0.04219081625342369
34, 1, 11, 265, 481, -0.0492670014500618
34, 1, 12, 249, 482, -0.05372055619955063
34, 1, 13, 310, 482, -0.024194644764065742
34, 1, 14, 287, 485, -0.03520876541733742
34, 1, 15, 270, 485, -0.03888489678502083
34, 1, 16, 256, 484, -0.04040009155869484
34, 1, 17, 312, 486, -0.021159343421459198
34, 1, 18, 293, 489, -0.02990742400288582
34, 1, 19, 279, 489, -0.03307957574725151
34, 1, 20, 268, 488, -0.034481268376111984
35, 0, 0, 190, 157, 3.3994078307841846e-07
35, 0, 1, 215, 158, -0.017601335421204567
35, 0, 2, 235, 145, -0.024498814716935158
35, 0, 3, 242, 123, -0.03094308078289032
35, 0, 4, 246, 103, -0.03602214157581329
35, 0, 5, 253, 121, -0.01247121300548315
35, 0, 6, 280, 104, -0.02596159838140011
35, 0, 7, 293, 91, -0.033890098333358765
35, 0, 8, 303, 80, -0.03797360137104988
35, 0, 9, 240, 108, -0.013499409891664982
35, 0, 10, 261, 77, -0.02889930084347725
35, 0, 11, 273, 58, -0.037731703370809555
35, 0, 12, 283, 44, -0.04130161181092262
35, 0, 13, 223, 103, -0.016563721001148224
35, 0, 14, 235, 84, -0.038015369325876236
35, 0, 15, 236, 95, -0.04161659628152847
35, 0, 16, 234, 109, -0.0374140739440918
35, 0, 17, 205, 103, -0.02095414325594902
35, 0, 18, 214, 91, -0.037447866052389145
35, 0, 19, 221, 96, -0.03811182081699371
35, 0, 20, 227, 103, -0.03421473503112793
35, 1, 0, 345, 471, 2.63316366044819e-07
35, 1, 1, 331, 457, -0.015666721388697624
35, 1, 2, 308, 455, -0.023906530812382698
35, 1, 3, 290, 455, -0.028974328190088272
35, 1, 4, 277, 451, -0.034837640821933746
35, 1, 5, 305, 467, -0.034610241651535034
35, 1, 6, 281, 473, -0.05120088905096054
35, 1, 7, 263, 475, -0.06185754016041756
35, 1, 8, 248, 476, -0.06870344281196594
35, 1, 9, 307, 475, -0.03200385719537735
35, 1, 10, 282, 480, -0.04834698885679245
35, 1, 11, 263, 481, -0.05797279253602028
35, 1, 12, 245, 482, -0.0644180104136467
35, 1, 13, 309, 480, -0.029288379475474358
35, 1, 14, 286, 483, -0.04325772821903229
35, 1, 15, 268, 484, -0.04969722777605057
35, 1, 16, 252, 484, -0.05313829705119133
35, 1, 17, 311, 484, -0.027343714609742165
35, 1, 18, 292, 486, -0.03901313990354538
35, 1, 19, 278, 486, -0.04435189440846443
35, 1, 20, 265, 486, -0.04735308140516281
36, 0, 0, 190, 158, 3.2028984264798055e-07
36, 0, 1, 214, 159, -0.016767801716923714
36, 0, 2, 234, 146, -0.02336212992668152
36, 0, 3, 242, 124, -0.029668571427464485
36, 0, 4, 246, 105, -0.03478918597102165
36, 0, 5, 253, 122, -0.012537067756056786
36, 0, 6, 279, 104, -0.02577012963593006
36, 0, 7, 292, 91, -0.033974967896938324
36, 0, 8, 301, 79, -0.038688432425260544
36, 0, 9, 240, 108, -0.014114713296294212
36, 0, 10, 261, 78, -0.02931898459792137
36, 0, 11, 273, 59, -0.038428835570812225
36, 0, 12, 282, 44, -0.042615726590156555
36, 0, 13, 223, 103, -0.017579222097992897
36, 0, 14, 234, 83, -0.03861009702086449
36, 0, 15, 236, 94, -0.04243144392967224
36, 0, 16, 234, 107, -0.03891903534531593
36, 0, 17, 205, 103, -0.022308140993118286
36, 0, 18, 214, 91, -0.03874446451663971
36, 0, 19, 221, 97, -0.03930768370628357
36, 0, 20, 225, 105, -0.03555295988917351
36, 1, 0, 343, 472, 2.675336361335212e-07
36, 1, 1, 331, 458, -0.01690249890089035
36, 1, 2, 309, 455, -0.024190928786993027
36, 1, 3, 291, 455, -0.028162451460957527
36, 1, 4, 277, 451, -0.032260749489068985
36, 1, 5, 303, 469, -0.027738098055124283
36, 1, 6, 279, 474, -0.041732512414455414
36, 1, 7, 262, 475, -0.05102596431970596
36, 1, 8, 247, 476, -0.05669068172574043
36, 1, 9, 304, 479, -0.023269047960639
36, 1, 10, 281, 482, -0.03606037795543671
36, 1, 11, 262, 483, -0.04337267577648163
36, 1, 12, 245, 483, -0.047878824174404144
36, 1, 13, 306, 485, -0.019318681210279465
36, 1, 14, 284, 487, -0.030072111636400223
36, 1, 15, 266, 487, -0.03390822932124138
36, 1, 16, 252, 486, -0.03525085002183914
36, 1, 17, 308, 489, -0.016573937609791756
36, 1, 18, 289, 491, -0.025317678228020668
36, 1, 19, 275, 490, -0.028074927628040314
36, 1, 20, 263, 489, -0.028812024742364883
37, 0, 0, 189, 159, 3.338913643347041e-07
37, 0, 1, 214, 159, -0.016925504431128502
37, 0, 2, 234, 145, -0.023564985021948814
37, 0, 3, 241, 123, -0.030087459832429886
37, 0, 4, 246, 104, -0.03539694473147392
37, 0, 5, 252, 122, -0.012141676619648933
37, 0, 6, 279, 104, -0.025776982307434082
37, 0, 7, 292, 91, -0.034077487885951996
37, 0, 8, 302, 80, -0.0386219322681427
37, 0, 9, 239, 108, -0.01384954247623682
37, 0, 10, 261, 78, -0.02946910448372364
37, 0, 11, 273, 59, -0.03863461688160896
37, 0, 12, 282, 45, -0.042628705501556396
37, 0, 13, 222, 103, -0.017565693706274033
37, 0, 14, 234, 83, -0.03953300416469574
37, 0, 15, 234, 96, -0.043290719389915466
37, 0, 16, 232, 109, -0.03922874853014946
37, 0, 17, 204, 103, -0.022545985877513885
37, 0, 18, 213, 90, -0.03966504707932472
37, 0, 19, 220, 97, -0.04013356193900108
37, 0, 20, 224, 106, -0.03598545864224434
37, 1, 0, 346, 473, 2.8690115527751914e-07
37, 1, 1, 333, 457, -0.021564260125160217
37, 1, 2, 310, 454, -0.03168145567178726
37, 1, 3, 291, 455, -0.03683682531118393
37, 1, 4, 277, 451, -0.04232583940029144
37, 1, 5, 307, 470, -0.04002205282449722
37, 1, 6, 283, 476, -0.05635082349181175
37, 1, 7, 264, 477, -0.06661777943372726
37, 1, 8, 250, 477, -0.07260120660066605
37, 1, 9, 309, 480, -0.03223792091012001
37, 1, 10, 284, 484, -0.04694705083966255
37, 1, 11, 264, 484, -0.054257966578006744
37, 1, 12, 248, 483, -0.058764684945344925
37, 1, 13, 310, 486, -0.02459285780787468
37, 1, 14, 287, 488, -0.03569972515106201
37, 1, 15, 269, 487, -0.039356764405965805
37, 1, 16, 255, 485, -0.04081108421087265
37, 1, 17, 311, 490, -0.01835610531270504
37, 1, 18, 291, 492, -0.027144644409418106
37, 1, 19, 277, 490, -0.030283525586128235
37, 1, 20, 266, 488, -0.03152414411306381
38, 0, 0, 189, 160, 3.260056473664008e-07
38, 0, 1, 214, 160, -0.016405409201979637
38, 0, 2, 233, 147, -0.0233627837151289
38, 0, 3, 241, 126, -0.03054187260568142
38, 0, 4, 247, 108, -0.03657488152384758
38, 0, 5, 252, 121, -0.012552347034215927
38, 0, 6, 279, 104, -0.026252973824739456
38, 0, 7, 292, 91, -0.0347551666200161
38, 0, 8, 302, 80, -0.03950004652142525
38, 0, 9, 239, 108, -0.014719939790666103
38, 0, 10, 260, 78, -0.030482063069939613
38, 0, 11, 272, 60, -0.03973609209060669
38, 0, 12, 281, 45, -0.04394673556089401
38, 0, 13, 222, 103, -0.018756181001663208
38, 0, 14, 234, 83, -0.040828801691532135
38, 0, 15, 234, 97, -0.04427298903465271
38, 0, 16, 232, 112, -0.04006946459412575
38, 0, 17, 203, 104, -0.024050770327448845
38, 0, 18, 213, 91, -0.04123210161924362
38, 0, 19, 220, 98, -0.041610974818468094
38, 0, 20, 224, 108, -0.03743907809257507
38, 1, 0, 344, 472, 2.789503525946202e-07
38, 1, 1, 331, 458, -0.018863605335354805
38, 1, 2, 309, 454, -0.02734420634806156
38, 1, 3, 290, 454, -0.03172934427857399
38, 1, 4, 277, 451, -0.03641226887702942
38, 1, 5, 302, 470, -0.032293323427438736
38, 1, 6, 280, 475, -0.046989478170871735
38, 1, 7, 262, 477, -0.057223957031965256
38, 1, 8, 248, 477, -0.06336919963359833
38, 1, 9, 305, 479, -0.026000676676630974
38, 1, 10, 282, 484, -0.03888493403792381
38, 1, 11, 263, 485, -0.04640282690525055
38, 1, 12, 247, 485, -0.051180485635995865
38, 1, 13, 306, 485, -0.02000969648361206
38, 1, 14, 285, 488, -0.030136916786432266
38, 1, 15, 268, 488, -0.03371721878647804
38, 1, 16, 254, 487, -0.035144906491041183
38, 1, 17, 309, 489, -0.015325902961194515
38, 1, 18, 291, 491, -0.02362222410738468
38, 1, 19, 277, 491, -0.02609041891992092
38, 1, 20, 266, 490, -0.02669728919863701
39, 0, 0, 188, 160, 3.359780293976655e-07
39, 0, 1, 214, 161, -0.016837183386087418
39, 0, 2, 233, 148, -0.02385891042649746
39, 0, 3, 241, 127, -0.031214691698551178
39, 0, 4, 247, 109, -0.037240609526634216
39, 0, 5, 252, 121, -0.011848360300064087
39, 0, 6, 278, 105, -0.025684520602226257
39, 0, 7, 292, 92, -0.03407016769051552
39, 0, 8, 302, 81, -0.03861882537603378
39, 0, 9, 239, 109, -0.014043536968529224
39, 0, 10, 261, 79, -0.03038572147488594
39, 0, 11, 273, 61, -0.03953583538532257
39, 0, 12, 283, 47, -0.04335752874612808
39, 0, 13, 222, 104, -0.018287474289536476
39, 0, 14, 235, 85, -0.041705913841724396
39, 0, 15, 234, 101, -0.044273439794778824
39, 0, 16, 231, 117, -0.038631003350019455
39, 0, 17, 204, 104, -0.023787537589669228
39, 0, 18, 215, 92, -0.041764192283153534
39, 0, 19, 221, 100, -0.04136279597878456
39, 0, 20, 224, 111, -0.03611397370696068
39, 1, 0, 345, 474, 2.8051439926457533e-07
39, 1, 1, 333, 458, -0.020432353019714355
39, 1, 2, 310, 454, -0.028713885694742203
39, 1, 3, 290, 455, -0.03209469094872475
39, 1, 4, 277, 451, -0.03566567972302437
39, 1, 5, 305, 470, -0.03463399410247803
39, 1, 6, 281, 474, -0.0480717308819294
39, 1, 7, 263, 476, -0.05668310075998306
39, 1, 8, 249, 476, -0.0616951584815979
39, 1, 9, 307, 479, -0.026084857061505318
39, 1, 10, 282, 483, -0.03731394559144974
39, 1, 11, 264, 483, -0.04293324798345566
39, 1, 12, 248, 483, -0.04644561558961868
39, 1, 13, 308, 485, -0.017773747444152832
39, 1, 14, 286, 487, -0.025910191237926483
39, 1, 15, 269, 486, -0.028562337160110474
39, 1, 16, 256, 485, -0.029630029574036598
39, 1, 17, 310, 488, -0.010877295397222042
39, 1, 18, 291, 490, -0.017325012013316154
39, 1, 19, 278, 489, -0.019421106204390526
39, 1, 20, 267, 487, -0.020084323361516
40, 0, 0, 188, 162, 3.3576060332052293e-07
40, 0, 1, 213, 162, -0.016487248241901398
40, 0, 2, 233, 149, -0.023543164134025574
40, 0, 3, 242, 128, -0.030937014147639275
40, 0, 4, 247, 109, -0.03709235042333603
40, 0, 5, 251, 123, -0.012761001475155354
40, 0, 6, 278, 106, -0.02671327255666256
40, 0, 7, 292, 93, -0.035004712641239166
40, 0, 8, 302, 82, -0.03944622725248337
40, 0, 9, 238, 110, -0.015275380574166775
40, 0, 10, 260, 79, -0.031800393015146255
40, 0, 11, 273, 60, -0.04099761322140694
40, 0, 12, 283, 46, -0.04485783725976944
40, 0, 13, 221, 105, -0.019648225978016853
40, 0, 14, 234, 85, -0.04302360862493515
40, 0, 15, 234, 102, -0.045707445591688156
40, 0, 16, 231, 118, -0.04029548168182373
40, 0, 17, 203, 105, -0.02523082308471203
40, 0, 18, 214, 93, -0.04292341694235802
40, 0, 19, 220, 101, -0.04224906116724014
40, 0, 20, 224, 111, -0.03698844835162163
40, 1, 0, 344, 472, 2.6151982979172317e-07
40, 1, 1, 331, 457, -0.016766821965575218
40, 1, 2, 308, 455, -0.024557700380682945
40, 1, 3, 290, 455, -0.028354020789265633
40, 1, 4, 277, 451, -0.03259209543466568
40, 1, 5, 304, 470, -0.03376398980617523
40, 1, 6, 280, 475, -0.04855844005942345
40, 1, 7, 263, 476, -0.057996708899736404
40, 1, 8, 249, 476, -0.06375262141227722
40, 1, 9, 305, 479, -0.02820451185107231
40, 1, 10, 281, 482, -0.04146021232008934
40, 1, 11, 263, 483, -0.04812458157539368
40, 1, 12, 247, 483, -0.05241492763161659
40, 1, 13, 307, 485, -0.022635845467448235
40, 1, 14, 284, 487, -0.03299320116639137
40, 1, 15, 268, 486, -0.036592647433280945
40, 1, 16, 254, 485, -0.03820262476801872
40, 1, 17, 309, 488, -0.018057696521282196
40, 1, 18, 290, 490, -0.026510251685976982
40, 1, 19, 276, 489, -0.029606081545352936
40, 1, 20, 265, 488, -0.030961837619543076
41, 0, 0, 187, 163, 3.3129470011772355e-07
41, 0, 1, 212, 163, -0.017179017886519432
41, 0, 2, 232, 149, -0.024577805772423744
41, 0, 3, 241, 128, -0.03214780613780022
41, 0, 4, 247, 109, -0.038544412702322006
41, 0, 5, 249, 123, -0.01493836473673582
41, 0, 6, 276, 106, -0.02934386022388935
41, 0, 7, 290, 93, -0.03761846199631691
41, 0, 8, 300, 82, -0.0418766513466835
41, 0, 9, 236, 110, -0.017183762043714523
41, 0, 10, 258, 80, -0.03415435925126076
41, 0, 11, 271, 61, -0.04320415481925011
41, 0, 12, 281, 46, -0.04691539704799652
41, 0, 13, 219, 105, -0.02125103585422039
41, 0, 14, 232, 86, -0.04499704763293266
41, 0, 15, 232, 103, -0.04719044268131256
41, 0, 16, 229, 120, -0.04142329469323158
41, 0, 17, 201, 106, -0.026583537459373474
41, 0, 18, 211, 93, -0.0442778505384922
41, 0, 19, 218, 101, -0.043424688279628754
41, 0, 20, 222, 110, -0.03813287243247032
41, 1, 0, 340, 471, 2.6648817197383323e-07
41, 1, 1, 327, 456, -0.017593607306480408
41, 1, 2, 306, 455, -0.025104928761720657
41, 1, 3, 289, 456, -0.028588058426976204
41, 1, 4, 276, 451, -0.032313600182533264
41, 1, 5, 301, 471, -0.03031870909035206
41, 1, 6, 278, 475, -0.04365527629852295
41, 1, 7, 262, 476, -0.05289667844772339
41, 1, 8, 248, 477, -0.05858520418405533
41, 1, 9, 302, 479, -0.023524390533566475
41, 1, 10, 279, 483, -0.034681543707847595
41, 1, 11, 262, 483, -0.040557656437158585
41, 1, 12, 247, 483, -0.04441089183092117
41, 1, 13, 303, 484, -0.017040401697158813
41, 1, 14, 282, 487, -0.025387326255440712
41, 1, 15, 267, 486, -0.027959005907177925
41, 1, 16, 254, 485, -0.029053080826997757
41, 1, 17, 305, 488, -0.01181771233677864
41, 1, 18, 287, 490, -0.01868952438235283
41, 1, 19, 274, 489, -0.020875871181488037
41, 1, 20, 264, 488, -0.021626492962241173
42, 0, 0, 185, 162, 3.3020452860910154e-07
42, 0, 1, 211, 162, -0.017150485888123512
42, 0, 2, 231, 148, -0.02434314414858818
42, 0, 3, 241, 126, -0.03180048614740372
42, 0, 4, 246, 107, -0.03809897601604462
42, 0, 5, 248, 123, -0.013214935548603535
42, 0, 6, 275, 105, -0.02740323729813099
42, 0, 7, 289, 92, -0.03549911454319954
42, 0, 8, 299, 81, -0.03951924294233322
42, 0, 9, 235, 110, -0.015212195925414562
42, 0, 10, 256, 80, -0.032079074531793594
42, 0, 11, 268, 62, -0.041111525148153305
42, 0, 12, 278, 47, -0.04462074860930443
42, 0, 13, 218, 105, -0.019219400361180305
42, 0, 14, 231, 87, -0.04292972758412361
42, 0, 15, 231, 104, -0.0456317663192749
42, 0, 16, 228, 121, -0.04000266268849373
42, 0, 17, 199, 105, -0.02449284866452217
42, 0, 18, 210, 93, -0.04174014553427696
42, 0, 19, 217, 100, -0.04100644960999489
42, 0, 20, 221, 110, -0.03576558828353882
42, 1, 0, 340, 471, 2.533960525852308e-07
42, 1, 1, 327, 457, -0.017376478761434555
42, 1, 2, 307, 455, -0.02437807247042656
42, 1, 3, 290, 455, -0.027866974472999573
42, 1, 4, 277, 451, -0.03132696449756622
42, 1, 5, 300, 470, -0.025075579062104225
42, 1, 6, 279, 475, -0.03726090118288994
42, 1, 7, 262, 476, -0.04581800848245621
42, 1, 8, 249, 476, -0.0510462149977684
42, 1, 9, 301, 478, -0.018909864127635956
42, 1, 10, 280, 482, -0.0293169803917408
42, 1, 11, 264, 483, -0.03532666340470314
42, 1, 12, 249, 483, -0.03908528760075569
42, 1, 13, 303, 483, -0.013476607389748096
42, 1, 14, 283, 486, -0.021811876446008682
42, 1, 15, 269, 486, -0.02449100837111473
42, 1, 16, 256, 485, -0.025369003415107727
42, 1, 17, 305, 487, -0.00943630188703537
42, 1, 18, 288, 490, -0.016289737075567245
42, 1, 19, 276, 489, -0.018347976729273796
42, 1, 20, 266, 488, -0.018788767978549004
43, 0, 0, 185, 163, 3.259573304603691e-07
43, 0, 1, 211, 163, -0.014777645468711853
43, 0, 2, 231, 149, -0.021339407190680504
43, 0, 3, 240, 128, -0.028644252568483353
43, 0, 4, 246, 111, -0.03485444560647011
43, 0, 5, 247, 123, -0.012293594889342785
43, 0, 6, 274, 105, -0.026225944980978966
43, 0, 7, 288, 93, -0.03424765542149544
43, 0, 8, 298, 82, -0.03817494958639145
43, 0, 9, 234, 111, -0.015545609407126904
43, 0, 10, 256, 80, -0.03197003901004791
43, 0, 11, 268, 61, -0.040790870785713196
43, 0, 12, 278, 46, -0.044115837663412094
43, 0, 13, 217, 106, -0.020461319014430046
43, 0, 14, 230, 88, -0.04375996068120003
43, 0, 15, 231, 106, -0.04574286565184593
43, 0, 16, 227, 123, -0.03950123488903046
43, 0, 17, 199, 107, -0.026404237374663353
43, 0, 18, 211, 94, -0.043205659836530685
43, 0, 19, 218, 103, -0.04128452017903328
43, 0, 20, 221, 114, -0.034982435405254364
43, 1, 0, 338, 468, 2.3343602606473723e-07
43, 1, 1, 325, 456, -0.014306338503956795
43, 1, 2, 305, 455, -0.020578622817993164
43, 1, 3, 289, 455, -0.024425407871603966
43, 1, 4, 277, 451, -0.028425725176930428
43, 1, 5, 298, 468, -0.02128208801150322
43, 1, 6, 278, 473, -0.03355294093489647
43, 1, 7, 262, 475, -0.042120691388845444
43, 1, 8, 249, 475, -0.04760945588350296
43, 1, 9, 300, 475, -0.018212473019957542
43, 1, 10, 280, 480, -0.02970357984304428
43, 1, 11, 263, 481, -0.03690683841705322
43, 1, 12, 247, 482, -0.04158478230237961
43, 1, 13, 302, 480, -0.015880852937698364
43, 1, 14, 283, 483, -0.026029162108898163
43, 1, 15, 267, 485, -0.030173731967806816
43, 1, 16, 253, 485, -0.03194424882531166
43, 1, 17, 304, 483, -0.014656003564596176
43, 1, 18, 288, 486, -0.02308358997106552
43, 1, 19, 275, 487, -0.02624516375362873
43, 1, 20, 264, 487, -0.027549438178539276
44, 0, 0, 182, 173, 3.0561187713828986e-07
44, 0, 1, 209, 172, -0.01272640097886324
44, 0, 2, 231, 159, -0.018535593524575233
44, 0, 3, 241, 140, -0.025573598220944405
44, 0, 4, 242, 122, -0.03183254972100258
44, 0, 5, 242, 128, -0.011693880893290043
44, 0, 6, 269, 109, -0.025551168248057365
44, 0, 7, 284, 95, -0.035453006625175476
44, 0, 8, 296, 84, -0.041493017226457596
44, 0, 9, 229, 117, -0.01599760912358761
44, 0, 10, 249, 86, -0.03184937685728073
44, 0, 11, 262, 67, -0.04245921969413757
44, 0, 12, 274, 52, -0.04833525791764259
44, 0, 13, 213, 114, -0.021549388766288757
44, 0, 14, 229, 97, -0.044093117117881775
44, 0, 15, 231, 113, -0.04707352817058563
44, 0, 16, 227, 128, -0.042720817029476166
44, 0, 17, 195, 116, -0.028011739253997803
44, 0, 18, 210, 106, -0.04548947513103485
44, 0, 19, 217, 117, -0.04431816190481186
44, 0, 20, 218, 129, -0.03893269598484039
44, 1, 0, 338, 469, 2.3429547013620322e-07
44, 1, 1, 327, 457, -0.017734447494149208
44, 1, 2, 307, 455, -0.02503584884107113
44, 1, 3, 290, 455, -0.02880263701081276
44, 1, 4, 278, 451, -0.032658305019140244
44, 1, 5, 300, 469, -0.027563586831092834
44, 1, 6, 279, 474, -0.040931593626737595
44, 1, 7, 263, 476, -0.050017546862363815
44, 1, 8, 249, 476, -0.05563864856958389
44, 1, 9, 301, 475, -0.02242881990969181
44, 1, 10, 280, 480, -0.035045064985752106
44, 1, 11, 263, 480, -0.0427752360701561
44, 1, 12, 247, 481, -0.04762841761112213
44, 1, 13, 302, 479, -0.0178753063082695
44, 1, 14, 282, 482, -0.02863658033311367
44, 1, 15, 266, 483, -0.033201392740011215
44, 1, 16, 252, 482, -0.03518008068203926
44, 1, 17, 304, 482, -0.014610536396503448
44, 1, 18, 287, 484, -0.023459365591406822
44, 1, 19, 274, 484, -0.026861807331442833
44, 1, 20, 263, 483, -0.028244948014616966
45, 0, 0, 175, 197, 3.660965433027741e-07
45, 0, 1, 197, 202, -0.024827895686030388
45, 0, 2, 222, 191, -0.03371090441942215
45, 0, 3, 235, 175, -0.03954795375466347
45, 0, 4, 241, 161, -0.045317143201828
45, 0, 5, 231, 149, -0.029716823250055313
45, 0, 6, 256, 124, -0.04744750261306763
45, 0, 7, 272, 108, -0.059501487761735916
45, 0, 8, 285, 97, -0.06611525267362595
45, 0, 9, 218, 137, -0.027273623272776604
45, 0, 10, 243, 109, -0.04061351716518402
45, 0, 11, 260, 93, -0.04918612912297249
45, 0, 12, 275, 80, -0.05385521054267883
45, 0, 13, 202, 133, -0.02691332995891571
45, 0, 14, 219, 116, -0.04248761758208275
45, 0, 15, 228, 113, -0.047491710633039474
45, 0, 16, 235, 112, -0.0482957623898983
45, 0, 17, 183, 134, -0.02861064486205578
45, 0, 18, 194, 126, -0.042295388877391815
45, 0, 19, 200, 131, -0.04175315797328949
45, 0, 20, 202, 137, -0.03849290683865547
45, 1, 0, 337, 469, 2.533001577376126e-07
45, 1, 1, 326, 457, -0.018152112141251564
45, 1, 2, 306, 455, -0.02595089189708233
45, 1, 3, 289, 455, -0.02991403080523014
45, 1, 4, 277, 451, -0.03417007625102997
45, 1, 5, 300, 469, -0.030118005350232124
45, 1, 6, 278, 474, -0.044084202498197556
45, 1, 7, 261, 475, -0.053875841200351715
45, 1, 8, 247, 476, -0.0600680448114872
45, 1, 9, 301, 475, -0.02433793433010578
45, 1, 10, 280, 479, -0.037130437791347504
45, 1, 11, 262, 480, -0.04510252922773361
45, 1, 12, 246, 481, -0.05036183446645737
45, 1, 13, 302, 478, -0.018910124897956848
45, 1, 14, 283, 481, -0.029323361814022064
45, 1, 15, 266, 483, -0.03362920880317688
45, 1, 16, 252, 483, -0.03575412184000015
45, 1, 17, 304, 481, -0.0147444698959589
45, 1, 18, 287, 483, -0.023743245750665665
45, 1, 19, 274, 484, -0.02713775262236595
45, 1, 20, 263, 483, -0.02859538234770298
46, 0, 0, 337, 467, 2.3218331079988275e-07
46, 0, 1, 325, 456, -0.017468031495809555
46, 0, 2, 306, 454, -0.02469751611351967
46, 0, 3, 290, 454, -0.028579186648130417
46, 0, 4, 277, 451, -0.03262284770607948
46, 0, 5, 299, 469, -0.026786739006638527
46, 0, 6, 279, 474, -0.040597956627607346
46, 0, 7, 262, 475, -0.050516314804553986
46, 0, 8, 249, 476, -0.05683007091283798
46, 0, 9, 301, 474, -0.021962320432066917
46, 0, 10, 281, 479, -0.03491406515240669
46, 0, 11, 264, 480, -0.043413255363702774
46, 0, 12, 248, 481, -0.04895943030714989
46, 0, 13, 302, 477, -0.017751749604940414
46, 0, 14, 284, 481, -0.028912387788295746
46, 0, 15, 268, 482, -0.03371858224272728
46, 0, 16, 254, 482, -0.035991936922073364
46, 0, 17, 303, 479, -0.014825110323727131
46, 0, 18, 288, 482, -0.024339647963643074
46, 0, 19, 276, 483, -0.02787802368402481
46, 0, 20, 265, 483, -0.02937178499996662
46, 1, 0, 0, 0, 0.0
46, 1, 1, 0, 0, 0.0
46, 1, 2, 0, 0, 0.0
46, 1, 3, 0, 0, 0.0
46, 1, 4, 0, 0, 0.0
46, 1, 5, 0, 0, 0.0
46, 1, 6, 0, 0, 0.0
46, 1, 7, 0, 0, 0.0
46, 1, 8, 0, 0, 0.0
46, 1, 9, 0, 0, 0.0
46, 1, 10, 0, 0, 0.0
46, 1, 11, 0, 0, 0.0
46, 1, 12, 0, 0, 0.0
46, 1, 13, 0, 0, 0.0
46, 1, 14, 0, 0, 0.0
46, 1, 15, 0, 0, 0.0
46, 1, 16, 0, 0, 0.0
46, 1, 17, 0, 0, 0.0
46, 1, 18, 0, 0, 0.0
46, 1, 19, 0, 0, 0.0
46, 1, 20, 0, 0, 0.0
47, 0, 0, 339, 468, 2.3333899434874183e-07
47, 0, 1, 327, 457, -0.01589004136621952
47, 0, 2, 307, 455, -0.024158669635653496
47, 0, 3, 291, 454, -0.029631057754158974
47, 0, 4, 277, 451, -0.03571270406246185
47, 0, 5, 301, 468, -0.027255482971668243
47, 0, 6, 280, 473, -0.04210684821009636
47, 0, 7, 264, 475, -0.05262349173426628
47, 0, 8, 250, 476, -0.059152133762836456
47, 0, 9, 303, 473, -0.02450435608625412
47, 0, 10, 282, 478, -0.03808934986591339
47, 0, 11, 265, 480, -0.046930186450481415
47, 0, 12, 249, 481, -0.0527258962392807
47, 0, 13, 306, 477, -0.02222609706223011
47, 0, 14, 286, 481, -0.03367362171411514
47, 0, 15, 270, 482, -0.037873148918151855
47, 0, 16, 256, 483, -0.039691440761089325
47, 0, 17, 309, 479, -0.021100614219903946
47, 0, 18, 292, 483, -0.03030117228627205
47, 0, 19, 279, 485, -0.03300299495458603
47, 0, 20, 268, 485, -0.03390823304653168
47, 1, 0, 0, 0, 0.0
47, 1, 1, 0, 0, 0.0
47, 1, 2, 0, 0, 0.0
47, 1, 3, 0, 0, 0.0
47, 1, 4, 0, 0, 0.0
47, 1, 5, 0, 0, 0.0
47, 1, 6, 0, 0, 0.0
47, 1, 7, 0, 0, 0.0
47, 1, 8, 0, 0, 0.0
47, 1, 9, 0, 0, 0.0
47, 1, 10, 0, 0, 0.0
47, 1, 11, 0, 0, 0.0
47, 1, 12, 0, 0, 0.0
47, 1, 13, 0, 0, 0.0
47, 1, 14, 0, 0, 0.0
47, 1, 15, 0, 0, 0.0
47, 1, 16, 0, 0, 0.0
47, 1, 17, 0, 0, 0.0
47, 1, 18, 0, 0, 0.0
47, 1, 19, 0, 0, 0.0
47, 1, 20, 0, 0, 0.0
48, 0, 0, 342, 468, 2.6896054805547465e-07
48, 0, 1, 329, 456, -0.01731596700847149
48, 0, 2, 309, 454, -0.02654329501092434
48, 0, 3, 291, 453, -0.032273124903440475
48, 0, 4, 277, 451, -0.038653478026390076
48, 0, 5, 304, 468, -0.0340878926217556
48, 0, 6, 281, 474, -0.050749506801366806
48, 0, 7, 263, 475, -0.061909738928079605
48, 0, 8, 248, 475, -0.06881270557641983
48, 0, 9, 306, 474, -0.030660249292850494
48, 0, 10, 283, 479, -0.04587589204311371
48, 0, 11, 264, 480, -0.054710473865270615
48, 0, 12, 247, 479, -0.06049812212586403
48, 0, 13, 309, 479, -0.027492064982652664
48, 0, 14, 287, 482, -0.04007347673177719
48, 0, 15, 269, 482, -0.04483342170715332
48, 0, 16, 254, 481, -0.04710881784558296
48, 0, 17, 311, 481, -0.025410158559679985
48, 0, 18, 293, 484, -0.03595120087265968
48, 0, 19, 279, 484, -0.03960143402218819
48, 0, 20, 268, 483, -0.041172683238983154
48, 1, 0, 0, 0, 0.0
48, 1, 1, 0, 0, 0.0
48, 1, 2, 0, 0, 0.0
48, 1, 3, 0, 0, 0.0
48, 1, 4, 0, 0, 0.0
48, 1, 5, 0, 0, 0.0
48, 1, 6, 0, 0, 0.0
48, 1, 7, 0, 0, 0.0
48, 1, 8, 0, 0, 0.0
48, 1, 9, 0, 0, 0.0
48, 1, 10, 0, 0, 0.0
48, 1, 11, 0, 0, 0.0
48, 1, 12, 0, 0, 0.0
48, 1, 13, 0, 0, 0.0
48, 1, 14, 0, 0, 0.0
48, 1, 15, 0, 0, 0.0
48, 1, 16, 0, 0, 0.0
48, 1, 17, 0, 0, 0.0
48, 1, 18, 0, 0, 0.0
48, 1, 19, 0, 0, 0.0
48, 1, 20, 0, 0, 0.0
49, 0, 0, 343, 471, 2.7400912472330674e-07
49, 0, 1, 330, 458, -0.015241065062582493
49, 0, 2, 308, 455, -0.02332560531795025
49, 0, 3, 291, 455, -0.02859644964337349
49, 0, 4, 277, 451, -0.03445698320865631
49, 0, 5, 302, 468, -0.027332106605172157
49, 0, 6, 279, 473, -0.04167129471898079
49, 0, 7, 262, 474, -0.05140766501426697
49, 0, 8, 248, 475, -0.05736718699336052
49, 0, 9, 305, 476, -0.0247344933450222
49, 0, 10, 282, 480, -0.03753850236535072
49, 0, 11, 264, 482, -0.04540393501520157
49, 0, 12, 247, 482, -0.05058196559548378
49, 0, 13, 308, 482, -0.02256626822054386
49, 0, 14, 286, 485, -0.0331370085477829
49, 0, 15, 269, 486, -0.03710534796118736
49, 0, 16, 255, 486, -0.03893736004829407
49, 0, 17, 312, 487, -0.021450677886605263
49, 0, 18, 293, 490, -0.030164891853928566
49, 0, 19, 280, 491, -0.03288492560386658
49, 0, 20, 268, 490, -0.033841587603092194
49, 1, 0, 0, 0, 0.0
49, 1, 1, 0, 0, 0.0
49, 1, 2, 0, 0, 0.0
49, 1, 3, 0, 0, 0.0
49, 1, 4, 0, 0, 0.0
49, 1, 5, 0, 0, 0.0
49, 1, 6, 0, 0, 0.0
49, 1, 7, 0, 0, 0.0
49, 1, 8, 0, 0, 0.0
49, 1, 9, 0, 0, 0.0
49, 1, 10, 0, 0, 0.0
49, 1, 11, 0, 0, 0.0
49, 1, 12, 0, 0, 0.0
49, 1, 13, 0, 0, 0.0
49, 1, 14, 0, 0, 0.0
49, 1, 15, 0, 0, 0.0
49, 1, 16, 0, 0, 0.0
49, 1, 17, 0, 0, 0.0
49, 1, 18, 0, 0, 0.0
49, 1, 19, 0, 0, 0.0
49, 1, 20, 0, 0, 0.0
50, 0, 0, 344, 471, 2.479681313616311e-07
50, 0, 1, 330, 457, -0.014120002277195454
50, 0, 2, 308, 455, -0.021801814436912537
50, 0, 3, 290, 455, -0.026706619188189507
50, 0, 4, 277, 452, -0.0323055125772953
50, 0, 5, 303, 468, -0.029681842774152756
50, 0, 6, 279, 474, -0.04414743930101395
50, 0, 7, 263, 475, -0.05324124917387962
50, 0, 8, 249, 476, -0.05883122608065605
50, 0, 9, 306, 477, -0.02767624519765377
50, 0, 10, 282, 482, -0.04103318601846695
50, 0, 11, 264, 483, -0.04809026047587395
50, 0, 12, 248, 483, -0.05263853445649147
50, 0, 13, 309, 484, -0.02583618462085724
50, 0, 14, 286, 487, -0.036946654319763184
50, 0, 15, 269, 488, -0.040531378239393234
50, 0, 16, 255, 488, -0.04206302762031555
50, 0, 17, 313, 489, -0.02484888955950737
50, 0, 18, 294, 492, -0.03434007987380028
50, 0, 19, 279, 492, -0.03744364157319069
50, 0, 20, 267, 492, -0.0386526919901371
50, 1, 0, 0, 0, 0.0
50, 1, 1, 0, 0, 0.0
50, 1, 2, 0, 0, 0.0
50, 1, 3, 0, 0, 0.0
50, 1, 4, 0, 0, 0.0
50, 1, 5, 0, 0, 0.0
50, 1, 6, 0, 0, 0.0
50, 1, 7, 0, 0, 0.0
50, 1, 8, 0, 0, 0.0
50, 1, 9, 0, 0, 0.0
50, 1, 10, 0, 0, 0.0
50, 1, 11, 0, 0, 0.0
50, 1, 12, 0, 0, 0.0
50, 1, 13, 0, 0, 0.0
50, 1, 14, 0, 0, 0.0
50, 1, 15, 0, 0, 0.0
50, 1, 16, 0, 0, 0.0
50, 1, 17, 0, 0, 0.0
50, 1, 18, 0, 0, 0.0
50, 1, 19, 0, 0, 0.0
50, 1, 20, 0, 0, 0.0
51, 0, 0, 343, 471, 2.6528792318458727e-07
51, 0, 1, 330, 456, -0.01537300180643797
51, 0, 2, 308, 454, -0.022961288690567017
51, 0, 3, 289, 455, -0.027189403772354126
51, 0, 4, 276, 451, -0.031776510179042816
51, 0, 5, 303, 468, -0.03111071139574051
51, 0, 6, 278, 474, -0.04454747959971428
51, 0, 7, 261, 476, -0.05246445909142494
51, 0, 8, 248, 476, -0.056909311562776566
51, 0, 9, 305, 478, -0.027117079123854637
51, 0, 10, 280, 483, -0.039018552750349045
51, 0, 11, 262, 484, -0.0445336289703846
51, 0, 12, 247, 483, -0.04774412140250206
51, 0, 13, 308, 484, -0.02315731719136238
51, 0, 14, 284, 488, -0.03238857164978981
51, 0, 15, 268, 488, -0.03466363251209259
51, 0, 16, 254, 486, -0.03522156924009323
51, 0, 17, 311, 489, -0.020153222605586052
51, 0, 18, 291, 492, -0.027577780187129974
51, 0, 19, 277, 492, -0.029282240197062492
51, 0, 20, 266, 490, -0.029439184814691544
51, 1, 0, 0, 0, 0.0
51, 1, 1, 0, 0, 0.0
51, 1, 2, 0, 0, 0.0
51, 1, 3, 0, 0, 0.0
51, 1, 4, 0, 0, 0.0
51, 1, 5, 0, 0, 0.0
51, 1, 6, 0, 0, 0.0
51, 1, 7, 0, 0, 0.0
51, 1, 8, 0, 0, 0.0
51, 1, 9, 0, 0, 0.0
51, 1, 10, 0, 0, 0.0
51, 1, 11, 0, 0, 0.0
51, 1, 12, 0, 0, 0.0
51, 1, 13, 0, 0, 0.0
51, 1, 14, 0, 0, 0.0
51, 1, 15, 0, 0, 0.0
51, 1, 16, 0, 0, 0.0
51, 1, 17, 0, 0, 0.0
51, 1, 18, 0, 0, 0.0
51, 1, 19, 0, 0, 0.0
51, 1, 20, 0, 0, 0.0
52, 0, 0, 345, 473, 2.7306040806251985e-07
52, 0, 1, 332, 458, -0.015637164935469627
52, 0, 2, 310, 454, -0.023652462288737297
52, 0, 3, 291, 455, -0.028098998591303825
52, 0, 4, 277, 451, -0.03276370093226433
52, 0, 5, 306, 469, -0.031921565532684326
52, 0, 6, 280, 475, -0.04513208940625191
52, 0, 7, 263, 476, -0.052359797060489655
52, 0, 8, 250, 476, -0.05615280941128731
52, 0, 9, 308, 480, -0.027102939784526825
52, 0, 10, 283, 485, -0.038296815007925034
52, 0, 11, 265, 485, -0.042293108999729156
52, 0, 12, 250, 484, -0.04438227415084839
52, 0, 13, 311, 488, -0.02235725335776806
52, 0, 14, 287, 491, -0.030411483719944954
52, 0, 15, 270, 490, -0.030980173498392105
52, 0, 16, 258, 488, -0.030428724363446236
52, 0, 17, 313, 494, -0.018673531711101532
52, 0, 18, 292, 496, -0.025020912289619446
52, 0, 19, 278, 495, -0.025759968906641006
52, 0, 20, 267, 494, -0.02521856501698494
52, 1, 0, 0, 0, 0.0
52, 1, 1, 0, 0, 0.0
52, 1, 2, 0, 0, 0.0
52, 1, 3, 0, 0, 0.0
52, 1, 4, 0, 0, 0.0
52, 1, 5, 0, 0, 0.0
52, 1, 6, 0, 0, 0.0
52, 1, 7, 0, 0, 0.0
52, 1, 8, 0, 0, 0.0
52, 1, 9, 0, 0, 0.0
52, 1, 10, 0, 0, 0.0
52, 1, 11, 0, 0, 0.0
52, 1, 12, 0, 0, 0.0
52, 1, 13, 0, 0, 0.0
52, 1, 14, 0, 0, 0.0
52, 1, 15, 0, 0, 0.0
52, 1, 16, 0, 0, 0.0
52, 1, 17, 0, 0, 0.0
52, 1, 18, 0, 0, 0.0
52, 1, 19, 0, 0, 0.0
52, 1, 20, 0, 0, 0.0
53, 0, 0, 345, 469, 2.5839355544121645e-07
53, 0, 1, 331, 457, -0.012180067598819733
53, 0, 2, 309, 454, -0.021131685003638268
53, 0, 3, 291, 454, -0.02752058580517769
53, 0, 4, 277, 451, -0.035199377685785294
53, 0, 5, 303, 466, -0.034131184220314026
53, 0, 6, 279, 473, -0.05018399655818939
53, 0, 7, 263, 475, -0.06009746342897415
53, 0, 8, 249, 476, -0.06619878858327866
53, 0, 9, 308, 474, -0.03395334258675575
53, 0, 10, 282, 480, -0.04871208220720291
53, 0, 11, 264, 482, -0.05621960759162903
53, 0, 12, 248, 482, -0.061274364590644836
53, 0, 13, 312, 481, -0.03340262547135353
53, 0, 14, 289, 486, -0.04506104812026024
53, 0, 15, 271, 487, -0.04838903620839119
53, 0, 16, 257, 486, -0.050159670412540436
53, 0, 17, 318, 487, -0.033386535942554474
53, 0, 18, 299, 491, -0.043225765228271484
53, 0, 19, 284, 491, -0.045965008437633514
53, 0, 20, 272, 490, -0.04718814045190811
53, 1, 0, 0, 0, 0.0
53, 1, 1, 0, 0, 0.0
53, 1, 2, 0, 0, 0.0
53, 1, 3, 0, 0, 0.0
53, 1, 4, 0, 0, 0.0
53, 1, 5, 0, 0, 0.0
53, 1, 6, 0, 0, 0.0
53, 1, 7, 0, 0, 0.0
53, 1, 8, 0, 0, 0.0
53, 1, 9, 0, 0, 0.0
53, 1, 10, 0, 0, 0.0
53, 1, 11, 0, 0, 0.0
53, 1, 12, 0, 0, 0.0
53, 1, 13, 0, 0, 0.0
53, 1, 14, 0, 0, 0.0
53, 1, 15, 0, 0, 0.0
53, 1, 16, 0, 0, 0.0
53, 1, 17, 0, 0, 0.0
53, 1, 18, 0, 0, 0.0
53, 1, 19, 0, 0, 0.0
53, 1, 20, 0, 0, 0.0
54, 0, 0, 344, 474, 2.4372147322537785e-07
54, 0, 1, 330, 457, -0.013514687307178974
54, 0, 2, 308, 454, -0.019694948568940163
54, 0, 3, 290, 455, -0.02149084396660328
54, 0, 4, 277, 451, -0.02392977476119995
54, 0, 5, 302, 470, -0.03363468497991562
54, 0, 6, 279, 475, -0.045845095068216324
54, 0, 7, 262, 476, -0.05387361720204353
54, 0, 8, 249, 477, -0.05853184685111046
54, 0, 9, 304, 480, -0.02637345716357231
54, 0, 10, 280, 483, -0.03495211899280548
54, 0, 11, 263, 483, -0.037107959389686584
54, 0, 12, 249, 484, -0.03862130641937256
54, 0, 13, 305, 486, -0.018507225438952446
54, 0, 14, 284, 488, -0.023578926920890808
54, 0, 15, 269, 488, -0.023011719807982445
54, 0, 16, 257, 487, -0.022371932864189148
54, 0, 17, 308, 491, -0.011295021511614323
54, 0, 18, 289, 493, -0.015357095748186111
54, 0, 19, 277, 493, -0.015529953874647617
54, 0, 20, 267, 491, -0.01512463390827179
54, 1, 0, 0, 0, 0.0
54, 1, 1, 0, 0, 0.0
54, 1, 2, 0, 0, 0.0
54, 1, 3, 0, 0, 0.0
54, 1, 4, 0, 0, 0.0
54, 1, 5, 0, 0, 0.0
54, 1, 6, 0, 0, 0.0
54, 1, 7, 0, 0, 0.0
54, 1, 8, 0, 0, 0.0
54, 1, 9, 0, 0, 0.0
54, 1, 10, 0, 0, 0.0
54, 1, 11, 0, 0, 0.0
54, 1, 12, 0, 0, 0.0
54, 1, 13, 0, 0, 0.0
54, 1, 14, 0, 0, 0.0
54, 1, 15, 0, 0, 0.0
54, 1, 16, 0, 0, 0.0
54, 1, 17, 0, 0, 0.0
54, 1, 18, 0, 0, 0.0
54, 1, 19, 0, 0, 0.0
54, 1, 20, 0, 0, 0.0
55, 0, 0, 342, 472, 2.480455236764101e-07
55, 0, 1, 330, 457, -0.015353737398982048
55, 0, 2, 308, 454, -0.02203063666820526
55, 0, 3, 289, 455, -0.025119319558143616
55, 0, 4, 277, 451, -0.02833043970167637
55, 0, 5, 301, 470, -0.028426537290215492
55, 0, 6, 278, 475, -0.04024093970656395
55, 0, 7, 262, 476, -0.047470394521951675
55, 0, 8, 249, 477, -0.05166130140423775
55, 0, 9, 304, 480, -0.023204300552606583
55, 0, 10, 280, 484, -0.03346468135714531
55, 0, 11, 263, 484, -0.03777448087930679
55, 0, 12, 248, 484, -0.04021124169230461
55, 0, 13, 306, 486, -0.01812969706952572
55, 0, 14, 283, 489, -0.0256540197879076
55, 0, 15, 268, 488, -0.026776915416121483
55, 0, 16, 255, 487, -0.02669171430170536
55, 0, 17, 308, 491, -0.014154907315969467
55, 0, 18, 289, 493, -0.020208459347486496
55, 0, 19, 276, 492, -0.021269848570227623
55, 0, 20, 265, 491, -0.021028323099017143
55, 1, 0, 0, 0, 0.0
55, 1, 1, 0, 0, 0.0
55, 1, 2, 0, 0, 0.0
55, 1, 3, 0, 0, 0.0
55, 1, 4, 0, 0, 0.0
55, 1, 5, 0, 0, 0.0
55, 1, 6, 0, 0, 0.0
55, 1, 7, 0, 0, 0.0
55, 1, 8, 0, 0, 0.0
55, 1, 9, 0, 0, 0.0
55, 1, 10, 0, 0, 0.0
55, 1, 11, 0, 0, 0.0
55, 1, 12, 0, 0, 0.0
55, 1, 13, 0, 0, 0.0
55, 1, 14, 0, 0, 0.0
55, 1, 15, 0, 0, 0.0
55, 1, 16, 0, 0, 0.0
55, 1, 17, 0, 0, 0.0
55, 1, 18, 0, 0, 0.0
55, 1, 19, 0, 0, 0.0
55, 1, 20, 0, 0, 0.0
56, 0, 0, 345, 470, 2.2221402673494595e-07
56, 0, 1, 332, 456, -0.014335290528833866
56, 0, 2, 309, 454, -0.0210554376244545
56, 0, 3, 291, 454, -0.02476787380874157
56, 0, 4, 277, 451, -0.028958715498447418
56, 0, 5, 304, 467, -0.028439318761229515
56, 0, 6, 281, 474, -0.041966043412685394
56, 0, 7, 264, 476, -0.05070267245173454
56, 0, 8, 251, 477, -0.05602410435676575
56, 0, 9, 307, 476, -0.025281064212322235
56, 0, 10, 283, 481, -0.037102341651916504
56, 0, 11, 265, 482, -0.04317149147391319
56, 0, 12, 250, 483, -0.04706264287233353
56, 0, 13, 309, 482, -0.02236800827085972
56, 0, 14, 287, 486, -0.03176252171397209
56, 0, 15, 270, 486, -0.0342370830476284
56, 0, 16, 257, 485, -0.035077616572380066
56, 0, 17, 312, 486, -0.020481543615460396
56, 0, 18, 293, 490, -0.02851841226220131
56, 0, 19, 279, 490, -0.03072328492999077
56, 0, 20, 268, 489, -0.031320720911026
56, 1, 0, 0, 0, 0.0
56, 1, 1, 0, 0, 0.0
56, 1, 2, 0, 0, 0.0
56, 1, 3, 0, 0, 0.0
56, 1, 4, 0, 0, 0.0
56, 1, 5, 0, 0, 0.0
56, 1, 6, 0, 0, 0.0
56, 1, 7, 0, 0, 0.0
56, 1, 8, 0, 0, 0.0
56, 1, 9, 0, 0, 0.0
56, 1, 10, 0, 0, 0.0
56, 1, 11, 0, 0, 0.0
56, 1, 12, 0, 0, 0.0
56, 1, 13, 0, 0, 0.0
56, 1, 14, 0, 0, 0.0
56, 1, 15, 0, 0, 0.0
56, 1, 16, 0, 0, 0.0
56, 1, 17, 0, 0, 0.0
56, 1, 18, 0, 0, 0.0
56, 1, 19, 0, 0, 0.0
56, 1, 20, 0, 0, 0.0
57, 0, 0, 341, 474, 2.9123475542292e-07
57, 0, 1, 329, 458, -0.018128393217921257
57, 0, 2, 308, 454, -0.02641938254237175
57, 0, 3, 290, 454, -0.030055850744247437
57, 0, 4, 277, 451, -0.03405939042568207
57, 0, 5, 302, 471, -0.03560710698366165
57, 0, 6, 278, 475, -0.04938074201345444
57, 0, 7, 261, 476, -0.05820072442293167
57, 0, 8, 247, 476, -0.06330124288797379
57, 0, 9, 303, 481, -0.02835724875330925
57, 0, 10, 279, 484, -0.039430081844329834
57, 0, 11, 261, 484, -0.04400791972875595
57, 0, 12, 246, 483, -0.04683411121368408
57, 0, 13, 305, 488, -0.02105461061000824
57, 0, 14, 282, 489, -0.02854202501475811
57, 0, 15, 266, 488, -0.029742533341050148
57, 0, 16, 253, 486, -0.030048714950680733
57, 0, 17, 307, 493, -0.014961161650717258
57, 0, 18, 288, 494, -0.021276459097862244
57, 0, 19, 275, 493, -0.02251403219997883
57, 0, 20, 264, 491, -0.022510046139359474
57, 1, 0, 0, 0, 0.0
57, 1, 1, 0, 0, 0.0
57, 1, 2, 0, 0, 0.0
57, 1, 3, 0, 0, 0.0
57, 1, 4, 0, 0, 0.0
57, 1, 5, 0, 0, 0.0
57, 1, 6, 0, 0, 0.0
57, 1, 7, 0, 0, 0.0
57, 1, 8, 0, 0, 0.0
57, 1, 9, 0, 0, 0.0
57, 1, 10, 0, 0, 0.0
57, 1, 11, 0, 0, 0.0
57, 1, 12, 0, 0, 0.0
57, 1, 13, 0, 0, 0.0
57, 1, 14, 0, 0, 0.0
57, 1, 15, 0, 0, 0.0
57, 1, 16, 0, 0, 0.0
57, 1, 17, 0, 0, 0.0
57, 1, 18, 0, 0, 0.0
57, 1, 19, 0, 0, 0.0
57, 1, 20, 0, 0, 0.0
