0, 0, 0, 0, 0, 0.0
0, 0, 1, 0, 0, 0.0
0, 0, 2, 0, 0, 0.0
0, 0, 3, 0, 0, 0.0
0, 0, 4, 0, 0, 0.0
0, 0, 5, 0, 0, 0.0
0, 0, 6, 0, 0, 0.0
0, 0, 7, 0, 0, 0.0
0, 0, 8, 0, 0, 0.0
0, 0, 9, 0, 0, 0.0
0, 0, 10, 0, 0, 0.0
0, 0, 11, 0, 0, 0.0
0, 0, 12, 0, 0, 0.0
0, 0, 13, 0, 0, 0.0
0, 0, 14, 0, 0, 0.0
0, 0, 15, 0, 0, 0.0
0, 0, 16, 0, 0, 0.0
0, 0, 17, 0, 0, 0.0
0, 0, 18, 0, 0, 0.0
0, 0, 19, 0, 0, 0.0
0, 0, 20, 0, 0, 0.0
0, 1, 0, 0, 0, 0.0
0, 1, 1, 0, 0, 0.0
0, 1, 2, 0, 0, 0.0
0, 1, 3, 0, 0, 0.0
0, 1, 4, 0, 0, 0.0
0, 1, 5, 0, 0, 0.0
0, 1, 6, 0, 0, 0.0
0, 1, 7, 0, 0, 0.0
0, 1, 8, 0, 0, 0.0
0, 1, 9, 0, 0, 0.0
0, 1, 10, 0, 0, 0.0
0, 1, 11, 0, 0, 0.0
0, 1, 12, 0, 0, 0.0
0, 1, 13, 0, 0, 0.0
0, 1, 14, 0, 0, 0.0
0, 1, 15, 0, 0, 0.0
0, 1, 16, 0, 0, 0.0
0, 1, 17, 0, 0, 0.0
0, 1, 18, 0, 0, 0.0
0, 1, 19, 0, 0, 0.0
0, 1, 20, 0, 0, 0.0
1, 0, 0, 0, 0, 0.0
1, 0, 1, 0, 0, 0.0
1, 0, 2, 0, 0, 0.0
1, 0, 3, 0, 0, 0.0
1, 0, 4, 0, 0, 0.0
1, 0, 5, 0, 0, 0.0
1, 0, 6, 0, 0, 0.0
1, 0, 7, 0, 0, 0.0
1, 0, 8, 0, 0, 0.0
1, 0, 9, 0, 0, 0.0
1, 0, 10, 0, 0, 0.0
1, 0, 11, 0, 0, 0.0
1, 0, 12, 0, 0, 0.0
1, 0, 13, 0, 0, 0.0
1, 0, 14, 0, 0, 0.0
1, 0, 15, 0, 0, 0.0
1, 0, 16, 0, 0, 0.0
1, 0, 17, 0, 0, 0.0
1, 0, 18, 0, 0, 0.0
1, 0, 19, 0, 0, 0.0
1, 0, 20, 0, 0, 0.0
1, 1, 0, 0, 0, 0.0
1, 1, 1, 0, 0, 0.0
1, 1, 2, 0, 0, 0.0
1, 1, 3, 0, 0, 0.0
1, 1, 4, 0, 0, 0.0
1, 1, 5, 0, 0, 0.0
1, 1, 6, 0, 0, 0.0
1, 1, 7, 0, 0, 0.0
1, 1, 8, 0, 0, 0.0
1, 1, 9, 0, 0, 0.0
1, 1, 10, 0, 0, 0.0
1, 1, 11, 0, 0, 0.0
1, 1, 12, 0, 0, 0.0
1, 1, 13, 0, 0, 0.0
1, 1, 14, 0, 0, 0.0
1, 1, 15, 0, 0, 0.0
1, 1, 16, 0, 0, 0.0
1, 1, 17, 0, 0, 0.0
1, 1, 18, 0, 0, 0.0
1, 1, 19, 0, 0, 0.0
1, 1, 20, 0, 0, 0.0
2, 0, 0, 0, 0, 0.0
2, 0, 1, 0, 0, 0.0
2, 0, 2, 0, 0, 0.0
2, 0, 3, 0, 0, 0.0
2, 0, 4, 0, 0, 0.0
2, 0, 5, 0, 0, 0.0
2, 0, 6, 0, 0, 0.0
2, 0, 7, 0, 0, 0.0
2, 0, 8, 0, 0, 0.0
2, 0, 9, 0, 0, 0.0
2, 0, 10, 0, 0, 0.0
2, 0, 11, 0, 0, 0.0
2, 0, 12, 0, 0, 0.0
2, 0, 13, 0, 0, 0.0
2, 0, 14, 0, 0, 0.0
2, 0, 15, 0, 0, 0.0
2, 0, 16, 0, 0, 0.0
2, 0, 17, 0, 0, 0.0
2, 0, 18, 0, 0, 0.0
2, 0, 19, 0, 0, 0.0
2, 0, 20, 0, 0, 0.0
2, 1, 0, 0, 0, 0.0
2, 1, 1, 0, 0, 0.0
2, 1, 2, 0, 0, 0.0
2, 1, 3, 0, 0, 0.0
2, 1, 4, 0, 0, 0.0
2, 1, 5, 0, 0, 0.0
2, 1, 6, 0, 0, 0.0
2, 1, 7, 0, 0, 0.0
2, 1, 8, 0, 0, 0.0
2, 1, 9, 0, 0, 0.0
2, 1, 10, 0, 0, 0.0
2, 1, 11, 0, 0, 0.0
2, 1, 12, 0, 0, 0.0
2, 1, 13, 0, 0, 0.0
2, 1, 14, 0, 0, 0.0
2, 1, 15, 0, 0, 0.0
2, 1, 16, 0, 0, 0.0
2, 1, 17, 0, 0, 0.0
2, 1, 18, 0, 0, 0.0
2, 1, 19, 0, 0, 0.0
2, 1, 20, 0, 0, 0.0
3, 0, 0, 0, 0, 0.0
3, 0, 1, 0, 0, 0.0
3, 0, 2, 0, 0, 0.0
3, 0, 3, 0, 0, 0.0
3, 0, 4, 0, 0, 0.0
3, 0, 5, 0, 0, 0.0
3, 0, 6, 0, 0, 0.0
3, 0, 7, 0, 0, 0.0
3, 0, 8, 0, 0, 0.0
3, 0, 9, 0, 0, 0.0
3, 0, 10, 0, 0, 0.0
3, 0, 11, 0, 0, 0.0
3, 0, 12, 0, 0, 0.0
3, 0, 13, 0, 0, 0.0
3, 0, 14, 0, 0, 0.0
3, 0, 15, 0, 0, 0.0
3, 0, 16, 0, 0, 0.0
3, 0, 17, 0, 0, 0.0
3, 0, 18, 0, 0, 0.0
3, 0, 19, 0, 0, 0.0
3, 0, 20, 0, 0, 0.0
3, 1, 0, 0, 0, 0.0
3, 1, 1, 0, 0, 0.0
3, 1, 2, 0, 0, 0.0
3, 1, 3, 0, 0, 0.0
3, 1, 4, 0, 0, 0.0
3, 1, 5, 0, 0, 0.0
3, 1, 6, 0, 0, 0.0
3, 1, 7, 0, 0, 0.0
3, 1, 8, 0, 0, 0.0
3, 1, 9, 0, 0, 0.0
3, 1, 10, 0, 0, 0.0
3, 1, 11, 0, 0, 0.0
3, 1, 12, 0, 0, 0.0
3, 1, 13, 0, 0, 0.0
3, 1, 14, 0, 0, 0.0
3, 1, 15, 0, 0, 0.0
3, 1, 16, 0, 0, 0.0
3, 1, 17, 0, 0, 0.0
3, 1, 18, 0, 0, 0.0
3, 1, 19, 0, 0, 0.0
3, 1, 20, 0, 0, 0.0
4, 0, 0, 0, 0, 0.0
4, 0, 1, 0, 0, 0.0
4, 0, 2, 0, 0, 0.0
4, 0, 3, 0, 0, 0.0
4, 0, 4, 0, 0, 0.0
4, 0, 5, 0, 0, 0.0
4, 0, 6, 0, 0, 0.0
4, 0, 7, 0, 0, 0.0
4, 0, 8, 0, 0, 0.0
4, 0, 9, 0, 0, 0.0
4, 0, 10, 0, 0, 0.0
4, 0, 11, 0, 0, 0.0
4, 0, 12, 0, 0, 0.0
4, 0, 13, 0, 0, 0.0
4, 0, 14, 0, 0, 0.0
4, 0, 15, 0, 0, 0.0
4, 0, 16, 0, 0, 0.0
4, 0, 17, 0, 0, 0.0
4, 0, 18, 0, 0, 0.0
4, 0, 19, 0, 0, 0.0
4, 0, 20, 0, 0, 0.0
4, 1, 0, 0, 0, 0.0
4, 1, 1, 0, 0, 0.0
4, 1, 2, 0, 0, 0.0
4, 1, 3, 0, 0, 0.0
4, 1, 4, 0, 0, 0.0
4, 1, 5, 0, 0, 0.0
4, 1, 6, 0, 0, 0.0
4, 1, 7, 0, 0, 0.0
4, 1, 8, 0, 0, 0.0
4, 1, 9, 0, 0, 0.0
4, 1, 10, 0, 0, 0.0
4, 1, 11, 0, 0, 0.0
4, 1, 12, 0, 0, 0.0
4, 1, 13, 0, 0, 0.0
4, 1, 14, 0, 0, 0.0
4, 1, 15, 0, 0, 0.0
4, 1, 16, 0, 0, 0.0
4, 1, 17, 0, 0, 0.0
4, 1, 18, 0, 0, 0.0
4, 1, 19, 0, 0, 0.0
4, 1, 20, 0, 0, 0.0
5, 0, 0, 0, 0, 0.0
5, 0, 1, 0, 0, 0.0
5, 0, 2, 0, 0, 0.0
5, 0, 3, 0, 0, 0.0
5, 0, 4, 0, 0, 0.0
5, 0, 5, 0, 0, 0.0
5, 0, 6, 0, 0, 0.0
5, 0, 7, 0, 0, 0.0
5, 0, 8, 0, 0, 0.0
5, 0, 9, 0, 0, 0.0
5, 0, 10, 0, 0, 0.0
5, 0, 11, 0, 0, 0.0
5, 0, 12, 0, 0, 0.0
5, 0, 13, 0, 0, 0.0
5, 0, 14, 0, 0, 0.0
5, 0, 15, 0, 0, 0.0
5, 0, 16, 0, 0, 0.0
5, 0, 17, 0, 0, 0.0
5, 0, 18, 0, 0, 0.0
5, 0, 19, 0, 0, 0.0
5, 0, 20, 0, 0, 0.0
5, 1, 0, 0, 0, 0.0
5, 1, 1, 0, 0, 0.0
5, 1, 2, 0, 0, 0.0
5, 1, 3, 0, 0, 0.0
5, 1, 4, 0, 0, 0.0
5, 1, 5, 0, 0, 0.0
5, 1, 6, 0, 0, 0.0
5, 1, 7, 0, 0, 0.0
5, 1, 8, 0, 0, 0.0
5, 1, 9, 0, 0, 0.0
5, 1, 10, 0, 0, 0.0
5, 1, 11, 0, 0, 0.0
5, 1, 12, 0, 0, 0.0
5, 1, 13, 0, 0, 0.0
5, 1, 14, 0, 0, 0.0
5, 1, 15, 0, 0, 0.0
5, 1, 16, 0, 0, 0.0
5, 1, 17, 0, 0, 0.0
5, 1, 18, 0, 0, 0.0
5, 1, 19, 0, 0, 0.0
5, 1, 20, 0, 0, 0.0
6, 0, 0, 0, 0, 0.0
6, 0, 1, 0, 0, 0.0
6, 0, 2, 0, 0, 0.0
6, 0, 3, 0, 0, 0.0
6, 0, 4, 0, 0, 0.0
6, 0, 5, 0, 0, 0.0
6, 0, 6, 0, 0, 0.0
6, 0, 7, 0, 0, 0.0
6, 0, 8, 0, 0, 0.0
6, 0, 9, 0, 0, 0.0
6, 0, 10, 0, 0, 0.0
6, 0, 11, 0, 0, 0.0
6, 0, 12, 0, 0, 0.0
6, 0, 13, 0, 0, 0.0
6, 0, 14, 0, 0, 0.0
6, 0, 15, 0, 0, 0.0
6, 0, 16, 0, 0, 0.0
6, 0, 17, 0, 0, 0.0
6, 0, 18, 0, 0, 0.0
6, 0, 19, 0, 0, 0.0
6, 0, 20, 0, 0, 0.0
6, 1, 0, 0, 0, 0.0
6, 1, 1, 0, 0, 0.0
6, 1, 2, 0, 0, 0.0
6, 1, 3, 0, 0, 0.0
6, 1, 4, 0, 0, 0.0
6, 1, 5, 0, 0, 0.0
6, 1, 6, 0, 0, 0.0
6, 1, 7, 0, 0, 0.0
6, 1, 8, 0, 0, 0.0
6, 1, 9, 0, 0, 0.0
6, 1, 10, 0, 0, 0.0
6, 1, 11, 0, 0, 0.0
6, 1, 12, 0, 0, 0.0
6, 1, 13, 0, 0, 0.0
6, 1, 14, 0, 0, 0.0
6, 1, 15, 0, 0, 0.0
6, 1, 16, 0, 0, 0.0
6, 1, 17, 0, 0, 0.0
6, 1, 18, 0, 0, 0.0
6, 1, 19, 0, 0, 0.0
6, 1, 20, 0, 0, 0.0
7, 0, 0, 0, 0, 0.0
7, 0, 1, 0, 0, 0.0
7, 0, 2, 0, 0, 0.0
7, 0, 3, 0, 0, 0.0
7, 0, 4, 0, 0, 0.0
7, 0, 5, 0, 0, 0.0
7, 0, 6, 0, 0, 0.0
7, 0, 7, 0, 0, 0.0
7, 0, 8, 0, 0, 0.0
7, 0, 9, 0, 0, 0.0
7, 0, 10, 0, 0, 0.0
7, 0, 11, 0, 0, 0.0
7, 0, 12, 0, 0, 0.0
7, 0, 13, 0, 0, 0.0
7, 0, 14, 0, 0, 0.0
7, 0, 15, 0, 0, 0.0
7, 0, 16, 0, 0, 0.0
7, 0, 17, 0, 0, 0.0
7, 0, 18, 0, 0, 0.0
7, 0, 19, 0, 0, 0.0
7, 0, 20, 0, 0, 0.0
7, 1, 0, 0, 0, 0.0
7, 1, 1, 0, 0, 0.0
7, 1, 2, 0, 0, 0.0
7, 1, 3, 0, 0, 0.0
7, 1, 4, 0, 0, 0.0
7, 1, 5, 0, 0, 0.0
7, 1, 6, 0, 0, 0.0
7, 1, 7, 0, 0, 0.0
7, 1, 8, 0, 0, 0.0
7, 1, 9, 0, 0, 0.0
7, 1, 10, 0, 0, 0.0
7, 1, 11, 0, 0, 0.0
7, 1, 12, 0, 0, 0.0
7, 1, 13, 0, 0, 0.0
7, 1, 14, 0, 0, 0.0
7, 1, 15, 0, 0, 0.0
7, 1, 16, 0, 0, 0.0
7, 1, 17, 0, 0, 0.0
7, 1, 18, 0, 0, 0.0
7, 1, 19, 0, 0, 0.0
7, 1, 20, 0, 0, 0.0
8, 0, 0, 0, 0, 0.0
8, 0, 1, 0, 0, 0.0
8, 0, 2, 0, 0, 0.0
8, 0, 3, 0, 0, 0.0
8, 0, 4, 0, 0, 0.0
8, 0, 5, 0, 0, 0.0
8, 0, 6, 0, 0, 0.0
8, 0, 7, 0, 0, 0.0
8, 0, 8, 0, 0, 0.0
8, 0, 9, 0, 0, 0.0
8, 0, 10, 0, 0, 0.0
8, 0, 11, 0, 0, 0.0
8, 0, 12, 0, 0, 0.0
8, 0, 13, 0, 0, 0.0
8, 0, 14, 0, 0, 0.0
8, 0, 15, 0, 0, 0.0
8, 0, 16, 0, 0, 0.0
8, 0, 17, 0, 0, 0.0
8, 0, 18, 0, 0, 0.0
8, 0, 19, 0, 0, 0.0
8, 0, 20, 0, 0, 0.0
8, 1, 0, 0, 0, 0.0
8, 1, 1, 0, 0, 0.0
8, 1, 2, 0, 0, 0.0
8, 1, 3, 0, 0, 0.0
8, 1, 4, 0, 0, 0.0
8, 1, 5, 0, 0, 0.0
8, 1, 6, 0, 0, 0.0
8, 1, 7, 0, 0, 0.0
8, 1, 8, 0, 0, 0.0
8, 1, 9, 0, 0, 0.0
8, 1, 10, 0, 0, 0.0
8, 1, 11, 0, 0, 0.0
8, 1, 12, 0, 0, 0.0
8, 1, 13, 0, 0, 0.0
8, 1, 14, 0, 0, 0.0
8, 1, 15, 0, 0, 0.0
8, 1, 16, 0, 0, 0.0
8, 1, 17, 0, 0, 0.0
8, 1, 18, 0, 0, 0.0
8, 1, 19, 0, 0, 0.0
8, 1, 20, 0, 0, 0.0
9, 0, 0, 0, 0, 0.0
9, 0, 1, 0, 0, 0.0
9, 0, 2, 0, 0, 0.0
9, 0, 3, 0, 0, 0.0
9, 0, 4, 0, 0, 0.0
9, 0, 5, 0, 0, 0.0
9, 0, 6, 0, 0, 0.0
9, 0, 7, 0, 0, 0.0
9, 0, 8, 0, 0, 0.0
9, 0, 9, 0, 0, 0.0
9, 0, 10, 0, 0, 0.0
9, 0, 11, 0, 0, 0.0
9, 0, 12, 0, 0, 0.0
9, 0, 13, 0, 0, 0.0
9, 0, 14, 0, 0, 0.0
9, 0, 15, 0, 0, 0.0
9, 0, 16, 0, 0, 0.0
9, 0, 17, 0, 0, 0.0
9, 0, 18, 0, 0, 0.0
9, 0, 19, 0, 0, 0.0
9, 0, 20, 0, 0, 0.0
9, 1, 0, 0, 0, 0.0
9, 1, 1, 0, 0, 0.0
9, 1, 2, 0, 0, 0.0
9, 1, 3, 0, 0, 0.0
9, 1, 4, 0, 0, 0.0
9, 1, 5, 0, 0, 0.0
9, 1, 6, 0, 0, 0.0
9, 1, 7, 0, 0, 0.0
9, 1, 8, 0, 0, 0.0
9, 1, 9, 0, 0, 0.0
9, 1, 10, 0, 0, 0.0
9, 1, 11, 0, 0, 0.0
9, 1, 12, 0, 0, 0.0
9, 1, 13, 0, 0, 0.0
9, 1, 14, 0, 0, 0.0
9, 1, 15, 0, 0, 0.0
9, 1, 16, 0, 0, 0.0
9, 1, 17, 0, 0, 0.0
9, 1, 18, 0, 0, 0.0
9, 1, 19, 0, 0, 0.0
9, 1, 20, 0, 0, 0.0
10, 0, 0, 31, 458, -3.2232742341875564e-07
10, 0, 1, 73, 438, -0.02854495868086815
10, 0, 2, 94, 382, -0.03665062040090561
10, 0, 3, 81, 337, -0.044075556099414825
10, 0, 4, 51, 319, -0.048079051077365875
10, 0, 5, 72, 328, -0.010091535747051239
10, 0, 6, 64, 282, -0.04295879602432251
10, 0, 7, 62, 308, -0.06597726792097092
10, 0, 8, 63, 337, -0.07727355509996414
10, 0, 9, 38, 329, -0.010548442602157593
10, 0, 10, 34, 290, -0.046344880014657974
10, 0, 11, 36, 327, -0.061951395124197006
10, 0, 12, 37, 356, -0.06349366158246994
10, 0, 13, 7, 338, -0.016554376110434532
10, 0, 14, 4, 309, -0.05205218866467476
10, 0, 15, 11, 341, -0.05167553201317787
10, 0, 16, 16, 365, -0.041649188846349716
10, 0, 17, -20, 354, -0.024975424632430077
10, 0, 18, -19, 335, -0.04862219840288162
10, 0, 19, -11, 358, -0.042207472026348114
10, 0, 20, -6, 375, -0.03081750124692917
10, 1, 0, 0, 0, 0.0
10, 1, 1, 0, 0, 0.0
10, 1, 2, 0, 0, 0.0
10, 1, 3, 0, 0, 0.0
10, 1, 4, 0, 0, 0.0
10, 1, 5, 0, 0, 0.0
10, 1, 6, 0, 0, 0.0
10, 1, 7, 0, 0, 0.0
10, 1, 8, 0, 0, 0.0
10, 1, 9, 0, 0, 0.0
10, 1, 10, 0, 0, 0.0
10, 1, 11, 0, 0, 0.0
10, 1, 12, 0, 0, 0.0
10, 1, 13, 0, 0, 0.0
10, 1, 14, 0, 0, 0.0
10, 1, 15, 0, 0, 0.0
10, 1, 16, 0, 0, 0.0
10, 1, 17, 0, 0, 0.0
10, 1, 18, 0, 0, 0.0
10, 1, 19, 0, 0, 0.0
10, 1, 20, 0, 0, 0.0
11, 0, 0, 54, 445, -2.5458686536694586e-07
11, 0, 1, 94, 408, -0.03491123393177986
11, 0, 2, 110, 345, -0.04376504570245743
11, 0, 3, 77, 305, -0.051050812005996704
11, 0, 4, 35, 301, -0.0498465932905674
11, 0, 5, 82, 300, 0.005894672591239214
11, 0, 6, 66, 262, -0.03438746929168701
11, 0, 7, 67, 304, -0.056616831570863724
11, 0, 8, 74, 326, -0.0639767274260521
11, 0, 9, 47, 306, 0.008836174383759499
11, 0, 10, 31, 275, -0.034392524510622025
11, 0, 11, 38, 318, -0.046863049268722534
11, 0, 12, 46, 336, -0.04087979346513748
11, 0, 13, 16, 319, 0.0029846082907170057
11, 0, 14, 2, 300, -0.03629479184746742
11, 0, 15, 14, 335, -0.028631972149014473
11, 0, 16, 23, 348, -0.009976145811378956
11, 0, 17, -9, 335, -0.0063413274474442005
11, 0, 18, -16, 321, -0.02196461334824562
11, 0, 19, -7, 346, -0.006969111040234566
11, 0, 20, -2, 358, 0.012152154929935932
11, 1, 0, 0, 0, 0.0
11, 1, 1, 0, 0, 0.0
11, 1, 2, 0, 0, 0.0
11, 1, 3, 0, 0, 0.0
11, 1, 4, 0, 0, 0.0
11, 1, 5, 0, 0, 0.0
11, 1, 6, 0, 0, 0.0
11, 1, 7, 0, 0, 0.0
11, 1, 8, 0, 0, 0.0
11, 1, 9, 0, 0, 0.0
11, 1, 10, 0, 0, 0.0
11, 1, 11, 0, 0, 0.0
11, 1, 12, 0, 0, 0.0
11, 1, 13, 0, 0, 0.0
11, 1, 14, 0, 0, 0.0
11, 1, 15, 0, 0, 0.0
11, 1, 16, 0, 0, 0.0
11, 1, 17, 0, 0, 0.0
11, 1, 18, 0, 0, 0.0
11, 1, 19, 0, 0, 0.0
11, 1, 20, 0, 0, 0.0
12, 0, 0, 74, 425, -3.365530005794426e-07
12, 0, 1, 111, 385, -0.029347561299800873
12, 0, 2, 125, 322, -0.03790738806128502
12, 0, 3, 90, 287, -0.04563090205192566
12, 0, 4, 47, 287, -0.045961279422044754
12, 0, 5, 93, 276, 0.0016637806547805667
12, 0, 6, 87, 242, -0.033693186938762665
12, 0, 7, 92, 283, -0.052281808108091354
12, 0, 8, 97, 303, -0.059360068291425705
12, 0, 9, 59, 285, 0.0006467110360972583
12, 0, 10, 52, 255, -0.03612607717514038
12, 0, 11, 64, 298, -0.0450708381831646
12, 0, 12, 70, 314, -0.03988409787416458
12, 0, 13, 29, 301, -0.007601076737046242
12, 0, 14, 21, 285, -0.043573297560214996
12, 0, 15, 41, 323, -0.03398017957806587
12, 0, 16, 48, 337, -0.016518909484148026
12, 0, 17, 2, 321, -0.01859808899462223
12, 0, 18, -2, 311, -0.035313114523887634
12, 0, 19, 15, 338, -0.020023522898554802
12, 0, 20, 21, 351, -0.0019770171493291855
12, 1, 0, 0, 0, 0.0
12, 1, 1, 0, 0, 0.0
12, 1, 2, 0, 0, 0.0
12, 1, 3, 0, 0, 0.0
12, 1, 4, 0, 0, 0.0
12, 1, 5, 0, 0, 0.0
12, 1, 6, 0, 0, 0.0
12, 1, 7, 0, 0, 0.0
12, 1, 8, 0, 0, 0.0
12, 1, 9, 0, 0, 0.0
12, 1, 10, 0, 0, 0.0
12, 1, 11, 0, 0, 0.0
12, 1, 12, 0, 0, 0.0
12, 1, 13, 0, 0, 0.0
12, 1, 14, 0, 0, 0.0
12, 1, 15, 0, 0, 0.0
12, 1, 16, 0, 0, 0.0
12, 1, 17, 0, 0, 0.0
12, 1, 18, 0, 0, 0.0
12, 1, 19, 0, 0, 0.0
12, 1, 20, 0, 0, 0.0
13, 0, 0, 95, 405, -3.2658618920322624e-07
13, 0, 1, 131, 362, -0.024995071813464165
13, 0, 2, 144, 301, -0.033747605979442596
13, 0, 3, 110, 267, -0.04252111166715622
13, 0, 4, 67, 269, -0.045072440057992935
13, 0, 5, 109, 260, 0.0022356794215738773
13, 0, 6, 108, 220, -0.029912631958723068
13, 0, 7, 114, 260, -0.04834277182817459
13, 0, 8, 115, 281, -0.05670486018061638
13, 0, 9, 76, 270, -0.0020944520365446806
13, 0, 10, 72, 233, -0.036936160176992416
13, 0, 11, 87, 275, -0.04853152856230736
13, 0, 12, 91, 295, -0.04608910530805588
13, 0, 13, 47, 289, -0.012153184041380882
13, 0, 14, 44, 264, -0.048888809978961945
13, 0, 15, 67, 302, -0.04179687798023224
13, 0, 16, 72, 320, -0.026194313541054726
13, 0, 17, 20, 313, -0.02397170662879944
13, 0, 18, 22, 295, -0.04521668329834938
13, 0, 19, 44, 321, -0.031034238636493683
13, 0, 20, 50, 337, -0.013486011885106564
13, 1, 0, 0, 0, 0.0
13, 1, 1, 0, 0, 0.0
13, 1, 2, 0, 0, 0.0
13, 1, 3, 0, 0, 0.0
13, 1, 4, 0, 0, 0.0
13, 1, 5, 0, 0, 0.0
13, 1, 6, 0, 0, 0.0
13, 1, 7, 0, 0, 0.0
13, 1, 8, 0, 0, 0.0
13, 1, 9, 0, 0, 0.0
13, 1, 10, 0, 0, 0.0
13, 1, 11, 0, 0, 0.0
13, 1, 12, 0, 0, 0.0
13, 1, 13, 0, 0, 0.0
13, 1, 14, 0, 0, 0.0
13, 1, 15, 0, 0, 0.0
13, 1, 16, 0, 0, 0.0
13, 1, 17, 0, 0, 0.0
13, 1, 18, 0, 0, 0.0
13, 1, 19, 0, 0, 0.0
13, 1, 20, 0, 0, 0.0
14, 0, 0, 116, 388, -4.3355711909498496e-07
14, 0, 1, 149, 344, -0.019536718726158142
14, 0, 2, 163, 286, -0.03061418980360031
14, 0, 3, 137, 253, -0.04298626631498337
14, 0, 4, 97, 250, -0.04941590502858162
14, 0, 5, 123, 240, -0.0033531018998473883
14, 0, 6, 129, 207, -0.03782346844673157
14, 0, 7, 137, 248, -0.05733523145318031
14, 0, 8, 133, 265, -0.0679241344332695
14, 0, 9, 92, 252, -0.012247614562511444
14, 0, 10, 96, 219, -0.049790140241384506
14, 0, 11, 113, 265, -0.05977848917245865
14, 0, 12, 112, 282, -0.05774154141545296
14, 0, 13, 66, 272, -0.026019984856247902
14, 0, 14, 67, 246, -0.06273528188467026
14, 0, 15, 93, 286, -0.05067718029022217
14, 0, 16, 95, 301, -0.03389040753245354
14, 0, 17, 42, 299, -0.04151061922311783
14, 0, 18, 49, 283, -0.062390558421611786
14, 0, 19, 73, 308, -0.04722607135772705
14, 0, 20, 78, 318, -0.030430244281888008
14, 1, 0, 0, 0, 0.0
14, 1, 1, 0, 0, 0.0
14, 1, 2, 0, 0, 0.0
14, 1, 3, 0, 0, 0.0
14, 1, 4, 0, 0, 0.0
14, 1, 5, 0, 0, 0.0
14, 1, 6, 0, 0, 0.0
14, 1, 7, 0, 0, 0.0
14, 1, 8, 0, 0, 0.0
14, 1, 9, 0, 0, 0.0
14, 1, 10, 0, 0, 0.0
14, 1, 11, 0, 0, 0.0
14, 1, 12, 0, 0, 0.0
14, 1, 13, 0, 0, 0.0
14, 1, 14, 0, 0, 0.0
14, 1, 15, 0, 0, 0.0
14, 1, 16, 0, 0, 0.0
14, 1, 17, 0, 0, 0.0
14, 1, 18, 0, 0, 0.0
14, 1, 19, 0, 0, 0.0
14, 1, 20, 0, 0, 0.0
15, 0, 0, 138, 374, -4.1082563484451384e-07
15, 0, 1, 171, 331, -0.02095615491271019
15, 0, 2, 186, 275, -0.03175021708011627
15, 0, 3, 162, 241, -0.04364120215177536
15, 0, 4, 126, 235, -0.05000071972608566
15, 0, 5, 144, 230, -0.0006008418858982623
15, 0, 6, 155, 198, -0.03558491915464401
15, 0, 7, 161, 235, -0.056510139256715775
15, 0, 8, 157, 254, -0.06713615357875824
15, 0, 9, 114, 242, -0.0078100827522575855
15, 0, 10, 121, 209, -0.042515527456998825
15, 0, 11, 138, 249, -0.05217931047081947
15, 0, 12, 137, 266, -0.05076172575354576
15, 0, 13, 88, 260, -0.020707471296191216
15, 0, 14, 95, 236, -0.057695358991622925
15, 0, 15, 118, 272, -0.04799988865852356
15, 0, 16, 120, 288, -0.032477833330631256
15, 0, 17, 64, 286, -0.035319916903972626
15, 0, 18, 75, 267, -0.05775932967662811
15, 0, 19, 98, 292, -0.04366957023739815
15, 0, 20, 102, 306, -0.027123337611556053
15, 1, 0, 0, 0, 0.0
15, 1, 1, 0, 0, 0.0
15, 1, 2, 0, 0, 0.0
15, 1, 3, 0, 0, 0.0
15, 1, 4, 0, 0, 0.0
15, 1, 5, 0, 0, 0.0
15, 1, 6, 0, 0, 0.0
15, 1, 7, 0, 0, 0.0
15, 1, 8, 0, 0, 0.0
15, 1, 9, 0, 0, 0.0
15, 1, 10, 0, 0, 0.0
15, 1, 11, 0, 0, 0.0
15, 1, 12, 0, 0, 0.0
15, 1, 13, 0, 0, 0.0
15, 1, 14, 0, 0, 0.0
15, 1, 15, 0, 0, 0.0
15, 1, 16, 0, 0, 0.0
15, 1, 17, 0, 0, 0.0
15, 1, 18, 0, 0, 0.0
15, 1, 19, 0, 0, 0.0
15, 1, 20, 0, 0, 0.0
16, 0, 0, 159, 359, -4.3329987420293037e-07
16, 0, 1, 194, 318, -0.017469165846705437
16, 0, 2, 206, 266, -0.026704905554652214
16, 0, 3, 189, 233, -0.038283564150333405
16, 0, 4, 159, 224, -0.04437443986535072
16, 0, 5, 166, 215, 0.0063348738476634026
16, 0, 6, 181, 188, -0.02932322770357132
16, 0, 7, 188, 223, -0.052638761699199677
16, 0, 8, 181, 241, -0.06512460857629776
16, 0, 9, 138, 225, -0.002398059004917741
16, 0, 10, 151, 198, -0.03806346282362938
16, 0, 11, 166, 237, -0.04996165633201599
16, 0, 12, 164, 253, -0.05026081204414368
16, 0, 13, 115, 243, -0.017216145992279053
16, 0, 14, 128, 225, -0.05286448821425438
16, 0, 15, 150, 259, -0.044958487153053284
16, 0, 16, 148, 273, -0.031203875318169594
16, 0, 17, 95, 269, -0.03408973291516304
16, 0, 18, 113, 257, -0.0547574982047081
16, 0, 19, 133, 280, -0.04308569058775902
16, 0, 20, 132, 291, -0.028989458456635475
16, 1, 0, 0, 0, 0.0
16, 1, 1, 0, 0, 0.0
16, 1, 2, 0, 0, 0.0
16, 1, 3, 0, 0, 0.0
16, 1, 4, 0, 0, 0.0
16, 1, 5, 0, 0, 0.0
16, 1, 6, 0, 0, 0.0
16, 1, 7, 0, 0, 0.0
16, 1, 8, 0, 0, 0.0
16, 1, 9, 0, 0, 0.0
16, 1, 10, 0, 0, 0.0
16, 1, 11, 0, 0, 0.0
16, 1, 12, 0, 0, 0.0
16, 1, 13, 0, 0, 0.0
16, 1, 14, 0, 0, 0.0
16, 1, 15, 0, 0, 0.0
16, 1, 16, 0, 0, 0.0
16, 1, 17, 0, 0, 0.0
16, 1, 18, 0, 0, 0.0
16, 1, 19, 0, 0, 0.0
16, 1, 20, 0, 0, 0.0
17, 0, 0, 185, 345, -3.772990169181867e-07
17, 0, 1, 220, 308, -0.015928911045193672
17, 0, 2, 237, 259, -0.026337284594774246
17, 0, 3, 231, 224, -0.039311185479164124
17, 0, 4, 203, 215, -0.04744749516248703
17, 0, 5, 188, 205, 0.0031906210351735353
17, 0, 6, 207, 181, -0.030310045927762985
17, 0, 7, 217, 215, -0.05338887497782707
17, 0, 8, 209, 232, -0.06665030866861343
17, 0, 9, 162, 214, -0.00567173445597291
17, 0, 10, 183, 193, -0.037199102342128754
17, 0, 11, 198, 229, -0.04919908195734024
17, 0, 12, 191, 243, -0.05206910893321037
17, 0, 13, 140, 231, -0.019864648580551147
17, 0, 14, 166, 217, -0.050443120300769806
17, 0, 15, 182, 249, -0.043670136481523514
17, 0, 16, 175, 261, -0.033292852342128754
17, 0, 17, 121, 255, -0.036207135766744614
17, 0, 18, 151, 244, -0.05325624346733093
17, 0, 19, 166, 266, -0.04248000308871269
17, 0, 20, 160, 276, -0.030621765181422234
17, 1, 0, 0, 0, 0.0
17, 1, 1, 0, 0, 0.0
17, 1, 2, 0, 0, 0.0
17, 1, 3, 0, 0, 0.0
17, 1, 4, 0, 0, 0.0
17, 1, 5, 0, 0, 0.0
17, 1, 6, 0, 0, 0.0
17, 1, 7, 0, 0, 0.0
17, 1, 8, 0, 0, 0.0
17, 1, 9, 0, 0, 0.0
17, 1, 10, 0, 0, 0.0
17, 1, 11, 0, 0, 0.0
17, 1, 12, 0, 0, 0.0
17, 1, 13, 0, 0, 0.0
17, 1, 14, 0, 0, 0.0
17, 1, 15, 0, 0, 0.0
17, 1, 16, 0, 0, 0.0
17, 1, 17, 0, 0, 0.0
17, 1, 18, 0, 0, 0.0
17, 1, 19, 0, 0, 0.0
17, 1, 20, 0, 0, 0.0
18, 0, 0, 214, 332, -3.342559864449868e-07
18, 0, 1, 251, 294, -0.016730424016714096
18, 0, 2, 271, 249, -0.029543831944465637
18, 0, 3, 263, 216, -0.04493440315127373
18, 0, 4, 233, 214, -0.05648227408528328
18, 0, 5, 218, 198, -0.0008723023347556591
18, 0, 6, 239, 178, -0.03415302932262421
18, 0, 7, 251, 211, -0.05734796077013016
18, 0, 8, 247, 227, -0.07048005610704422
18, 0, 9, 192, 207, -0.008391366340219975
18, 0, 10, 218, 191, -0.03897000476717949
18, 0, 11, 233, 225, -0.051268141716718674
18, 0, 12, 229, 241, -0.054841697216033936
18, 0, 13, 169, 222, -0.020753586664795876
18, 0, 14, 199, 212, -0.05058325082063675
18, 0, 15, 217, 242, -0.04562385380268097
18, 0, 16, 214, 257, -0.03624293580651283
18, 0, 17, 149, 244, -0.035183925181627274
18, 0, 18, 182, 235, -0.05144820362329483
18, 0, 19, 200, 255, -0.04210387170314789
18, 0, 20, 199, 267, -0.030956920236349106
18, 1, 0, 0, 0, 0.0
18, 1, 1, 0, 0, 0.0
18, 1, 2, 0, 0, 0.0
18, 1, 3, 0, 0, 0.0
18, 1, 4, 0, 0, 0.0
18, 1, 5, 0, 0, 0.0
18, 1, 6, 0, 0, 0.0
18, 1, 7, 0, 0, 0.0
18, 1, 8, 0, 0, 0.0
18, 1, 9, 0, 0, 0.0
18, 1, 10, 0, 0, 0.0
18, 1, 11, 0, 0, 0.0
18, 1, 12, 0, 0, 0.0
18, 1, 13, 0, 0, 0.0
18, 1, 14, 0, 0, 0.0
18, 1, 15, 0, 0, 0.0
18, 1, 16, 0, 0, 0.0
18, 1, 17, 0, 0, 0.0
18, 1, 18, 0, 0, 0.0
18, 1, 19, 0, 0, 0.0
18, 1, 20, 0, 0, 0.0
19, 0, 0, 244, 323, -3.0880141821398865e-07
19, 0, 1, 281, 289, -0.011962389573454857
19, 0, 2, 300, 248, -0.02126576565206051
19, 0, 3, 297, 216, -0.03415190428495407
19, 0, 4, 274, 209, -0.043916113674640656
19, 0, 5, 250, 200, 0.007830497808754444
19, 0, 6, 266, 180, -0.022116271778941154
19, 0, 7, 279, 206, -0.04444170743227005
19, 0, 8, 281, 225, -0.055525340139865875
19, 0, 9, 227, 205, 0.0011600253637880087
19, 0, 10, 250, 191, -0.02519916370511055
19, 0, 11, 264, 221, -0.03819410502910614
19, 0, 12, 263, 239, -0.041512630879879
19, 0, 13, 205, 217, -0.01016176212579012
19, 0, 14, 237, 210, -0.03569365665316582
19, 0, 15, 251, 237, -0.03442484885454178
19, 0, 16, 248, 254, -0.027046794071793556
19, 0, 17, 188, 235, -0.02330760657787323
19, 0, 18, 223, 230, -0.03688857704401016
19, 0, 19, 238, 249, -0.030656510964035988
19, 0, 20, 238, 261, -0.0213871281594038
19, 1, 0, 0, 0, 0.0
19, 1, 1, 0, 0, 0.0
19, 1, 2, 0, 0, 0.0
19, 1, 3, 0, 0, 0.0
19, 1, 4, 0, 0, 0.0
19, 1, 5, 0, 0, 0.0
19, 1, 6, 0, 0, 0.0
19, 1, 7, 0, 0, 0.0
19, 1, 8, 0, 0, 0.0
19, 1, 9, 0, 0, 0.0
19, 1, 10, 0, 0, 0.0
19, 1, 11, 0, 0, 0.0
19, 1, 12, 0, 0, 0.0
19, 1, 13, 0, 0, 0.0
19, 1, 14, 0, 0, 0.0
19, 1, 15, 0, 0, 0.0
19, 1, 16, 0, 0, 0.0
19, 1, 17, 0, 0, 0.0
19, 1, 18, 0, 0, 0.0
19, 1, 19, 0, 0, 0.0
19, 1, 20, 0, 0, 0.0
20, 0, 0, 272, 317, -2.086527359779211e-07
20, 0, 1, 303, 288, -0.012309973128139973
20, 0, 2, 324, 254, -0.024386899545788765
20, 0, 3, 330, 224, -0.04030854254961014
20, 0, 4, 313, 210, -0.05287785083055496
20, 0, 5, 278, 207, 0.00210094777867198
20, 0, 6, 296, 184, -0.02985154651105404
20, 0, 7, 311, 207, -0.05102064460515976
20, 0, 8, 312, 225, -0.060189388692379
20, 0, 9, 259, 208, -0.005310454405844212
20, 0, 10, 285, 189, -0.03416966274380684
20, 0, 11, 299, 216, -0.047348927706480026
20, 0, 12, 297, 233, -0.04981735721230507
20, 0, 13, 241, 216, -0.017279434949159622
20, 0, 14, 277, 209, -0.045762501657009125
20, 0, 15, 287, 237, -0.04623999446630478
20, 0, 16, 281, 252, -0.03888803347945213
20, 0, 17, 225, 229, -0.03088543936610222
20, 0, 18, 264, 227, -0.045902103185653687
20, 0, 19, 277, 247, -0.04098955914378166
20, 0, 20, 275, 258, -0.032466549426317215
20, 1, 0, 0, 0, 0.0
20, 1, 1, 0, 0, 0.0
20, 1, 2, 0, 0, 0.0
20, 1, 3, 0, 0, 0.0
20, 1, 4, 0, 0, 0.0
20, 1, 5, 0, 0, 0.0
20, 1, 6, 0, 0, 0.0
20, 1, 7, 0, 0, 0.0
20, 1, 8, 0, 0, 0.0
20, 1, 9, 0, 0, 0.0
20, 1, 10, 0, 0, 0.0
20, 1, 11, 0, 0, 0.0
20, 1, 12, 0, 0, 0.0
20, 1, 13, 0, 0, 0.0
20, 1, 14, 0, 0, 0.0
20, 1, 15, 0, 0, 0.0
20, 1, 16, 0, 0, 0.0
20, 1, 17, 0, 0, 0.0
20, 1, 18, 0, 0, 0.0
20, 1, 19, 0, 0, 0.0
20, 1, 20, 0, 0, 0.0
21, 0, 0, 292, 312, -2.6798218755175185e-07
21, 0, 1, 322, 286, -0.009762667119503021
21, 0, 2, 341, 256, -0.019825337454676628
21, 0, 3, 347, 230, -0.033761363476514816
21, 0, 4, 334, 213, -0.0443505197763443
21, 0, 5, 297, 209, 0.003230382688343525
21, 0, 6, 319, 191, -0.025603346526622772
21, 0, 7, 329, 214, -0.04447085037827492
21, 0, 8, 327, 230, -0.05296085402369499
21, 0, 9, 280, 213, -0.004754576366394758
21, 0, 10, 311, 198, -0.031135885044932365
21, 0, 11, 321, 225, -0.04141528159379959
21, 0, 12, 315, 239, -0.0429469496011734
21, 0, 13, 264, 220, -0.016966506838798523
21, 0, 14, 302, 213, -0.04414600506424904
21, 0, 15, 308, 240, -0.042804621160030365
21, 0, 16, 300, 253, -0.03499993309378624
21, 0, 17, 251, 232, -0.030523279681801796
21, 0, 18, 290, 227, -0.04588976502418518
21, 0, 19, 299, 248, -0.040405645966529846
21, 0, 20, 294, 260, -0.031747087836265564
21, 1, 0, 0, 0, 0.0
21, 1, 1, 0, 0, 0.0
21, 1, 2, 0, 0, 0.0
21, 1, 3, 0, 0, 0.0
21, 1, 4, 0, 0, 0.0
21, 1, 5, 0, 0, 0.0
21, 1, 6, 0, 0, 0.0
21, 1, 7, 0, 0, 0.0
21, 1, 8, 0, 0, 0.0
21, 1, 9, 0, 0, 0.0
21, 1, 10, 0, 0, 0.0
21, 1, 11, 0, 0, 0.0
21, 1, 12, 0, 0, 0.0
21, 1, 13, 0, 0, 0.0
21, 1, 14, 0, 0, 0.0
21, 1, 15, 0, 0, 0.0
21, 1, 16, 0, 0, 0.0
21, 1, 17, 0, 0, 0.0
21, 1, 18, 0, 0, 0.0
21, 1, 19, 0, 0, 0.0
21, 1, 20, 0, 0, 0.0
22, 0, 0, 306, 309, -2.1578262021648698e-07
22, 0, 1, 332, 284, -0.012064281851053238
22, 0, 2, 349, 255, -0.023299450054764748
22, 0, 3, 353, 228, -0.03686298057436943
22, 0, 4, 339, 212, -0.04672127962112427
22, 0, 5, 308, 212, -0.0026601424906402826
22, 0, 6, 329, 193, -0.030624445527791977
22, 0, 7, 338, 218, -0.04892219975590706
22, 0, 8, 335, 235, -0.0569445863366127
22, 0, 9, 291, 214, -0.008497456088662148
22, 0, 10, 318, 197, -0.034217532724142075
22, 0, 11, 328, 224, -0.04314015060663223
22, 0, 12, 325, 242, -0.04321124404668808
22, 0, 13, 277, 221, -0.018214594572782516
22, 0, 14, 310, 212, -0.04260346665978432
22, 0, 15, 319, 239, -0.039850350469350815
22, 0, 16, 313, 255, -0.03128422796726227
22, 0, 17, 265, 233, -0.029521511867642403
22, 0, 18, 301, 229, -0.042894694954156876
22, 0, 19, 310, 249, -0.037877973169088364
22, 0, 20, 305, 263, -0.029738709330558777
22, 1, 0, 0, 0, 0.0
22, 1, 1, 0, 0, 0.0
22, 1, 2, 0, 0, 0.0
22, 1, 3, 0, 0, 0.0
22, 1, 4, 0, 0, 0.0
22, 1, 5, 0, 0, 0.0
22, 1, 6, 0, 0, 0.0
22, 1, 7, 0, 0, 0.0
22, 1, 8, 0, 0, 0.0
22, 1, 9, 0, 0, 0.0
22, 1, 10, 0, 0, 0.0
22, 1, 11, 0, 0, 0.0
22, 1, 12, 0, 0, 0.0
22, 1, 13, 0, 0, 0.0
22, 1, 14, 0, 0, 0.0
22, 1, 15, 0, 0, 0.0
22, 1, 16, 0, 0, 0.0
22, 1, 17, 0, 0, 0.0
22, 1, 18, 0, 0, 0.0
22, 1, 19, 0, 0, 0.0
22, 1, 20, 0, 0, 0.0
23, 0, 0, 310, 309, -1.9710584808763087e-07
23, 0, 1, 336, 286, -0.013726474717259407
23, 0, 2, 353, 256, -0.025902187451720238
23, 0, 3, 357, 228, -0.039422038942575455
23, 0, 4, 342, 209, -0.0488479807972908
23, 0, 5, 306, 215, -0.0072030131705105305
23, 0, 6, 331, 194, -0.03560144454240799
23, 0, 7, 340, 221, -0.052121974527835846
23, 0, 8, 338, 239, -0.058867376297712326
23, 0, 9, 290, 216, -0.011783378198742867
23, 0, 10, 322, 198, -0.03761130943894386
23, 0, 11, 332, 227, -0.04418797791004181
23, 0, 12, 328, 244, -0.04286695271730423
23, 0, 13, 278, 223, -0.02029852755367756
23, 0, 14, 316, 213, -0.04465516284108162
23, 0, 15, 324, 241, -0.04050983488559723
23, 0, 16, 318, 256, -0.03159729018807411
23, 0, 17, 270, 234, -0.030489398166537285
23, 0, 18, 309, 232, -0.04428776726126671
23, 0, 19, 317, 253, -0.039868228137493134
23, 0, 20, 312, 266, -0.03263227269053459
23, 1, 0, 0, 0, 0.0
23, 1, 1, 0, 0, 0.0
23, 1, 2, 0, 0, 0.0
23, 1, 3, 0, 0, 0.0
23, 1, 4, 0, 0, 0.0
23, 1, 5, 0, 0, 0.0
23, 1, 6, 0, 0, 0.0
23, 1, 7, 0, 0, 0.0
23, 1, 8, 0, 0, 0.0
23, 1, 9, 0, 0, 0.0
23, 1, 10, 0, 0, 0.0
23, 1, 11, 0, 0, 0.0
23, 1, 12, 0, 0, 0.0
23, 1, 13, 0, 0, 0.0
23, 1, 14, 0, 0, 0.0
23, 1, 15, 0, 0, 0.0
23, 1, 16, 0, 0, 0.0
23, 1, 17, 0, 0, 0.0
23, 1, 18, 0, 0, 0.0
23, 1, 19, 0, 0, 0.0
23, 1, 20, 0, 0, 0.0
24, 0, 0, 313, 309, -2.0093611396987399e-07
24, 0, 1, 338, 286, -0.014083311893045902
24, 0, 2, 354, 256, -0.026526158675551414
24, 0, 3, 358, 229, -0.03998832032084465
24, 0, 4, 344, 210, -0.049345266073942184
24, 0, 5, 305, 214, -0.00794049073010683
24, 0, 6, 332, 194, -0.03734898567199707
24, 0, 7, 343, 220, -0.05380359664559364
24, 0, 8, 341, 239, -0.06012909114360809
24, 0, 9, 290, 215, -0.01249050721526146
24, 0, 10, 324, 196, -0.039855822920799255
24, 0, 11, 334, 227, -0.04565304517745972
24, 0, 12, 331, 246, -0.04292932525277138
24, 0, 13, 278, 222, -0.021072614938020706
24, 0, 14, 318, 211, -0.04637352004647255
24, 0, 15, 325, 241, -0.04120265319943428
24, 0, 16, 320, 258, -0.03096379153430462
24, 0, 17, 270, 235, -0.03138449415564537
24, 0, 18, 310, 232, -0.04554159566760063
24, 0, 19, 317, 253, -0.04071677476167679
24, 0, 20, 312, 266, -0.032867200672626495
24, 1, 0, 0, 0, 0.0
24, 1, 1, 0, 0, 0.0
24, 1, 2, 0, 0, 0.0
24, 1, 3, 0, 0, 0.0
24, 1, 4, 0, 0, 0.0
24, 1, 5, 0, 0, 0.0
24, 1, 6, 0, 0, 0.0
24, 1, 7, 0, 0, 0.0
24, 1, 8, 0, 0, 0.0
24, 1, 9, 0, 0, 0.0
24, 1, 10, 0, 0, 0.0
24, 1, 11, 0, 0, 0.0
24, 1, 12, 0, 0, 0.0
24, 1, 13, 0, 0, 0.0
24, 1, 14, 0, 0, 0.0
24, 1, 15, 0, 0, 0.0
24, 1, 16, 0, 0, 0.0
24, 1, 17, 0, 0, 0.0
24, 1, 18, 0, 0, 0.0
24, 1, 19, 0, 0, 0.0
24, 1, 20, 0, 0, 0.0
25, 0, 0, 307, 311, -2.426794765142404e-07
25, 0, 1, 335, 286, -0.014112585224211216
25, 0, 2, 353, 257, -0.026699110865592957
25, 0, 3, 359, 231, -0.04075659438967705
25, 0, 4, 345, 212, -0.0504194051027298
25, 0, 5, 306, 214, -0.004235228523612022
25, 0, 6, 335, 194, -0.035595305263996124
25, 0, 7, 345, 221, -0.053748663514852524
25, 0, 8, 341, 240, -0.0613609179854393
25, 0, 9, 290, 214, -0.009935697540640831
25, 0, 10, 326, 194, -0.04029770940542221
25, 0, 11, 335, 227, -0.04742196202278137
25, 0, 12, 330, 246, -0.04471137374639511
25, 0, 13, 278, 221, -0.02016105130314827
25, 0, 14, 318, 211, -0.048009276390075684
25, 0, 15, 325, 243, -0.042463671416044235
25, 0, 16, 319, 259, -0.031123332679271698
25, 0, 17, 270, 233, -0.03231412172317505
25, 0, 18, 309, 232, -0.048441216349601746
25, 0, 19, 317, 254, -0.043937504291534424
25, 0, 20, 310, 266, -0.03574663773179054
25, 1, 0, 0, 0, 0.0
25, 1, 1, 0, 0, 0.0
25, 1, 2, 0, 0, 0.0
25, 1, 3, 0, 0, 0.0
25, 1, 4, 0, 0, 0.0
25, 1, 5, 0, 0, 0.0
25, 1, 6, 0, 0, 0.0
25, 1, 7, 0, 0, 0.0
25, 1, 8, 0, 0, 0.0
25, 1, 9, 0, 0, 0.0
25, 1, 10, 0, 0, 0.0
25, 1, 11, 0, 0, 0.0
25, 1, 12, 0, 0, 0.0
25, 1, 13, 0, 0, 0.0
25, 1, 14, 0, 0, 0.0
25, 1, 15, 0, 0, 0.0
25, 1, 16, 0, 0, 0.0
25, 1, 17, 0, 0, 0.0
25, 1, 18, 0, 0, 0.0
25, 1, 19, 0, 0, 0.0
25, 1, 20, 0, 0, 0.0
26, 0, 0, 306, 313, -2.163405241617511e-07
26, 0, 1, 334, 288, -0.013969996012747288
26, 0, 2, 353, 259, -0.026885565370321274
26, 0, 3, 359, 232, -0.041453421115875244
26, 0, 4, 346, 212, -0.051488783210515976
26, 0, 5, 303, 214, -0.004396065138280392
26, 0, 6, 333, 195, -0.03570142760872841
26, 0, 7, 343, 224, -0.05384211614727974
26, 0, 8, 338, 242, -0.06146049499511719
26, 0, 9, 287, 215, -0.010524923913180828
26, 0, 10, 323, 195, -0.04117213189601898
26, 0, 11, 333, 229, -0.04856555908918381
26, 0, 12, 329, 247, -0.046055082231760025
26, 0, 13, 274, 222, -0.02107216790318489
26, 0, 14, 316, 213, -0.04957333952188492
26, 0, 15, 323, 245, -0.04398960992693901
26, 0, 16, 317, 262, -0.032341744750738144
26, 0, 17, 267, 235, -0.03343374654650688
26, 0, 18, 307, 233, -0.04927656054496765
26, 0, 19, 315, 256, -0.04368165135383606
26, 0, 20, 308, 268, -0.034670598804950714
26, 1, 0, 0, 0, 0.0
26, 1, 1, 0, 0, 0.0
26, 1, 2, 0, 0, 0.0
26, 1, 3, 0, 0, 0.0
26, 1, 4, 0, 0, 0.0
26, 1, 5, 0, 0, 0.0
26, 1, 6, 0, 0, 0.0
26, 1, 7, 0, 0, 0.0
26, 1, 8, 0, 0, 0.0
26, 1, 9, 0, 0, 0.0
26, 1, 10, 0, 0, 0.0
26, 1, 11, 0, 0, 0.0
26, 1, 12, 0, 0, 0.0
26, 1, 13, 0, 0, 0.0
26, 1, 14, 0, 0, 0.0
26, 1, 15, 0, 0, 0.0
26, 1, 16, 0, 0, 0.0
26, 1, 17, 0, 0, 0.0
26, 1, 18, 0, 0, 0.0
26, 1, 19, 0, 0, 0.0
26, 1, 20, 0, 0, 0.0
27, 0, 0, 304, 317, -2.7016253056899586e-07
27, 0, 1, 332, 292, -0.014215272851288319
27, 0, 2, 351, 262, -0.02671637199819088
27, 0, 3, 358, 235, -0.04064727947115898
27, 0, 4, 347, 213, -0.049957986921072006
27, 0, 5, 302, 215, -0.005866348277777433
27, 0, 6, 333, 196, -0.03650985285639763
27, 0, 7, 341, 226, -0.053595736622810364
27, 0, 8, 334, 246, -0.060508184134960175
27, 0, 9, 285, 216, -0.011639866046607494
27, 0, 10, 323, 198, -0.04154149070382118
27, 0, 11, 332, 233, -0.04802675172686577
27, 0, 12, 326, 252, -0.045143429189920425
27, 0, 13, 272, 224, -0.02172147110104561
27, 0, 14, 315, 214, -0.049626536667346954
27, 0, 15, 322, 248, -0.043316181749105453
27, 0, 16, 314, 265, -0.03149011358618736
27, 0, 17, 264, 237, -0.033612627536058426
27, 0, 18, 304, 235, -0.04939883574843407
27, 0, 19, 312, 258, -0.043637219816446304
27, 0, 20, 306, 271, -0.03450674191117287
27, 1, 0, 0, 0, 0.0
27, 1, 1, 0, 0, 0.0
27, 1, 2, 0, 0, 0.0
27, 1, 3, 0, 0, 0.0
27, 1, 4, 0, 0, 0.0
27, 1, 5, 0, 0, 0.0
27, 1, 6, 0, 0, 0.0
27, 1, 7, 0, 0, 0.0
27, 1, 8, 0, 0, 0.0
27, 1, 9, 0, 0, 0.0
27, 1, 10, 0, 0, 0.0
27, 1, 11, 0, 0, 0.0
27, 1, 12, 0, 0, 0.0
27, 1, 13, 0, 0, 0.0
27, 1, 14, 0, 0, 0.0
27, 1, 15, 0, 0, 0.0
27, 1, 16, 0, 0, 0.0
27, 1, 17, 0, 0, 0.0
27, 1, 18, 0, 0, 0.0
27, 1, 19, 0, 0, 0.0
27, 1, 20, 0, 0, 0.0
28, 0, 0, 298, 324, -2.928978517502401e-07
28, 0, 1, 328, 301, -0.012683385983109474
28, 0, 2, 349, 270, -0.024155398830771446
28, 0, 3, 358, 242, -0.037330999970436096
28, 0, 4, 350, 217, -0.04572443291544914
28, 0, 5, 299, 219, -0.00372798228636384
28, 0, 6, 332, 200, -0.03424784913659096
28, 0, 7, 340, 230, -0.051342085003852844
28, 0, 8, 333, 249, -0.058213021606206894
28, 0, 9, 282, 220, -0.010167146101593971
28, 0, 10, 324, 203, -0.0390186607837677
28, 0, 11, 332, 238, -0.045263927429914474
28, 0, 12, 325, 256, -0.04254951328039169
28, 0, 13, 269, 227, -0.020966658368706703
28, 0, 14, 315, 222, -0.04785051569342613
28, 0, 15, 321, 255, -0.041942328214645386
28, 0, 16, 312, 271, -0.030824944376945496
28, 0, 17, 262, 241, -0.03351965174078941
28, 0, 18, 304, 241, -0.04758593812584877
28, 0, 19, 311, 265, -0.041361406445503235
28, 0, 20, 303, 278, -0.0323316864669323
28, 1, 0, 0, 0, 0.0
28, 1, 1, 0, 0, 0.0
28, 1, 2, 0, 0, 0.0
28, 1, 3, 0, 0, 0.0
28, 1, 4, 0, 0, 0.0
28, 1, 5, 0, 0, 0.0
28, 1, 6, 0, 0, 0.0
28, 1, 7, 0, 0, 0.0
28, 1, 8, 0, 0, 0.0
28, 1, 9, 0, 0, 0.0
28, 1, 10, 0, 0, 0.0
28, 1, 11, 0, 0, 0.0
28, 1, 12, 0, 0, 0.0
28, 1, 13, 0, 0, 0.0
28, 1, 14, 0, 0, 0.0
28, 1, 15, 0, 0, 0.0
28, 1, 16, 0, 0, 0.0
28, 1, 17, 0, 0, 0.0
28, 1, 18, 0, 0, 0.0
28, 1, 19, 0, 0, 0.0
28, 1, 20, 0, 0, 0.0
29, 0, 0, 291, 336, -3.5050382507506583e-07
29, 0, 1, 323, 311, -0.011038728058338165
29, 0, 2, 346, 279, -0.02244671992957592
29, 0, 3, 360, 250, -0.03605060651898384
29, 0, 4, 354, 224, -0.04518864303827286
29, 0, 5, 297, 223, -0.001764104119502008
29, 0, 6, 334, 208, -0.033131856471300125
29, 0, 7, 342, 239, -0.05223385989665985
29, 0, 8, 334, 257, -0.060866810381412506
29, 0, 9, 280, 224, -0.009869387373328209
29, 0, 10, 325, 212, -0.03740229830145836
29, 0, 11, 333, 248, -0.04318615421652794
29, 0, 12, 325, 265, -0.04103347659111023
29, 0, 13, 267, 233, -0.022438175976276398
29, 0, 14, 313, 230, -0.048252806067466736
29, 0, 15, 321, 263, -0.04133021831512451
29, 0, 16, 313, 278, -0.030270619317889214
29, 0, 17, 260, 249, -0.03677251189947128
29, 0, 18, 301, 250, -0.04973100125789642
29, 0, 19, 309, 273, -0.041895344853401184
29, 0, 20, 302, 286, -0.031860239803791046
29, 1, 0, 0, 0, 0.0
29, 1, 1, 0, 0, 0.0
29, 1, 2, 0, 0, 0.0
29, 1, 3, 0, 0, 0.0
29, 1, 4, 0, 0, 0.0
29, 1, 5, 0, 0, 0.0
29, 1, 6, 0, 0, 0.0
29, 1, 7, 0, 0, 0.0
29, 1, 8, 0, 0, 0.0
29, 1, 9, 0, 0, 0.0
29, 1, 10, 0, 0, 0.0
29, 1, 11, 0, 0, 0.0
29, 1, 12, 0, 0, 0.0
29, 1, 13, 0, 0, 0.0
29, 1, 14, 0, 0, 0.0
29, 1, 15, 0, 0, 0.0
29, 1, 16, 0, 0, 0.0
29, 1, 17, 0, 0, 0.0
29, 1, 18, 0, 0, 0.0
29, 1, 19, 0, 0, 0.0
29, 1, 20, 0, 0, 0.0
30, 0, 0, 282, 355, -4.3775381186605955e-07
30, 0, 1, 318, 335, -0.011541659943759441
30, 0, 2, 344, 297, -0.021615752950310707
30, 0, 3, 362, 265, -0.033586204051971436
30, 0, 4, 360, 237, -0.04112798720598221
30, 0, 5, 297, 232, -0.0026027150452136993
30, 0, 6, 337, 219, -0.03184999153017998
30, 0, 7, 344, 253, -0.051069535315036774
30, 0, 8, 336, 273, -0.06055239588022232
30, 0, 9, 277, 234, -0.01025402545928955
30, 0, 10, 324, 228, -0.03299534693360329
30, 0, 11, 331, 264, -0.03832196444272995
30, 0, 12, 322, 281, -0.03839663043618202
30, 0, 13, 262, 246, -0.022186648100614548
30, 0, 14, 309, 244, -0.04308241233229637
30, 0, 15, 317, 277, -0.03474200516939163
30, 0, 16, 309, 293, -0.025258200243115425
30, 0, 17, 252, 265, -0.036211047321558
30, 0, 18, 294, 264, -0.046575695276260376
30, 0, 19, 303, 287, -0.0376017801463604
30, 0, 20, 297, 301, -0.02783879078924656
30, 1, 0, 0, 0, 0.0
30, 1, 1, 0, 0, 0.0
30, 1, 2, 0, 0, 0.0
30, 1, 3, 0, 0, 0.0
30, 1, 4, 0, 0, 0.0
30, 1, 5, 0, 0, 0.0
30, 1, 6, 0, 0, 0.0
30, 1, 7, 0, 0, 0.0
30, 1, 8, 0, 0, 0.0
30, 1, 9, 0, 0, 0.0
30, 1, 10, 0, 0, 0.0
30, 1, 11, 0, 0, 0.0
30, 1, 12, 0, 0, 0.0
30, 1, 13, 0, 0, 0.0
30, 1, 14, 0, 0, 0.0
30, 1, 15, 0, 0, 0.0
30, 1, 16, 0, 0, 0.0
30, 1, 17, 0, 0, 0.0
30, 1, 18, 0, 0, 0.0
30, 1, 19, 0, 0, 0.0
30, 1, 20, 0, 0, 0.0
31, 0, 0, 273, 386, -4.6817478960292647e-07
31, 0, 1, 312, 371, -0.02171640656888485
31, 0, 2, 345, 326, -0.03288906067609787
31, 0, 3, 363, 288, -0.04348397254943848
31, 0, 4, 362, 255, -0.05030698701739311
31, 0, 5, 294, 254, -0.019441774114966393
31, 0, 6, 337, 236, -0.05016646161675453
31, 0, 7, 344, 276, -0.06797949224710464
31, 0, 8, 337, 300, -0.07539840042591095
31, 0, 9, 271, 259, -0.02228204533457756
31, 0, 10, 321, 254, -0.04676605388522148
31, 0, 11, 326, 296, -0.05017837509512901
31, 0, 12, 316, 317, -0.048832185566425323
31, 0, 13, 252, 272, -0.029758531600236893
31, 0, 14, 302, 276, -0.052474264055490494
31, 0, 15, 306, 312, -0.04264110326766968
31, 0, 16, 296, 333, -0.032027922570705414
31, 0, 17, 236, 293, -0.039976660162210464
31, 0, 18, 282, 294, -0.05177675187587738
31, 0, 19, 289, 322, -0.04151930287480354
31, 0, 20, 283, 342, -0.030625278130173683
31, 1, 0, 0, 0, 0.0
31, 1, 1, 0, 0, 0.0
31, 1, 2, 0, 0, 0.0
31, 1, 3, 0, 0, 0.0
31, 1, 4, 0, 0, 0.0
31, 1, 5, 0, 0, 0.0
31, 1, 6, 0, 0, 0.0
31, 1, 7, 0, 0, 0.0
31, 1, 8, 0, 0, 0.0
31, 1, 9, 0, 0, 0.0
31, 1, 10, 0, 0, 0.0
31, 1, 11, 0, 0, 0.0
31, 1, 12, 0, 0, 0.0
31, 1, 13, 0, 0, 0.0
31, 1, 14, 0, 0, 0.0
31, 1, 15, 0, 0, 0.0
31, 1, 16, 0, 0, 0.0
31, 1, 17, 0, 0, 0.0
31, 1, 18, 0, 0, 0.0
31, 1, 19, 0, 0, 0.0
31, 1, 20, 0, 0, 0.0
32, 0, 0, 269, 424, -4.810078735317802e-07
32, 0, 1, 312, 405, -0.01842953823506832
32, 0, 2, 349, 355, -0.02830277942121029
32, 0, 3, 364, 314, -0.03928691893815994
32, 0, 4, 364, 283, -0.04840903729200363
32, 0, 5, 297, 281, -0.025728696957230568
32, 0, 6, 331, 263, -0.06258072704076767
32, 0, 7, 338, 307, -0.08404078334569931
32, 0, 8, 335, 337, -0.09367635846138
32, 0, 9, 260, 290, -0.03350553661584854
32, 0, 10, 301, 293, -0.06634487956762314
32, 0, 11, 309, 340, -0.07438485324382782
32, 0, 12, 306, 367, -0.07477770745754242
32, 0, 13, 228, 314, -0.04533785954117775
32, 0, 14, 272, 329, -0.07375983148813248
32, 0, 15, 281, 367, -0.06600615382194519
32, 0, 16, 277, 391, -0.05597328767180443
32, 0, 17, 204, 346, -0.059573981910943985
32, 0, 18, 241, 361, -0.0746554434299469
32, 0, 19, 254, 388, -0.06451690196990967
32, 0, 20, 254, 407, -0.05295051634311676
32, 1, 0, 0, 0, 0.0
32, 1, 1, 0, 0, 0.0
32, 1, 2, 0, 0, 0.0
32, 1, 3, 0, 0, 0.0
32, 1, 4, 0, 0, 0.0
32, 1, 5, 0, 0, 0.0
32, 1, 6, 0, 0, 0.0
32, 1, 7, 0, 0, 0.0
32, 1, 8, 0, 0, 0.0
32, 1, 9, 0, 0, 0.0
32, 1, 10, 0, 0, 0.0
32, 1, 11, 0, 0, 0.0
32, 1, 12, 0, 0, 0.0
32, 1, 13, 0, 0, 0.0
32, 1, 14, 0, 0, 0.0
32, 1, 15, 0, 0, 0.0
32, 1, 16, 0, 0, 0.0
32, 1, 17, 0, 0, 0.0
32, 1, 18, 0, 0, 0.0
32, 1, 19, 0, 0, 0.0
32, 1, 20, 0, 0, 0.0
33, 0, 0, 229, 442, -6.919183306308696e-07
33, 0, 1, 291, 434, -0.01779906637966633
33, 0, 2, 338, 408, -0.038558848202228546
33, 0, 3, 359, 378, -0.06018276885151863
33, 0, 4, 360, 352, -0.08178504556417465
33, 0, 5, 293, 308, -0.03023866005241871
33, 0, 6, 326, 332, -0.06810387223958969
33, 0, 7, 327, 376, -0.10357247292995453
33, 0, 8, 317, 401, -0.12637148797512054
33, 0, 9, 260, 309, -0.038116756826639175
33, 0, 10, 298, 343, -0.06776539981365204
33, 0, 11, 302, 392, -0.08726968616247177
33, 0, 12, 297, 422, -0.09927379339933395
33, 0, 13, 232, 322, -0.04707062616944313
33, 0, 14, 266, 359, -0.06879475712776184
33, 0, 15, 275, 399, -0.06289136409759521
33, 0, 16, 271, 429, -0.056658584624528885
33, 0, 17, 208, 342, -0.058699123561382294
33, 0, 18, 238, 371, -0.06822361052036285
33, 0, 19, 247, 402, -0.05554908141493797
33, 0, 20, 248, 425, -0.04268879443407059
33, 1, 0, 0, 0, 0.0
33, 1, 1, 0, 0, 0.0
33, 1, 2, 0, 0, 0.0
33, 1, 3, 0, 0, 0.0
33, 1, 4, 0, 0, 0.0
33, 1, 5, 0, 0, 0.0
33, 1, 6, 0, 0, 0.0
33, 1, 7, 0, 0, 0.0
33, 1, 8, 0, 0, 0.0
33, 1, 9, 0, 0, 0.0
33, 1, 10, 0, 0, 0.0
33, 1, 11, 0, 0, 0.0
33, 1, 12, 0, 0, 0.0
33, 1, 13, 0, 0, 0.0
33, 1, 14, 0, 0, 0.0
33, 1, 15, 0, 0, 0.0
33, 1, 16, 0, 0, 0.0
33, 1, 17, 0, 0, 0.0
33, 1, 18, 0, 0, 0.0
33, 1, 19, 0, 0, 0.0
33, 1, 20, 0, 0, 0.0
34, 0, 0, 0, 0, 0.0
34, 0, 1, 0, 0, 0.0
34, 0, 2, 0, 0, 0.0
34, 0, 3, 0, 0, 0.0
34, 0, 4, 0, 0, 0.0
34, 0, 5, 0, 0, 0.0
34, 0, 6, 0, 0, 0.0
34, 0, 7, 0, 0, 0.0
34, 0, 8, 0, 0, 0.0
34, 0, 9, 0, 0, 0.0
34, 0, 10, 0, 0, 0.0
34, 0, 11, 0, 0, 0.0
34, 0, 12, 0, 0, 0.0
34, 0, 13, 0, 0, 0.0
34, 0, 14, 0, 0, 0.0
34, 0, 15, 0, 0, 0.0
34, 0, 16, 0, 0, 0.0
34, 0, 17, 0, 0, 0.0
34, 0, 18, 0, 0, 0.0
34, 0, 19, 0, 0, 0.0
34, 0, 20, 0, 0, 0.0
34, 1, 0, 0, 0, 0.0
34, 1, 1, 0, 0, 0.0
34, 1, 2, 0, 0, 0.0
34, 1, 3, 0, 0, 0.0
34, 1, 4, 0, 0, 0.0
34, 1, 5, 0, 0, 0.0
34, 1, 6, 0, 0, 0.0
34, 1, 7, 0, 0, 0.0
34, 1, 8, 0, 0, 0.0
34, 1, 9, 0, 0, 0.0
34, 1, 10, 0, 0, 0.0
34, 1, 11, 0, 0, 0.0
34, 1, 12, 0, 0, 0.0
34, 1, 13, 0, 0, 0.0
34, 1, 14, 0, 0, 0.0
34, 1, 15, 0, 0, 0.0
34, 1, 16, 0, 0, 0.0
34, 1, 17, 0, 0, 0.0
34, 1, 18, 0, 0, 0.0
34, 1, 19, 0, 0, 0.0
34, 1, 20, 0, 0, 0.0
35, 0, 0, 0, 0, 0.0
35, 0, 1, 0, 0, 0.0
35, 0, 2, 0, 0, 0.0
35, 0, 3, 0, 0, 0.0
35, 0, 4, 0, 0, 0.0
35, 0, 5, 0, 0, 0.0
35, 0, 6, 0, 0, 0.0
35, 0, 7, 0, 0, 0.0
35, 0, 8, 0, 0, 0.0
35, 0, 9, 0, 0, 0.0
35, 0, 10, 0, 0, 0.0
35, 0, 11, 0, 0, 0.0
35, 0, 12, 0, 0, 0.0
35, 0, 13, 0, 0, 0.0
35, 0, 14, 0, 0, 0.0
35, 0, 15, 0, 0, 0.0
35, 0, 16, 0, 0, 0.0
35, 0, 17, 0, 0, 0.0
35, 0, 18, 0, 0, 0.0
35, 0, 19, 0, 0, 0.0
35, 0, 20, 0, 0, 0.0
35, 1, 0, 0, 0, 0.0
35, 1, 1, 0, 0, 0.0
35, 1, 2, 0, 0, 0.0
35, 1, 3, 0, 0, 0.0
35, 1, 4, 0, 0, 0.0
35, 1, 5, 0, 0, 0.0
35, 1, 6, 0, 0, 0.0
35, 1, 7, 0, 0, 0.0
35, 1, 8, 0, 0, 0.0
35, 1, 9, 0, 0, 0.0
35, 1, 10, 0, 0, 0.0
35, 1, 11, 0, 0, 0.0
35, 1, 12, 0, 0, 0.0
35, 1, 13, 0, 0, 0.0
35, 1, 14, 0, 0, 0.0
35, 1, 15, 0, 0, 0.0
35, 1, 16, 0, 0, 0.0
35, 1, 17, 0, 0, 0.0
35, 1, 18, 0, 0, 0.0
35, 1, 19, 0, 0, 0.0
35, 1, 20, 0, 0, 0.0
36, 0, 0, 0, 0, 0.0
36, 0, 1, 0, 0, 0.0
36, 0, 2, 0, 0, 0.0
36, 0, 3, 0, 0, 0.0
36, 0, 4, 0, 0, 0.0
36, 0, 5, 0, 0, 0.0
36, 0, 6, 0, 0, 0.0
36, 0, 7, 0, 0, 0.0
36, 0, 8, 0, 0, 0.0
36, 0, 9, 0, 0, 0.0
36, 0, 10, 0, 0, 0.0
36, 0, 11, 0, 0, 0.0
36, 0, 12, 0, 0, 0.0
36, 0, 13, 0, 0, 0.0
36, 0, 14, 0, 0, 0.0
36, 0, 15, 0, 0, 0.0
36, 0, 16, 0, 0, 0.0
36, 0, 17, 0, 0, 0.0
36, 0, 18, 0, 0, 0.0
36, 0, 19, 0, 0, 0.0
36, 0, 20, 0, 0, 0.0
36, 1, 0, 0, 0, 0.0
36, 1, 1, 0, 0, 0.0
36, 1, 2, 0, 0, 0.0
36, 1, 3, 0, 0, 0.0
36, 1, 4, 0, 0, 0.0
36, 1, 5, 0, 0, 0.0
36, 1, 6, 0, 0, 0.0
36, 1, 7, 0, 0, 0.0
36, 1, 8, 0, 0, 0.0
36, 1, 9, 0, 0, 0.0
36, 1, 10, 0, 0, 0.0
36, 1, 11, 0, 0, 0.0
36, 1, 12, 0, 0, 0.0
36, 1, 13, 0, 0, 0.0
36, 1, 14, 0, 0, 0.0
36, 1, 15, 0, 0, 0.0
36, 1, 16, 0, 0, 0.0
36, 1, 17, 0, 0, 0.0
36, 1, 18, 0, 0, 0.0
36, 1, 19, 0, 0, 0.0
36, 1, 20, 0, 0, 0.0
37, 0, 0, 0, 0, 0.0
37, 0, 1, 0, 0, 0.0
37, 0, 2, 0, 0, 0.0
37, 0, 3, 0, 0, 0.0
37, 0, 4, 0, 0, 0.0
37, 0, 5, 0, 0, 0.0
37, 0, 6, 0, 0, 0.0
37, 0, 7, 0, 0, 0.0
37, 0, 8, 0, 0, 0.0
37, 0, 9, 0, 0, 0.0
37, 0, 10, 0, 0, 0.0
37, 0, 11, 0, 0, 0.0
37, 0, 12, 0, 0, 0.0
37, 0, 13, 0, 0, 0.0
37, 0, 14, 0, 0, 0.0
37, 0, 15, 0, 0, 0.0
37, 0, 16, 0, 0, 0.0
37, 0, 17, 0, 0, 0.0
37, 0, 18, 0, 0, 0.0
37, 0, 19, 0, 0, 0.0
37, 0, 20, 0, 0, 0.0
37, 1, 0, 0, 0, 0.0
37, 1, 1, 0, 0, 0.0
37, 1, 2, 0, 0, 0.0
37, 1, 3, 0, 0, 0.0
37, 1, 4, 0, 0, 0.0
37, 1, 5, 0, 0, 0.0
37, 1, 6, 0, 0, 0.0
37, 1, 7, 0, 0, 0.0
37, 1, 8, 0, 0, 0.0
37, 1, 9, 0, 0, 0.0
37, 1, 10, 0, 0, 0.0
37, 1, 11, 0, 0, 0.0
37, 1, 12, 0, 0, 0.0
37, 1, 13, 0, 0, 0.0
37, 1, 14, 0, 0, 0.0
37, 1, 15, 0, 0, 0.0
37, 1, 16, 0, 0, 0.0
37, 1, 17, 0, 0, 0.0
37, 1, 18, 0, 0, 0.0
37, 1, 19, 0, 0, 0.0
37, 1, 20, 0, 0, 0.0
38, 0, 0, 0, 0, 0.0
38, 0, 1, 0, 0, 0.0
38, 0, 2, 0, 0, 0.0
38, 0, 3, 0, 0, 0.0
38, 0, 4, 0, 0, 0.0
38, 0, 5, 0, 0, 0.0
38, 0, 6, 0, 0, 0.0
38, 0, 7, 0, 0, 0.0
38, 0, 8, 0, 0, 0.0
38, 0, 9, 0, 0, 0.0
38, 0, 10, 0, 0, 0.0
38, 0, 11, 0, 0, 0.0
38, 0, 12, 0, 0, 0.0
38, 0, 13, 0, 0, 0.0
38, 0, 14, 0, 0, 0.0
38, 0, 15, 0, 0, 0.0
38, 0, 16, 0, 0, 0.0
38, 0, 17, 0, 0, 0.0
38, 0, 18, 0, 0, 0.0
38, 0, 19, 0, 0, 0.0
38, 0, 20, 0, 0, 0.0
38, 1, 0, 0, 0, 0.0
38, 1, 1, 0, 0, 0.0
38, 1, 2, 0, 0, 0.0
38, 1, 3, 0, 0, 0.0
38, 1, 4, 0, 0, 0.0
38, 1, 5, 0, 0, 0.0
38, 1, 6, 0, 0, 0.0
38, 1, 7, 0, 0, 0.0
38, 1, 8, 0, 0, 0.0
38, 1, 9, 0, 0, 0.0
38, 1, 10, 0, 0, 0.0
38, 1, 11, 0, 0, 0.0
38, 1, 12, 0, 0, 0.0
38, 1, 13, 0, 0, 0.0
38, 1, 14, 0, 0, 0.0
38, 1, 15, 0, 0, 0.0
38, 1, 16, 0, 0, 0.0
38, 1, 17, 0, 0, 0.0
38, 1, 18, 0, 0, 0.0
38, 1, 19, 0, 0, 0.0
38, 1, 20, 0, 0, 0.0
39, 0, 0, 0, 0, 0.0
39, 0, 1, 0, 0, 0.0
39, 0, 2, 0, 0, 0.0
39, 0, 3, 0, 0, 0.0
39, 0, 4, 0, 0, 0.0
39, 0, 5, 0, 0, 0.0
39, 0, 6, 0, 0, 0.0
39, 0, 7, 0, 0, 0.0
39, 0, 8, 0, 0, 0.0
39, 0, 9, 0, 0, 0.0
39, 0, 10, 0, 0, 0.0
39, 0, 11, 0, 0, 0.0
39, 0, 12, 0, 0, 0.0
39, 0, 13, 0, 0, 0.0
39, 0, 14, 0, 0, 0.0
39, 0, 15, 0, 0, 0.0
39, 0, 16, 0, 0, 0.0
39, 0, 17, 0, 0, 0.0
39, 0, 18, 0, 0, 0.0
39, 0, 19, 0, 0, 0.0
39, 0, 20, 0, 0, 0.0
39, 1, 0, 0, 0, 0.0
39, 1, 1, 0, 0, 0.0
39, 1, 2, 0, 0, 0.0
39, 1, 3, 0, 0, 0.0
39, 1, 4, 0, 0, 0.0
39, 1, 5, 0, 0, 0.0
39, 1, 6, 0, 0, 0.0
39, 1, 7, 0, 0, 0.0
39, 1, 8, 0, 0, 0.0
39, 1, 9, 0, 0, 0.0
39, 1, 10, 0, 0, 0.0
39, 1, 11, 0, 0, 0.0
39, 1, 12, 0, 0, 0.0
39, 1, 13, 0, 0, 0.0
39, 1, 14, 0, 0, 0.0
39, 1, 15, 0, 0, 0.0
39, 1, 16, 0, 0, 0.0
39, 1, 17, 0, 0, 0.0
39, 1, 18, 0, 0, 0.0
39, 1, 19, 0, 0, 0.0
39, 1, 20, 0, 0, 0.0
40, 0, 0, 0, 0, 0.0
40, 0, 1, 0, 0, 0.0
40, 0, 2, 0, 0, 0.0
40, 0, 3, 0, 0, 0.0
40, 0, 4, 0, 0, 0.0
40, 0, 5, 0, 0, 0.0
40, 0, 6, 0, 0, 0.0
40, 0, 7, 0, 0, 0.0
40, 0, 8, 0, 0, 0.0
40, 0, 9, 0, 0, 0.0
40, 0, 10, 0, 0, 0.0
40, 0, 11, 0, 0, 0.0
40, 0, 12, 0, 0, 0.0
40, 0, 13, 0, 0, 0.0
40, 0, 14, 0, 0, 0.0
40, 0, 15, 0, 0, 0.0
40, 0, 16, 0, 0, 0.0
40, 0, 17, 0, 0, 0.0
40, 0, 18, 0, 0, 0.0
40, 0, 19, 0, 0, 0.0
40, 0, 20, 0, 0, 0.0
40, 1, 0, 0, 0, 0.0
40, 1, 1, 0, 0, 0.0
40, 1, 2, 0, 0, 0.0
40, 1, 3, 0, 0, 0.0
40, 1, 4, 0, 0, 0.0
40, 1, 5, 0, 0, 0.0
40, 1, 6, 0, 0, 0.0
40, 1, 7, 0, 0, 0.0
40, 1, 8, 0, 0, 0.0
40, 1, 9, 0, 0, 0.0
40, 1, 10, 0, 0, 0.0
40, 1, 11, 0, 0, 0.0
40, 1, 12, 0, 0, 0.0
40, 1, 13, 0, 0, 0.0
40, 1, 14, 0, 0, 0.0
40, 1, 15, 0, 0, 0.0
40, 1, 16, 0, 0, 0.0
40, 1, 17, 0, 0, 0.0
40, 1, 18, 0, 0, 0.0
40, 1, 19, 0, 0, 0.0
40, 1, 20, 0, 0, 0.0
41, 0, 0, 0, 0, 0.0
41, 0, 1, 0, 0, 0.0
41, 0, 2, 0, 0, 0.0
41, 0, 3, 0, 0, 0.0
41, 0, 4, 0, 0, 0.0
41, 0, 5, 0, 0, 0.0
41, 0, 6, 0, 0, 0.0
41, 0, 7, 0, 0, 0.0
41, 0, 8, 0, 0, 0.0
41, 0, 9, 0, 0, 0.0
41, 0, 10, 0, 0, 0.0
41, 0, 11, 0, 0, 0.0
41, 0, 12, 0, 0, 0.0
41, 0, 13, 0, 0, 0.0
41, 0, 14, 0, 0, 0.0
41, 0, 15, 0, 0, 0.0
41, 0, 16, 0, 0, 0.0
41, 0, 17, 0, 0, 0.0
41, 0, 18, 0, 0, 0.0
41, 0, 19, 0, 0, 0.0
41, 0, 20, 0, 0, 0.0
41, 1, 0, 0, 0, 0.0
41, 1, 1, 0, 0, 0.0
41, 1, 2, 0, 0, 0.0
41, 1, 3, 0, 0, 0.0
41, 1, 4, 0, 0, 0.0
41, 1, 5, 0, 0, 0.0
41, 1, 6, 0, 0, 0.0
41, 1, 7, 0, 0, 0.0
41, 1, 8, 0, 0, 0.0
41, 1, 9, 0, 0, 0.0
41, 1, 10, 0, 0, 0.0
41, 1, 11, 0, 0, 0.0
41, 1, 12, 0, 0, 0.0
41, 1, 13, 0, 0, 0.0
41, 1, 14, 0, 0, 0.0
41, 1, 15, 0, 0, 0.0
41, 1, 16, 0, 0, 0.0
41, 1, 17, 0, 0, 0.0
41, 1, 18, 0, 0, 0.0
41, 1, 19, 0, 0, 0.0
41, 1, 20, 0, 0, 0.0
42, 0, 0, 0, 0, 0.0
42, 0, 1, 0, 0, 0.0
42, 0, 2, 0, 0, 0.0
42, 0, 3, 0, 0, 0.0
42, 0, 4, 0, 0, 0.0
42, 0, 5, 0, 0, 0.0
42, 0, 6, 0, 0, 0.0
42, 0, 7, 0, 0, 0.0
42, 0, 8, 0, 0, 0.0
42, 0, 9, 0, 0, 0.0
42, 0, 10, 0, 0, 0.0
42, 0, 11, 0, 0, 0.0
42, 0, 12, 0, 0, 0.0
42, 0, 13, 0, 0, 0.0
42, 0, 14, 0, 0, 0.0
42, 0, 15, 0, 0, 0.0
42, 0, 16, 0, 0, 0.0
42, 0, 17, 0, 0, 0.0
42, 0, 18, 0, 0, 0.0
42, 0, 19, 0, 0, 0.0
42, 0, 20, 0, 0, 0.0
42, 1, 0, 0, 0, 0.0
42, 1, 1, 0, 0, 0.0
42, 1, 2, 0, 0, 0.0
42, 1, 3, 0, 0, 0.0
42, 1, 4, 0, 0, 0.0
42, 1, 5, 0, 0, 0.0
42, 1, 6, 0, 0, 0.0
42, 1, 7, 0, 0, 0.0
42, 1, 8, 0, 0, 0.0
42, 1, 9, 0, 0, 0.0
42, 1, 10, 0, 0, 0.0
42, 1, 11, 0, 0, 0.0
42, 1, 12, 0, 0, 0.0
42, 1, 13, 0, 0, 0.0
42, 1, 14, 0, 0, 0.0
42, 1, 15, 0, 0, 0.0
42, 1, 16, 0, 0, 0.0
42, 1, 17, 0, 0, 0.0
42, 1, 18, 0, 0, 0.0
42, 1, 19, 0, 0, 0.0
42, 1, 20, 0, 0, 0.0
43, 0, 0, 0, 0, 0.0
43, 0, 1, 0, 0, 0.0
43, 0, 2, 0, 0, 0.0
43, 0, 3, 0, 0, 0.0
43, 0, 4, 0, 0, 0.0
43, 0, 5, 0, 0, 0.0
43, 0, 6, 0, 0, 0.0
43, 0, 7, 0, 0, 0.0
43, 0, 8, 0, 0, 0.0
43, 0, 9, 0, 0, 0.0
43, 0, 10, 0, 0, 0.0
43, 0, 11, 0, 0, 0.0
43, 0, 12, 0, 0, 0.0
43, 0, 13, 0, 0, 0.0
43, 0, 14, 0, 0, 0.0
43, 0, 15, 0, 0, 0.0
43, 0, 16, 0, 0, 0.0
43, 0, 17, 0, 0, 0.0
43, 0, 18, 0, 0, 0.0
43, 0, 19, 0, 0, 0.0
43, 0, 20, 0, 0, 0.0
43, 1, 0, 0, 0, 0.0
43, 1, 1, 0, 0, 0.0
43, 1, 2, 0, 0, 0.0
43, 1, 3, 0, 0, 0.0
43, 1, 4, 0, 0, 0.0
43, 1, 5, 0, 0, 0.0
43, 1, 6, 0, 0, 0.0
43, 1, 7, 0, 0, 0.0
43, 1, 8, 0, 0, 0.0
43, 1, 9, 0, 0, 0.0
43, 1, 10, 0, 0, 0.0
43, 1, 11, 0, 0, 0.0
43, 1, 12, 0, 0, 0.0
43, 1, 13, 0, 0, 0.0
43, 1, 14, 0, 0, 0.0
43, 1, 15, 0, 0, 0.0
43, 1, 16, 0, 0, 0.0
43, 1, 17, 0, 0, 0.0
43, 1, 18, 0, 0, 0.0
43, 1, 19, 0, 0, 0.0
43, 1, 20, 0, 0, 0.0
44, 0, 0, 0, 0, 0.0
44, 0, 1, 0, 0, 0.0
44, 0, 2, 0, 0, 0.0
44, 0, 3, 0, 0, 0.0
44, 0, 4, 0, 0, 0.0
44, 0, 5, 0, 0, 0.0
44, 0, 6, 0, 0, 0.0
44, 0, 7, 0, 0, 0.0
44, 0, 8, 0, 0, 0.0
44, 0, 9, 0, 0, 0.0
44, 0, 10, 0, 0, 0.0
44, 0, 11, 0, 0, 0.0
44, 0, 12, 0, 0, 0.0
44, 0, 13, 0, 0, 0.0
44, 0, 14, 0, 0, 0.0
44, 0, 15, 0, 0, 0.0
44, 0, 16, 0, 0, 0.0
44, 0, 17, 0, 0, 0.0
44, 0, 18, 0, 0, 0.0
44, 0, 19, 0, 0, 0.0
44, 0, 20, 0, 0, 0.0
44, 1, 0, 0, 0, 0.0
44, 1, 1, 0, 0, 0.0
44, 1, 2, 0, 0, 0.0
44, 1, 3, 0, 0, 0.0
44, 1, 4, 0, 0, 0.0
44, 1, 5, 0, 0, 0.0
44, 1, 6, 0, 0, 0.0
44, 1, 7, 0, 0, 0.0
44, 1, 8, 0, 0, 0.0
44, 1, 9, 0, 0, 0.0
44, 1, 10, 0, 0, 0.0
44, 1, 11, 0, 0, 0.0
44, 1, 12, 0, 0, 0.0
44, 1, 13, 0, 0, 0.0
44, 1, 14, 0, 0, 0.0
44, 1, 15, 0, 0, 0.0
44, 1, 16, 0, 0, 0.0
44, 1, 17, 0, 0, 0.0
44, 1, 18, 0, 0, 0.0
44, 1, 19, 0, 0, 0.0
44, 1, 20, 0, 0, 0.0
45, 0, 0, 0, 0, 0.0
45, 0, 1, 0, 0, 0.0
45, 0, 2, 0, 0, 0.0
45, 0, 3, 0, 0, 0.0
45, 0, 4, 0, 0, 0.0
45, 0, 5, 0, 0, 0.0
45, 0, 6, 0, 0, 0.0
45, 0, 7, 0, 0, 0.0
45, 0, 8, 0, 0, 0.0
45, 0, 9, 0, 0, 0.0
45, 0, 10, 0, 0, 0.0
45, 0, 11, 0, 0, 0.0
45, 0, 12, 0, 0, 0.0
45, 0, 13, 0, 0, 0.0
45, 0, 14, 0, 0, 0.0
45, 0, 15, 0, 0, 0.0
45, 0, 16, 0, 0, 0.0
45, 0, 17, 0, 0, 0.0
45, 0, 18, 0, 0, 0.0
45, 0, 19, 0, 0, 0.0
45, 0, 20, 0, 0, 0.0
45, 1, 0, 0, 0, 0.0
45, 1, 1, 0, 0, 0.0
45, 1, 2, 0, 0, 0.0
45, 1, 3, 0, 0, 0.0
45, 1, 4, 0, 0, 0.0
45, 1, 5, 0, 0, 0.0
45, 1, 6, 0, 0, 0.0
45, 1, 7, 0, 0, 0.0
45, 1, 8, 0, 0, 0.0
45, 1, 9, 0, 0, 0.0
45, 1, 10, 0, 0, 0.0
45, 1, 11, 0, 0, 0.0
45, 1, 12, 0, 0, 0.0
45, 1, 13, 0, 0, 0.0
45, 1, 14, 0, 0, 0.0
45, 1, 15, 0, 0, 0.0
45, 1, 16, 0, 0, 0.0
45, 1, 17, 0, 0, 0.0
45, 1, 18, 0, 0, 0.0
45, 1, 19, 0, 0, 0.0
45, 1, 20, 0, 0, 0.0
46, 0, 0, 0, 0, 0.0
46, 0, 1, 0, 0, 0.0
46, 0, 2, 0, 0, 0.0
46, 0, 3, 0, 0, 0.0
46, 0, 4, 0, 0, 0.0
46, 0, 5, 0, 0, 0.0
46, 0, 6, 0, 0, 0.0
46, 0, 7, 0, 0, 0.0
46, 0, 8, 0, 0, 0.0
46, 0, 9, 0, 0, 0.0
46, 0, 10, 0, 0, 0.0
46, 0, 11, 0, 0, 0.0
46, 0, 12, 0, 0, 0.0
46, 0, 13, 0, 0, 0.0
46, 0, 14, 0, 0, 0.0
46, 0, 15, 0, 0, 0.0
46, 0, 16, 0, 0, 0.0
46, 0, 17, 0, 0, 0.0
46, 0, 18, 0, 0, 0.0
46, 0, 19, 0, 0, 0.0
46, 0, 20, 0, 0, 0.0
46, 1, 0, 0, 0, 0.0
46, 1, 1, 0, 0, 0.0
46, 1, 2, 0, 0, 0.0
46, 1, 3, 0, 0, 0.0
46, 1, 4, 0, 0, 0.0
46, 1, 5, 0, 0, 0.0
46, 1, 6, 0, 0, 0.0
46, 1, 7, 0, 0, 0.0
46, 1, 8, 0, 0, 0.0
46, 1, 9, 0, 0, 0.0
46, 1, 10, 0, 0, 0.0
46, 1, 11, 0, 0, 0.0
46, 1, 12, 0, 0, 0.0
46, 1, 13, 0, 0, 0.0
46, 1, 14, 0, 0, 0.0
46, 1, 15, 0, 0, 0.0
46, 1, 16, 0, 0, 0.0
46, 1, 17, 0, 0, 0.0
46, 1, 18, 0, 0, 0.0
46, 1, 19, 0, 0, 0.0
46, 1, 20, 0, 0, 0.0
47, 0, 0, 0, 0, 0.0
47, 0, 1, 0, 0, 0.0
47, 0, 2, 0, 0, 0.0
47, 0, 3, 0, 0, 0.0
47, 0, 4, 0, 0, 0.0
47, 0, 5, 0, 0, 0.0
47, 0, 6, 0, 0, 0.0
47, 0, 7, 0, 0, 0.0
47, 0, 8, 0, 0, 0.0
47, 0, 9, 0, 0, 0.0
47, 0, 10, 0, 0, 0.0
47, 0, 11, 0, 0, 0.0
47, 0, 12, 0, 0, 0.0
47, 0, 13, 0, 0, 0.0
47, 0, 14, 0, 0, 0.0
47, 0, 15, 0, 0, 0.0
47, 0, 16, 0, 0, 0.0
47, 0, 17, 0, 0, 0.0
47, 0, 18, 0, 0, 0.0
47, 0, 19, 0, 0, 0.0
47, 0, 20, 0, 0, 0.0
47, 1, 0, 0, 0, 0.0
47, 1, 1, 0, 0, 0.0
47, 1, 2, 0, 0, 0.0
47, 1, 3, 0, 0, 0.0
47, 1, 4, 0, 0, 0.0
47, 1, 5, 0, 0, 0.0
47, 1, 6, 0, 0, 0.0
47, 1, 7, 0, 0, 0.0
47, 1, 8, 0, 0, 0.0
47, 1, 9, 0, 0, 0.0
47, 1, 10, 0, 0, 0.0
47, 1, 11, 0, 0, 0.0
47, 1, 12, 0, 0, 0.0
47, 1, 13, 0, 0, 0.0
47, 1, 14, 0, 0, 0.0
47, 1, 15, 0, 0, 0.0
47, 1, 16, 0, 0, 0.0
47, 1, 17, 0, 0, 0.0
47, 1, 18, 0, 0, 0.0
47, 1, 19, 0, 0, 0.0
47, 1, 20, 0, 0, 0.0
48, 0, 0, 0, 0, 0.0
48, 0, 1, 0, 0, 0.0
48, 0, 2, 0, 0, 0.0
48, 0, 3, 0, 0, 0.0
48, 0, 4, 0, 0, 0.0
48, 0, 5, 0, 0, 0.0
48, 0, 6, 0, 0, 0.0
48, 0, 7, 0, 0, 0.0
48, 0, 8, 0, 0, 0.0
48, 0, 9, 0, 0, 0.0
48, 0, 10, 0, 0, 0.0
48, 0, 11, 0, 0, 0.0
48, 0, 12, 0, 0, 0.0
48, 0, 13, 0, 0, 0.0
48, 0, 14, 0, 0, 0.0
48, 0, 15, 0, 0, 0.0
48, 0, 16, 0, 0, 0.0
48, 0, 17, 0, 0, 0.0
48, 0, 18, 0, 0, 0.0
48, 0, 19, 0, 0, 0.0
48, 0, 20, 0, 0, 0.0
48, 1, 0, 0, 0, 0.0
48, 1, 1, 0, 0, 0.0
48, 1, 2, 0, 0, 0.0
48, 1, 3, 0, 0, 0.0
48, 1, 4, 0, 0, 0.0
48, 1, 5, 0, 0, 0.0
48, 1, 6, 0, 0, 0.0
48, 1, 7, 0, 0, 0.0
48, 1, 8, 0, 0, 0.0
48, 1, 9, 0, 0, 0.0
48, 1, 10, 0, 0, 0.0
48, 1, 11, 0, 0, 0.0
48, 1, 12, 0, 0, 0.0
48, 1, 13, 0, 0, 0.0
48, 1, 14, 0, 0, 0.0
48, 1, 15, 0, 0, 0.0
48, 1, 16, 0, 0, 0.0
48, 1, 17, 0, 0, 0.0
48, 1, 18, 0, 0, 0.0
48, 1, 19, 0, 0, 0.0
48, 1, 20, 0, 0, 0.0
49, 0, 0, 0, 0, 0.0
49, 0, 1, 0, 0, 0.0
49, 0, 2, 0, 0, 0.0
49, 0, 3, 0, 0, 0.0
49, 0, 4, 0, 0, 0.0
49, 0, 5, 0, 0, 0.0
49, 0, 6, 0, 0, 0.0
49, 0, 7, 0, 0, 0.0
49, 0, 8, 0, 0, 0.0
49, 0, 9, 0, 0, 0.0
49, 0, 10, 0, 0, 0.0
49, 0, 11, 0, 0, 0.0
49, 0, 12, 0, 0, 0.0
49, 0, 13, 0, 0, 0.0
49, 0, 14, 0, 0, 0.0
49, 0, 15, 0, 0, 0.0
49, 0, 16, 0, 0, 0.0
49, 0, 17, 0, 0, 0.0
49, 0, 18, 0, 0, 0.0
49, 0, 19, 0, 0, 0.0
49, 0, 20, 0, 0, 0.0
49, 1, 0, 0, 0, 0.0
49, 1, 1, 0, 0, 0.0
49, 1, 2, 0, 0, 0.0
49, 1, 3, 0, 0, 0.0
49, 1, 4, 0, 0, 0.0
49, 1, 5, 0, 0, 0.0
49, 1, 6, 0, 0, 0.0
49, 1, 7, 0, 0, 0.0
49, 1, 8, 0, 0, 0.0
49, 1, 9, 0, 0, 0.0
49, 1, 10, 0, 0, 0.0
49, 1, 11, 0, 0, 0.0
49, 1, 12, 0, 0, 0.0
49, 1, 13, 0, 0, 0.0
49, 1, 14, 0, 0, 0.0
49, 1, 15, 0, 0, 0.0
49, 1, 16, 0, 0, 0.0
49, 1, 17, 0, 0, 0.0
49, 1, 18, 0, 0, 0.0
49, 1, 19, 0, 0, 0.0
49, 1, 20, 0, 0, 0.0
