0, 0, 0, 0, 0, 0.0
0, 0, 1, 0, 0, 0.0
0, 0, 2, 0, 0, 0.0
0, 0, 3, 0, 0, 0.0
0, 0, 4, 0, 0, 0.0
0, 0, 5, 0, 0, 0.0
0, 0, 6, 0, 0, 0.0
0, 0, 7, 0, 0, 0.0
0, 0, 8, 0, 0, 0.0
0, 0, 9, 0, 0, 0.0
0, 0, 10, 0, 0, 0.0
0, 0, 11, 0, 0, 0.0
0, 0, 12, 0, 0, 0.0
0, 0, 13, 0, 0, 0.0
0, 0, 14, 0, 0, 0.0
0, 0, 15, 0, 0, 0.0
0, 0, 16, 0, 0, 0.0
0, 0, 17, 0, 0, 0.0
0, 0, 18, 0, 0, 0.0
0, 0, 19, 0, 0, 0.0
0, 0, 20, 0, 0, 0.0
0, 1, 0, 0, 0, 0.0
0, 1, 1, 0, 0, 0.0
0, 1, 2, 0, 0, 0.0
0, 1, 3, 0, 0, 0.0
0, 1, 4, 0, 0, 0.0
0, 1, 5, 0, 0, 0.0
0, 1, 6, 0, 0, 0.0
0, 1, 7, 0, 0, 0.0
0, 1, 8, 0, 0, 0.0
0, 1, 9, 0, 0, 0.0
0, 1, 10, 0, 0, 0.0
0, 1, 11, 0, 0, 0.0
0, 1, 12, 0, 0, 0.0
0, 1, 13, 0, 0, 0.0
0, 1, 14, 0, 0, 0.0
0, 1, 15, 0, 0, 0.0
0, 1, 16, 0, 0, 0.0
0, 1, 17, 0, 0, 0.0
0, 1, 18, 0, 0, 0.0
0, 1, 19, 0, 0, 0.0
0, 1, 20, 0, 0, 0.0
1, 0, 0, 0, 0, 0.0
1, 0, 1, 0, 0, 0.0
1, 0, 2, 0, 0, 0.0
1, 0, 3, 0, 0, 0.0
1, 0, 4, 0, 0, 0.0
1, 0, 5, 0, 0, 0.0
1, 0, 6, 0, 0, 0.0
1, 0, 7, 0, 0, 0.0
1, 0, 8, 0, 0, 0.0
1, 0, 9, 0, 0, 0.0
1, 0, 10, 0, 0, 0.0
1, 0, 11, 0, 0, 0.0
1, 0, 12, 0, 0, 0.0
1, 0, 13, 0, 0, 0.0
1, 0, 14, 0, 0, 0.0
1, 0, 15, 0, 0, 0.0
1, 0, 16, 0, 0, 0.0
1, 0, 17, 0, 0, 0.0
1, 0, 18, 0, 0, 0.0
1, 0, 19, 0, 0, 0.0
1, 0, 20, 0, 0, 0.0
1, 1, 0, 0, 0, 0.0
1, 1, 1, 0, 0, 0.0
1, 1, 2, 0, 0, 0.0
1, 1, 3, 0, 0, 0.0
1, 1, 4, 0, 0, 0.0
1, 1, 5, 0, 0, 0.0
1, 1, 6, 0, 0, 0.0
1, 1, 7, 0, 0, 0.0
1, 1, 8, 0, 0, 0.0
1, 1, 9, 0, 0, 0.0
1, 1, 10, 0, 0, 0.0
1, 1, 11, 0, 0, 0.0
1, 1, 12, 0, 0, 0.0
1, 1, 13, 0, 0, 0.0
1, 1, 14, 0, 0, 0.0
1, 1, 15, 0, 0, 0.0
1, 1, 16, 0, 0, 0.0
1, 1, 17, 0, 0, 0.0
1, 1, 18, 0, 0, 0.0
1, 1, 19, 0, 0, 0.0
1, 1, 20, 0, 0, 0.0
2, 0, 0, 0, 0, 0.0
2, 0, 1, 0, 0, 0.0
2, 0, 2, 0, 0, 0.0
2, 0, 3, 0, 0, 0.0
2, 0, 4, 0, 0, 0.0
2, 0, 5, 0, 0, 0.0
2, 0, 6, 0, 0, 0.0
2, 0, 7, 0, 0, 0.0
2, 0, 8, 0, 0, 0.0
2, 0, 9, 0, 0, 0.0
2, 0, 10, 0, 0, 0.0
2, 0, 11, 0, 0, 0.0
2, 0, 12, 0, 0, 0.0
2, 0, 13, 0, 0, 0.0
2, 0, 14, 0, 0, 0.0
2, 0, 15, 0, 0, 0.0
2, 0, 16, 0, 0, 0.0
2, 0, 17, 0, 0, 0.0
2, 0, 18, 0, 0, 0.0
2, 0, 19, 0, 0, 0.0
2, 0, 20, 0, 0, 0.0
2, 1, 0, 0, 0, 0.0
2, 1, 1, 0, 0, 0.0
2, 1, 2, 0, 0, 0.0
2, 1, 3, 0, 0, 0.0
2, 1, 4, 0, 0, 0.0
2, 1, 5, 0, 0, 0.0
2, 1, 6, 0, 0, 0.0
2, 1, 7, 0, 0, 0.0
2, 1, 8, 0, 0, 0.0
2, 1, 9, 0, 0, 0.0
2, 1, 10, 0, 0, 0.0
2, 1, 11, 0, 0, 0.0
2, 1, 12, 0, 0, 0.0
2, 1, 13, 0, 0, 0.0
2, 1, 14, 0, 0, 0.0
2, 1, 15, 0, 0, 0.0
2, 1, 16, 0, 0, 0.0
2, 1, 17, 0, 0, 0.0
2, 1, 18, 0, 0, 0.0
2, 1, 19, 0, 0, 0.0
2, 1, 20, 0, 0, 0.0
3, 0, 0, 0, 0, 0.0
3, 0, 1, 0, 0, 0.0
3, 0, 2, 0, 0, 0.0
3, 0, 3, 0, 0, 0.0
3, 0, 4, 0, 0, 0.0
3, 0, 5, 0, 0, 0.0
3, 0, 6, 0, 0, 0.0
3, 0, 7, 0, 0, 0.0
3, 0, 8, 0, 0, 0.0
3, 0, 9, 0, 0, 0.0
3, 0, 10, 0, 0, 0.0
3, 0, 11, 0, 0, 0.0
3, 0, 12, 0, 0, 0.0
3, 0, 13, 0, 0, 0.0
3, 0, 14, 0, 0, 0.0
3, 0, 15, 0, 0, 0.0
3, 0, 16, 0, 0, 0.0
3, 0, 17, 0, 0, 0.0
3, 0, 18, 0, 0, 0.0
3, 0, 19, 0, 0, 0.0
3, 0, 20, 0, 0, 0.0
3, 1, 0, 0, 0, 0.0
3, 1, 1, 0, 0, 0.0
3, 1, 2, 0, 0, 0.0
3, 1, 3, 0, 0, 0.0
3, 1, 4, 0, 0, 0.0
3, 1, 5, 0, 0, 0.0
3, 1, 6, 0, 0, 0.0
3, 1, 7, 0, 0, 0.0
3, 1, 8, 0, 0, 0.0
3, 1, 9, 0, 0, 0.0
3, 1, 10, 0, 0, 0.0
3, 1, 11, 0, 0, 0.0
3, 1, 12, 0, 0, 0.0
3, 1, 13, 0, 0, 0.0
3, 1, 14, 0, 0, 0.0
3, 1, 15, 0, 0, 0.0
3, 1, 16, 0, 0, 0.0
3, 1, 17, 0, 0, 0.0
3, 1, 18, 0, 0, 0.0
3, 1, 19, 0, 0, 0.0
3, 1, 20, 0, 0, 0.0
4, 0, 0, 0, 0, 0.0
4, 0, 1, 0, 0, 0.0
4, 0, 2, 0, 0, 0.0
4, 0, 3, 0, 0, 0.0
4, 0, 4, 0, 0, 0.0
4, 0, 5, 0, 0, 0.0
4, 0, 6, 0, 0, 0.0
4, 0, 7, 0, 0, 0.0
4, 0, 8, 0, 0, 0.0
4, 0, 9, 0, 0, 0.0
4, 0, 10, 0, 0, 0.0
4, 0, 11, 0, 0, 0.0
4, 0, 12, 0, 0, 0.0
4, 0, 13, 0, 0, 0.0
4, 0, 14, 0, 0, 0.0
4, 0, 15, 0, 0, 0.0
4, 0, 16, 0, 0, 0.0
4, 0, 17, 0, 0, 0.0
4, 0, 18, 0, 0, 0.0
4, 0, 19, 0, 0, 0.0
4, 0, 20, 0, 0, 0.0
4, 1, 0, 0, 0, 0.0
4, 1, 1, 0, 0, 0.0
4, 1, 2, 0, 0, 0.0
4, 1, 3, 0, 0, 0.0
4, 1, 4, 0, 0, 0.0
4, 1, 5, 0, 0, 0.0
4, 1, 6, 0, 0, 0.0
4, 1, 7, 0, 0, 0.0
4, 1, 8, 0, 0, 0.0
4, 1, 9, 0, 0, 0.0
4, 1, 10, 0, 0, 0.0
4, 1, 11, 0, 0, 0.0
4, 1, 12, 0, 0, 0.0
4, 1, 13, 0, 0, 0.0
4, 1, 14, 0, 0, 0.0
4, 1, 15, 0, 0, 0.0
4, 1, 16, 0, 0, 0.0
4, 1, 17, 0, 0, 0.0
4, 1, 18, 0, 0, 0.0
4, 1, 19, 0, 0, 0.0
4, 1, 20, 0, 0, 0.0
5, 0, 0, 0, 0, 0.0
5, 0, 1, 0, 0, 0.0
5, 0, 2, 0, 0, 0.0
5, 0, 3, 0, 0, 0.0
5, 0, 4, 0, 0, 0.0
5, 0, 5, 0, 0, 0.0
5, 0, 6, 0, 0, 0.0
5, 0, 7, 0, 0, 0.0
5, 0, 8, 0, 0, 0.0
5, 0, 9, 0, 0, 0.0
5, 0, 10, 0, 0, 0.0
5, 0, 11, 0, 0, 0.0
5, 0, 12, 0, 0, 0.0
5, 0, 13, 0, 0, 0.0
5, 0, 14, 0, 0, 0.0
5, 0, 15, 0, 0, 0.0
5, 0, 16, 0, 0, 0.0
5, 0, 17, 0, 0, 0.0
5, 0, 18, 0, 0, 0.0
5, 0, 19, 0, 0, 0.0
5, 0, 20, 0, 0, 0.0
5, 1, 0, 0, 0, 0.0
5, 1, 1, 0, 0, 0.0
5, 1, 2, 0, 0, 0.0
5, 1, 3, 0, 0, 0.0
5, 1, 4, 0, 0, 0.0
5, 1, 5, 0, 0, 0.0
5, 1, 6, 0, 0, 0.0
5, 1, 7, 0, 0, 0.0
5, 1, 8, 0, 0, 0.0
5, 1, 9, 0, 0, 0.0
5, 1, 10, 0, 0, 0.0
5, 1, 11, 0, 0, 0.0
5, 1, 12, 0, 0, 0.0
5, 1, 13, 0, 0, 0.0
5, 1, 14, 0, 0, 0.0
5, 1, 15, 0, 0, 0.0
5, 1, 16, 0, 0, 0.0
5, 1, 17, 0, 0, 0.0
5, 1, 18, 0, 0, 0.0
5, 1, 19, 0, 0, 0.0
5, 1, 20, 0, 0, 0.0
6, 0, 0, 195, 482, 7.347104542532179e-07
6, 0, 1, 255, 465, -0.04413202404975891
6, 0, 2, 303, 431, -0.0701485127210617
6, 0, 3, 343, 404, -0.09301810711622238
6, 0, 4, 380, 382, -0.11611679196357727
6, 0, 5, 243, 357, -0.03526753932237625
6, 0, 6, 254, 301, -0.05908254161477089
6, 0, 7, 262, 271, -0.08041121810674667
6, 0, 8, 270, 247, -0.09593289345502853
6, 0, 9, 205, 351, -0.03121546469628811
6, 0, 10, 210, 290, -0.05004008859395981
6, 0, 11, 218, 251, -0.06914638727903366
6, 0, 12, 226, 223, -0.08363854885101318
6, 0, 13, 172, 357, -0.03215932473540306
6, 0, 14, 170, 297, -0.05074914172291756
6, 0, 15, 172, 260, -0.06571006029844284
6, 0, 16, 178, 230, -0.07608962804079056
6, 0, 17, 146, 371, -0.03725580498576164
6, 0, 18, 141, 327, -0.05312274396419525
6, 0, 19, 141, 299, -0.05907537415623665
6, 0, 20, 143, 277, -0.06243543326854706
6, 1, 0, 0, 0, 0.0
6, 1, 1, 0, 0, 0.0
6, 1, 2, 0, 0, 0.0
6, 1, 3, 0, 0, 0.0
6, 1, 4, 0, 0, 0.0
6, 1, 5, 0, 0, 0.0
6, 1, 6, 0, 0, 0.0
6, 1, 7, 0, 0, 0.0
6, 1, 8, 0, 0, 0.0
6, 1, 9, 0, 0, 0.0
6, 1, 10, 0, 0, 0.0
6, 1, 11, 0, 0, 0.0
6, 1, 12, 0, 0, 0.0
6, 1, 13, 0, 0, 0.0
6, 1, 14, 0, 0, 0.0
6, 1, 15, 0, 0, 0.0
6, 1, 16, 0, 0, 0.0
6, 1, 17, 0, 0, 0.0
6, 1, 18, 0, 0, 0.0
6, 1, 19, 0, 0, 0.0
6, 1, 20, 0, 0, 0.0
7, 0, 0, 208, 446, 8.668917530485487e-07
7, 0, 1, 266, 412, -0.025995945557951927
7, 0, 2, 313, 374, -0.04568713903427124
7, 0, 3, 353, 346, -0.0668187364935875
7, 0, 4, 387, 323, -0.08928722143173218
7, 0, 5, 261, 308, -0.009879736229777336
7, 0, 6, 267, 256, -0.031036483123898506
7, 0, 7, 272, 220, -0.05398445203900337
7, 0, 8, 280, 190, -0.07142915576696396
7, 0, 9, 229, 305, -0.01538752019405365
7, 0, 10, 229, 252, -0.03358408063650131
7, 0, 11, 234, 214, -0.05617031455039978
7, 0, 12, 241, 180, -0.07341460883617401
7, 0, 13, 199, 311, -0.02518177404999733
7, 0, 14, 193, 260, -0.04267318919301033
7, 0, 15, 193, 221, -0.05876798927783966
7, 0, 16, 196, 188, -0.07024060189723969
7, 0, 17, 173, 326, -0.03818994387984276
7, 0, 18, 164, 285, -0.054108910262584686
7, 0, 19, 161, 255, -0.06106387451291084
7, 0, 20, 160, 229, -0.0648631751537323
7, 1, 0, 0, 0, 0.0
7, 1, 1, 0, 0, 0.0
7, 1, 2, 0, 0, 0.0
7, 1, 3, 0, 0, 0.0
7, 1, 4, 0, 0, 0.0
7, 1, 5, 0, 0, 0.0
7, 1, 6, 0, 0, 0.0
7, 1, 7, 0, 0, 0.0
7, 1, 8, 0, 0, 0.0
7, 1, 9, 0, 0, 0.0
7, 1, 10, 0, 0, 0.0
7, 1, 11, 0, 0, 0.0
7, 1, 12, 0, 0, 0.0
7, 1, 13, 0, 0, 0.0
7, 1, 14, 0, 0, 0.0
7, 1, 15, 0, 0, 0.0
7, 1, 16, 0, 0, 0.0
7, 1, 17, 0, 0, 0.0
7, 1, 18, 0, 0, 0.0
7, 1, 19, 0, 0, 0.0
7, 1, 20, 0, 0, 0.0
8, 0, 0, 224, 402, 8.144212415572838e-07
8, 0, 1, 281, 366, -0.019392793998122215
8, 0, 2, 323, 327, -0.03262005373835564
8, 0, 3, 360, 300, -0.04906490817666054
8, 0, 4, 396, 282, -0.06628227978944778
8, 0, 5, 277, 265, 0.002936467295512557
8, 0, 6, 283, 216, -0.01783987693488598
8, 0, 7, 291, 182, -0.040081366896629333
8, 0, 8, 302, 154, -0.05592399090528488
8, 0, 9, 249, 260, -0.00509945722296834
8, 0, 10, 250, 207, -0.021429359912872314
8, 0, 11, 258, 170, -0.041621118783950806
8, 0, 12, 268, 138, -0.05628842115402222
8, 0, 13, 222, 263, -0.01815190725028515
8, 0, 14, 218, 213, -0.034109242260456085
8, 0, 15, 220, 177, -0.04934311658143997
8, 0, 16, 225, 147, -0.05931096896529198
8, 0, 17, 198, 275, -0.0343441367149353
8, 0, 18, 189, 234, -0.04834246262907982
8, 0, 19, 186, 205, -0.05437246337532997
8, 0, 20, 185, 180, -0.05722391605377197
8, 1, 0, 0, 0, 0.0
8, 1, 1, 0, 0, 0.0
8, 1, 2, 0, 0, 0.0
8, 1, 3, 0, 0, 0.0
8, 1, 4, 0, 0, 0.0
8, 1, 5, 0, 0, 0.0
8, 1, 6, 0, 0, 0.0
8, 1, 7, 0, 0, 0.0
8, 1, 8, 0, 0, 0.0
8, 1, 9, 0, 0, 0.0
8, 1, 10, 0, 0, 0.0
8, 1, 11, 0, 0, 0.0
8, 1, 12, 0, 0, 0.0
8, 1, 13, 0, 0, 0.0
8, 1, 14, 0, 0, 0.0
8, 1, 15, 0, 0, 0.0
8, 1, 16, 0, 0, 0.0
8, 1, 17, 0, 0, 0.0
8, 1, 18, 0, 0, 0.0
8, 1, 19, 0, 0, 0.0
8, 1, 20, 0, 0, 0.0
9, 0, 0, 236, 362, 8.09718642358348e-07
9, 0, 1, 291, 330, -0.018932709470391273
9, 0, 2, 331, 297, -0.033913712948560715
9, 0, 3, 367, 274, -0.053013745695352554
9, 0, 4, 402, 262, -0.07299753278493881
9, 0, 5, 286, 227, 0.010825554840266705
9, 0, 6, 296, 181, -0.008112951181828976
9, 0, 7, 306, 152, -0.03163605183362961
9, 0, 8, 317, 126, -0.04915786162018776
9, 0, 9, 263, 220, 0.0015824437141418457
9, 0, 10, 268, 170, -0.013011406175792217
9, 0, 11, 277, 134, -0.034133683890104294
9, 0, 12, 287, 104, -0.049620725214481354
9, 0, 13, 240, 223, -0.013041339814662933
9, 0, 14, 239, 172, -0.026785697788000107
9, 0, 15, 243, 139, -0.04112770035862923
9, 0, 16, 248, 109, -0.05074506253004074
9, 0, 17, 218, 235, -0.031042149290442467
9, 0, 18, 211, 195, -0.041612520813941956
9, 0, 19, 210, 167, -0.04477312043309212
9, 0, 20, 209, 143, -0.04610023647546768
9, 1, 0, 0, 0, 0.0
9, 1, 1, 0, 0, 0.0
9, 1, 2, 0, 0, 0.0
9, 1, 3, 0, 0, 0.0
9, 1, 4, 0, 0, 0.0
9, 1, 5, 0, 0, 0.0
9, 1, 6, 0, 0, 0.0
9, 1, 7, 0, 0, 0.0
9, 1, 8, 0, 0, 0.0
9, 1, 9, 0, 0, 0.0
9, 1, 10, 0, 0, 0.0
9, 1, 11, 0, 0, 0.0
9, 1, 12, 0, 0, 0.0
9, 1, 13, 0, 0, 0.0
9, 1, 14, 0, 0, 0.0
9, 1, 15, 0, 0, 0.0
9, 1, 16, 0, 0, 0.0
9, 1, 17, 0, 0, 0.0
9, 1, 18, 0, 0, 0.0
9, 1, 19, 0, 0, 0.0
9, 1, 20, 0, 0, 0.0
10, 0, 0, 254, 322, 6.848746920695703e-07
10, 0, 1, 303, 302, -0.03198223188519478
10, 0, 2, 342, 278, -0.054353978484869
10, 0, 3, 376, 257, -0.07748116552829742
10, 0, 4, 410, 244, -0.10093812644481659
10, 0, 5, 300, 206, -0.011985067278146744
10, 0, 6, 310, 162, -0.03394780308008194
10, 0, 7, 316, 137, -0.05723362788558006
10, 0, 8, 323, 112, -0.07497909665107727
10, 0, 9, 278, 198, -0.015471738763153553
10, 0, 10, 285, 147, -0.034189049154520035
10, 0, 11, 293, 114, -0.05481379106640816
10, 0, 12, 302, 85, -0.07067203521728516
10, 0, 13, 255, 199, -0.024369031190872192
10, 0, 14, 259, 148, -0.04230372607707977
10, 0, 15, 265, 116, -0.0560012012720108
10, 0, 16, 271, 87, -0.06555355340242386
10, 0, 17, 233, 209, -0.037226397544145584
10, 0, 18, 231, 169, -0.05134810134768486
10, 0, 19, 232, 142, -0.05591617152094841
10, 0, 20, 232, 117, -0.05890050157904625
10, 1, 0, 0, 0, 0.0
10, 1, 1, 0, 0, 0.0
10, 1, 2, 0, 0, 0.0
10, 1, 3, 0, 0, 0.0
10, 1, 4, 0, 0, 0.0
10, 1, 5, 0, 0, 0.0
10, 1, 6, 0, 0, 0.0
10, 1, 7, 0, 0, 0.0
10, 1, 8, 0, 0, 0.0
10, 1, 9, 0, 0, 0.0
10, 1, 10, 0, 0, 0.0
10, 1, 11, 0, 0, 0.0
10, 1, 12, 0, 0, 0.0
10, 1, 13, 0, 0, 0.0
10, 1, 14, 0, 0, 0.0
10, 1, 15, 0, 0, 0.0
10, 1, 16, 0, 0, 0.0
10, 1, 17, 0, 0, 0.0
10, 1, 18, 0, 0, 0.0
10, 1, 19, 0, 0, 0.0
10, 1, 20, 0, 0, 0.0
11, 0, 0, 265, 299, 6.170943720462674e-07
11, 0, 1, 313, 286, -0.031939346343278885
11, 0, 2, 354, 264, -0.05182122439146042
11, 0, 3, 384, 244, -0.07127737253904343
11, 0, 4, 414, 237, -0.0906628966331482
11, 0, 5, 312, 193, -0.014977408573031425
11, 0, 6, 320, 152, -0.03535906970500946
11, 0, 7, 327, 127, -0.055008262395858765
11, 0, 8, 334, 105, -0.0694112479686737
11, 0, 9, 290, 185, -0.016056612133979797
11, 0, 10, 297, 136, -0.03463870659470558
11, 0, 11, 306, 105, -0.052266206592321396
11, 0, 12, 317, 79, -0.06471584737300873
11, 0, 13, 269, 185, -0.022153697907924652
11, 0, 14, 273, 136, -0.040194232016801834
11, 0, 15, 279, 105, -0.0537777803838253
11, 0, 16, 287, 79, -0.06202058494091034
11, 0, 17, 248, 192, -0.03201286494731903
11, 0, 18, 248, 153, -0.04555022343993187
11, 0, 19, 250, 126, -0.051390305161476135
11, 0, 20, 253, 103, -0.05486961081624031
11, 1, 0, 0, 0, 0.0
11, 1, 1, 0, 0, 0.0
11, 1, 2, 0, 0, 0.0
11, 1, 3, 0, 0, 0.0
11, 1, 4, 0, 0, 0.0
11, 1, 5, 0, 0, 0.0
11, 1, 6, 0, 0, 0.0
11, 1, 7, 0, 0, 0.0
11, 1, 8, 0, 0, 0.0
11, 1, 9, 0, 0, 0.0
11, 1, 10, 0, 0, 0.0
11, 1, 11, 0, 0, 0.0
11, 1, 12, 0, 0, 0.0
11, 1, 13, 0, 0, 0.0
11, 1, 14, 0, 0, 0.0
11, 1, 15, 0, 0, 0.0
11, 1, 16, 0, 0, 0.0
11, 1, 17, 0, 0, 0.0
11, 1, 18, 0, 0, 0.0
11, 1, 19, 0, 0, 0.0
11, 1, 20, 0, 0, 0.0
12, 0, 0, 275, 290, 5.906746309847222e-07
12, 0, 1, 321, 281, -0.03166406601667404
12, 0, 2, 359, 261, -0.05126574635505676
12, 0, 3, 389, 242, -0.07006978243589401
12, 0, 4, 420, 237, -0.08890950679779053
12, 0, 5, 321, 189, -0.01708695851266384
12, 0, 6, 331, 149, -0.036408282816410065
12, 0, 7, 337, 125, -0.054513514041900635
12, 0, 8, 344, 104, -0.06776540726423264
12, 0, 9, 301, 181, -0.01737639121711254
12, 0, 10, 310, 132, -0.03501415252685547
12, 0, 11, 319, 102, -0.05137910321354866
12, 0, 12, 330, 78, -0.06292927265167236
12, 0, 13, 280, 180, -0.022407257929444313
12, 0, 14, 286, 131, -0.039200980216264725
12, 0, 15, 293, 101, -0.052827104926109314
12, 0, 16, 300, 77, -0.061139367520809174
12, 0, 17, 259, 185, -0.030974622815847397
12, 0, 18, 259, 145, -0.043565310537815094
12, 0, 19, 262, 119, -0.04979544132947922
12, 0, 20, 267, 96, -0.0537172295153141
12, 1, 0, 0, 0, 0.0
12, 1, 1, 0, 0, 0.0
12, 1, 2, 0, 0, 0.0
12, 1, 3, 0, 0, 0.0
12, 1, 4, 0, 0, 0.0
12, 1, 5, 0, 0, 0.0
12, 1, 6, 0, 0, 0.0
12, 1, 7, 0, 0, 0.0
12, 1, 8, 0, 0, 0.0
12, 1, 9, 0, 0, 0.0
12, 1, 10, 0, 0, 0.0
12, 1, 11, 0, 0, 0.0
12, 1, 12, 0, 0, 0.0
12, 1, 13, 0, 0, 0.0
12, 1, 14, 0, 0, 0.0
12, 1, 15, 0, 0, 0.0
12, 1, 16, 0, 0, 0.0
12, 1, 17, 0, 0, 0.0
12, 1, 18, 0, 0, 0.0
12, 1, 19, 0, 0, 0.0
12, 1, 20, 0, 0, 0.0
13, 0, 0, 275, 286, 5.788393195871322e-07
13, 0, 1, 321, 279, -0.03167226165533066
13, 0, 2, 360, 260, -0.049728360027074814
13, 0, 3, 390, 240, -0.06685204058885574
13, 0, 4, 422, 237, -0.0837957113981247
13, 0, 5, 327, 189, -0.015572063624858856
13, 0, 6, 336, 149, -0.033426668494939804
13, 0, 7, 342, 124, -0.050180453807115555
13, 0, 8, 348, 102, -0.06266553699970245
13, 0, 9, 307, 180, -0.01544150896370411
13, 0, 10, 317, 133, -0.03233160078525543
13, 0, 11, 327, 104, -0.047236472368240356
13, 0, 12, 337, 79, -0.0573432482779026
13, 0, 13, 285, 178, -0.020123755559325218
13, 0, 14, 292, 131, -0.03708398714661598
13, 0, 15, 300, 102, -0.04937209561467171
13, 0, 16, 308, 78, -0.05612130090594292
13, 0, 17, 263, 182, -0.028455328196287155
13, 0, 18, 266, 142, -0.041252925992012024
13, 0, 19, 270, 117, -0.04694918170571327
13, 0, 20, 276, 94, -0.049980465322732925
13, 1, 0, 0, 0, 0.0
13, 1, 1, 0, 0, 0.0
13, 1, 2, 0, 0, 0.0
13, 1, 3, 0, 0, 0.0
13, 1, 4, 0, 0, 0.0
13, 1, 5, 0, 0, 0.0
13, 1, 6, 0, 0, 0.0
13, 1, 7, 0, 0, 0.0
13, 1, 8, 0, 0, 0.0
13, 1, 9, 0, 0, 0.0
13, 1, 10, 0, 0, 0.0
13, 1, 11, 0, 0, 0.0
13, 1, 12, 0, 0, 0.0
13, 1, 13, 0, 0, 0.0
13, 1, 14, 0, 0, 0.0
13, 1, 15, 0, 0, 0.0
13, 1, 16, 0, 0, 0.0
13, 1, 17, 0, 0, 0.0
13, 1, 18, 0, 0, 0.0
13, 1, 19, 0, 0, 0.0
13, 1, 20, 0, 0, 0.0
14, 0, 0, 270, 282, 5.598844836640637e-07
14, 0, 1, 313, 273, -0.028798140585422516
14, 0, 2, 352, 252, -0.04492274671792984
14, 0, 3, 386, 236, -0.060638535767793655
14, 0, 4, 419, 236, -0.07612830400466919
14, 0, 5, 323, 183, -0.010228972882032394
14, 0, 6, 332, 145, -0.02671411819756031
14, 0, 7, 339, 121, -0.04383734241127968
14, 0, 8, 344, 100, -0.05683430656790733
14, 0, 9, 302, 174, -0.011119409464299679
14, 0, 10, 312, 130, -0.026163829490542412
14, 0, 11, 322, 101, -0.04161275178194046
14, 0, 12, 331, 77, -0.0524163544178009
14, 0, 13, 281, 172, -0.016785742715001106
14, 0, 14, 288, 127, -0.031348053365945816
14, 0, 15, 295, 100, -0.043436449021101
14, 0, 16, 303, 78, -0.050462279468774796
14, 0, 17, 260, 177, -0.026107925921678543
14, 0, 18, 263, 139, -0.03687257319688797
14, 0, 19, 266, 115, -0.04182449355721474
14, 0, 20, 270, 93, -0.04453374445438385
14, 1, 0, 0, 0, 0.0
14, 1, 1, 0, 0, 0.0
14, 1, 2, 0, 0, 0.0
14, 1, 3, 0, 0, 0.0
14, 1, 4, 0, 0, 0.0
14, 1, 5, 0, 0, 0.0
14, 1, 6, 0, 0, 0.0
14, 1, 7, 0, 0, 0.0
14, 1, 8, 0, 0, 0.0
14, 1, 9, 0, 0, 0.0
14, 1, 10, 0, 0, 0.0
14, 1, 11, 0, 0, 0.0
14, 1, 12, 0, 0, 0.0
14, 1, 13, 0, 0, 0.0
14, 1, 14, 0, 0, 0.0
14, 1, 15, 0, 0, 0.0
14, 1, 16, 0, 0, 0.0
14, 1, 17, 0, 0, 0.0
14, 1, 18, 0, 0, 0.0
14, 1, 19, 0, 0, 0.0
14, 1, 20, 0, 0, 0.0
15, 0, 0, 257, 279, 4.438593066424801e-07
15, 0, 1, 300, 264, -0.026640137657523155
15, 0, 2, 338, 238, -0.03951532393693924
15, 0, 3, 370, 221, -0.052080634981393814
15, 0, 4, 401, 221, -0.06472574174404144
15, 0, 5, 309, 175, -0.007345867808908224
15, 0, 6, 316, 136, -0.02381936088204384
15, 0, 7, 318, 111, -0.041551876813173294
15, 0, 8, 318, 91, -0.054637834429740906
15, 0, 9, 286, 169, -0.008960384875535965
15, 0, 10, 292, 124, -0.0238041952252388
15, 0, 11, 294, 96, -0.040749672800302505
15, 0, 12, 295, 72, -0.05284733325242996
15, 0, 13, 264, 169, -0.015097156167030334
15, 0, 14, 269, 125, -0.029563413932919502
15, 0, 15, 272, 98, -0.04273882880806923
15, 0, 16, 276, 76, -0.05093100666999817
15, 0, 17, 241, 177, -0.024619463831186295
15, 0, 18, 244, 141, -0.036335621029138565
15, 0, 19, 245, 117, -0.04215975105762482
15, 0, 20, 248, 96, -0.04539242014288902
15, 1, 0, 0, 0, 0.0
15, 1, 1, 0, 0, 0.0
15, 1, 2, 0, 0, 0.0
15, 1, 3, 0, 0, 0.0
15, 1, 4, 0, 0, 0.0
15, 1, 5, 0, 0, 0.0
15, 1, 6, 0, 0, 0.0
15, 1, 7, 0, 0, 0.0
15, 1, 8, 0, 0, 0.0
15, 1, 9, 0, 0, 0.0
15, 1, 10, 0, 0, 0.0
15, 1, 11, 0, 0, 0.0
15, 1, 12, 0, 0, 0.0
15, 1, 13, 0, 0, 0.0
15, 1, 14, 0, 0, 0.0
15, 1, 15, 0, 0, 0.0
15, 1, 16, 0, 0, 0.0
15, 1, 17, 0, 0, 0.0
15, 1, 18, 0, 0, 0.0
15, 1, 19, 0, 0, 0.0
15, 1, 20, 0, 0, 0.0
16, 0, 0, 237, 280, 5.604007355941576e-07
16, 0, 1, 276, 258, -0.026671292260289192
16, 0, 2, 312, 230, -0.04144035279750824
16, 0, 3, 344, 214, -0.05682407319545746
16, 0, 4, 376, 208, -0.07274768501520157
16, 0, 5, 281, 169, -0.0015181696508079767
16, 0, 6, 288, 129, -0.019393302500247955
16, 0, 7, 293, 105, -0.03978869691491127
16, 0, 8, 298, 85, -0.054873883724212646
16, 0, 9, 260, 164, -0.00525288563221693
16, 0, 10, 266, 122, -0.020447300747036934
16, 0, 11, 271, 95, -0.040334925055503845
16, 0, 12, 276, 74, -0.0550692193210125
16, 0, 13, 238, 166, -0.014409512281417847
16, 0, 14, 241, 123, -0.028718920424580574
16, 0, 15, 244, 96, -0.042331114411354065
16, 0, 16, 248, 76, -0.051469527184963226
16, 0, 17, 214, 176, -0.027388807386159897
16, 0, 18, 214, 140, -0.03830081969499588
16, 0, 19, 214, 117, -0.04363928735256195
16, 0, 20, 217, 96, -0.04711447283625603
16, 1, 0, 0, 0, 0.0
16, 1, 1, 0, 0, 0.0
16, 1, 2, 0, 0, 0.0
16, 1, 3, 0, 0, 0.0
16, 1, 4, 0, 0, 0.0
16, 1, 5, 0, 0, 0.0
16, 1, 6, 0, 0, 0.0
16, 1, 7, 0, 0, 0.0
16, 1, 8, 0, 0, 0.0
16, 1, 9, 0, 0, 0.0
16, 1, 10, 0, 0, 0.0
16, 1, 11, 0, 0, 0.0
16, 1, 12, 0, 0, 0.0
16, 1, 13, 0, 0, 0.0
16, 1, 14, 0, 0, 0.0
16, 1, 15, 0, 0, 0.0
16, 1, 16, 0, 0, 0.0
16, 1, 17, 0, 0, 0.0
16, 1, 18, 0, 0, 0.0
16, 1, 19, 0, 0, 0.0
16, 1, 20, 0, 0, 0.0
17, 0, 0, 213, 279, 4.435850371464767e-07
17, 0, 1, 253, 253, -0.025814510881900787
17, 0, 2, 284, 214, -0.03412134572863579
17, 0, 3, 314, 189, -0.04186859726905823
17, 0, 4, 343, 183, -0.04990793392062187
17, 0, 5, 239, 159, -0.0034408671781420708
17, 0, 6, 237, 116, -0.014935196377336979
17, 0, 7, 234, 90, -0.03003714047372341
17, 0, 8, 230, 66, -0.04279421642422676
17, 0, 9, 217, 158, -0.0046167694963514805
17, 0, 10, 212, 112, -0.015055657364428043
17, 0, 11, 209, 84, -0.03113354742527008
17, 0, 12, 205, 60, -0.04384521767497063
17, 0, 13, 196, 164, -0.0103139104321599
17, 0, 14, 190, 121, -0.021542999893426895
17, 0, 15, 187, 95, -0.03427760675549507
17, 0, 16, 185, 74, -0.04324152693152428
17, 0, 17, 175, 177, -0.019538654014468193
17, 0, 18, 170, 142, -0.02945287711918354
17, 0, 19, 167, 120, -0.03523306921124458
17, 0, 20, 166, 100, -0.039225202053785324
17, 1, 0, 0, 0, 0.0
17, 1, 1, 0, 0, 0.0
17, 1, 2, 0, 0, 0.0
17, 1, 3, 0, 0, 0.0
17, 1, 4, 0, 0, 0.0
17, 1, 5, 0, 0, 0.0
17, 1, 6, 0, 0, 0.0
17, 1, 7, 0, 0, 0.0
17, 1, 8, 0, 0, 0.0
17, 1, 9, 0, 0, 0.0
17, 1, 10, 0, 0, 0.0
17, 1, 11, 0, 0, 0.0
17, 1, 12, 0, 0, 0.0
17, 1, 13, 0, 0, 0.0
17, 1, 14, 0, 0, 0.0
17, 1, 15, 0, 0, 0.0
17, 1, 16, 0, 0, 0.0
17, 1, 17, 0, 0, 0.0
17, 1, 18, 0, 0, 0.0
17, 1, 19, 0, 0, 0.0
17, 1, 20, 0, 0, 0.0
18, 0, 0, 194, 282, 4.0377463506047206e-07
18, 0, 1, 229, 249, -0.025312162935733795
18, 0, 2, 255, 205, -0.03502669930458069
18, 0, 3, 280, 177, -0.04456169530749321
18, 0, 4, 308, 168, -0.05485605448484421
18, 0, 5, 198, 158, -0.005977388471364975
18, 0, 6, 187, 116, -0.019178148359060287
18, 0, 7, 178, 90, -0.03579764440655708
18, 0, 8, 170, 67, -0.049889154732227325
18, 0, 9, 174, 160, -0.008289393968880177
18, 0, 10, 159, 115, -0.020518392324447632
18, 0, 11, 149, 86, -0.03834584355354309
18, 0, 12, 140, 62, -0.052476126700639725
18, 0, 13, 155, 169, -0.014758240431547165
18, 0, 14, 138, 125, -0.0273508969694376
18, 0, 15, 129, 99, -0.041665636003017426
18, 0, 16, 120, 77, -0.051761992275714874
18, 0, 17, 137, 185, -0.024626752361655235
18, 0, 18, 123, 150, -0.03547510504722595
18, 0, 19, 115, 129, -0.04215599223971367
18, 0, 20, 108, 108, -0.04682423174381256
18, 1, 0, 0, 0, 0.0
18, 1, 1, 0, 0, 0.0
18, 1, 2, 0, 0, 0.0
18, 1, 3, 0, 0, 0.0
18, 1, 4, 0, 0, 0.0
18, 1, 5, 0, 0, 0.0
18, 1, 6, 0, 0, 0.0
18, 1, 7, 0, 0, 0.0
18, 1, 8, 0, 0, 0.0
18, 1, 9, 0, 0, 0.0
18, 1, 10, 0, 0, 0.0
18, 1, 11, 0, 0, 0.0
18, 1, 12, 0, 0, 0.0
18, 1, 13, 0, 0, 0.0
18, 1, 14, 0, 0, 0.0
18, 1, 15, 0, 0, 0.0
18, 1, 16, 0, 0, 0.0
18, 1, 17, 0, 0, 0.0
18, 1, 18, 0, 0, 0.0
18, 1, 19, 0, 0, 0.0
18, 1, 20, 0, 0, 0.0
19, 0, 0, 189, 286, 4.536420306067157e-07
19, 0, 1, 218, 251, -0.024975378066301346
19, 0, 2, 237, 207, -0.03826583921909332
19, 0, 3, 259, 174, -0.05188427120447159
19, 0, 4, 287, 160, -0.06635098159313202
19, 0, 5, 171, 162, -0.013903015293180943
19, 0, 6, 153, 120, -0.03158773109316826
19, 0, 7, 141, 95, -0.04993565008044243
19, 0, 8, 130, 73, -0.06484968960285187
19, 0, 9, 147, 167, -0.019709931686520576
19, 0, 10, 124, 119, -0.03651745244860649
19, 0, 11, 111, 89, -0.055422212928533554
19, 0, 12, 100, 64, -0.06970585882663727
19, 0, 13, 129, 180, -0.029429780319333076
19, 0, 14, 103, 134, -0.04653507471084595
19, 0, 15, 89, 105, -0.06293705850839615
19, 0, 16, 77, 80, -0.07404983788728714
19, 0, 17, 114, 201, -0.04215200990438461
19, 0, 18, 93, 165, -0.0576525554060936
19, 0, 19, 81, 141, -0.06660177558660507
19, 0, 20, 70, 118, -0.07253614813089371
19, 1, 0, 0, 0, 0.0
19, 1, 1, 0, 0, 0.0
19, 1, 2, 0, 0, 0.0
19, 1, 3, 0, 0, 0.0
19, 1, 4, 0, 0, 0.0
19, 1, 5, 0, 0, 0.0
19, 1, 6, 0, 0, 0.0
19, 1, 7, 0, 0, 0.0
19, 1, 8, 0, 0, 0.0
19, 1, 9, 0, 0, 0.0
19, 1, 10, 0, 0, 0.0
19, 1, 11, 0, 0, 0.0
19, 1, 12, 0, 0, 0.0
19, 1, 13, 0, 0, 0.0
19, 1, 14, 0, 0, 0.0
19, 1, 15, 0, 0, 0.0
19, 1, 16, 0, 0, 0.0
19, 1, 17, 0, 0, 0.0
19, 1, 18, 0, 0, 0.0
19, 1, 19, 0, 0, 0.0
19, 1, 20, 0, 0, 0.0
20, 0, 0, 177, 294, 5.004024501431559e-07
20, 0, 1, 206, 257, -0.030017100274562836
20, 0, 2, 226, 213, -0.04756127670407295
20, 0, 3, 247, 180, -0.06440255790948868
20, 0, 4, 275, 162, -0.08166880160570145
20, 0, 5, 157, 169, -0.02325368858873844
20, 0, 6, 138, 128, -0.04458746686577797
20, 0, 7, 124, 104, -0.06444249302148819
20, 0, 8, 111, 81, -0.08014478534460068
20, 0, 9, 132, 176, -0.026984192430973053
20, 0, 10, 106, 128, -0.04655081778764725
20, 0, 11, 90, 99, -0.06577342003583908
20, 0, 12, 75, 73, -0.08016704022884369
20, 0, 13, 114, 190, -0.03462185710668564
20, 0, 14, 85, 147, -0.05362517386674881
20, 0, 15, 67, 119, -0.06967920064926147
20, 0, 16, 51, 95, -0.08037711679935455
20, 0, 17, 100, 212, -0.045659251511096954
20, 0, 18, 77, 179, -0.06141367927193642
20, 0, 19, 63, 156, -0.06978470832109451
20, 0, 20, 51, 135, -0.07531468570232391
20, 1, 0, 0, 0, 0.0
20, 1, 1, 0, 0, 0.0
20, 1, 2, 0, 0, 0.0
20, 1, 3, 0, 0, 0.0
20, 1, 4, 0, 0, 0.0
20, 1, 5, 0, 0, 0.0
20, 1, 6, 0, 0, 0.0
20, 1, 7, 0, 0, 0.0
20, 1, 8, 0, 0, 0.0
20, 1, 9, 0, 0, 0.0
20, 1, 10, 0, 0, 0.0
20, 1, 11, 0, 0, 0.0
20, 1, 12, 0, 0, 0.0
20, 1, 13, 0, 0, 0.0
20, 1, 14, 0, 0, 0.0
20, 1, 15, 0, 0, 0.0
20, 1, 16, 0, 0, 0.0
20, 1, 17, 0, 0, 0.0
20, 1, 18, 0, 0, 0.0
20, 1, 19, 0, 0, 0.0
20, 1, 20, 0, 0, 0.0
21, 0, 0, 180, 302, 4.7293929128500167e-07
21, 0, 1, 207, 265, -0.029556548222899437
21, 0, 2, 224, 222, -0.04861265793442726
21, 0, 3, 242, 188, -0.06730163842439651
21, 0, 4, 267, 169, -0.08694227039813995
21, 0, 5, 152, 178, -0.02718919701874256
21, 0, 6, 130, 137, -0.05132012441754341
21, 0, 7, 115, 113, -0.07242562621831894
21, 0, 8, 101, 90, -0.08856377005577087
21, 0, 9, 127, 188, -0.03224555775523186
21, 0, 10, 98, 141, -0.05430370941758156
21, 0, 11, 80, 112, -0.07377015054225922
21, 0, 12, 64, 87, -0.08790966123342514
21, 0, 13, 110, 206, -0.04094502702355385
21, 0, 14, 77, 166, -0.06158529222011566
21, 0, 15, 59, 139, -0.07588820904493332
21, 0, 16, 43, 116, -0.0853181779384613
21, 0, 17, 98, 231, -0.05289914086461067
21, 0, 18, 73, 200, -0.06912989169359207
21, 0, 19, 60, 178, -0.07544342428445816
21, 0, 20, 48, 158, -0.07940002530813217
21, 1, 0, 0, 0, 0.0
21, 1, 1, 0, 0, 0.0
21, 1, 2, 0, 0, 0.0
21, 1, 3, 0, 0, 0.0
21, 1, 4, 0, 0, 0.0
21, 1, 5, 0, 0, 0.0
21, 1, 6, 0, 0, 0.0
21, 1, 7, 0, 0, 0.0
21, 1, 8, 0, 0, 0.0
21, 1, 9, 0, 0, 0.0
21, 1, 10, 0, 0, 0.0
21, 1, 11, 0, 0, 0.0
21, 1, 12, 0, 0, 0.0
21, 1, 13, 0, 0, 0.0
21, 1, 14, 0, 0, 0.0
21, 1, 15, 0, 0, 0.0
21, 1, 16, 0, 0, 0.0
21, 1, 17, 0, 0, 0.0
21, 1, 18, 0, 0, 0.0
21, 1, 19, 0, 0, 0.0
21, 1, 20, 0, 0, 0.0
22, 0, 0, 182, 319, 4.6033943590373383e-07
22, 0, 1, 207, 280, -0.031085098162293434
22, 0, 2, 223, 236, -0.05182642117142677
22, 0, 3, 241, 204, -0.07200239598751068
22, 0, 4, 266, 184, -0.09359246492385864
22, 0, 5, 151, 195, -0.032540544867515564
22, 0, 6, 127, 154, -0.05802787095308304
22, 0, 7, 111, 129, -0.0795862153172493
22, 0, 8, 97, 107, -0.09533064067363739
22, 0, 9, 129, 207, -0.03750387579202652
22, 0, 10, 99, 160, -0.06051504984498024
22, 0, 11, 79, 131, -0.0799395889043808
22, 0, 12, 63, 105, -0.09395353496074677
22, 0, 13, 112, 226, -0.04608771950006485
22, 0, 14, 81, 185, -0.0664224773645401
22, 0, 15, 63, 159, -0.0802837684750557
22, 0, 16, 48, 136, -0.08919304609298706
22, 0, 17, 101, 252, -0.05823351815342903
22, 0, 18, 75, 218, -0.07395894080400467
22, 0, 19, 62, 196, -0.08028480410575867
22, 0, 20, 50, 174, -0.08415394276380539
22, 1, 0, 0, 0, 0.0
22, 1, 1, 0, 0, 0.0
22, 1, 2, 0, 0, 0.0
22, 1, 3, 0, 0, 0.0
22, 1, 4, 0, 0, 0.0
22, 1, 5, 0, 0, 0.0
22, 1, 6, 0, 0, 0.0
22, 1, 7, 0, 0, 0.0
22, 1, 8, 0, 0, 0.0
22, 1, 9, 0, 0, 0.0
22, 1, 10, 0, 0, 0.0
22, 1, 11, 0, 0, 0.0
22, 1, 12, 0, 0, 0.0
22, 1, 13, 0, 0, 0.0
22, 1, 14, 0, 0, 0.0
22, 1, 15, 0, 0, 0.0
22, 1, 16, 0, 0, 0.0
22, 1, 17, 0, 0, 0.0
22, 1, 18, 0, 0, 0.0
22, 1, 19, 0, 0, 0.0
22, 1, 20, 0, 0, 0.0
23, 0, 0, 185, 341, 3.714484648753569e-07
23, 0, 1, 211, 305, -0.03328845649957657
23, 0, 2, 226, 261, -0.055240921676158905
23, 0, 3, 240, 228, -0.07591716200113297
23, 0, 4, 263, 206, -0.09774100035429001
23, 0, 5, 154, 218, -0.0333717055618763
23, 0, 6, 127, 178, -0.05946272984147072
23, 0, 7, 109, 155, -0.08242885023355484
23, 0, 8, 93, 134, -0.0992898941040039
23, 0, 9, 132, 230, -0.036707617342472076
23, 0, 10, 104, 185, -0.05986688658595085
23, 0, 11, 84, 157, -0.07975504547357559
23, 0, 12, 66, 132, -0.09444677829742432
23, 0, 13, 118, 249, -0.043858736753463745
23, 0, 14, 90, 207, -0.06370294094085693
23, 0, 15, 74, 180, -0.07605555653572083
23, 0, 16, 61, 157, -0.08439327776432037
23, 0, 17, 108, 275, -0.05483794957399368
23, 0, 18, 84, 242, -0.0705244317650795
23, 0, 19, 71, 219, -0.07620634138584137
23, 0, 20, 61, 198, -0.07976100593805313
23, 1, 0, 0, 0, 0.0
23, 1, 1, 0, 0, 0.0
23, 1, 2, 0, 0, 0.0
23, 1, 3, 0, 0, 0.0
23, 1, 4, 0, 0, 0.0
23, 1, 5, 0, 0, 0.0
23, 1, 6, 0, 0, 0.0
23, 1, 7, 0, 0, 0.0
23, 1, 8, 0, 0, 0.0
23, 1, 9, 0, 0, 0.0
23, 1, 10, 0, 0, 0.0
23, 1, 11, 0, 0, 0.0
23, 1, 12, 0, 0, 0.0
23, 1, 13, 0, 0, 0.0
23, 1, 14, 0, 0, 0.0
23, 1, 15, 0, 0, 0.0
23, 1, 16, 0, 0, 0.0
23, 1, 17, 0, 0, 0.0
23, 1, 18, 0, 0, 0.0
23, 1, 19, 0, 0, 0.0
23, 1, 20, 0, 0, 0.0
24, 0, 0, 189, 377, 3.633706739947229e-07
24, 0, 1, 214, 339, -0.034315843135118484
24, 0, 2, 229, 296, -0.05673075094819069
24, 0, 3, 246, 263, -0.07734303921461105
24, 0, 4, 264, 239, -0.09905869513750076
24, 0, 5, 157, 257, -0.03820241242647171
24, 0, 6, 130, 214, -0.06698282063007355
24, 0, 7, 113, 188, -0.09120264649391174
24, 0, 8, 99, 166, -0.10850786417722702
24, 0, 9, 140, 271, -0.042339522391557693
24, 0, 10, 112, 228, -0.06575565040111542
24, 0, 11, 95, 200, -0.08627920597791672
24, 0, 12, 81, 175, -0.10212970525026321
24, 0, 13, 129, 294, -0.05028427764773369
24, 0, 14, 104, 256, -0.0715913400053978
24, 0, 15, 93, 233, -0.08345931768417358
24, 0, 16, 85, 211, -0.09213324636220932
24, 0, 17, 122, 323, -0.062151502817869186
24, 0, 18, 103, 298, -0.08049241453409195
24, 0, 19, 95, 281, -0.08562221378087997
24, 0, 20, 90, 265, -0.08874773234128952
24, 1, 0, 0, 0, 0.0
24, 1, 1, 0, 0, 0.0
24, 1, 2, 0, 0, 0.0
24, 1, 3, 0, 0, 0.0
24, 1, 4, 0, 0, 0.0
24, 1, 5, 0, 0, 0.0
24, 1, 6, 0, 0, 0.0
24, 1, 7, 0, 0, 0.0
24, 1, 8, 0, 0, 0.0
24, 1, 9, 0, 0, 0.0
24, 1, 10, 0, 0, 0.0
24, 1, 11, 0, 0, 0.0
24, 1, 12, 0, 0, 0.0
24, 1, 13, 0, 0, 0.0
24, 1, 14, 0, 0, 0.0
24, 1, 15, 0, 0, 0.0
24, 1, 16, 0, 0, 0.0
24, 1, 17, 0, 0, 0.0
24, 1, 18, 0, 0, 0.0
24, 1, 19, 0, 0, 0.0
24, 1, 20, 0, 0, 0.0
25, 0, 0, 183, 419, 2.8469364110605966e-07
25, 0, 1, 211, 383, -0.028778472915291786
25, 0, 2, 227, 336, -0.045394860208034515
25, 0, 3, 244, 300, -0.06061093509197235
25, 0, 4, 256, 274, -0.07624431699514389
25, 0, 5, 165, 302, -0.025225989520549774
25, 0, 6, 142, 263, -0.04573214054107666
25, 0, 7, 133, 242, -0.06369316577911377
25, 0, 8, 126, 225, -0.07683079689741135
25, 0, 9, 146, 317, -0.02840493805706501
25, 0, 10, 125, 278, -0.04686100780963898
25, 0, 11, 119, 256, -0.06450094282627106
25, 0, 12, 116, 237, -0.07831069082021713
25, 0, 13, 134, 338, -0.03522616997361183
25, 0, 14, 118, 306, -0.055625829845666885
25, 0, 15, 117, 288, -0.06689028441905975
25, 0, 16, 119, 275, -0.07463280856609344
25, 0, 17, 127, 363, -0.04507187008857727
25, 0, 18, 119, 341, -0.06208321079611778
25, 0, 19, 119, 327, -0.0663827508687973
25, 0, 20, 122, 315, -0.06891268491744995
25, 1, 0, 0, 0, 0.0
25, 1, 1, 0, 0, 0.0
25, 1, 2, 0, 0, 0.0
25, 1, 3, 0, 0, 0.0
25, 1, 4, 0, 0, 0.0
25, 1, 5, 0, 0, 0.0
25, 1, 6, 0, 0, 0.0
25, 1, 7, 0, 0, 0.0
25, 1, 8, 0, 0, 0.0
25, 1, 9, 0, 0, 0.0
25, 1, 10, 0, 0, 0.0
25, 1, 11, 0, 0, 0.0
25, 1, 12, 0, 0, 0.0
25, 1, 13, 0, 0, 0.0
25, 1, 14, 0, 0, 0.0
25, 1, 15, 0, 0, 0.0
25, 1, 16, 0, 0, 0.0
25, 1, 17, 0, 0, 0.0
25, 1, 18, 0, 0, 0.0
25, 1, 19, 0, 0, 0.0
25, 1, 20, 0, 0, 0.0
26, 0, 0, 185, 457, -7.557621017895144e-08
26, 0, 1, 213, 430, -0.017913194373250008
26, 0, 2, 228, 388, -0.03203248605132103
26, 0, 3, 235, 355, -0.04854058846831322
26, 0, 4, 243, 330, -0.06607038527727127
26, 0, 5, 170, 339, -0.03178122267127037
26, 0, 6, 178, 292, -0.05905475839972496
26, 0, 7, 204, 276, -0.07803874462842941
26, 0, 8, 228, 270, -0.08959298580884933
26, 0, 9, 142, 356, -0.03729812800884247
26, 0, 10, 172, 355, -0.0705496221780777
26, 0, 11, 197, 380, -0.08196831494569778
26, 0, 12, 210, 402, -0.0857803001999855
26, 0, 13, 126, 383, -0.04471106827259064
26, 0, 14, 161, 390, -0.07587454468011856
26, 0, 15, 186, 410, -0.07417940348386765
26, 0, 16, 201, 428, -0.06749644875526428
26, 0, 17, 117, 413, -0.05409545823931694
26, 0, 18, 149, 418, -0.07502222061157227
26, 0, 19, 171, 431, -0.07078420370817184
26, 0, 20, 185, 443, -0.061897117644548416
26, 1, 0, 0, 0, 0.0
26, 1, 1, 0, 0, 0.0
26, 1, 2, 0, 0, 0.0
26, 1, 3, 0, 0, 0.0
26, 1, 4, 0, 0, 0.0
26, 1, 5, 0, 0, 0.0
26, 1, 6, 0, 0, 0.0
26, 1, 7, 0, 0, 0.0
26, 1, 8, 0, 0, 0.0
26, 1, 9, 0, 0, 0.0
26, 1, 10, 0, 0, 0.0
26, 1, 11, 0, 0, 0.0
26, 1, 12, 0, 0, 0.0
26, 1, 13, 0, 0, 0.0
26, 1, 14, 0, 0, 0.0
26, 1, 15, 0, 0, 0.0
26, 1, 16, 0, 0, 0.0
26, 1, 17, 0, 0, 0.0
26, 1, 18, 0, 0, 0.0
26, 1, 19, 0, 0, 0.0
26, 1, 20, 0, 0, 0.0
27, 0, 0, 176, 471, -4.902907448922633e-07
27, 0, 1, 203, 447, -0.018499860540032387
27, 0, 2, 226, 427, -0.04366893693804741
27, 0, 3, 240, 419, -0.072184257209301
27, 0, 4, 236, 424, -0.10083597153425217
27, 0, 5, 164, 364, -0.03516228497028351
27, 0, 6, 190, 384, -0.07331646233797073
27, 0, 7, 212, 411, -0.1031862199306488
27, 0, 8, 224, 430, -0.11912278085947037
27, 0, 9, 141, 389, -0.04493299126625061
27, 0, 10, 192, 425, -0.07876180857419968
27, 0, 11, 219, 454, -0.09618425369262695
27, 0, 12, 234, 474, -0.10484044998884201
27, 0, 13, 130, 419, -0.056086234748363495
27, 0, 14, 183, 449, -0.08708305656909943
27, 0, 15, 210, 472, -0.08852369338274002
27, 0, 16, 223, 489, -0.08294028788805008
27, 0, 17, 127, 450, -0.06962703913450241
27, 0, 18, 176, 472, -0.08634287118911743
27, 0, 19, 199, 486, -0.07949899882078171
27, 0, 20, 212, 495, -0.06866727769374847
27, 1, 0, 0, 0, 0.0
27, 1, 1, 0, 0, 0.0
27, 1, 2, 0, 0, 0.0
27, 1, 3, 0, 0, 0.0
27, 1, 4, 0, 0, 0.0
27, 1, 5, 0, 0, 0.0
27, 1, 6, 0, 0, 0.0
27, 1, 7, 0, 0, 0.0
27, 1, 8, 0, 0, 0.0
27, 1, 9, 0, 0, 0.0
27, 1, 10, 0, 0, 0.0
27, 1, 11, 0, 0, 0.0
27, 1, 12, 0, 0, 0.0
27, 1, 13, 0, 0, 0.0
27, 1, 14, 0, 0, 0.0
27, 1, 15, 0, 0, 0.0
27, 1, 16, 0, 0, 0.0
27, 1, 17, 0, 0, 0.0
27, 1, 18, 0, 0, 0.0
27, 1, 19, 0, 0, 0.0
27, 1, 20, 0, 0, 0.0
28, 0, 0, 184, 470, -1.493229291327225e-07
28, 0, 1, 205, 452, -0.02600696124136448
28, 0, 2, 226, 436, -0.048855867236852646
28, 0, 3, 242, 434, -0.0717541053891182
28, 0, 4, 242, 450, -0.09568171948194504
28, 0, 5, 168, 390, -0.03761008009314537
28, 0, 6, 194, 409, -0.07642700523138046
28, 0, 7, 212, 429, -0.10554839670658112
28, 0, 8, 223, 444, -0.12064465880393982
28, 0, 9, 143, 416, -0.042700476944446564
28, 0, 10, 172, 439, -0.07439373433589935
28, 0, 11, 198, 458, -0.08946074545383453
28, 0, 12, 212, 471, -0.09718962758779526
28, 0, 13, 128, 446, -0.05099260061979294
28, 0, 14, 155, 467, -0.07949172705411911
28, 0, 15, 180, 478, -0.08546625822782516
28, 0, 16, 193, 486, -0.08435676246881485
28, 0, 17, 123, 475, -0.061872147023677826
28, 0, 18, 145, 489, -0.07610293477773666
28, 0, 19, 164, 497, -0.07275836914777756
28, 0, 20, 176, 503, -0.06727325916290283
28, 1, 0, 0, 0, 0.0
28, 1, 1, 0, 0, 0.0
28, 1, 2, 0, 0, 0.0
28, 1, 3, 0, 0, 0.0
28, 1, 4, 0, 0, 0.0
28, 1, 5, 0, 0, 0.0
28, 1, 6, 0, 0, 0.0
28, 1, 7, 0, 0, 0.0
28, 1, 8, 0, 0, 0.0
28, 1, 9, 0, 0, 0.0
28, 1, 10, 0, 0, 0.0
28, 1, 11, 0, 0, 0.0
28, 1, 12, 0, 0, 0.0
28, 1, 13, 0, 0, 0.0
28, 1, 14, 0, 0, 0.0
28, 1, 15, 0, 0, 0.0
28, 1, 16, 0, 0, 0.0
28, 1, 17, 0, 0, 0.0
28, 1, 18, 0, 0, 0.0
28, 1, 19, 0, 0, 0.0
28, 1, 20, 0, 0, 0.0
29, 0, 0, 201, 489, -3.200924538759864e-07
29, 0, 1, 223, 469, -0.033161863684654236
29, 0, 2, 241, 448, -0.0598485991358757
29, 0, 3, 251, 439, -0.08500006049871445
29, 0, 4, 245, 448, -0.10886833816766739
29, 0, 5, 171, 394, -0.0407291017472744
29, 0, 6, 194, 406, -0.08375363796949387
29, 0, 7, 217, 428, -0.1143903061747551
29, 0, 8, 230, 446, -0.12894104421138763
29, 0, 9, 147, 418, -0.04200832545757294
29, 0, 10, 176, 438, -0.07747926563024521
29, 0, 11, 205, 459, -0.09329494088888168
29, 0, 12, 219, 474, -0.09892876446247101
29, 0, 13, 133, 451, -0.04749847203493118
29, 0, 14, 162, 469, -0.07655245810747147
29, 0, 15, 184, 483, -0.0816769003868103
29, 0, 16, 193, 494, -0.07896790653467178
29, 0, 17, 130, 483, -0.056350886821746826
29, 0, 18, 148, 497, -0.0718027800321579
29, 0, 19, 164, 508, -0.06979838758707047
29, 0, 20, 170, 515, -0.0636872798204422
29, 1, 0, 0, 0, 0.0
29, 1, 1, 0, 0, 0.0
29, 1, 2, 0, 0, 0.0
29, 1, 3, 0, 0, 0.0
29, 1, 4, 0, 0, 0.0
29, 1, 5, 0, 0, 0.0
29, 1, 6, 0, 0, 0.0
29, 1, 7, 0, 0, 0.0
29, 1, 8, 0, 0, 0.0
29, 1, 9, 0, 0, 0.0
29, 1, 10, 0, 0, 0.0
29, 1, 11, 0, 0, 0.0
29, 1, 12, 0, 0, 0.0
29, 1, 13, 0, 0, 0.0
29, 1, 14, 0, 0, 0.0
29, 1, 15, 0, 0, 0.0
29, 1, 16, 0, 0, 0.0
29, 1, 17, 0, 0, 0.0
29, 1, 18, 0, 0, 0.0
29, 1, 19, 0, 0, 0.0
29, 1, 20, 0, 0, 0.0
30, 0, 0, 210, 488, -3.1403286016029597e-07
30, 0, 1, 229, 466, -0.03161744773387909
30, 0, 2, 244, 445, -0.059153344482183456
30, 0, 3, 252, 435, -0.08535360544919968
30, 0, 4, 245, 443, -0.11015103757381439
30, 0, 5, 174, 387, -0.04267949238419533
30, 0, 6, 200, 401, -0.08697964996099472
30, 0, 7, 222, 423, -0.11780479550361633
30, 0, 8, 236, 441, -0.1318325251340866
30, 0, 9, 150, 412, -0.04500347375869751
30, 0, 10, 181, 432, -0.08160263299942017
30, 0, 11, 212, 453, -0.09668143838644028
30, 0, 12, 229, 469, -0.101011261343956
30, 0, 13, 137, 445, -0.05108898878097534
30, 0, 14, 170, 466, -0.08100373297929764
30, 0, 15, 197, 478, -0.08392110466957092
30, 0, 16, 211, 489, -0.07888302952051163
30, 0, 17, 135, 478, -0.060356978327035904
30, 0, 18, 155, 492, -0.0752776637673378
30, 0, 19, 174, 501, -0.07067553699016571
30, 0, 20, 183, 508, -0.06209234893321991
30, 1, 0, 0, 0, 0.0
30, 1, 1, 0, 0, 0.0
30, 1, 2, 0, 0, 0.0
30, 1, 3, 0, 0, 0.0
30, 1, 4, 0, 0, 0.0
30, 1, 5, 0, 0, 0.0
30, 1, 6, 0, 0, 0.0
30, 1, 7, 0, 0, 0.0
30, 1, 8, 0, 0, 0.0
30, 1, 9, 0, 0, 0.0
30, 1, 10, 0, 0, 0.0
30, 1, 11, 0, 0, 0.0
30, 1, 12, 0, 0, 0.0
30, 1, 13, 0, 0, 0.0
30, 1, 14, 0, 0, 0.0
30, 1, 15, 0, 0, 0.0
30, 1, 16, 0, 0, 0.0
30, 1, 17, 0, 0, 0.0
30, 1, 18, 0, 0, 0.0
30, 1, 19, 0, 0, 0.0
30, 1, 20, 0, 0, 0.0
31, 0, 0, 206, 479, -2.809868249187275e-07
31, 0, 1, 226, 459, -0.03205769136548042
31, 0, 2, 243, 440, -0.06197648122906685
31, 0, 3, 254, 430, -0.09122231602668762
31, 0, 4, 252, 432, -0.11888570338487625
31, 0, 5, 175, 378, -0.044029004871845245
31, 0, 6, 204, 389, -0.09131599962711334
31, 0, 7, 227, 411, -0.12320680171251297
31, 0, 8, 243, 429, -0.1371079534292221
31, 0, 9, 151, 401, -0.04661715030670166
31, 0, 10, 188, 422, -0.08786086738109589
31, 0, 11, 221, 445, -0.10338381677865982
31, 0, 12, 242, 461, -0.10672089457511902
31, 0, 13, 137, 434, -0.053276222199201584
31, 0, 14, 175, 455, -0.09010481089353561
31, 0, 15, 208, 468, -0.09239934384822845
31, 0, 16, 231, 478, -0.08449068665504456
31, 0, 17, 134, 467, -0.06279224902391434
31, 0, 18, 157, 481, -0.08319538086652756
31, 0, 19, 180, 489, -0.07915601879358292
31, 0, 20, 195, 495, -0.06916922330856323
31, 1, 0, 0, 0, 0.0
31, 1, 1, 0, 0, 0.0
31, 1, 2, 0, 0, 0.0
31, 1, 3, 0, 0, 0.0
31, 1, 4, 0, 0, 0.0
31, 1, 5, 0, 0, 0.0
31, 1, 6, 0, 0, 0.0
31, 1, 7, 0, 0, 0.0
31, 1, 8, 0, 0, 0.0
31, 1, 9, 0, 0, 0.0
31, 1, 10, 0, 0, 0.0
31, 1, 11, 0, 0, 0.0
31, 1, 12, 0, 0, 0.0
31, 1, 13, 0, 0, 0.0
31, 1, 14, 0, 0, 0.0
31, 1, 15, 0, 0, 0.0
31, 1, 16, 0, 0, 0.0
31, 1, 17, 0, 0, 0.0
31, 1, 18, 0, 0, 0.0
31, 1, 19, 0, 0, 0.0
31, 1, 20, 0, 0, 0.0
32, 0, 0, 209, 480, -2.3815414351702202e-07
32, 0, 1, 230, 458, -0.031592875719070435
32, 0, 2, 248, 437, -0.06147084757685661
32, 0, 3, 259, 423, -0.09102655202150345
32, 0, 4, 257, 421, -0.11900627613067627
32, 0, 5, 178, 370, -0.04204863682389259
32, 0, 6, 208, 379, -0.09044364094734192
32, 0, 7, 232, 400, -0.12411816418170929
32, 0, 8, 248, 417, -0.1394970715045929
32, 0, 9, 153, 392, -0.04513163864612579
32, 0, 10, 190, 410, -0.0870957002043724
32, 0, 11, 223, 434, -0.10383667051792145
32, 0, 12, 245, 451, -0.10829347372055054
32, 0, 13, 137, 423, -0.05247364565730095
32, 0, 14, 172, 443, -0.09032581001520157
32, 0, 15, 208, 459, -0.09302420169115067
32, 0, 16, 234, 472, -0.08562306314706802
32, 0, 17, 132, 456, -0.06284956634044647
32, 0, 18, 159, 471, -0.08583328127861023
32, 0, 19, 187, 479, -0.08369964361190796
32, 0, 20, 207, 485, -0.07481459528207779
32, 1, 0, 0, 0, 0.0
32, 1, 1, 0, 0, 0.0
32, 1, 2, 0, 0, 0.0
32, 1, 3, 0, 0, 0.0
32, 1, 4, 0, 0, 0.0
32, 1, 5, 0, 0, 0.0
32, 1, 6, 0, 0, 0.0
32, 1, 7, 0, 0, 0.0
32, 1, 8, 0, 0, 0.0
32, 1, 9, 0, 0, 0.0
32, 1, 10, 0, 0, 0.0
32, 1, 11, 0, 0, 0.0
32, 1, 12, 0, 0, 0.0
32, 1, 13, 0, 0, 0.0
32, 1, 14, 0, 0, 0.0
32, 1, 15, 0, 0, 0.0
32, 1, 16, 0, 0, 0.0
32, 1, 17, 0, 0, 0.0
32, 1, 18, 0, 0, 0.0
32, 1, 19, 0, 0, 0.0
32, 1, 20, 0, 0, 0.0
33, 0, 0, 201, 484, -2.2244734054766013e-07
33, 0, 1, 226, 460, -0.03226081281900406
33, 0, 2, 248, 434, -0.06221753731369972
33, 0, 3, 264, 416, -0.09239514172077179
33, 0, 4, 267, 414, -0.12054768949747086
33, 0, 5, 181, 366, -0.040224287658929825
33, 0, 6, 217, 369, -0.0917978435754776
33, 0, 7, 241, 393, -0.12628526985645294
33, 0, 8, 258, 415, -0.1413181573152542
33, 0, 9, 153, 386, -0.04399297758936882
33, 0, 10, 196, 401, -0.0909428671002388
33, 0, 11, 231, 429, -0.10802119970321655
33, 0, 12, 254, 450, -0.11078860610723495
33, 0, 13, 135, 417, -0.052617527544498444
33, 0, 14, 176, 435, -0.09496720135211945
33, 0, 15, 213, 456, -0.09697107970714569
33, 0, 16, 238, 471, -0.08702894300222397
33, 0, 17, 128, 451, -0.06435838341712952
33, 0, 18, 161, 465, -0.08959499001502991
33, 0, 19, 191, 476, -0.08740505576133728
33, 0, 20, 211, 482, -0.07734081894159317
33, 1, 0, 0, 0, 0.0
33, 1, 1, 0, 0, 0.0
33, 1, 2, 0, 0, 0.0
33, 1, 3, 0, 0, 0.0
33, 1, 4, 0, 0, 0.0
33, 1, 5, 0, 0, 0.0
33, 1, 6, 0, 0, 0.0
33, 1, 7, 0, 0, 0.0
33, 1, 8, 0, 0, 0.0
33, 1, 9, 0, 0, 0.0
33, 1, 10, 0, 0, 0.0
33, 1, 11, 0, 0, 0.0
33, 1, 12, 0, 0, 0.0
33, 1, 13, 0, 0, 0.0
33, 1, 14, 0, 0, 0.0
33, 1, 15, 0, 0, 0.0
33, 1, 16, 0, 0, 0.0
33, 1, 17, 0, 0, 0.0
33, 1, 18, 0, 0, 0.0
33, 1, 19, 0, 0, 0.0
33, 1, 20, 0, 0, 0.0
34, 0, 0, 196, 495, -2.4569726519985124e-07
34, 0, 1, 224, 470, -0.029469504952430725
34, 0, 2, 248, 440, -0.058515943586826324
34, 0, 3, 268, 418, -0.08842749148607254
34, 0, 4, 275, 408, -0.11769665032625198
34, 0, 5, 182, 368, -0.04292616993188858
34, 0, 6, 221, 372, -0.09497556835412979
34, 0, 7, 247, 396, -0.1290159672498703
34, 0, 8, 263, 416, -0.14420844614505768
34, 0, 9, 155, 389, -0.0498528815805912
34, 0, 10, 201, 401, -0.09829917550086975
34, 0, 11, 235, 430, -0.11725680530071259
34, 0, 12, 257, 452, -0.122111476957798
34, 0, 13, 135, 421, -0.06122235208749771
34, 0, 14, 175, 435, -0.10647762566804886
34, 0, 15, 211, 458, -0.11301711946725845
34, 0, 16, 237, 475, -0.10658125579357147
34, 0, 17, 126, 457, -0.07500740885734558
34, 0, 18, 151, 471, -0.10369453579187393
34, 0, 19, 178, 484, -0.10546993464231491
34, 0, 20, 196, 494, -0.09871571511030197
34, 1, 0, 0, 0, 0.0
34, 1, 1, 0, 0, 0.0
34, 1, 2, 0, 0, 0.0
34, 1, 3, 0, 0, 0.0
34, 1, 4, 0, 0, 0.0
34, 1, 5, 0, 0, 0.0
34, 1, 6, 0, 0, 0.0
34, 1, 7, 0, 0, 0.0
34, 1, 8, 0, 0, 0.0
34, 1, 9, 0, 0, 0.0
34, 1, 10, 0, 0, 0.0
34, 1, 11, 0, 0, 0.0
34, 1, 12, 0, 0, 0.0
34, 1, 13, 0, 0, 0.0
34, 1, 14, 0, 0, 0.0
34, 1, 15, 0, 0, 0.0
34, 1, 16, 0, 0, 0.0
34, 1, 17, 0, 0, 0.0
34, 1, 18, 0, 0, 0.0
34, 1, 19, 0, 0, 0.0
34, 1, 20, 0, 0, 0.0
35, 0, 0, 189, 514, -3.4755734645841585e-07
35, 0, 1, 226, 490, -0.027067197486758232
35, 0, 2, 258, 455, -0.05195018649101257
35, 0, 3, 281, 430, -0.0787435919046402
35, 0, 4, 288, 415, -0.10363402217626572
35, 0, 5, 200, 377, -0.023896843194961548
35, 0, 6, 232, 375, -0.06957913190126419
35, 0, 7, 254, 401, -0.10163514316082001
35, 0, 8, 267, 426, -0.11625594645738602
35, 0, 9, 170, 387, -0.030405301600694656
35, 0, 10, 212, 392, -0.07160285860300064
35, 0, 11, 242, 425, -0.09061714261770248
35, 0, 12, 260, 452, -0.09585238993167877
35, 0, 13, 146, 410, -0.042019471526145935
35, 0, 14, 185, 413, -0.08408965915441513
35, 0, 15, 221, 443, -0.09016131609678268
35, 0, 16, 246, 467, -0.08361485600471497
35, 0, 17, 131, 443, -0.056187793612480164
35, 0, 18, 162, 453, -0.08670735359191895
35, 0, 19, 191, 471, -0.08892296999692917
35, 0, 20, 209, 487, -0.0818474218249321
35, 1, 0, 0, 0, 0.0
35, 1, 1, 0, 0, 0.0
35, 1, 2, 0, 0, 0.0
35, 1, 3, 0, 0, 0.0
35, 1, 4, 0, 0, 0.0
35, 1, 5, 0, 0, 0.0
35, 1, 6, 0, 0, 0.0
35, 1, 7, 0, 0, 0.0
35, 1, 8, 0, 0, 0.0
35, 1, 9, 0, 0, 0.0
35, 1, 10, 0, 0, 0.0
35, 1, 11, 0, 0, 0.0
35, 1, 12, 0, 0, 0.0
35, 1, 13, 0, 0, 0.0
35, 1, 14, 0, 0, 0.0
35, 1, 15, 0, 0, 0.0
35, 1, 16, 0, 0, 0.0
35, 1, 17, 0, 0, 0.0
35, 1, 18, 0, 0, 0.0
35, 1, 19, 0, 0, 0.0
35, 1, 20, 0, 0, 0.0
36, 0, 0, 187, 509, 3.8489510245653946e-08
36, 0, 1, 224, 489, -0.021609563380479813
36, 0, 2, 254, 466, -0.04569242149591446
36, 0, 3, 283, 455, -0.07370761781930923
36, 0, 4, 307, 447, -0.10360037535429001
36, 0, 5, 206, 411, -0.0266120545566082
36, 0, 6, 232, 397, -0.07235240936279297
36, 0, 7, 257, 416, -0.10650892555713654
36, 0, 8, 275, 440, -0.12357660382986069
36, 0, 9, 177, 423, -0.038694776594638824
36, 0, 10, 207, 408, -0.08329114317893982
36, 0, 11, 237, 432, -0.10790283232927322
36, 0, 12, 255, 456, -0.11757218092679977
36, 0, 13, 152, 446, -0.05548755079507828
36, 0, 14, 170, 433, -0.0986379086971283
36, 0, 15, 196, 453, -0.11334353685379028
36, 0, 16, 214, 472, -0.11395905911922455
36, 0, 17, 131, 475, -0.07342830300331116
36, 0, 18, 130, 474, -0.1043185144662857
36, 0, 19, 140, 486, -0.11056020110845566
36, 0, 20, 147, 498, -0.10888683795928955
36, 1, 0, 0, 0, 0.0
36, 1, 1, 0, 0, 0.0
36, 1, 2, 0, 0, 0.0
36, 1, 3, 0, 0, 0.0
36, 1, 4, 0, 0, 0.0
36, 1, 5, 0, 0, 0.0
36, 1, 6, 0, 0, 0.0
36, 1, 7, 0, 0, 0.0
36, 1, 8, 0, 0, 0.0
36, 1, 9, 0, 0, 0.0
36, 1, 10, 0, 0, 0.0
36, 1, 11, 0, 0, 0.0
36, 1, 12, 0, 0, 0.0
36, 1, 13, 0, 0, 0.0
36, 1, 14, 0, 0, 0.0
36, 1, 15, 0, 0, 0.0
36, 1, 16, 0, 0, 0.0
36, 1, 17, 0, 0, 0.0
36, 1, 18, 0, 0, 0.0
36, 1, 19, 0, 0, 0.0
36, 1, 20, 0, 0, 0.0
37, 0, 0, 215, 519, -9.191886363169033e-08
37, 0, 1, 250, 501, -0.02074171043932438
37, 0, 2, 274, 485, -0.03889426216483116
37, 0, 3, 294, 475, -0.055937260389328
37, 0, 4, 311, 474, -0.07239317148923874
37, 0, 5, 229, 430, -0.02493290789425373
37, 0, 6, 231, 440, -0.04507061839103699
37, 0, 7, 239, 458, -0.06667699664831161
37, 0, 8, 245, 472, -0.08147639036178589
37, 0, 9, 194, 441, -0.02412988990545273
37, 0, 10, 194, 447, -0.03403328359127045
37, 0, 11, 202, 463, -0.04523079842329025
37, 0, 12, 207, 478, -0.057165976613759995
37, 0, 13, 164, 459, -0.0250387042760849
37, 0, 14, 166, 462, -0.03282613307237625
37, 0, 15, 173, 473, -0.034853797405958176
37, 0, 16, 176, 486, -0.03864692524075508
37, 0, 17, 143, 477, -0.028179917484521866
37, 0, 18, 143, 478, -0.03086072765290737
37, 0, 19, 149, 488, -0.025064298883080482
37, 0, 20, 153, 498, -0.021610315889120102
37, 1, 0, 0, 0, 0.0
37, 1, 1, 0, 0, 0.0
37, 1, 2, 0, 0, 0.0
37, 1, 3, 0, 0, 0.0
37, 1, 4, 0, 0, 0.0
37, 1, 5, 0, 0, 0.0
37, 1, 6, 0, 0, 0.0
37, 1, 7, 0, 0, 0.0
37, 1, 8, 0, 0, 0.0
37, 1, 9, 0, 0, 0.0
37, 1, 10, 0, 0, 0.0
37, 1, 11, 0, 0, 0.0
37, 1, 12, 0, 0, 0.0
37, 1, 13, 0, 0, 0.0
37, 1, 14, 0, 0, 0.0
37, 1, 15, 0, 0, 0.0
37, 1, 16, 0, 0, 0.0
37, 1, 17, 0, 0, 0.0
37, 1, 18, 0, 0, 0.0
37, 1, 19, 0, 0, 0.0
37, 1, 20, 0, 0, 0.0
38, 0, 0, 0, 0, 0.0
38, 0, 1, 0, 0, 0.0
38, 0, 2, 0, 0, 0.0
38, 0, 3, 0, 0, 0.0
38, 0, 4, 0, 0, 0.0
38, 0, 5, 0, 0, 0.0
38, 0, 6, 0, 0, 0.0
38, 0, 7, 0, 0, 0.0
38, 0, 8, 0, 0, 0.0
38, 0, 9, 0, 0, 0.0
38, 0, 10, 0, 0, 0.0
38, 0, 11, 0, 0, 0.0
38, 0, 12, 0, 0, 0.0
38, 0, 13, 0, 0, 0.0
38, 0, 14, 0, 0, 0.0
38, 0, 15, 0, 0, 0.0
38, 0, 16, 0, 0, 0.0
38, 0, 17, 0, 0, 0.0
38, 0, 18, 0, 0, 0.0
38, 0, 19, 0, 0, 0.0
38, 0, 20, 0, 0, 0.0
38, 1, 0, 0, 0, 0.0
38, 1, 1, 0, 0, 0.0
38, 1, 2, 0, 0, 0.0
38, 1, 3, 0, 0, 0.0
38, 1, 4, 0, 0, 0.0
38, 1, 5, 0, 0, 0.0
38, 1, 6, 0, 0, 0.0
38, 1, 7, 0, 0, 0.0
38, 1, 8, 0, 0, 0.0
38, 1, 9, 0, 0, 0.0
38, 1, 10, 0, 0, 0.0
38, 1, 11, 0, 0, 0.0
38, 1, 12, 0, 0, 0.0
38, 1, 13, 0, 0, 0.0
38, 1, 14, 0, 0, 0.0
38, 1, 15, 0, 0, 0.0
38, 1, 16, 0, 0, 0.0
38, 1, 17, 0, 0, 0.0
38, 1, 18, 0, 0, 0.0
38, 1, 19, 0, 0, 0.0
38, 1, 20, 0, 0, 0.0
39, 0, 0, 0, 0, 0.0
39, 0, 1, 0, 0, 0.0
39, 0, 2, 0, 0, 0.0
39, 0, 3, 0, 0, 0.0
39, 0, 4, 0, 0, 0.0
39, 0, 5, 0, 0, 0.0
39, 0, 6, 0, 0, 0.0
39, 0, 7, 0, 0, 0.0
39, 0, 8, 0, 0, 0.0
39, 0, 9, 0, 0, 0.0
39, 0, 10, 0, 0, 0.0
39, 0, 11, 0, 0, 0.0
39, 0, 12, 0, 0, 0.0
39, 0, 13, 0, 0, 0.0
39, 0, 14, 0, 0, 0.0
39, 0, 15, 0, 0, 0.0
39, 0, 16, 0, 0, 0.0
39, 0, 17, 0, 0, 0.0
39, 0, 18, 0, 0, 0.0
39, 0, 19, 0, 0, 0.0
39, 0, 20, 0, 0, 0.0
39, 1, 0, 0, 0, 0.0
39, 1, 1, 0, 0, 0.0
39, 1, 2, 0, 0, 0.0
39, 1, 3, 0, 0, 0.0
39, 1, 4, 0, 0, 0.0
39, 1, 5, 0, 0, 0.0
39, 1, 6, 0, 0, 0.0
39, 1, 7, 0, 0, 0.0
39, 1, 8, 0, 0, 0.0
39, 1, 9, 0, 0, 0.0
39, 1, 10, 0, 0, 0.0
39, 1, 11, 0, 0, 0.0
39, 1, 12, 0, 0, 0.0
39, 1, 13, 0, 0, 0.0
39, 1, 14, 0, 0, 0.0
39, 1, 15, 0, 0, 0.0
39, 1, 16, 0, 0, 0.0
39, 1, 17, 0, 0, 0.0
39, 1, 18, 0, 0, 0.0
39, 1, 19, 0, 0, 0.0
39, 1, 20, 0, 0, 0.0
40, 0, 0, 0, 0, 0.0
40, 0, 1, 0, 0, 0.0
40, 0, 2, 0, 0, 0.0
40, 0, 3, 0, 0, 0.0
40, 0, 4, 0, 0, 0.0
40, 0, 5, 0, 0, 0.0
40, 0, 6, 0, 0, 0.0
40, 0, 7, 0, 0, 0.0
40, 0, 8, 0, 0, 0.0
40, 0, 9, 0, 0, 0.0
40, 0, 10, 0, 0, 0.0
40, 0, 11, 0, 0, 0.0
40, 0, 12, 0, 0, 0.0
40, 0, 13, 0, 0, 0.0
40, 0, 14, 0, 0, 0.0
40, 0, 15, 0, 0, 0.0
40, 0, 16, 0, 0, 0.0
40, 0, 17, 0, 0, 0.0
40, 0, 18, 0, 0, 0.0
40, 0, 19, 0, 0, 0.0
40, 0, 20, 0, 0, 0.0
40, 1, 0, 0, 0, 0.0
40, 1, 1, 0, 0, 0.0
40, 1, 2, 0, 0, 0.0
40, 1, 3, 0, 0, 0.0
40, 1, 4, 0, 0, 0.0
40, 1, 5, 0, 0, 0.0
40, 1, 6, 0, 0, 0.0
40, 1, 7, 0, 0, 0.0
40, 1, 8, 0, 0, 0.0
40, 1, 9, 0, 0, 0.0
40, 1, 10, 0, 0, 0.0
40, 1, 11, 0, 0, 0.0
40, 1, 12, 0, 0, 0.0
40, 1, 13, 0, 0, 0.0
40, 1, 14, 0, 0, 0.0
40, 1, 15, 0, 0, 0.0
40, 1, 16, 0, 0, 0.0
40, 1, 17, 0, 0, 0.0
40, 1, 18, 0, 0, 0.0
40, 1, 19, 0, 0, 0.0
40, 1, 20, 0, 0, 0.0
41, 0, 0, 0, 0, 0.0
41, 0, 1, 0, 0, 0.0
41, 0, 2, 0, 0, 0.0
41, 0, 3, 0, 0, 0.0
41, 0, 4, 0, 0, 0.0
41, 0, 5, 0, 0, 0.0
41, 0, 6, 0, 0, 0.0
41, 0, 7, 0, 0, 0.0
41, 0, 8, 0, 0, 0.0
41, 0, 9, 0, 0, 0.0
41, 0, 10, 0, 0, 0.0
41, 0, 11, 0, 0, 0.0
41, 0, 12, 0, 0, 0.0
41, 0, 13, 0, 0, 0.0
41, 0, 14, 0, 0, 0.0
41, 0, 15, 0, 0, 0.0
41, 0, 16, 0, 0, 0.0
41, 0, 17, 0, 0, 0.0
41, 0, 18, 0, 0, 0.0
41, 0, 19, 0, 0, 0.0
41, 0, 20, 0, 0, 0.0
41, 1, 0, 0, 0, 0.0
41, 1, 1, 0, 0, 0.0
41, 1, 2, 0, 0, 0.0
41, 1, 3, 0, 0, 0.0
41, 1, 4, 0, 0, 0.0
41, 1, 5, 0, 0, 0.0
41, 1, 6, 0, 0, 0.0
41, 1, 7, 0, 0, 0.0
41, 1, 8, 0, 0, 0.0
41, 1, 9, 0, 0, 0.0
41, 1, 10, 0, 0, 0.0
41, 1, 11, 0, 0, 0.0
41, 1, 12, 0, 0, 0.0
41, 1, 13, 0, 0, 0.0
41, 1, 14, 0, 0, 0.0
41, 1, 15, 0, 0, 0.0
41, 1, 16, 0, 0, 0.0
41, 1, 17, 0, 0, 0.0
41, 1, 18, 0, 0, 0.0
41, 1, 19, 0, 0, 0.0
41, 1, 20, 0, 0, 0.0
42, 0, 0, 0, 0, 0.0
42, 0, 1, 0, 0, 0.0
42, 0, 2, 0, 0, 0.0
42, 0, 3, 0, 0, 0.0
42, 0, 4, 0, 0, 0.0
42, 0, 5, 0, 0, 0.0
42, 0, 6, 0, 0, 0.0
42, 0, 7, 0, 0, 0.0
42, 0, 8, 0, 0, 0.0
42, 0, 9, 0, 0, 0.0
42, 0, 10, 0, 0, 0.0
42, 0, 11, 0, 0, 0.0
42, 0, 12, 0, 0, 0.0
42, 0, 13, 0, 0, 0.0
42, 0, 14, 0, 0, 0.0
42, 0, 15, 0, 0, 0.0
42, 0, 16, 0, 0, 0.0
42, 0, 17, 0, 0, 0.0
42, 0, 18, 0, 0, 0.0
42, 0, 19, 0, 0, 0.0
42, 0, 20, 0, 0, 0.0
42, 1, 0, 0, 0, 0.0
42, 1, 1, 0, 0, 0.0
42, 1, 2, 0, 0, 0.0
42, 1, 3, 0, 0, 0.0
42, 1, 4, 0, 0, 0.0
42, 1, 5, 0, 0, 0.0
42, 1, 6, 0, 0, 0.0
42, 1, 7, 0, 0, 0.0
42, 1, 8, 0, 0, 0.0
42, 1, 9, 0, 0, 0.0
42, 1, 10, 0, 0, 0.0
42, 1, 11, 0, 0, 0.0
42, 1, 12, 0, 0, 0.0
42, 1, 13, 0, 0, 0.0
42, 1, 14, 0, 0, 0.0
42, 1, 15, 0, 0, 0.0
42, 1, 16, 0, 0, 0.0
42, 1, 17, 0, 0, 0.0
42, 1, 18, 0, 0, 0.0
42, 1, 19, 0, 0, 0.0
42, 1, 20, 0, 0, 0.0
43, 0, 0, 0, 0, 0.0
43, 0, 1, 0, 0, 0.0
43, 0, 2, 0, 0, 0.0
43, 0, 3, 0, 0, 0.0
43, 0, 4, 0, 0, 0.0
43, 0, 5, 0, 0, 0.0
43, 0, 6, 0, 0, 0.0
43, 0, 7, 0, 0, 0.0
43, 0, 8, 0, 0, 0.0
43, 0, 9, 0, 0, 0.0
43, 0, 10, 0, 0, 0.0
43, 0, 11, 0, 0, 0.0
43, 0, 12, 0, 0, 0.0
43, 0, 13, 0, 0, 0.0
43, 0, 14, 0, 0, 0.0
43, 0, 15, 0, 0, 0.0
43, 0, 16, 0, 0, 0.0
43, 0, 17, 0, 0, 0.0
43, 0, 18, 0, 0, 0.0
43, 0, 19, 0, 0, 0.0
43, 0, 20, 0, 0, 0.0
43, 1, 0, 0, 0, 0.0
43, 1, 1, 0, 0, 0.0
43, 1, 2, 0, 0, 0.0
43, 1, 3, 0, 0, 0.0
43, 1, 4, 0, 0, 0.0
43, 1, 5, 0, 0, 0.0
43, 1, 6, 0, 0, 0.0
43, 1, 7, 0, 0, 0.0
43, 1, 8, 0, 0, 0.0
43, 1, 9, 0, 0, 0.0
43, 1, 10, 0, 0, 0.0
43, 1, 11, 0, 0, 0.0
43, 1, 12, 0, 0, 0.0
43, 1, 13, 0, 0, 0.0
43, 1, 14, 0, 0, 0.0
43, 1, 15, 0, 0, 0.0
43, 1, 16, 0, 0, 0.0
43, 1, 17, 0, 0, 0.0
43, 1, 18, 0, 0, 0.0
43, 1, 19, 0, 0, 0.0
43, 1, 20, 0, 0, 0.0
44, 0, 0, 0, 0, 0.0
44, 0, 1, 0, 0, 0.0
44, 0, 2, 0, 0, 0.0
44, 0, 3, 0, 0, 0.0
44, 0, 4, 0, 0, 0.0
44, 0, 5, 0, 0, 0.0
44, 0, 6, 0, 0, 0.0
44, 0, 7, 0, 0, 0.0
44, 0, 8, 0, 0, 0.0
44, 0, 9, 0, 0, 0.0
44, 0, 10, 0, 0, 0.0
44, 0, 11, 0, 0, 0.0
44, 0, 12, 0, 0, 0.0
44, 0, 13, 0, 0, 0.0
44, 0, 14, 0, 0, 0.0
44, 0, 15, 0, 0, 0.0
44, 0, 16, 0, 0, 0.0
44, 0, 17, 0, 0, 0.0
44, 0, 18, 0, 0, 0.0
44, 0, 19, 0, 0, 0.0
44, 0, 20, 0, 0, 0.0
44, 1, 0, 0, 0, 0.0
44, 1, 1, 0, 0, 0.0
44, 1, 2, 0, 0, 0.0
44, 1, 3, 0, 0, 0.0
44, 1, 4, 0, 0, 0.0
44, 1, 5, 0, 0, 0.0
44, 1, 6, 0, 0, 0.0
44, 1, 7, 0, 0, 0.0
44, 1, 8, 0, 0, 0.0
44, 1, 9, 0, 0, 0.0
44, 1, 10, 0, 0, 0.0
44, 1, 11, 0, 0, 0.0
44, 1, 12, 0, 0, 0.0
44, 1, 13, 0, 0, 0.0
44, 1, 14, 0, 0, 0.0
44, 1, 15, 0, 0, 0.0
44, 1, 16, 0, 0, 0.0
44, 1, 17, 0, 0, 0.0
44, 1, 18, 0, 0, 0.0
44, 1, 19, 0, 0, 0.0
44, 1, 20, 0, 0, 0.0
45, 0, 0, 0, 0, 0.0
45, 0, 1, 0, 0, 0.0
45, 0, 2, 0, 0, 0.0
45, 0, 3, 0, 0, 0.0
45, 0, 4, 0, 0, 0.0
45, 0, 5, 0, 0, 0.0
45, 0, 6, 0, 0, 0.0
45, 0, 7, 0, 0, 0.0
45, 0, 8, 0, 0, 0.0
45, 0, 9, 0, 0, 0.0
45, 0, 10, 0, 0, 0.0
45, 0, 11, 0, 0, 0.0
45, 0, 12, 0, 0, 0.0
45, 0, 13, 0, 0, 0.0
45, 0, 14, 0, 0, 0.0
45, 0, 15, 0, 0, 0.0
45, 0, 16, 0, 0, 0.0
45, 0, 17, 0, 0, 0.0
45, 0, 18, 0, 0, 0.0
45, 0, 19, 0, 0, 0.0
45, 0, 20, 0, 0, 0.0
45, 1, 0, 0, 0, 0.0
45, 1, 1, 0, 0, 0.0
45, 1, 2, 0, 0, 0.0
45, 1, 3, 0, 0, 0.0
45, 1, 4, 0, 0, 0.0
45, 1, 5, 0, 0, 0.0
45, 1, 6, 0, 0, 0.0
45, 1, 7, 0, 0, 0.0
45, 1, 8, 0, 0, 0.0
45, 1, 9, 0, 0, 0.0
45, 1, 10, 0, 0, 0.0
45, 1, 11, 0, 0, 0.0
45, 1, 12, 0, 0, 0.0
45, 1, 13, 0, 0, 0.0
45, 1, 14, 0, 0, 0.0
45, 1, 15, 0, 0, 0.0
45, 1, 16, 0, 0, 0.0
45, 1, 17, 0, 0, 0.0
45, 1, 18, 0, 0, 0.0
45, 1, 19, 0, 0, 0.0
45, 1, 20, 0, 0, 0.0
46, 0, 0, 0, 0, 0.0
46, 0, 1, 0, 0, 0.0
46, 0, 2, 0, 0, 0.0
46, 0, 3, 0, 0, 0.0
46, 0, 4, 0, 0, 0.0
46, 0, 5, 0, 0, 0.0
46, 0, 6, 0, 0, 0.0
46, 0, 7, 0, 0, 0.0
46, 0, 8, 0, 0, 0.0
46, 0, 9, 0, 0, 0.0
46, 0, 10, 0, 0, 0.0
46, 0, 11, 0, 0, 0.0
46, 0, 12, 0, 0, 0.0
46, 0, 13, 0, 0, 0.0
46, 0, 14, 0, 0, 0.0
46, 0, 15, 0, 0, 0.0
46, 0, 16, 0, 0, 0.0
46, 0, 17, 0, 0, 0.0
46, 0, 18, 0, 0, 0.0
46, 0, 19, 0, 0, 0.0
46, 0, 20, 0, 0, 0.0
46, 1, 0, 0, 0, 0.0
46, 1, 1, 0, 0, 0.0
46, 1, 2, 0, 0, 0.0
46, 1, 3, 0, 0, 0.0
46, 1, 4, 0, 0, 0.0
46, 1, 5, 0, 0, 0.0
46, 1, 6, 0, 0, 0.0
46, 1, 7, 0, 0, 0.0
46, 1, 8, 0, 0, 0.0
46, 1, 9, 0, 0, 0.0
46, 1, 10, 0, 0, 0.0
46, 1, 11, 0, 0, 0.0
46, 1, 12, 0, 0, 0.0
46, 1, 13, 0, 0, 0.0
46, 1, 14, 0, 0, 0.0
46, 1, 15, 0, 0, 0.0
46, 1, 16, 0, 0, 0.0
46, 1, 17, 0, 0, 0.0
46, 1, 18, 0, 0, 0.0
46, 1, 19, 0, 0, 0.0
46, 1, 20, 0, 0, 0.0
47, 0, 0, 0, 0, 0.0
47, 0, 1, 0, 0, 0.0
47, 0, 2, 0, 0, 0.0
47, 0, 3, 0, 0, 0.0
47, 0, 4, 0, 0, 0.0
47, 0, 5, 0, 0, 0.0
47, 0, 6, 0, 0, 0.0
47, 0, 7, 0, 0, 0.0
47, 0, 8, 0, 0, 0.0
47, 0, 9, 0, 0, 0.0
47, 0, 10, 0, 0, 0.0
47, 0, 11, 0, 0, 0.0
47, 0, 12, 0, 0, 0.0
47, 0, 13, 0, 0, 0.0
47, 0, 14, 0, 0, 0.0
47, 0, 15, 0, 0, 0.0
47, 0, 16, 0, 0, 0.0
47, 0, 17, 0, 0, 0.0
47, 0, 18, 0, 0, 0.0
47, 0, 19, 0, 0, 0.0
47, 0, 20, 0, 0, 0.0
47, 1, 0, 0, 0, 0.0
47, 1, 1, 0, 0, 0.0
47, 1, 2, 0, 0, 0.0
47, 1, 3, 0, 0, 0.0
47, 1, 4, 0, 0, 0.0
47, 1, 5, 0, 0, 0.0
47, 1, 6, 0, 0, 0.0
47, 1, 7, 0, 0, 0.0
47, 1, 8, 0, 0, 0.0
47, 1, 9, 0, 0, 0.0
47, 1, 10, 0, 0, 0.0
47, 1, 11, 0, 0, 0.0
47, 1, 12, 0, 0, 0.0
47, 1, 13, 0, 0, 0.0
47, 1, 14, 0, 0, 0.0
47, 1, 15, 0, 0, 0.0
47, 1, 16, 0, 0, 0.0
47, 1, 17, 0, 0, 0.0
47, 1, 18, 0, 0, 0.0
47, 1, 19, 0, 0, 0.0
47, 1, 20, 0, 0, 0.0
48, 0, 0, 0, 0, 0.0
48, 0, 1, 0, 0, 0.0
48, 0, 2, 0, 0, 0.0
48, 0, 3, 0, 0, 0.0
48, 0, 4, 0, 0, 0.0
48, 0, 5, 0, 0, 0.0
48, 0, 6, 0, 0, 0.0
48, 0, 7, 0, 0, 0.0
48, 0, 8, 0, 0, 0.0
48, 0, 9, 0, 0, 0.0
48, 0, 10, 0, 0, 0.0
48, 0, 11, 0, 0, 0.0
48, 0, 12, 0, 0, 0.0
48, 0, 13, 0, 0, 0.0
48, 0, 14, 0, 0, 0.0
48, 0, 15, 0, 0, 0.0
48, 0, 16, 0, 0, 0.0
48, 0, 17, 0, 0, 0.0
48, 0, 18, 0, 0, 0.0
48, 0, 19, 0, 0, 0.0
48, 0, 20, 0, 0, 0.0
48, 1, 0, 0, 0, 0.0
48, 1, 1, 0, 0, 0.0
48, 1, 2, 0, 0, 0.0
48, 1, 3, 0, 0, 0.0
48, 1, 4, 0, 0, 0.0
48, 1, 5, 0, 0, 0.0
48, 1, 6, 0, 0, 0.0
48, 1, 7, 0, 0, 0.0
48, 1, 8, 0, 0, 0.0
48, 1, 9, 0, 0, 0.0
48, 1, 10, 0, 0, 0.0
48, 1, 11, 0, 0, 0.0
48, 1, 12, 0, 0, 0.0
48, 1, 13, 0, 0, 0.0
48, 1, 14, 0, 0, 0.0
48, 1, 15, 0, 0, 0.0
48, 1, 16, 0, 0, 0.0
48, 1, 17, 0, 0, 0.0
48, 1, 18, 0, 0, 0.0
48, 1, 19, 0, 0, 0.0
48, 1, 20, 0, 0, 0.0
49, 0, 0, 0, 0, 0.0
49, 0, 1, 0, 0, 0.0
49, 0, 2, 0, 0, 0.0
49, 0, 3, 0, 0, 0.0
49, 0, 4, 0, 0, 0.0
49, 0, 5, 0, 0, 0.0
49, 0, 6, 0, 0, 0.0
49, 0, 7, 0, 0, 0.0
49, 0, 8, 0, 0, 0.0
49, 0, 9, 0, 0, 0.0
49, 0, 10, 0, 0, 0.0
49, 0, 11, 0, 0, 0.0
49, 0, 12, 0, 0, 0.0
49, 0, 13, 0, 0, 0.0
49, 0, 14, 0, 0, 0.0
49, 0, 15, 0, 0, 0.0
49, 0, 16, 0, 0, 0.0
49, 0, 17, 0, 0, 0.0
49, 0, 18, 0, 0, 0.0
49, 0, 19, 0, 0, 0.0
49, 0, 20, 0, 0, 0.0
49, 1, 0, 0, 0, 0.0
49, 1, 1, 0, 0, 0.0
49, 1, 2, 0, 0, 0.0
49, 1, 3, 0, 0, 0.0
49, 1, 4, 0, 0, 0.0
49, 1, 5, 0, 0, 0.0
49, 1, 6, 0, 0, 0.0
49, 1, 7, 0, 0, 0.0
49, 1, 8, 0, 0, 0.0
49, 1, 9, 0, 0, 0.0
49, 1, 10, 0, 0, 0.0
49, 1, 11, 0, 0, 0.0
49, 1, 12, 0, 0, 0.0
49, 1, 13, 0, 0, 0.0
49, 1, 14, 0, 0, 0.0
49, 1, 15, 0, 0, 0.0
49, 1, 16, 0, 0, 0.0
49, 1, 17, 0, 0, 0.0
49, 1, 18, 0, 0, 0.0
49, 1, 19, 0, 0, 0.0
49, 1, 20, 0, 0, 0.0
50, 0, 0, 0, 0, 0.0
50, 0, 1, 0, 0, 0.0
50, 0, 2, 0, 0, 0.0
50, 0, 3, 0, 0, 0.0
50, 0, 4, 0, 0, 0.0
50, 0, 5, 0, 0, 0.0
50, 0, 6, 0, 0, 0.0
50, 0, 7, 0, 0, 0.0
50, 0, 8, 0, 0, 0.0
50, 0, 9, 0, 0, 0.0
50, 0, 10, 0, 0, 0.0
50, 0, 11, 0, 0, 0.0
50, 0, 12, 0, 0, 0.0
50, 0, 13, 0, 0, 0.0
50, 0, 14, 0, 0, 0.0
50, 0, 15, 0, 0, 0.0
50, 0, 16, 0, 0, 0.0
50, 0, 17, 0, 0, 0.0
50, 0, 18, 0, 0, 0.0
50, 0, 19, 0, 0, 0.0
50, 0, 20, 0, 0, 0.0
50, 1, 0, 0, 0, 0.0
50, 1, 1, 0, 0, 0.0
50, 1, 2, 0, 0, 0.0
50, 1, 3, 0, 0, 0.0
50, 1, 4, 0, 0, 0.0
50, 1, 5, 0, 0, 0.0
50, 1, 6, 0, 0, 0.0
50, 1, 7, 0, 0, 0.0
50, 1, 8, 0, 0, 0.0
50, 1, 9, 0, 0, 0.0
50, 1, 10, 0, 0, 0.0
50, 1, 11, 0, 0, 0.0
50, 1, 12, 0, 0, 0.0
50, 1, 13, 0, 0, 0.0
50, 1, 14, 0, 0, 0.0
50, 1, 15, 0, 0, 0.0
50, 1, 16, 0, 0, 0.0
50, 1, 17, 0, 0, 0.0
50, 1, 18, 0, 0, 0.0
50, 1, 19, 0, 0, 0.0
50, 1, 20, 0, 0, 0.0
51, 0, 0, 0, 0, 0.0
51, 0, 1, 0, 0, 0.0
51, 0, 2, 0, 0, 0.0
51, 0, 3, 0, 0, 0.0
51, 0, 4, 0, 0, 0.0
51, 0, 5, 0, 0, 0.0
51, 0, 6, 0, 0, 0.0
51, 0, 7, 0, 0, 0.0
51, 0, 8, 0, 0, 0.0
51, 0, 9, 0, 0, 0.0
51, 0, 10, 0, 0, 0.0
51, 0, 11, 0, 0, 0.0
51, 0, 12, 0, 0, 0.0
51, 0, 13, 0, 0, 0.0
51, 0, 14, 0, 0, 0.0
51, 0, 15, 0, 0, 0.0
51, 0, 16, 0, 0, 0.0
51, 0, 17, 0, 0, 0.0
51, 0, 18, 0, 0, 0.0
51, 0, 19, 0, 0, 0.0
51, 0, 20, 0, 0, 0.0
51, 1, 0, 0, 0, 0.0
51, 1, 1, 0, 0, 0.0
51, 1, 2, 0, 0, 0.0
51, 1, 3, 0, 0, 0.0
51, 1, 4, 0, 0, 0.0
51, 1, 5, 0, 0, 0.0
51, 1, 6, 0, 0, 0.0
51, 1, 7, 0, 0, 0.0
51, 1, 8, 0, 0, 0.0
51, 1, 9, 0, 0, 0.0
51, 1, 10, 0, 0, 0.0
51, 1, 11, 0, 0, 0.0
51, 1, 12, 0, 0, 0.0
51, 1, 13, 0, 0, 0.0
51, 1, 14, 0, 0, 0.0
51, 1, 15, 0, 0, 0.0
51, 1, 16, 0, 0, 0.0
51, 1, 17, 0, 0, 0.0
51, 1, 18, 0, 0, 0.0
51, 1, 19, 0, 0, 0.0
51, 1, 20, 0, 0, 0.0
52, 0, 0, 0, 0, 0.0
52, 0, 1, 0, 0, 0.0
52, 0, 2, 0, 0, 0.0
52, 0, 3, 0, 0, 0.0
52, 0, 4, 0, 0, 0.0
52, 0, 5, 0, 0, 0.0
52, 0, 6, 0, 0, 0.0
52, 0, 7, 0, 0, 0.0
52, 0, 8, 0, 0, 0.0
52, 0, 9, 0, 0, 0.0
52, 0, 10, 0, 0, 0.0
52, 0, 11, 0, 0, 0.0
52, 0, 12, 0, 0, 0.0
52, 0, 13, 0, 0, 0.0
52, 0, 14, 0, 0, 0.0
52, 0, 15, 0, 0, 0.0
52, 0, 16, 0, 0, 0.0
52, 0, 17, 0, 0, 0.0
52, 0, 18, 0, 0, 0.0
52, 0, 19, 0, 0, 0.0
52, 0, 20, 0, 0, 0.0
52, 1, 0, 0, 0, 0.0
52, 1, 1, 0, 0, 0.0
52, 1, 2, 0, 0, 0.0
52, 1, 3, 0, 0, 0.0
52, 1, 4, 0, 0, 0.0
52, 1, 5, 0, 0, 0.0
52, 1, 6, 0, 0, 0.0
52, 1, 7, 0, 0, 0.0
52, 1, 8, 0, 0, 0.0
52, 1, 9, 0, 0, 0.0
52, 1, 10, 0, 0, 0.0
52, 1, 11, 0, 0, 0.0
52, 1, 12, 0, 0, 0.0
52, 1, 13, 0, 0, 0.0
52, 1, 14, 0, 0, 0.0
52, 1, 15, 0, 0, 0.0
52, 1, 16, 0, 0, 0.0
52, 1, 17, 0, 0, 0.0
52, 1, 18, 0, 0, 0.0
52, 1, 19, 0, 0, 0.0
52, 1, 20, 0, 0, 0.0
53, 0, 0, 0, 0, 0.0
53, 0, 1, 0, 0, 0.0
53, 0, 2, 0, 0, 0.0
53, 0, 3, 0, 0, 0.0
53, 0, 4, 0, 0, 0.0
53, 0, 5, 0, 0, 0.0
53, 0, 6, 0, 0, 0.0
53, 0, 7, 0, 0, 0.0
53, 0, 8, 0, 0, 0.0
53, 0, 9, 0, 0, 0.0
53, 0, 10, 0, 0, 0.0
53, 0, 11, 0, 0, 0.0
53, 0, 12, 0, 0, 0.0
53, 0, 13, 0, 0, 0.0
53, 0, 14, 0, 0, 0.0
53, 0, 15, 0, 0, 0.0
53, 0, 16, 0, 0, 0.0
53, 0, 17, 0, 0, 0.0
53, 0, 18, 0, 0, 0.0
53, 0, 19, 0, 0, 0.0
53, 0, 20, 0, 0, 0.0
53, 1, 0, 0, 0, 0.0
53, 1, 1, 0, 0, 0.0
53, 1, 2, 0, 0, 0.0
53, 1, 3, 0, 0, 0.0
53, 1, 4, 0, 0, 0.0
53, 1, 5, 0, 0, 0.0
53, 1, 6, 0, 0, 0.0
53, 1, 7, 0, 0, 0.0
53, 1, 8, 0, 0, 0.0
53, 1, 9, 0, 0, 0.0
53, 1, 10, 0, 0, 0.0
53, 1, 11, 0, 0, 0.0
53, 1, 12, 0, 0, 0.0
53, 1, 13, 0, 0, 0.0
53, 1, 14, 0, 0, 0.0
53, 1, 15, 0, 0, 0.0
53, 1, 16, 0, 0, 0.0
53, 1, 17, 0, 0, 0.0
53, 1, 18, 0, 0, 0.0
53, 1, 19, 0, 0, 0.0
53, 1, 20, 0, 0, 0.0
