0, 0, 0, 0, 0, 0.0
0, 0, 1, 0, 0, 0.0
0, 0, 2, 0, 0, 0.0
0, 0, 3, 0, 0, 0.0
0, 0, 4, 0, 0, 0.0
0, 0, 5, 0, 0, 0.0
0, 0, 6, 0, 0, 0.0
0, 0, 7, 0, 0, 0.0
0, 0, 8, 0, 0, 0.0
0, 0, 9, 0, 0, 0.0
0, 0, 10, 0, 0, 0.0
0, 0, 11, 0, 0, 0.0
0, 0, 12, 0, 0, 0.0
0, 0, 13, 0, 0, 0.0
0, 0, 14, 0, 0, 0.0
0, 0, 15, 0, 0, 0.0
0, 0, 16, 0, 0, 0.0
0, 0, 17, 0, 0, 0.0
0, 0, 18, 0, 0, 0.0
0, 0, 19, 0, 0, 0.0
0, 0, 20, 0, 0, 0.0
0, 1, 0, 0, 0, 0.0
0, 1, 1, 0, 0, 0.0
0, 1, 2, 0, 0, 0.0
0, 1, 3, 0, 0, 0.0
0, 1, 4, 0, 0, 0.0
0, 1, 5, 0, 0, 0.0
0, 1, 6, 0, 0, 0.0
0, 1, 7, 0, 0, 0.0
0, 1, 8, 0, 0, 0.0
0, 1, 9, 0, 0, 0.0
0, 1, 10, 0, 0, 0.0
0, 1, 11, 0, 0, 0.0
0, 1, 12, 0, 0, 0.0
0, 1, 13, 0, 0, 0.0
0, 1, 14, 0, 0, 0.0
0, 1, 15, 0, 0, 0.0
0, 1, 16, 0, 0, 0.0
0, 1, 17, 0, 0, 0.0
0, 1, 18, 0, 0, 0.0
0, 1, 19, 0, 0, 0.0
0, 1, 20, 0, 0, 0.0
1, 0, 0, 0, 0, 0.0
1, 0, 1, 0, 0, 0.0
1, 0, 2, 0, 0, 0.0
1, 0, 3, 0, 0, 0.0
1, 0, 4, 0, 0, 0.0
1, 0, 5, 0, 0, 0.0
1, 0, 6, 0, 0, 0.0
1, 0, 7, 0, 0, 0.0
1, 0, 8, 0, 0, 0.0
1, 0, 9, 0, 0, 0.0
1, 0, 10, 0, 0, 0.0
1, 0, 11, 0, 0, 0.0
1, 0, 12, 0, 0, 0.0
1, 0, 13, 0, 0, 0.0
1, 0, 14, 0, 0, 0.0
1, 0, 15, 0, 0, 0.0
1, 0, 16, 0, 0, 0.0
1, 0, 17, 0, 0, 0.0
1, 0, 18, 0, 0, 0.0
1, 0, 19, 0, 0, 0.0
1, 0, 20, 0, 0, 0.0
1, 1, 0, 0, 0, 0.0
1, 1, 1, 0, 0, 0.0
1, 1, 2, 0, 0, 0.0
1, 1, 3, 0, 0, 0.0
1, 1, 4, 0, 0, 0.0
1, 1, 5, 0, 0, 0.0
1, 1, 6, 0, 0, 0.0
1, 1, 7, 0, 0, 0.0
1, 1, 8, 0, 0, 0.0
1, 1, 9, 0, 0, 0.0
1, 1, 10, 0, 0, 0.0
1, 1, 11, 0, 0, 0.0
1, 1, 12, 0, 0, 0.0
1, 1, 13, 0, 0, 0.0
1, 1, 14, 0, 0, 0.0
1, 1, 15, 0, 0, 0.0
1, 1, 16, 0, 0, 0.0
1, 1, 17, 0, 0, 0.0
1, 1, 18, 0, 0, 0.0
1, 1, 19, 0, 0, 0.0
1, 1, 20, 0, 0, 0.0
2, 0, 0, 0, 0, 0.0
2, 0, 1, 0, 0, 0.0
2, 0, 2, 0, 0, 0.0
2, 0, 3, 0, 0, 0.0
2, 0, 4, 0, 0, 0.0
2, 0, 5, 0, 0, 0.0
2, 0, 6, 0, 0, 0.0
2, 0, 7, 0, 0, 0.0
2, 0, 8, 0, 0, 0.0
2, 0, 9, 0, 0, 0.0
2, 0, 10, 0, 0, 0.0
2, 0, 11, 0, 0, 0.0
2, 0, 12, 0, 0, 0.0
2, 0, 13, 0, 0, 0.0
2, 0, 14, 0, 0, 0.0
2, 0, 15, 0, 0, 0.0
2, 0, 16, 0, 0, 0.0
2, 0, 17, 0, 0, 0.0
2, 0, 18, 0, 0, 0.0
2, 0, 19, 0, 0, 0.0
2, 0, 20, 0, 0, 0.0
2, 1, 0, 0, 0, 0.0
2, 1, 1, 0, 0, 0.0
2, 1, 2, 0, 0, 0.0
2, 1, 3, 0, 0, 0.0
2, 1, 4, 0, 0, 0.0
2, 1, 5, 0, 0, 0.0
2, 1, 6, 0, 0, 0.0
2, 1, 7, 0, 0, 0.0
2, 1, 8, 0, 0, 0.0
2, 1, 9, 0, 0, 0.0
2, 1, 10, 0, 0, 0.0
2, 1, 11, 0, 0, 0.0
2, 1, 12, 0, 0, 0.0
2, 1, 13, 0, 0, 0.0
2, 1, 14, 0, 0, 0.0
2, 1, 15, 0, 0, 0.0
2, 1, 16, 0, 0, 0.0
2, 1, 17, 0, 0, 0.0
2, 1, 18, 0, 0, 0.0
2, 1, 19, 0, 0, 0.0
2, 1, 20, 0, 0, 0.0
3, 0, 0, 0, 0, 0.0
3, 0, 1, 0, 0, 0.0
3, 0, 2, 0, 0, 0.0
3, 0, 3, 0, 0, 0.0
3, 0, 4, 0, 0, 0.0
3, 0, 5, 0, 0, 0.0
3, 0, 6, 0, 0, 0.0
3, 0, 7, 0, 0, 0.0
3, 0, 8, 0, 0, 0.0
3, 0, 9, 0, 0, 0.0
3, 0, 10, 0, 0, 0.0
3, 0, 11, 0, 0, 0.0
3, 0, 12, 0, 0, 0.0
3, 0, 13, 0, 0, 0.0
3, 0, 14, 0, 0, 0.0
3, 0, 15, 0, 0, 0.0
3, 0, 16, 0, 0, 0.0
3, 0, 17, 0, 0, 0.0
3, 0, 18, 0, 0, 0.0
3, 0, 19, 0, 0, 0.0
3, 0, 20, 0, 0, 0.0
3, 1, 0, 0, 0, 0.0
3, 1, 1, 0, 0, 0.0
3, 1, 2, 0, 0, 0.0
3, 1, 3, 0, 0, 0.0
3, 1, 4, 0, 0, 0.0
3, 1, 5, 0, 0, 0.0
3, 1, 6, 0, 0, 0.0
3, 1, 7, 0, 0, 0.0
3, 1, 8, 0, 0, 0.0
3, 1, 9, 0, 0, 0.0
3, 1, 10, 0, 0, 0.0
3, 1, 11, 0, 0, 0.0
3, 1, 12, 0, 0, 0.0
3, 1, 13, 0, 0, 0.0
3, 1, 14, 0, 0, 0.0
3, 1, 15, 0, 0, 0.0
3, 1, 16, 0, 0, 0.0
3, 1, 17, 0, 0, 0.0
3, 1, 18, 0, 0, 0.0
3, 1, 19, 0, 0, 0.0
3, 1, 20, 0, 0, 0.0
4, 0, 0, 0, 0, 0.0
4, 0, 1, 0, 0, 0.0
4, 0, 2, 0, 0, 0.0
4, 0, 3, 0, 0, 0.0
4, 0, 4, 0, 0, 0.0
4, 0, 5, 0, 0, 0.0
4, 0, 6, 0, 0, 0.0
4, 0, 7, 0, 0, 0.0
4, 0, 8, 0, 0, 0.0
4, 0, 9, 0, 0, 0.0
4, 0, 10, 0, 0, 0.0
4, 0, 11, 0, 0, 0.0
4, 0, 12, 0, 0, 0.0
4, 0, 13, 0, 0, 0.0
4, 0, 14, 0, 0, 0.0
4, 0, 15, 0, 0, 0.0
4, 0, 16, 0, 0, 0.0
4, 0, 17, 0, 0, 0.0
4, 0, 18, 0, 0, 0.0
4, 0, 19, 0, 0, 0.0
4, 0, 20, 0, 0, 0.0
4, 1, 0, 0, 0, 0.0
4, 1, 1, 0, 0, 0.0
4, 1, 2, 0, 0, 0.0
4, 1, 3, 0, 0, 0.0
4, 1, 4, 0, 0, 0.0
4, 1, 5, 0, 0, 0.0
4, 1, 6, 0, 0, 0.0
4, 1, 7, 0, 0, 0.0
4, 1, 8, 0, 0, 0.0
4, 1, 9, 0, 0, 0.0
4, 1, 10, 0, 0, 0.0
4, 1, 11, 0, 0, 0.0
4, 1, 12, 0, 0, 0.0
4, 1, 13, 0, 0, 0.0
4, 1, 14, 0, 0, 0.0
4, 1, 15, 0, 0, 0.0
4, 1, 16, 0, 0, 0.0
4, 1, 17, 0, 0, 0.0
4, 1, 18, 0, 0, 0.0
4, 1, 19, 0, 0, 0.0
4, 1, 20, 0, 0, 0.0
5, 0, 0, 0, 0, 0.0
5, 0, 1, 0, 0, 0.0
5, 0, 2, 0, 0, 0.0
5, 0, 3, 0, 0, 0.0
5, 0, 4, 0, 0, 0.0
5, 0, 5, 0, 0, 0.0
5, 0, 6, 0, 0, 0.0
5, 0, 7, 0, 0, 0.0
5, 0, 8, 0, 0, 0.0
5, 0, 9, 0, 0, 0.0
5, 0, 10, 0, 0, 0.0
5, 0, 11, 0, 0, 0.0
5, 0, 12, 0, 0, 0.0
5, 0, 13, 0, 0, 0.0
5, 0, 14, 0, 0, 0.0
5, 0, 15, 0, 0, 0.0
5, 0, 16, 0, 0, 0.0
5, 0, 17, 0, 0, 0.0
5, 0, 18, 0, 0, 0.0
5, 0, 19, 0, 0, 0.0
5, 0, 20, 0, 0, 0.0
5, 1, 0, 0, 0, 0.0
5, 1, 1, 0, 0, 0.0
5, 1, 2, 0, 0, 0.0
5, 1, 3, 0, 0, 0.0
5, 1, 4, 0, 0, 0.0
5, 1, 5, 0, 0, 0.0
5, 1, 6, 0, 0, 0.0
5, 1, 7, 0, 0, 0.0
5, 1, 8, 0, 0, 0.0
5, 1, 9, 0, 0, 0.0
5, 1, 10, 0, 0, 0.0
5, 1, 11, 0, 0, 0.0
5, 1, 12, 0, 0, 0.0
5, 1, 13, 0, 0, 0.0
5, 1, 14, 0, 0, 0.0
5, 1, 15, 0, 0, 0.0
5, 1, 16, 0, 0, 0.0
5, 1, 17, 0, 0, 0.0
5, 1, 18, 0, 0, 0.0
5, 1, 19, 0, 0, 0.0
5, 1, 20, 0, 0, 0.0
6, 0, 0, 0, 0, 0.0
6, 0, 1, 0, 0, 0.0
6, 0, 2, 0, 0, 0.0
6, 0, 3, 0, 0, 0.0
6, 0, 4, 0, 0, 0.0
6, 0, 5, 0, 0, 0.0
6, 0, 6, 0, 0, 0.0
6, 0, 7, 0, 0, 0.0
6, 0, 8, 0, 0, 0.0
6, 0, 9, 0, 0, 0.0
6, 0, 10, 0, 0, 0.0
6, 0, 11, 0, 0, 0.0
6, 0, 12, 0, 0, 0.0
6, 0, 13, 0, 0, 0.0
6, 0, 14, 0, 0, 0.0
6, 0, 15, 0, 0, 0.0
6, 0, 16, 0, 0, 0.0
6, 0, 17, 0, 0, 0.0
6, 0, 18, 0, 0, 0.0
6, 0, 19, 0, 0, 0.0
6, 0, 20, 0, 0, 0.0
6, 1, 0, 0, 0, 0.0
6, 1, 1, 0, 0, 0.0
6, 1, 2, 0, 0, 0.0
6, 1, 3, 0, 0, 0.0
6, 1, 4, 0, 0, 0.0
6, 1, 5, 0, 0, 0.0
6, 1, 6, 0, 0, 0.0
6, 1, 7, 0, 0, 0.0
6, 1, 8, 0, 0, 0.0
6, 1, 9, 0, 0, 0.0
6, 1, 10, 0, 0, 0.0
6, 1, 11, 0, 0, 0.0
6, 1, 12, 0, 0, 0.0
6, 1, 13, 0, 0, 0.0
6, 1, 14, 0, 0, 0.0
6, 1, 15, 0, 0, 0.0
6, 1, 16, 0, 0, 0.0
6, 1, 17, 0, 0, 0.0
6, 1, 18, 0, 0, 0.0
6, 1, 19, 0, 0, 0.0
6, 1, 20, 0, 0, 0.0
7, 0, 0, 0, 0, 0.0
7, 0, 1, 0, 0, 0.0
7, 0, 2, 0, 0, 0.0
7, 0, 3, 0, 0, 0.0
7, 0, 4, 0, 0, 0.0
7, 0, 5, 0, 0, 0.0
7, 0, 6, 0, 0, 0.0
7, 0, 7, 0, 0, 0.0
7, 0, 8, 0, 0, 0.0
7, 0, 9, 0, 0, 0.0
7, 0, 10, 0, 0, 0.0
7, 0, 11, 0, 0, 0.0
7, 0, 12, 0, 0, 0.0
7, 0, 13, 0, 0, 0.0
7, 0, 14, 0, 0, 0.0
7, 0, 15, 0, 0, 0.0
7, 0, 16, 0, 0, 0.0
7, 0, 17, 0, 0, 0.0
7, 0, 18, 0, 0, 0.0
7, 0, 19, 0, 0, 0.0
7, 0, 20, 0, 0, 0.0
7, 1, 0, 0, 0, 0.0
7, 1, 1, 0, 0, 0.0
7, 1, 2, 0, 0, 0.0
7, 1, 3, 0, 0, 0.0
7, 1, 4, 0, 0, 0.0
7, 1, 5, 0, 0, 0.0
7, 1, 6, 0, 0, 0.0
7, 1, 7, 0, 0, 0.0
7, 1, 8, 0, 0, 0.0
7, 1, 9, 0, 0, 0.0
7, 1, 10, 0, 0, 0.0
7, 1, 11, 0, 0, 0.0
7, 1, 12, 0, 0, 0.0
7, 1, 13, 0, 0, 0.0
7, 1, 14, 0, 0, 0.0
7, 1, 15, 0, 0, 0.0
7, 1, 16, 0, 0, 0.0
7, 1, 17, 0, 0, 0.0
7, 1, 18, 0, 0, 0.0
7, 1, 19, 0, 0, 0.0
7, 1, 20, 0, 0, 0.0
8, 0, 0, 0, 0, 0.0
8, 0, 1, 0, 0, 0.0
8, 0, 2, 0, 0, 0.0
8, 0, 3, 0, 0, 0.0
8, 0, 4, 0, 0, 0.0
8, 0, 5, 0, 0, 0.0
8, 0, 6, 0, 0, 0.0
8, 0, 7, 0, 0, 0.0
8, 0, 8, 0, 0, 0.0
8, 0, 9, 0, 0, 0.0
8, 0, 10, 0, 0, 0.0
8, 0, 11, 0, 0, 0.0
8, 0, 12, 0, 0, 0.0
8, 0, 13, 0, 0, 0.0
8, 0, 14, 0, 0, 0.0
8, 0, 15, 0, 0, 0.0
8, 0, 16, 0, 0, 0.0
8, 0, 17, 0, 0, 0.0
8, 0, 18, 0, 0, 0.0
8, 0, 19, 0, 0, 0.0
8, 0, 20, 0, 0, 0.0
8, 1, 0, 0, 0, 0.0
8, 1, 1, 0, 0, 0.0
8, 1, 2, 0, 0, 0.0
8, 1, 3, 0, 0, 0.0
8, 1, 4, 0, 0, 0.0
8, 1, 5, 0, 0, 0.0
8, 1, 6, 0, 0, 0.0
8, 1, 7, 0, 0, 0.0
8, 1, 8, 0, 0, 0.0
8, 1, 9, 0, 0, 0.0
8, 1, 10, 0, 0, 0.0
8, 1, 11, 0, 0, 0.0
8, 1, 12, 0, 0, 0.0
8, 1, 13, 0, 0, 0.0
8, 1, 14, 0, 0, 0.0
8, 1, 15, 0, 0, 0.0
8, 1, 16, 0, 0, 0.0
8, 1, 17, 0, 0, 0.0
8, 1, 18, 0, 0, 0.0
8, 1, 19, 0, 0, 0.0
8, 1, 20, 0, 0, 0.0
9, 0, 0, 0, 0, 0.0
9, 0, 1, 0, 0, 0.0
9, 0, 2, 0, 0, 0.0
9, 0, 3, 0, 0, 0.0
9, 0, 4, 0, 0, 0.0
9, 0, 5, 0, 0, 0.0
9, 0, 6, 0, 0, 0.0
9, 0, 7, 0, 0, 0.0
9, 0, 8, 0, 0, 0.0
9, 0, 9, 0, 0, 0.0
9, 0, 10, 0, 0, 0.0
9, 0, 11, 0, 0, 0.0
9, 0, 12, 0, 0, 0.0
9, 0, 13, 0, 0, 0.0
9, 0, 14, 0, 0, 0.0
9, 0, 15, 0, 0, 0.0
9, 0, 16, 0, 0, 0.0
9, 0, 17, 0, 0, 0.0
9, 0, 18, 0, 0, 0.0
9, 0, 19, 0, 0, 0.0
9, 0, 20, 0, 0, 0.0
9, 1, 0, 0, 0, 0.0
9, 1, 1, 0, 0, 0.0
9, 1, 2, 0, 0, 0.0
9, 1, 3, 0, 0, 0.0
9, 1, 4, 0, 0, 0.0
9, 1, 5, 0, 0, 0.0
9, 1, 6, 0, 0, 0.0
9, 1, 7, 0, 0, 0.0
9, 1, 8, 0, 0, 0.0
9, 1, 9, 0, 0, 0.0
9, 1, 10, 0, 0, 0.0
9, 1, 11, 0, 0, 0.0
9, 1, 12, 0, 0, 0.0
9, 1, 13, 0, 0, 0.0
9, 1, 14, 0, 0, 0.0
9, 1, 15, 0, 0, 0.0
9, 1, 16, 0, 0, 0.0
9, 1, 17, 0, 0, 0.0
9, 1, 18, 0, 0, 0.0
9, 1, 19, 0, 0, 0.0
9, 1, 20, 0, 0, 0.0
10, 0, 0, 0, 0, 0.0
10, 0, 1, 0, 0, 0.0
10, 0, 2, 0, 0, 0.0
10, 0, 3, 0, 0, 0.0
10, 0, 4, 0, 0, 0.0
10, 0, 5, 0, 0, 0.0
10, 0, 6, 0, 0, 0.0
10, 0, 7, 0, 0, 0.0
10, 0, 8, 0, 0, 0.0
10, 0, 9, 0, 0, 0.0
10, 0, 10, 0, 0, 0.0
10, 0, 11, 0, 0, 0.0
10, 0, 12, 0, 0, 0.0
10, 0, 13, 0, 0, 0.0
10, 0, 14, 0, 0, 0.0
10, 0, 15, 0, 0, 0.0
10, 0, 16, 0, 0, 0.0
10, 0, 17, 0, 0, 0.0
10, 0, 18, 0, 0, 0.0
10, 0, 19, 0, 0, 0.0
10, 0, 20, 0, 0, 0.0
10, 1, 0, 0, 0, 0.0
10, 1, 1, 0, 0, 0.0
10, 1, 2, 0, 0, 0.0
10, 1, 3, 0, 0, 0.0
10, 1, 4, 0, 0, 0.0
10, 1, 5, 0, 0, 0.0
10, 1, 6, 0, 0, 0.0
10, 1, 7, 0, 0, 0.0
10, 1, 8, 0, 0, 0.0
10, 1, 9, 0, 0, 0.0
10, 1, 10, 0, 0, 0.0
10, 1, 11, 0, 0, 0.0
10, 1, 12, 0, 0, 0.0
10, 1, 13, 0, 0, 0.0
10, 1, 14, 0, 0, 0.0
10, 1, 15, 0, 0, 0.0
10, 1, 16, 0, 0, 0.0
10, 1, 17, 0, 0, 0.0
10, 1, 18, 0, 0, 0.0
10, 1, 19, 0, 0, 0.0
10, 1, 20, 0, 0, 0.0
11, 0, 0, 0, 0, 0.0
11, 0, 1, 0, 0, 0.0
11, 0, 2, 0, 0, 0.0
11, 0, 3, 0, 0, 0.0
11, 0, 4, 0, 0, 0.0
11, 0, 5, 0, 0, 0.0
11, 0, 6, 0, 0, 0.0
11, 0, 7, 0, 0, 0.0
11, 0, 8, 0, 0, 0.0
11, 0, 9, 0, 0, 0.0
11, 0, 10, 0, 0, 0.0
11, 0, 11, 0, 0, 0.0
11, 0, 12, 0, 0, 0.0
11, 0, 13, 0, 0, 0.0
11, 0, 14, 0, 0, 0.0
11, 0, 15, 0, 0, 0.0
11, 0, 16, 0, 0, 0.0
11, 0, 17, 0, 0, 0.0
11, 0, 18, 0, 0, 0.0
11, 0, 19, 0, 0, 0.0
11, 0, 20, 0, 0, 0.0
11, 1, 0, 0, 0, 0.0
11, 1, 1, 0, 0, 0.0
11, 1, 2, 0, 0, 0.0
11, 1, 3, 0, 0, 0.0
11, 1, 4, 0, 0, 0.0
11, 1, 5, 0, 0, 0.0
11, 1, 6, 0, 0, 0.0
11, 1, 7, 0, 0, 0.0
11, 1, 8, 0, 0, 0.0
11, 1, 9, 0, 0, 0.0
11, 1, 10, 0, 0, 0.0
11, 1, 11, 0, 0, 0.0
11, 1, 12, 0, 0, 0.0
11, 1, 13, 0, 0, 0.0
11, 1, 14, 0, 0, 0.0
11, 1, 15, 0, 0, 0.0
11, 1, 16, 0, 0, 0.0
11, 1, 17, 0, 0, 0.0
11, 1, 18, 0, 0, 0.0
11, 1, 19, 0, 0, 0.0
11, 1, 20, 0, 0, 0.0
12, 0, 0, 0, 0, 0.0
12, 0, 1, 0, 0, 0.0
12, 0, 2, 0, 0, 0.0
12, 0, 3, 0, 0, 0.0
12, 0, 4, 0, 0, 0.0
12, 0, 5, 0, 0, 0.0
12, 0, 6, 0, 0, 0.0
12, 0, 7, 0, 0, 0.0
12, 0, 8, 0, 0, 0.0
12, 0, 9, 0, 0, 0.0
12, 0, 10, 0, 0, 0.0
12, 0, 11, 0, 0, 0.0
12, 0, 12, 0, 0, 0.0
12, 0, 13, 0, 0, 0.0
12, 0, 14, 0, 0, 0.0
12, 0, 15, 0, 0, 0.0
12, 0, 16, 0, 0, 0.0
12, 0, 17, 0, 0, 0.0
12, 0, 18, 0, 0, 0.0
12, 0, 19, 0, 0, 0.0
12, 0, 20, 0, 0, 0.0
12, 1, 0, 0, 0, 0.0
12, 1, 1, 0, 0, 0.0
12, 1, 2, 0, 0, 0.0
12, 1, 3, 0, 0, 0.0
12, 1, 4, 0, 0, 0.0
12, 1, 5, 0, 0, 0.0
12, 1, 6, 0, 0, 0.0
12, 1, 7, 0, 0, 0.0
12, 1, 8, 0, 0, 0.0
12, 1, 9, 0, 0, 0.0
12, 1, 10, 0, 0, 0.0
12, 1, 11, 0, 0, 0.0
12, 1, 12, 0, 0, 0.0
12, 1, 13, 0, 0, 0.0
12, 1, 14, 0, 0, 0.0
12, 1, 15, 0, 0, 0.0
12, 1, 16, 0, 0, 0.0
12, 1, 17, 0, 0, 0.0
12, 1, 18, 0, 0, 0.0
12, 1, 19, 0, 0, 0.0
12, 1, 20, 0, 0, 0.0
13, 0, 0, 454, 402, 1.959548399099731e-07
13, 0, 1, 441, 369, -0.00801908504217863
13, 0, 2, 404, 348, -0.02260422147810459
13, 0, 3, 367, 352, -0.036296892911195755
13, 0, 4, 342, 366, -0.05290357768535614
13, 0, 5, 404, 323, -0.04796250909566879
13, 0, 6, 362, 311, -0.0702032521367073
13, 0, 7, 334, 304, -0.0855003371834755
13, 0, 8, 311, 298, -0.09645339101552963
13, 0, 9, 402, 345, -0.05718399956822395
13, 0, 10, 347, 339, -0.07540552318096161
13, 0, 11, 313, 335, -0.08539744466543198
13, 0, 12, 285, 331, -0.09526164829730988
13, 0, 13, 401, 374, -0.06396738439798355
13, 0, 14, 342, 376, -0.08230755478143692
13, 0, 15, 348, 382, -0.07812804728746414
13, 0, 16, 361, 387, -0.07316657155752182
13, 0, 17, 398, 405, -0.07079330831766129
13, 0, 18, 352, 400, -0.087405264377594
13, 0, 19, 349, 401, -0.08293156325817108
13, 0, 20, 355, 404, -0.07703018933534622
13, 1, 0, 0, 0, 0.0
13, 1, 1, 0, 0, 0.0
13, 1, 2, 0, 0, 0.0
13, 1, 3, 0, 0, 0.0
13, 1, 4, 0, 0, 0.0
13, 1, 5, 0, 0, 0.0
13, 1, 6, 0, 0, 0.0
13, 1, 7, 0, 0, 0.0
13, 1, 8, 0, 0, 0.0
13, 1, 9, 0, 0, 0.0
13, 1, 10, 0, 0, 0.0
13, 1, 11, 0, 0, 0.0
13, 1, 12, 0, 0, 0.0
13, 1, 13, 0, 0, 0.0
13, 1, 14, 0, 0, 0.0
13, 1, 15, 0, 0, 0.0
13, 1, 16, 0, 0, 0.0
13, 1, 17, 0, 0, 0.0
13, 1, 18, 0, 0, 0.0
13, 1, 19, 0, 0, 0.0
13, 1, 20, 0, 0, 0.0
14, 0, 0, 454, 385, 3.3728932180565607e-07
14, 0, 1, 439, 346, -0.0002814708277583122
14, 0, 2, 399, 325, -0.012096591293811798
14, 0, 3, 361, 334, -0.02514459565281868
14, 0, 4, 337, 350, -0.040975261479616165
14, 0, 5, 396, 306, -0.034454282373189926
14, 0, 6, 348, 295, -0.054578837007284164
14, 0, 7, 318, 287, -0.0677485316991806
14, 0, 8, 293, 282, -0.07653480023145676
14, 0, 9, 390, 331, -0.04838274419307709
14, 0, 10, 333, 320, -0.06605270504951477
14, 0, 11, 297, 313, -0.07701396197080612
14, 0, 12, 267, 307, -0.08603112399578094
14, 0, 13, 387, 360, -0.05937224254012108
14, 0, 14, 331, 360, -0.07919775694608688
14, 0, 15, 345, 365, -0.07525938004255295
14, 0, 16, 363, 367, -0.06886320561170578
14, 0, 17, 386, 390, -0.06937773525714874
14, 0, 18, 346, 388, -0.08493831008672714
14, 0, 19, 358, 387, -0.07624693214893341
14, 0, 20, 373, 386, -0.06653919070959091
14, 1, 0, 0, 0, 0.0
14, 1, 1, 0, 0, 0.0
14, 1, 2, 0, 0, 0.0
14, 1, 3, 0, 0, 0.0
14, 1, 4, 0, 0, 0.0
14, 1, 5, 0, 0, 0.0
14, 1, 6, 0, 0, 0.0
14, 1, 7, 0, 0, 0.0
14, 1, 8, 0, 0, 0.0
14, 1, 9, 0, 0, 0.0
14, 1, 10, 0, 0, 0.0
14, 1, 11, 0, 0, 0.0
14, 1, 12, 0, 0, 0.0
14, 1, 13, 0, 0, 0.0
14, 1, 14, 0, 0, 0.0
14, 1, 15, 0, 0, 0.0
14, 1, 16, 0, 0, 0.0
14, 1, 17, 0, 0, 0.0
14, 1, 18, 0, 0, 0.0
14, 1, 19, 0, 0, 0.0
14, 1, 20, 0, 0, 0.0
15, 0, 0, 451, 374, 3.074083281262574e-07
15, 0, 1, 433, 335, -0.005554900970309973
15, 0, 2, 388, 312, -0.018854983150959015
15, 0, 3, 345, 319, -0.031157702207565308
15, 0, 4, 317, 334, -0.04565422609448433
15, 0, 5, 391, 294, -0.046343762427568436
15, 0, 6, 342, 284, -0.07121545821428299
15, 0, 7, 311, 278, -0.08597611635923386
15, 0, 8, 285, 274, -0.09521862864494324
15, 0, 9, 385, 321, -0.05767663195729256
15, 0, 10, 324, 310, -0.07886897027492523
15, 0, 11, 287, 303, -0.08821707218885422
15, 0, 12, 256, 300, -0.09583045542240143
15, 0, 13, 382, 351, -0.06643975526094437
15, 0, 14, 323, 351, -0.0896676778793335
15, 0, 15, 338, 353, -0.08430587500333786
15, 0, 16, 357, 355, -0.07616041600704193
15, 0, 17, 380, 382, -0.07459327578544617
15, 0, 18, 340, 377, -0.09273374080657959
15, 0, 19, 351, 375, -0.0852704644203186
15, 0, 20, 366, 374, -0.07630042731761932
15, 1, 0, 0, 0, 0.0
15, 1, 1, 0, 0, 0.0
15, 1, 2, 0, 0, 0.0
15, 1, 3, 0, 0, 0.0
15, 1, 4, 0, 0, 0.0
15, 1, 5, 0, 0, 0.0
15, 1, 6, 0, 0, 0.0
15, 1, 7, 0, 0, 0.0
15, 1, 8, 0, 0, 0.0
15, 1, 9, 0, 0, 0.0
15, 1, 10, 0, 0, 0.0
15, 1, 11, 0, 0, 0.0
15, 1, 12, 0, 0, 0.0
15, 1, 13, 0, 0, 0.0
15, 1, 14, 0, 0, 0.0
15, 1, 15, 0, 0, 0.0
15, 1, 16, 0, 0, 0.0
15, 1, 17, 0, 0, 0.0
15, 1, 18, 0, 0, 0.0
15, 1, 19, 0, 0, 0.0
15, 1, 20, 0, 0, 0.0
16, 0, 0, 448, 369, 3.0596109468206123e-07
16, 0, 1, 431, 331, -0.007653368171304464
16, 0, 2, 387, 306, -0.018690722063183784
16, 0, 3, 344, 308, -0.02843424677848816
16, 0, 4, 315, 315, -0.039849668741226196
16, 0, 5, 387, 289, -0.03941121697425842
16, 0, 6, 338, 276, -0.06171795353293419
16, 0, 7, 308, 269, -0.07388055324554443
16, 0, 8, 282, 265, -0.08043302595615387
16, 0, 9, 381, 314, -0.047576215118169785
16, 0, 10, 326, 298, -0.06631670892238617
16, 0, 11, 297, 291, -0.07194197177886963
16, 0, 12, 273, 287, -0.07533321529626846
16, 0, 13, 378, 342, -0.05416940152645111
16, 0, 14, 328, 339, -0.07538218796253204
16, 0, 15, 340, 344, -0.06764959543943405
16, 0, 16, 356, 348, -0.05700360983610153
16, 0, 17, 376, 372, -0.06050337478518486
16, 0, 18, 339, 364, -0.0746987983584404
16, 0, 19, 347, 365, -0.06474364548921585
16, 0, 20, 358, 367, -0.05382019281387329
16, 1, 0, 0, 0, 0.0
16, 1, 1, 0, 0, 0.0
16, 1, 2, 0, 0, 0.0
16, 1, 3, 0, 0, 0.0
16, 1, 4, 0, 0, 0.0
16, 1, 5, 0, 0, 0.0
16, 1, 6, 0, 0, 0.0
16, 1, 7, 0, 0, 0.0
16, 1, 8, 0, 0, 0.0
16, 1, 9, 0, 0, 0.0
16, 1, 10, 0, 0, 0.0
16, 1, 11, 0, 0, 0.0
16, 1, 12, 0, 0, 0.0
16, 1, 13, 0, 0, 0.0
16, 1, 14, 0, 0, 0.0
16, 1, 15, 0, 0, 0.0
16, 1, 16, 0, 0, 0.0
16, 1, 17, 0, 0, 0.0
16, 1, 18, 0, 0, 0.0
16, 1, 19, 0, 0, 0.0
16, 1, 20, 0, 0, 0.0
17, 0, 0, 173, 340, 4.508531503688573e-07
17, 0, 1, 196, 319, -0.007604334969073534
17, 0, 2, 237, 306, -0.020134009420871735
17, 0, 3, 267, 304, -0.03220558911561966
17, 0, 4, 288, 303, -0.04424968361854553
17, 0, 5, 231, 293, -0.04492923989892006
17, 0, 6, 266, 299, -0.06973504275083542
17, 0, 7, 292, 306, -0.08481580018997192
17, 0, 8, 314, 313, -0.09437192976474762
17, 0, 9, 220, 310, -0.05498407408595085
17, 0, 10, 259, 312, -0.07869597524404526
17, 0, 11, 284, 313, -0.08873922377824783
17, 0, 12, 304, 314, -0.09634091705083847
17, 0, 13, 210, 334, -0.06358172744512558
17, 0, 14, 252, 348, -0.08790357410907745
17, 0, 15, 250, 354, -0.08511431515216827
17, 0, 16, 243, 355, -0.08025582879781723
17, 0, 17, 202, 362, -0.07221490144729614
17, 0, 18, 238, 373, -0.09070975333452225
17, 0, 19, 237, 375, -0.08702478557825089
17, 0, 20, 231, 373, -0.08184096217155457
17, 1, 0, 447, 365, 4.134761297791556e-07
17, 1, 1, 431, 326, -0.004972900729626417
17, 1, 2, 387, 302, -0.01780317910015583
17, 1, 3, 346, 306, -0.02995997481048107
17, 1, 4, 316, 317, -0.044214654713869095
17, 1, 5, 389, 283, -0.04335564374923706
17, 1, 6, 339, 267, -0.06751560419797897
17, 1, 7, 309, 257, -0.07999324053525925
17, 1, 8, 283, 250, -0.08629091829061508
17, 1, 9, 381, 307, -0.053473591804504395
17, 1, 10, 325, 285, -0.07407353073358536
17, 1, 11, 294, 274, -0.07979380339384079
17, 1, 12, 268, 267, -0.08266326785087585
17, 1, 13, 376, 336, -0.06129400059580803
17, 1, 14, 322, 334, -0.08335291594266891
17, 1, 15, 336, 341, -0.07505303621292114
17, 1, 16, 353, 345, -0.0635395273566246
17, 1, 17, 373, 366, -0.06841203570365906
17, 1, 18, 333, 361, -0.08297859132289886
17, 1, 19, 346, 363, -0.07105468958616257
17, 1, 20, 361, 365, -0.058225177228450775
18, 0, 0, 164, 349, 7.870395393183571e-07
18, 0, 1, 184, 324, -0.012325002811849117
18, 0, 2, 226, 312, -0.03397170826792717
18, 0, 3, 257, 322, -0.055603716522455215
18, 0, 4, 271, 336, -0.07663100212812424
18, 0, 5, 218, 286, -0.05345044285058975
18, 0, 6, 255, 286, -0.08298633247613907
18, 0, 7, 283, 289, -0.10337299108505249
18, 0, 8, 307, 294, -0.11738455295562744
18, 0, 9, 210, 302, -0.06461691111326218
18, 0, 10, 257, 303, -0.09398471564054489
18, 0, 11, 286, 303, -0.10747433453798294
18, 0, 12, 310, 304, -0.11790395528078079
18, 0, 13, 203, 327, -0.07437585294246674
18, 0, 14, 263, 350, -0.09676343947649002
18, 0, 15, 252, 351, -0.08895187079906464
18, 0, 16, 231, 347, -0.08147184550762177
18, 0, 17, 200, 356, -0.08601188659667969
18, 0, 18, 251, 372, -0.1024463102221489
18, 0, 19, 245, 371, -0.09634598344564438
18, 0, 20, 230, 365, -0.08989771455526352
18, 1, 0, 448, 371, 4.238521285060415e-07
18, 1, 1, 434, 328, 0.0011396602494642138
18, 1, 2, 393, 301, -0.009057724848389626
18, 1, 3, 352, 303, -0.019308162853121758
18, 1, 4, 323, 314, -0.03183375298976898
18, 1, 5, 391, 285, -0.0421534888446331
18, 1, 6, 342, 264, -0.06574369966983795
18, 1, 7, 313, 252, -0.07857665419578552
18, 1, 8, 287, 243, -0.08558673411607742
18, 1, 9, 381, 308, -0.05386103317141533
18, 1, 10, 325, 281, -0.07164046168327332
18, 1, 11, 293, 266, -0.07594352215528488
18, 1, 12, 265, 255, -0.07890667021274567
18, 1, 13, 374, 336, -0.06238372251391411
18, 1, 14, 315, 330, -0.08066290616989136
18, 1, 15, 330, 336, -0.07066256552934647
18, 1, 16, 349, 340, -0.05926336348056793
18, 1, 17, 369, 366, -0.06987561285495758
18, 1, 18, 330, 359, -0.08219671249389648
18, 1, 19, 344, 361, -0.06986591219902039
18, 1, 20, 359, 362, -0.05729622766375542
19, 0, 0, 162, 350, 8.46905436446832e-07
19, 0, 1, 186, 325, -0.0017448954749852419
19, 0, 2, 227, 311, -0.019197242334485054
19, 0, 3, 259, 316, -0.03864772245287895
19, 0, 4, 275, 323, -0.05776122957468033
19, 0, 5, 223, 281, -0.04051366448402405
19, 0, 6, 259, 279, -0.06809753179550171
19, 0, 7, 284, 280, -0.08681199699640274
19, 0, 8, 304, 282, -0.09994127601385117
19, 0, 9, 212, 297, -0.056594692170619965
19, 0, 10, 261, 301, -0.08511046320199966
19, 0, 11, 291, 303, -0.09876425564289093
19, 0, 12, 316, 306, -0.10881241410970688
19, 0, 13, 203, 323, -0.0706871971487999
19, 0, 14, 263, 343, -0.09216123074293137
19, 0, 15, 257, 351, -0.0825439989566803
19, 0, 16, 242, 352, -0.07404199242591858
19, 0, 17, 197, 352, -0.08592401444911957
19, 0, 18, 246, 369, -0.1029345691204071
19, 0, 19, 262, 374, -0.09750688076019287
19, 0, 20, 269, 372, -0.09110336750745773
19, 1, 0, 444, 385, 4.881599124928471e-07
19, 1, 1, 431, 337, -0.001172687392681837
19, 1, 2, 391, 307, -0.012827248312532902
19, 1, 3, 351, 310, -0.024490365758538246
19, 1, 4, 325, 326, -0.03841840848326683
19, 1, 5, 393, 294, -0.043468378484249115
19, 1, 6, 346, 269, -0.0679248720407486
19, 1, 7, 318, 256, -0.08173725008964539
19, 1, 8, 292, 245, -0.09021418541669846
19, 1, 9, 381, 316, -0.05475255846977234
19, 1, 10, 327, 284, -0.07437368482351303
19, 1, 11, 296, 266, -0.08023596554994583
19, 1, 12, 267, 254, -0.08482103794813156
19, 1, 13, 371, 345, -0.06312863528728485
19, 1, 14, 313, 332, -0.0825190469622612
19, 1, 15, 330, 339, -0.072170190513134
19, 1, 16, 349, 346, -0.06052665784955025
19, 1, 17, 364, 375, -0.07087250053882599
19, 1, 18, 326, 364, -0.0836523100733757
19, 1, 19, 339, 366, -0.07158379256725311
19, 1, 20, 355, 369, -0.05957568809390068
20, 0, 0, 162, 363, 5.620667025141302e-07
20, 0, 1, 192, 337, -0.0038955125492066145
20, 0, 2, 240, 320, -0.018272902816534042
20, 0, 3, 276, 325, -0.03517792001366615
20, 0, 4, 298, 329, -0.05107835680246353
20, 0, 5, 228, 286, -0.028121626004576683
20, 0, 6, 254, 284, -0.05442171171307564
20, 0, 7, 273, 284, -0.07415828853845596
20, 0, 8, 288, 288, -0.08780048787593842
20, 0, 9, 215, 299, -0.04211331158876419
20, 0, 10, 257, 304, -0.06834276020526886
20, 0, 11, 283, 309, -0.08176927268505096
20, 0, 12, 303, 317, -0.0920208990573883
20, 0, 13, 205, 322, -0.056228552013635635
20, 0, 14, 261, 350, -0.07902386784553528
20, 0, 15, 257, 355, -0.07722198218107224
20, 0, 16, 245, 355, -0.07474915683269501
20, 0, 17, 198, 351, -0.07150933146476746
20, 0, 18, 248, 374, -0.08767835795879364
20, 0, 19, 253, 377, -0.08661441504955292
20, 0, 20, 250, 374, -0.08469566702842712
20, 1, 0, 437, 407, 4.659511319005105e-07
20, 1, 1, 430, 360, -0.0013194738421589136
20, 1, 2, 396, 326, -0.010602839291095734
20, 1, 3, 359, 319, -0.020471900701522827
20, 1, 4, 333, 327, -0.032354045659303665
20, 1, 5, 391, 312, -0.03513021767139435
20, 1, 6, 349, 283, -0.057090144604444504
20, 1, 7, 323, 267, -0.07179515063762665
20, 1, 8, 297, 256, -0.08123555034399033
20, 1, 9, 379, 334, -0.045284468680620193
20, 1, 10, 339, 296, -0.062236983329057693
20, 1, 11, 313, 275, -0.06862068921327591
20, 1, 12, 288, 259, -0.07426335662603378
20, 1, 13, 368, 362, -0.05340176075696945
20, 1, 14, 321, 337, -0.07015524804592133
20, 1, 15, 331, 344, -0.06204543262720108
20, 1, 16, 345, 353, -0.053152620792388916
20, 1, 17, 358, 391, -0.06121524050831795
20, 1, 18, 326, 370, -0.07148236781358719
20, 1, 19, 335, 372, -0.06090699881315231
20, 1, 20, 347, 378, -0.05086230859160423
21, 0, 0, 160, 373, 5.042496695750742e-07
21, 0, 1, 190, 348, -0.0023711668327450752
21, 0, 2, 236, 333, -0.01407133974134922
21, 0, 3, 271, 340, -0.0289031770080328
21, 0, 4, 294, 347, -0.04344062879681587
21, 0, 5, 233, 297, -0.0221844594925642
21, 0, 6, 268, 311, -0.04822097346186638
21, 0, 7, 291, 328, -0.06914186477661133
21, 0, 8, 308, 344, -0.08372293412685394
21, 0, 9, 220, 311, -0.03623931109905243
21, 0, 10, 265, 329, -0.05871083214879036
21, 0, 11, 290, 341, -0.07267339527606964
21, 0, 12, 308, 352, -0.08508476614952087
21, 0, 13, 208, 332, -0.05047353357076645
21, 0, 14, 257, 364, -0.0678076297044754
21, 0, 15, 248, 367, -0.06523934751749039
21, 0, 16, 234, 364, -0.06459078192710876
21, 0, 17, 196, 358, -0.06611505150794983
21, 0, 18, 238, 381, -0.07604854553937912
21, 0, 19, 230, 381, -0.07065894454717636
21, 0, 20, 218, 376, -0.06727078557014465
21, 1, 0, 433, 431, 3.277331472872902e-07
21, 1, 1, 429, 385, -0.00235915114171803
21, 1, 2, 401, 350, -0.011350895278155804
21, 1, 3, 367, 337, -0.020177502185106277
21, 1, 4, 341, 334, -0.03068103827536106
21, 1, 5, 392, 339, -0.03594059497117996
21, 1, 6, 351, 308, -0.05796179920434952
21, 1, 7, 324, 290, -0.07218607515096664
21, 1, 8, 299, 277, -0.0806146115064621
21, 1, 9, 377, 362, -0.04322999715805054
21, 1, 10, 340, 326, -0.05906663089990616
21, 1, 11, 323, 309, -0.0629582554101944
21, 1, 12, 308, 300, -0.06611768901348114
21, 1, 13, 364, 388, -0.04858376830816269
21, 1, 14, 325, 363, -0.06169077381491661
21, 1, 15, 336, 364, -0.05078109726309776
21, 1, 16, 351, 372, -0.04065148904919624
21, 1, 17, 352, 414, -0.053875647485256195
21, 1, 18, 323, 387, -0.05977266654372215
21, 1, 19, 331, 384, -0.04649932309985161
21, 1, 20, 342, 388, -0.034793224185705185
22, 0, 0, 156, 379, 4.612599013853469e-07
22, 0, 1, 192, 356, 0.00010697467223508283
22, 0, 2, 236, 346, -0.01098941545933485
22, 0, 3, 269, 354, -0.02582450956106186
22, 0, 4, 291, 366, -0.04075390473008156
22, 0, 5, 240, 311, -0.018922196701169014
22, 0, 6, 277, 333, -0.04493317753076553
22, 0, 7, 298, 354, -0.0645151287317276
22, 0, 8, 311, 374, -0.07651345431804657
22, 0, 9, 226, 325, -0.03293941542506218
22, 0, 10, 268, 348, -0.05536068230867386
22, 0, 11, 294, 366, -0.06913240253925323
22, 0, 12, 310, 385, -0.07879886031150818
22, 0, 13, 211, 345, -0.047249823808670044
22, 0, 14, 253, 382, -0.0665270984172821
22, 0, 15, 264, 400, -0.06964779645204544
22, 0, 16, 265, 411, -0.06975971907377243
22, 0, 17, 198, 371, -0.0622006431221962
22, 0, 18, 233, 401, -0.07184434682130814
22, 0, 19, 243, 410, -0.07008670270442963
22, 0, 20, 247, 413, -0.06770890206098557
22, 1, 0, 434, 454, 3.957958654154936e-07
22, 1, 1, 432, 408, -0.005025844089686871
22, 1, 2, 405, 373, -0.015844281762838364
22, 1, 3, 370, 363, -0.026280710473656654
22, 1, 4, 342, 366, -0.03876538574695587
22, 1, 5, 397, 363, -0.04184865206480026
22, 1, 6, 354, 330, -0.06375237554311752
22, 1, 7, 328, 313, -0.07529032230377197
22, 1, 8, 304, 302, -0.08110333234071732
22, 1, 9, 380, 387, -0.05029914155602455
22, 1, 10, 339, 345, -0.06729282438755035
22, 1, 11, 317, 324, -0.07083453983068466
22, 1, 12, 297, 311, -0.07317934185266495
22, 1, 13, 365, 413, -0.05686604976654053
22, 1, 14, 325, 379, -0.07283616065979004
22, 1, 15, 336, 378, -0.06355691701173782
22, 1, 16, 351, 387, -0.053266435861587524
22, 1, 17, 352, 439, -0.0635751262307167
22, 1, 18, 322, 404, -0.0722867026925087
22, 1, 19, 330, 396, -0.06124880164861679
22, 1, 20, 340, 397, -0.05065583065152168
23, 0, 0, 151, 379, 5.203880846238462e-07
23, 0, 1, 185, 353, -0.0030038270633667707
23, 0, 2, 229, 346, -0.017621975392103195
23, 0, 3, 259, 359, -0.03385138511657715
23, 0, 4, 278, 372, -0.05020318180322647
23, 0, 5, 238, 325, -0.03742791712284088
23, 0, 6, 275, 352, -0.06371090561151505
23, 0, 7, 294, 371, -0.08270582556724548
23, 0, 8, 308, 387, -0.09630297124385834
23, 0, 9, 223, 344, -0.05102481320500374
23, 0, 10, 266, 371, -0.07444930076599121
23, 0, 11, 291, 387, -0.08764362335205078
23, 0, 12, 310, 401, -0.0994928628206253
23, 0, 13, 207, 367, -0.06349482387304306
23, 0, 14, 252, 407, -0.08127501606941223
23, 0, 15, 259, 415, -0.0810433104634285
23, 0, 16, 257, 416, -0.0817326009273529
23, 0, 17, 193, 394, -0.07680194079875946
23, 0, 18, 230, 425, -0.08809393644332886
23, 0, 19, 242, 429, -0.08656419068574905
23, 0, 20, 249, 427, -0.08571108430624008
23, 1, 0, 436, 464, 4.1620009483267495e-07
23, 1, 1, 433, 416, -0.012455842457711697
23, 1, 2, 401, 380, -0.025682659819722176
23, 1, 3, 363, 369, -0.03654257208108902
23, 1, 4, 333, 373, -0.048339057713747025
23, 1, 5, 397, 377, -0.049073297530412674
23, 1, 6, 351, 347, -0.07086658477783203
23, 1, 7, 322, 333, -0.0824204608798027
23, 1, 8, 296, 322, -0.08859883248806
23, 1, 9, 379, 404, -0.0544624924659729
23, 1, 10, 331, 367, -0.07218251377344131
23, 1, 11, 304, 346, -0.07643043994903564
23, 1, 12, 281, 330, -0.0800107941031456
23, 1, 13, 364, 432, -0.05825447291135788
23, 1, 14, 322, 397, -0.07563972473144531
23, 1, 15, 335, 397, -0.0666986033320427
23, 1, 16, 350, 407, -0.05673019587993622
23, 1, 17, 352, 455, -0.06276478618383408
23, 1, 18, 323, 421, -0.07254432141780853
23, 1, 19, 334, 417, -0.061136841773986816
23, 1, 20, 347, 425, -0.05042228102684021
24, 0, 0, 155, 387, 4.891356866210117e-07
24, 0, 1, 190, 364, -0.011528277769684792
24, 0, 2, 244, 365, -0.03332487866282463
24, 0, 3, 283, 388, -0.05411027744412422
24, 0, 4, 307, 408, -0.07218634337186813
24, 0, 5, 235, 337, -0.05410084128379822
24, 0, 6, 269, 371, -0.08602657914161682
24, 0, 7, 272, 385, -0.10811500996351242
24, 0, 8, 268, 389, -0.12200499325990677
24, 0, 9, 218, 358, -0.06417111307382584
24, 0, 10, 268, 389, -0.09074609726667404
24, 0, 11, 295, 399, -0.10143829882144928
24, 0, 12, 315, 408, -0.11219070106744766
24, 0, 13, 204, 383, -0.07338788360357285
24, 0, 14, 260, 419, -0.08935008198022842
24, 0, 15, 252, 412, -0.07864502817392349
24, 0, 16, 235, 402, -0.07253699749708176
24, 0, 17, 194, 411, -0.08470748364925385
24, 0, 18, 244, 436, -0.09180174767971039
24, 0, 19, 246, 430, -0.08124687522649765
24, 0, 20, 240, 421, -0.07437055557966232
24, 1, 0, 442, 465, 4.469937948670122e-07
24, 1, 1, 437, 417, -0.013375205919146538
24, 1, 2, 403, 385, -0.02997978962957859
24, 1, 3, 363, 381, -0.04332469776272774
24, 1, 4, 334, 391, -0.057817135006189346
24, 1, 5, 402, 379, -0.05931510031223297
24, 1, 6, 351, 355, -0.0827358067035675
24, 1, 7, 321, 343, -0.0943688303232193
24, 1, 8, 296, 334, -0.10012199729681015
24, 1, 9, 386, 408, -0.06382623314857483
24, 1, 10, 330, 375, -0.0842084214091301
24, 1, 11, 297, 355, -0.0899134948849678
24, 1, 12, 271, 341, -0.09390657395124435
24, 1, 13, 372, 436, -0.06589555740356445
24, 1, 14, 320, 404, -0.08473082631826401
24, 1, 15, 329, 399, -0.07944616675376892
24, 1, 16, 344, 403, -0.07164487987756729
24, 1, 17, 360, 459, -0.06820567697286606
24, 1, 18, 325, 427, -0.08073113858699799
24, 1, 19, 333, 418, -0.07344023138284683
24, 1, 20, 346, 419, -0.06514571607112885
25, 0, 0, 158, 387, 5.873896498087561e-07
25, 0, 1, 193, 365, -0.008064735680818558
25, 0, 2, 244, 368, -0.029992638155817986
25, 0, 3, 281, 390, -0.0504726767539978
25, 0, 4, 304, 408, -0.0689532533288002
25, 0, 5, 239, 338, -0.05982992798089981
25, 0, 6, 270, 370, -0.09093984216451645
25, 0, 7, 278, 385, -0.11089465022087097
25, 0, 8, 279, 390, -0.12351644039154053
25, 0, 9, 220, 357, -0.07166294753551483
25, 0, 10, 266, 387, -0.10064788907766342
25, 0, 11, 292, 403, -0.11070718616247177
25, 0, 12, 308, 416, -0.11935863643884659
25, 0, 13, 204, 381, -0.08142362534999847
25, 0, 14, 257, 416, -0.09930843114852905
25, 0, 15, 257, 417, -0.08751743286848068
25, 0, 16, 245, 413, -0.0794905498623848
25, 0, 17, 192, 409, -0.09257958829402924
25, 0, 18, 240, 435, -0.10264212638139725
25, 0, 19, 255, 437, -0.09368575364351273
25, 0, 20, 261, 435, -0.086685411632061
25, 1, 0, 448, 452, 3.9419319364242256e-07
25, 1, 1, 441, 406, -0.01466665230691433
25, 1, 2, 404, 377, -0.03107667900621891
25, 1, 3, 364, 375, -0.04450055956840515
25, 1, 4, 336, 388, -0.05900004133582115
25, 1, 5, 404, 374, -0.059470269829034805
25, 1, 6, 355, 353, -0.084248848259449
25, 1, 7, 325, 343, -0.0975201204419136
25, 1, 8, 299, 336, -0.10510887205600739
25, 1, 9, 390, 402, -0.06446381658315659
25, 1, 10, 332, 375, -0.0868384912610054
25, 1, 11, 297, 357, -0.09380674362182617
25, 1, 12, 268, 345, -0.0992395207285881
25, 1, 13, 378, 430, -0.06733637303113937
25, 1, 14, 327, 405, -0.09026976674795151
25, 1, 15, 340, 403, -0.08588706701993942
25, 1, 16, 358, 409, -0.07796860486268997
25, 1, 17, 369, 455, -0.07058637589216232
25, 1, 18, 334, 428, -0.0876450464129448
25, 1, 19, 345, 422, -0.08236392587423325
25, 1, 20, 360, 425, -0.07515258342027664
26, 0, 0, 161, 385, 6.223471018529381e-07
26, 0, 1, 190, 363, -0.011537669226527214
26, 0, 2, 241, 361, -0.029819171875715256
26, 0, 3, 276, 375, -0.04679309204220772
26, 0, 4, 298, 389, -0.06170055270195007
26, 0, 5, 239, 337, -0.05032322183251381
26, 0, 6, 270, 373, -0.07998941838741302
26, 0, 7, 279, 388, -0.09982644021511078
26, 0, 8, 284, 394, -0.1130281314253807
26, 0, 9, 225, 355, -0.06035635992884636
26, 0, 10, 271, 384, -0.08816821873188019
26, 0, 11, 297, 396, -0.09825588017702103
26, 0, 12, 317, 405, -0.10675907880067825
26, 0, 13, 210, 378, -0.06949237734079361
26, 0, 14, 262, 413, -0.090701624751091
26, 0, 15, 250, 410, -0.08080817759037018
26, 0, 16, 233, 403, -0.07287676632404327
26, 0, 17, 198, 406, -0.08010882884263992
26, 0, 18, 242, 430, -0.09322960674762726
26, 0, 19, 236, 426, -0.08415244519710541
26, 0, 20, 224, 418, -0.07637597620487213
26, 1, 0, 455, 429, 3.4345450217188045e-07
26, 1, 1, 442, 387, -0.010531943291425705
26, 1, 2, 398, 363, -0.02576562389731407
26, 1, 3, 352, 370, -0.03916343301534653
26, 1, 4, 321, 386, -0.05424471199512482
26, 1, 5, 406, 352, -0.05370466038584709
26, 1, 6, 356, 337, -0.07952461391687393
26, 1, 7, 325, 331, -0.09348411858081818
26, 1, 8, 298, 327, -0.10161733627319336
26, 1, 9, 396, 380, -0.06137673184275627
26, 1, 10, 339, 361, -0.08458852022886276
26, 1, 11, 302, 350, -0.09314458072185516
26, 1, 12, 271, 343, -0.10014309734106064
26, 1, 13, 388, 409, -0.06680024415254593
26, 1, 14, 333, 395, -0.09027358144521713
26, 1, 15, 344, 397, -0.08501002192497253
26, 1, 16, 360, 402, -0.07718321681022644
26, 1, 17, 381, 437, -0.07204226404428482
26, 1, 18, 344, 420, -0.08873440325260162
26, 1, 19, 354, 417, -0.08247026056051254
26, 1, 20, 367, 419, -0.07502419501543045
27, 0, 0, 164, 381, 6.997741479608521e-07
27, 0, 1, 189, 358, -0.006757770664989948
27, 0, 2, 233, 352, -0.02213328517973423
27, 0, 3, 265, 363, -0.0368514209985733
27, 0, 4, 285, 376, -0.051033928990364075
27, 0, 5, 238, 331, -0.04577874764800072
27, 0, 6, 274, 355, -0.0701390877366066
27, 0, 7, 296, 368, -0.08503735810518265
27, 0, 8, 313, 380, -0.09475783258676529
27, 0, 9, 226, 348, -0.055305104702711105
27, 0, 10, 272, 371, -0.07971910387277603
27, 0, 11, 298, 381, -0.08916282653808594
27, 0, 12, 317, 390, -0.09624643623828888
27, 0, 13, 215, 372, -0.06304315477609634
27, 0, 14, 266, 404, -0.08410700410604477
27, 0, 15, 266, 413, -0.08021856099367142
27, 0, 16, 257, 415, -0.07524865120649338
27, 0, 17, 205, 398, -0.07107757776975632
27, 0, 18, 249, 421, -0.08688122034072876
27, 0, 19, 257, 426, -0.08442442119121552
27, 0, 20, 258, 427, -0.08035409450531006
27, 1, 0, 459, 409, 3.4048471775349753e-07
27, 1, 1, 445, 369, -0.008706101216375828
27, 1, 2, 403, 346, -0.023282401263713837
27, 1, 3, 362, 353, -0.03661026433110237
27, 1, 4, 335, 369, -0.05200198292732239
27, 1, 5, 403, 331, -0.045419786125421524
27, 1, 6, 356, 320, -0.06942532956600189
27, 1, 7, 326, 314, -0.08283926546573639
27, 1, 8, 301, 311, -0.09042700380086899
27, 1, 9, 396, 356, -0.05412834510207176
27, 1, 10, 341, 340, -0.07505005598068237
27, 1, 11, 309, 331, -0.0818931981921196
27, 1, 12, 284, 325, -0.08656087517738342
27, 1, 13, 391, 384, -0.06095335632562637
27, 1, 14, 338, 381, -0.08303043246269226
27, 1, 15, 351, 385, -0.07585853338241577
27, 1, 16, 369, 389, -0.06647486239671707
27, 1, 17, 389, 412, -0.06758762896060944
27, 1, 18, 353, 405, -0.08304546028375626
27, 1, 19, 364, 406, -0.07362259924411774
27, 1, 20, 379, 407, -0.06352850794792175
28, 0, 0, 166, 380, 5.096591166875442e-07
28, 0, 1, 190, 354, -0.007588665001094341
28, 0, 2, 232, 344, -0.02227141335606575
28, 0, 3, 265, 349, -0.035554636269807816
28, 0, 4, 288, 355, -0.04829053580760956
28, 0, 5, 235, 326, -0.043040383607149124
28, 0, 6, 274, 348, -0.06701527535915375
28, 0, 7, 299, 359, -0.08132031559944153
28, 0, 8, 318, 366, -0.09027650207281113
28, 0, 9, 225, 345, -0.05161895230412483
28, 0, 10, 278, 375, -0.077980637550354
28, 0, 11, 287, 381, -0.08401479572057724
28, 0, 12, 288, 380, -0.08622918277978897
28, 0, 13, 216, 368, -0.05882226303219795
28, 0, 14, 268, 401, -0.07961735874414444
28, 0, 15, 270, 405, -0.0735546350479126
28, 0, 16, 264, 401, -0.06643612682819366
28, 0, 17, 208, 392, -0.06625711917877197
28, 0, 18, 250, 413, -0.0772583931684494
28, 0, 19, 256, 415, -0.07116847485303879
28, 0, 20, 255, 412, -0.06502269208431244
28, 1, 0, 457, 388, 3.2739609423515503e-07
28, 1, 1, 441, 351, -0.010024680756032467
28, 1, 2, 398, 329, -0.02618248760700226
28, 1, 3, 354, 336, -0.04030326008796692
28, 1, 4, 324, 350, -0.056643445044755936
28, 1, 5, 401, 310, -0.051757898181676865
28, 1, 6, 351, 301, -0.07751460373401642
28, 1, 7, 320, 296, -0.09213948994874954
28, 1, 8, 294, 293, -0.10068211704492569
28, 1, 9, 395, 336, -0.060259148478507996
28, 1, 10, 338, 321, -0.08072613179683685
28, 1, 11, 306, 313, -0.08700098097324371
28, 1, 12, 281, 308, -0.09220368415117264
28, 1, 13, 393, 366, -0.06664621829986572
28, 1, 14, 337, 363, -0.08848930150270462
28, 1, 15, 350, 368, -0.07990743219852448
28, 1, 16, 368, 372, -0.07024893164634705
28, 1, 17, 391, 395, -0.07287756353616714
28, 1, 18, 353, 388, -0.08976396173238754
28, 1, 19, 364, 390, -0.08008339256048203
28, 1, 20, 379, 392, -0.06988894939422607
29, 0, 0, 172, 375, 7.336673206737032e-07
29, 0, 1, 196, 351, -0.0030700797215104103
29, 0, 2, 238, 341, -0.01792728155851364
29, 0, 3, 270, 349, -0.03370954096317291
29, 0, 4, 290, 357, -0.048465825617313385
29, 0, 5, 238, 315, -0.03734034299850464
29, 0, 6, 272, 318, -0.06321634352207184
29, 0, 7, 296, 322, -0.0799838975071907
29, 0, 8, 316, 327, -0.09104543924331665
29, 0, 9, 229, 329, -0.050641294568777084
29, 0, 10, 275, 339, -0.07693155109882355
29, 0, 11, 302, 346, -0.08809971809387207
29, 0, 12, 323, 354, -0.09584897011518478
29, 0, 13, 220, 352, -0.06251950562000275
29, 0, 14, 273, 381, -0.08460842072963715
29, 0, 15, 269, 387, -0.0783931165933609
29, 0, 16, 256, 385, -0.0716388002038002
29, 0, 17, 213, 379, -0.07500051707029343
29, 0, 18, 256, 402, -0.09126269817352295
29, 0, 19, 262, 405, -0.08712315559387207
29, 0, 20, 261, 402, -0.08169743418693542
29, 1, 0, 458, 378, 3.594701070142037e-07
29, 1, 1, 440, 341, -0.008637143298983574
29, 1, 2, 394, 319, -0.02441118098795414
29, 1, 3, 351, 328, -0.03907499834895134
29, 1, 4, 323, 344, -0.05619914084672928
29, 1, 5, 399, 298, -0.047606345266103745
29, 1, 6, 350, 287, -0.07325292378664017
29, 1, 7, 318, 282, -0.08768046647310257
29, 1, 8, 292, 279, -0.09593610465526581
29, 1, 9, 395, 323, -0.0576605424284935
29, 1, 10, 339, 307, -0.07958811521530151
29, 1, 11, 305, 298, -0.08798239380121231
29, 1, 12, 277, 293, -0.09399792551994324
29, 1, 13, 393, 351, -0.06573991477489471
29, 1, 14, 338, 355, -0.08957608044147491
29, 1, 15, 353, 360, -0.08396222442388535
29, 1, 16, 371, 363, -0.07503361999988556
29, 1, 17, 390, 382, -0.07330233603715897
29, 1, 18, 349, 380, -0.09003624320030212
29, 1, 19, 362, 382, -0.08042217046022415
29, 1, 20, 378, 383, -0.06995891779661179
30, 0, 0, 172, 373, 7.442874903063057e-07
30, 0, 1, 200, 351, -0.002372665796428919
30, 0, 2, 244, 339, -0.018247785046696663
30, 0, 3, 277, 343, -0.0354049988090992
30, 0, 4, 296, 345, -0.05196766555309296
30, 0, 5, 241, 308, -0.036334168165922165
30, 0, 6, 274, 311, -0.06074907258152962
30, 0, 7, 297, 311, -0.07648513466119766
30, 0, 8, 316, 312, -0.08756019175052643
30, 0, 9, 230, 320, -0.05004485696554184
30, 0, 10, 274, 329, -0.07539723068475723
30, 0, 11, 301, 334, -0.08716033399105072
30, 0, 12, 324, 340, -0.09577514231204987
30, 0, 13, 220, 343, -0.06228753551840782
30, 0, 14, 273, 370, -0.08503516763448715
30, 0, 15, 269, 379, -0.08183998614549637
30, 0, 16, 259, 381, -0.07739534229040146
30, 0, 17, 211, 371, -0.07488637417554855
30, 0, 18, 254, 391, -0.09330389648675919
30, 0, 19, 271, 398, -0.09369981288909912
30, 0, 20, 283, 400, -0.09171774983406067
30, 1, 0, 457, 376, 4.015470551621547e-07
30, 1, 1, 438, 336, -0.007876046933233738
30, 1, 2, 390, 315, -0.02549361251294613
30, 1, 3, 343, 325, -0.041325055062770844
30, 1, 4, 312, 337, -0.058948785066604614
30, 1, 5, 399, 293, -0.05581129714846611
30, 1, 6, 348, 279, -0.08442430198192596
30, 1, 7, 317, 272, -0.09823118150234222
30, 1, 8, 291, 267, -0.10539855062961578
30, 1, 9, 396, 316, -0.06619275361299515
30, 1, 10, 336, 296, -0.09244135767221451
30, 1, 11, 301, 285, -0.10144326835870743
30, 1, 12, 271, 279, -0.10700126737356186
30, 1, 13, 392, 345, -0.0736919492483139
30, 1, 14, 333, 350, -0.10035648196935654
30, 1, 15, 348, 355, -0.09286537766456604
30, 1, 16, 368, 356, -0.08151748031377792
30, 1, 17, 389, 376, -0.08017963171005249
30, 1, 18, 343, 376, -0.09769590198993683
30, 1, 19, 357, 378, -0.08646456897258759
30, 1, 20, 374, 376, -0.074247345328331
31, 0, 0, 171, 371, 8.215401408051548e-07
31, 0, 1, 203, 345, -0.0028012285474687815
31, 0, 2, 246, 333, -0.02024209499359131
31, 0, 3, 278, 343, -0.039732761681079865
31, 0, 4, 286, 357, -0.05896652862429619
31, 0, 5, 239, 301, -0.034553684294223785
31, 0, 6, 274, 302, -0.05955314636230469
31, 0, 7, 298, 305, -0.07740509510040283
31, 0, 8, 317, 311, -0.0902402326464653
31, 0, 9, 227, 315, -0.049228258430957794
31, 0, 10, 269, 322, -0.07561621069908142
31, 0, 11, 299, 326, -0.09022422879934311
31, 0, 12, 324, 332, -0.10110528767108917
31, 0, 13, 216, 338, -0.06271379441022873
31, 0, 14, 269, 365, -0.08491604030132294
31, 0, 15, 269, 374, -0.08463672548532486
31, 0, 16, 260, 377, -0.082270547747612
31, 0, 17, 207, 366, -0.07704227417707443
31, 0, 18, 253, 387, -0.09313708543777466
31, 0, 19, 273, 394, -0.09376423805952072
31, 0, 20, 286, 396, -0.09252715110778809
31, 1, 0, 456, 380, 4.010020404621173e-07
31, 1, 1, 440, 337, -0.005329353269189596
31, 1, 2, 396, 312, -0.022307811304926872
31, 1, 3, 352, 320, -0.03794242441654205
31, 1, 4, 323, 334, -0.05647669732570648
31, 1, 5, 399, 295, -0.05761317163705826
31, 1, 6, 349, 279, -0.08583955466747284
31, 1, 7, 319, 270, -0.10137362778186798
31, 1, 8, 292, 263, -0.11023414880037308
31, 1, 9, 394, 319, -0.06871674209833145
31, 1, 10, 335, 296, -0.09183760732412338
31, 1, 11, 301, 282, -0.09993313252925873
31, 1, 12, 271, 273, -0.10624153912067413
31, 1, 13, 388, 348, -0.07644353806972504
31, 1, 14, 327, 345, -0.09948667138814926
31, 1, 15, 342, 349, -0.09263791888952255
31, 1, 16, 362, 352, -0.08342103660106659
31, 1, 17, 383, 380, -0.08312571793794632
31, 1, 18, 336, 374, -0.09936908632516861
31, 1, 19, 349, 375, -0.08871646970510483
31, 1, 20, 367, 375, -0.07747842371463776
32, 0, 0, 167, 374, 7.588143944303738e-07
32, 0, 1, 195, 347, -0.004374656360596418
32, 0, 2, 236, 332, -0.021534621715545654
32, 0, 3, 270, 340, -0.04067840054631233
32, 0, 4, 287, 349, -0.05903064087033272
32, 0, 5, 233, 301, -0.034958694130182266
32, 0, 6, 271, 301, -0.0615684799849987
32, 0, 7, 295, 304, -0.0805123895406723
32, 0, 8, 314, 308, -0.09396272897720337
32, 0, 9, 222, 316, -0.049047280102968216
32, 0, 10, 270, 323, -0.07711638510227203
32, 0, 11, 300, 329, -0.09141083806753159
32, 0, 12, 325, 336, -0.10188613831996918
32, 0, 13, 214, 339, -0.06234459951519966
32, 0, 14, 269, 365, -0.08600087463855743
32, 0, 15, 266, 374, -0.08299189805984497
32, 0, 16, 255, 376, -0.07861454039812088
32, 0, 17, 207, 367, -0.07671964913606644
32, 0, 18, 254, 387, -0.09383206069469452
32, 0, 19, 270, 393, -0.09213130176067352
32, 0, 20, 281, 394, -0.0887904241681099
32, 1, 0, 453, 392, 4.3153298179277044e-07
32, 1, 1, 440, 348, -0.007378099951893091
32, 1, 2, 394, 319, -0.022998666390776634
32, 1, 3, 350, 324, -0.03763839602470398
32, 1, 4, 320, 339, -0.0548749640583992
32, 1, 5, 400, 301, -0.051456648856401443
32, 1, 6, 352, 283, -0.07745318114757538
32, 1, 7, 323, 272, -0.09248141199350357
32, 1, 8, 297, 263, -0.10210475325584412
32, 1, 9, 392, 326, -0.06259806454181671
32, 1, 10, 337, 301, -0.0847405195236206
32, 1, 11, 304, 285, -0.09301596879959106
32, 1, 12, 275, 273, -0.09996888786554337
32, 1, 13, 385, 357, -0.0711362212896347
32, 1, 14, 324, 349, -0.09515053778886795
32, 1, 15, 340, 356, -0.08767449110746384
32, 1, 16, 359, 362, -0.07805391401052475
32, 1, 17, 380, 390, -0.07909632474184036
32, 1, 18, 335, 381, -0.09776973724365234
32, 1, 19, 348, 383, -0.08851753920316696
32, 1, 20, 365, 385, -0.07829007506370544
33, 0, 0, 166, 377, 6.920031978552288e-07
33, 0, 1, 192, 349, -0.002643549581989646
33, 0, 2, 235, 333, -0.017933951690793037
33, 0, 3, 272, 336, -0.035084884613752365
33, 0, 4, 297, 338, -0.05105365812778473
33, 0, 5, 232, 303, -0.03694829344749451
33, 0, 6, 272, 304, -0.06322131305932999
33, 0, 7, 296, 306, -0.08107931166887283
33, 0, 8, 314, 308, -0.09363765269517899
33, 0, 9, 221, 319, -0.051058731973171234
33, 0, 10, 269, 328, -0.07928962260484695
33, 0, 11, 300, 337, -0.09131185710430145
33, 0, 12, 323, 347, -0.10038093477487564
33, 0, 13, 212, 343, -0.06398804485797882
33, 0, 14, 267, 367, -0.0864880308508873
33, 0, 15, 263, 375, -0.07967037707567215
33, 0, 16, 250, 376, -0.07375722378492355
33, 0, 17, 205, 370, -0.07794514298439026
33, 0, 18, 253, 391, -0.09405577927827835
33, 0, 19, 266, 396, -0.0900346040725708
33, 0, 20, 272, 395, -0.08544977009296417
33, 1, 0, 449, 412, 4.820824415219249e-07
33, 1, 1, 440, 364, -0.013307703658938408
33, 1, 2, 396, 331, -0.02928350679576397
33, 1, 3, 351, 331, -0.043267425149679184
33, 1, 4, 318, 343, -0.05835040658712387
33, 1, 5, 406, 321, -0.05115615576505661
33, 1, 6, 357, 295, -0.07681740075349808
33, 1, 7, 328, 283, -0.09060654044151306
33, 1, 8, 302, 274, -0.09878439456224442
33, 1, 9, 393, 348, -0.058594949543476105
33, 1, 10, 340, 314, -0.08309944719076157
33, 1, 11, 307, 293, -0.0919284075498581
33, 1, 12, 278, 278, -0.09826824069023132
33, 1, 13, 380, 377, -0.06459084153175354
33, 1, 14, 326, 354, -0.09174729883670807
33, 1, 15, 341, 359, -0.08616441488265991
33, 1, 16, 359, 368, -0.07603780180215836
33, 1, 17, 369, 406, -0.0706179067492485
33, 1, 18, 333, 382, -0.0895330011844635
33, 1, 19, 346, 384, -0.08119824528694153
33, 1, 20, 362, 391, -0.07119523733854294
34, 0, 0, 163, 381, 5.859802740815212e-07
34, 0, 1, 195, 356, 0.0006549311219714582
34, 0, 2, 241, 342, -0.012650420889258385
34, 0, 3, 279, 348, -0.02869234047830105
34, 0, 4, 305, 351, -0.044044408947229385
34, 0, 5, 237, 307, -0.033529359847307205
34, 0, 6, 279, 318, -0.06031503528356552
34, 0, 7, 302, 330, -0.07927034795284271
34, 0, 8, 319, 340, -0.0919976532459259
34, 0, 9, 224, 323, -0.04973294213414192
34, 0, 10, 271, 338, -0.07436195760965347
34, 0, 11, 304, 351, -0.08688176423311234
34, 0, 12, 327, 363, -0.09754183143377304
34, 0, 13, 212, 346, -0.0648309513926506
34, 0, 14, 266, 377, -0.08477421849966049
34, 0, 15, 273, 392, -0.08102499693632126
34, 0, 16, 269, 399, -0.07829160988330841
34, 0, 17, 202, 375, -0.08063134551048279
34, 0, 18, 249, 399, -0.09373120963573456
34, 0, 19, 262, 406, -0.08966842293739319
34, 0, 20, 265, 407, -0.08603739738464355
34, 1, 0, 449, 433, 4.205290906611481e-07
34, 1, 1, 444, 387, -0.005340796895325184
34, 1, 2, 412, 352, -0.0183892622590065
34, 1, 3, 374, 346, -0.030886495485901833
34, 1, 4, 346, 354, -0.04565888270735741
34, 1, 5, 410, 340, -0.047411251813173294
34, 1, 6, 363, 313, -0.07086862623691559
34, 1, 7, 335, 300, -0.08389437943696976
34, 1, 8, 309, 290, -0.09158633649349213
34, 1, 9, 395, 365, -0.05761430412530899
34, 1, 10, 347, 327, -0.07791058719158173
34, 1, 11, 317, 305, -0.08452656865119934
34, 1, 12, 291, 290, -0.08961888402700424
34, 1, 13, 381, 394, -0.06526850163936615
34, 1, 14, 330, 367, -0.08563238382339478
34, 1, 15, 344, 370, -0.07787756621837616
34, 1, 16, 363, 378, -0.06813114881515503
34, 1, 17, 369, 423, -0.0725858211517334
34, 1, 18, 333, 398, -0.0860118493437767
34, 1, 19, 345, 397, -0.07512599974870682
34, 1, 20, 361, 402, -0.0640450194478035
35, 0, 0, 161, 384, 5.889520480195642e-07
35, 0, 1, 191, 357, -0.0004598671803250909
35, 0, 2, 235, 345, -0.014137966558337212
35, 0, 3, 270, 354, -0.030502546578645706
35, 0, 4, 293, 361, -0.04643245413899422
35, 0, 5, 238, 314, -0.0335114449262619
35, 0, 6, 281, 330, -0.059362828731536865
35, 0, 7, 303, 345, -0.0775061696767807
35, 0, 8, 318, 357, -0.08993575721979141
35, 0, 9, 225, 330, -0.04890064895153046
35, 0, 10, 273, 348, -0.07211248576641083
35, 0, 11, 303, 363, -0.08339884132146835
35, 0, 12, 325, 377, -0.09355230629444122
35, 0, 13, 212, 353, -0.06332755833864212
35, 0, 14, 265, 386, -0.08181585371494293
35, 0, 15, 269, 400, -0.07766886055469513
35, 0, 16, 263, 406, -0.0749933198094368
35, 0, 17, 202, 381, -0.07857900112867355
35, 0, 18, 247, 406, -0.0906512439250946
35, 0, 19, 255, 414, -0.0860450267791748
35, 0, 20, 256, 416, -0.0822085440158844
35, 1, 0, 447, 449, 4.2082888285222e-07
35, 1, 1, 443, 401, -0.0008533986401744187
35, 1, 2, 411, 365, -0.013086358085274696
35, 1, 3, 373, 361, -0.02495509386062622
35, 1, 4, 346, 370, -0.03993745520710945
35, 1, 5, 409, 356, -0.04837881773710251
35, 1, 6, 363, 327, -0.06918840855360031
35, 1, 7, 335, 312, -0.08005950599908829
35, 1, 8, 309, 302, -0.0865679457783699
35, 1, 9, 392, 382, -0.060245122760534286
35, 1, 10, 343, 342, -0.07715016603469849
35, 1, 11, 315, 318, -0.08249358087778091
35, 1, 12, 290, 301, -0.08764341473579407
35, 1, 13, 378, 411, -0.06846104562282562
35, 1, 14, 323, 380, -0.08562779426574707
35, 1, 15, 336, 377, -0.0794832855463028
35, 1, 16, 356, 383, -0.07236278057098389
35, 1, 17, 367, 440, -0.07557882368564606
35, 1, 18, 328, 412, -0.08876149356365204
35, 1, 19, 341, 408, -0.0793195515871048
35, 1, 20, 358, 412, -0.06980284303426743
36, 0, 0, 160, 384, 6.615899792450364e-07
36, 0, 1, 193, 359, -0.004290981683880091
36, 0, 2, 239, 349, -0.02038937248289585
36, 0, 3, 274, 359, -0.03808891773223877
36, 0, 4, 296, 370, -0.0548795647919178
36, 0, 5, 240, 317, -0.03943261131644249
36, 0, 6, 281, 332, -0.06641100347042084
36, 0, 7, 304, 345, -0.08454287052154541
36, 0, 8, 320, 357, -0.09648126363754272
36, 0, 9, 225, 333, -0.05315891653299332
36, 0, 10, 273, 350, -0.0799073800444603
36, 0, 11, 303, 366, -0.09201692789793015
36, 0, 12, 324, 383, -0.10123442113399506
36, 0, 13, 212, 358, -0.06575611978769302
36, 0, 14, 268, 392, -0.08753619343042374
36, 0, 15, 273, 406, -0.08363408595323563
36, 0, 16, 267, 412, -0.07949603348970413
36, 0, 17, 202, 386, -0.07929594069719315
36, 0, 18, 252, 412, -0.09371957927942276
36, 0, 19, 266, 420, -0.08946695178747177
36, 0, 20, 272, 424, -0.08475829660892487
36, 1, 0, 441, 451, 5.141168912814464e-07
36, 1, 1, 436, 402, -0.00939449667930603
36, 1, 2, 402, 367, -0.02761172130703926
36, 1, 3, 360, 363, -0.0432782843708992
36, 1, 4, 328, 373, -0.06123213842511177
36, 1, 5, 404, 363, -0.06395465135574341
36, 1, 6, 358, 333, -0.08899519592523575
36, 1, 7, 332, 318, -0.1017494797706604
36, 1, 8, 308, 305, -0.10907250642776489
36, 1, 9, 387, 391, -0.07138779014348984
36, 1, 10, 336, 350, -0.09240351617336273
36, 1, 11, 310, 324, -0.09778644889593124
36, 1, 12, 286, 306, -0.10295370221138
36, 1, 13, 371, 419, -0.07541072368621826
36, 1, 14, 315, 383, -0.09415963292121887
36, 1, 15, 327, 376, -0.08695276826620102
36, 1, 16, 343, 379, -0.07951870560646057
36, 1, 17, 358, 445, -0.07906173169612885
36, 1, 18, 319, 412, -0.09170684218406677
36, 1, 19, 331, 403, -0.08241892606019974
36, 1, 20, 347, 405, -0.07371019572019577
37, 0, 0, 162, 386, 6.88374655055668e-07
37, 0, 1, 197, 361, -0.0034214367624372244
37, 0, 2, 244, 352, -0.019667906686663628
37, 0, 3, 282, 362, -0.03755024075508118
37, 0, 4, 307, 369, -0.05407553166151047
37, 0, 5, 237, 318, -0.038469377905130386
37, 0, 6, 278, 326, -0.06611288338899612
37, 0, 7, 300, 337, -0.08499355614185333
37, 0, 8, 315, 346, -0.09720692783594131
37, 0, 9, 223, 334, -0.05242835357785225
37, 0, 10, 271, 349, -0.0792107805609703
37, 0, 11, 301, 364, -0.0912812277674675
37, 0, 12, 321, 380, -0.1005459576845169
37, 0, 13, 212, 359, -0.06527938693761826
37, 0, 14, 267, 390, -0.08647330105304718
37, 0, 15, 268, 400, -0.08042187243700027
37, 0, 16, 257, 403, -0.07503852993249893
37, 0, 17, 203, 387, -0.0791744515299797
37, 0, 18, 253, 411, -0.09406355023384094
37, 0, 19, 269, 421, -0.08926915377378464
37, 0, 20, 276, 426, -0.08389636874198914
37, 1, 0, 437, 447, 5.285548922984162e-07
37, 1, 1, 432, 400, -0.007911695167422295
37, 1, 2, 397, 365, -0.024420546367764473
37, 1, 3, 356, 358, -0.03849134221673012
37, 1, 4, 325, 361, -0.05523872375488281
37, 1, 5, 402, 362, -0.06507887691259384
37, 1, 6, 359, 329, -0.09097258746623993
37, 1, 7, 333, 313, -0.10339920222759247
37, 1, 8, 310, 300, -0.110129714012146
37, 1, 9, 387, 388, -0.07318065315485
37, 1, 10, 337, 345, -0.0945683941245079
37, 1, 11, 309, 319, -0.10028184950351715
37, 1, 12, 283, 302, -0.10533487796783447
37, 1, 13, 372, 416, -0.07762213796377182
37, 1, 14, 315, 381, -0.09630601853132248
37, 1, 15, 323, 373, -0.08984171599149704
37, 1, 16, 337, 374, -0.08310434222221375
37, 1, 17, 361, 443, -0.08136437833309174
37, 1, 18, 322, 412, -0.0943162813782692
37, 1, 19, 331, 403, -0.08626408129930496
37, 1, 20, 343, 402, -0.07846112549304962
38, 0, 0, 163, 385, 7.290627195288835e-07
38, 0, 1, 197, 360, -0.0034693037159740925
38, 0, 2, 243, 349, -0.019276931881904602
38, 0, 3, 280, 357, -0.0368683747947216
38, 0, 4, 305, 362, -0.053347136825323105
38, 0, 5, 236, 313, -0.03513770550489426
38, 0, 6, 275, 322, -0.06150425225496292
38, 0, 7, 298, 330, -0.08018586784601212
38, 0, 8, 316, 338, -0.09282395243644714
38, 0, 9, 222, 329, -0.04928813502192497
38, 0, 10, 268, 342, -0.0756102055311203
38, 0, 11, 299, 353, -0.08923308551311493
38, 0, 12, 321, 365, -0.09973432868719101
38, 0, 13, 211, 353, -0.06251679360866547
38, 0, 14, 265, 383, -0.08498137444257736
38, 0, 15, 265, 393, -0.08143648505210876
38, 0, 16, 254, 396, -0.07747867703437805
38, 0, 17, 202, 382, -0.07667481154203415
38, 0, 18, 251, 405, -0.09389952570199966
38, 0, 19, 269, 416, -0.09165503829717636
38, 0, 20, 278, 423, -0.08787078410387039
38, 1, 0, 437, 439, 4.246382161454676e-07
38, 1, 1, 433, 393, -0.004418641794472933
38, 1, 2, 401, 358, -0.01725931093096733
38, 1, 3, 362, 350, -0.028901509940624237
38, 1, 4, 333, 353, -0.0433335080742836
38, 1, 5, 402, 349, -0.052981145679950714
38, 1, 6, 357, 318, -0.07584021240472794
38, 1, 7, 329, 303, -0.0874936655163765
38, 1, 8, 304, 292, -0.09365888684988022
38, 1, 9, 386, 375, -0.062419138848781586
38, 1, 10, 337, 337, -0.08055827766656876
38, 1, 11, 309, 316, -0.08585193008184433
38, 1, 12, 285, 302, -0.09034151583909988
38, 1, 13, 373, 403, -0.06843570619821548
38, 1, 14, 320, 374, -0.08472836762666702
38, 1, 15, 328, 372, -0.07677420228719711
38, 1, 16, 343, 377, -0.06882571429014206
38, 1, 17, 362, 430, -0.07382611185312271
38, 1, 18, 325, 405, -0.08528398722410202
38, 1, 19, 334, 401, -0.07488951086997986
38, 1, 20, 347, 405, -0.06477982550859451
39, 0, 0, 164, 381, 6.916273491697211e-07
39, 0, 1, 196, 356, -0.0015607018722221255
39, 0, 2, 241, 343, -0.018525004386901855
39, 0, 3, 276, 350, -0.03739768639206886
39, 0, 4, 296, 356, -0.05543851479887962
39, 0, 5, 233, 310, -0.03756602481007576
39, 0, 6, 269, 310, -0.06155163422226906
39, 0, 7, 285, 307, -0.0770430713891983
39, 0, 8, 296, 303, -0.08820457756519318
39, 0, 9, 220, 325, -0.0531419962644577
39, 0, 10, 266, 334, -0.07845382392406464
39, 0, 11, 296, 341, -0.09026458114385605
39, 0, 12, 319, 349, -0.0996997132897377
39, 0, 13, 208, 349, -0.06725697219371796
39, 0, 14, 265, 380, -0.08848591893911362
39, 0, 15, 266, 390, -0.08558107167482376
39, 0, 16, 256, 394, -0.08271537721157074
39, 0, 17, 200, 378, -0.0820656269788742
39, 0, 18, 249, 402, -0.09864969551563263
39, 0, 19, 268, 413, -0.0978977233171463
39, 0, 20, 280, 421, -0.09592169523239136
39, 1, 0, 440, 432, 3.9209280089380627e-07
39, 1, 1, 436, 388, -0.00691290432587266
39, 1, 2, 400, 351, -0.020464174449443817
39, 1, 3, 357, 342, -0.03254295140504837
39, 1, 4, 325, 344, -0.04680308699607849
39, 1, 5, 408, 340, -0.05291428044438362
39, 1, 6, 360, 309, -0.07696760445833206
39, 1, 7, 331, 293, -0.08892450481653214
39, 1, 8, 306, 281, -0.09518148005008698
39, 1, 9, 394, 366, -0.0621926486492157
39, 1, 10, 342, 326, -0.08208714425563812
39, 1, 11, 312, 305, -0.08748714625835419
39, 1, 12, 286, 289, -0.09194374829530716
39, 1, 13, 380, 393, -0.06851478666067123
39, 1, 14, 325, 365, -0.08881054818630219
39, 1, 15, 337, 370, -0.07820528000593185
39, 1, 16, 354, 380, -0.06686209887266159
39, 1, 17, 367, 421, -0.07434047758579254
39, 1, 18, 328, 394, -0.08786503225564957
39, 1, 19, 339, 397, -0.07449539005756378
39, 1, 20, 354, 406, -0.06167813017964363
40, 0, 0, 163, 385, 8.532165338692721e-07
40, 0, 1, 190, 357, -0.004094528499990702
40, 0, 2, 234, 343, -0.02492198348045349
40, 0, 3, 267, 354, -0.04831156134605408
40, 0, 4, 280, 367, -0.07170283794403076
40, 0, 5, 230, 309, -0.04242401942610741
40, 0, 6, 268, 311, -0.07291644811630249
40, 0, 7, 291, 315, -0.0948312059044838
40, 0, 8, 313, 319, -0.11055392771959305
40, 0, 9, 217, 325, -0.05947178229689598
40, 0, 10, 265, 332, -0.09130453318357468
40, 0, 11, 295, 336, -0.10782559216022491
40, 0, 12, 321, 342, -0.11995041370391846
40, 0, 13, 205, 349, -0.07511933147907257
40, 0, 14, 261, 380, -0.10198420286178589
40, 0, 15, 251, 387, -0.09879092872142792
40, 0, 16, 235, 386, -0.09389295428991318
40, 0, 17, 196, 379, -0.09186547249555588
40, 0, 18, 245, 401, -0.11172051727771759
40, 0, 19, 261, 410, -0.10986849665641785
40, 0, 20, 271, 414, -0.10597547888755798
40, 1, 0, 445, 431, 3.8722637896171364e-07
40, 1, 1, 443, 385, -0.00727053452283144
40, 1, 2, 408, 348, -0.024906618520617485
40, 1, 3, 363, 340, -0.041187312453985214
40, 1, 4, 331, 346, -0.05996542423963547
40, 1, 5, 417, 331, -0.060485485941171646
40, 1, 6, 364, 302, -0.0883159413933754
40, 1, 7, 334, 287, -0.10205072164535522
40, 1, 8, 308, 275, -0.10866376757621765
40, 1, 9, 402, 358, -0.07175901532173157
40, 1, 10, 345, 318, -0.09591265022754669
40, 1, 11, 311, 296, -0.10300680249929428
40, 1, 12, 282, 280, -0.10757728666067123
40, 1, 13, 385, 387, -0.07980212569236755
40, 1, 14, 329, 358, -0.10421442240476608
40, 1, 15, 342, 365, -0.09537238627672195
40, 1, 16, 359, 375, -0.08343173563480377
40, 1, 17, 370, 416, -0.0870993509888649
40, 1, 18, 328, 386, -0.10174542665481567
40, 1, 19, 340, 388, -0.08762659132480621
40, 1, 20, 357, 396, -0.07346555590629578
41, 0, 0, 160, 389, 7.608841769979335e-07
41, 0, 1, 186, 361, -0.0067813522182404995
41, 0, 2, 229, 345, -0.02388341911137104
41, 0, 3, 263, 352, -0.04271989315748215
41, 0, 4, 284, 359, -0.06171287223696709
41, 0, 5, 229, 314, -0.04344348609447479
41, 0, 6, 269, 321, -0.07463980466127396
41, 0, 7, 295, 329, -0.09650076180696487
41, 0, 8, 317, 338, -0.11123653501272202
41, 0, 9, 215, 329, -0.05826018750667572
41, 0, 10, 265, 336, -0.0878973975777626
41, 0, 11, 294, 345, -0.10246261954307556
41, 0, 12, 318, 355, -0.1129443570971489
41, 0, 13, 203, 354, -0.0721178725361824
41, 0, 14, 256, 385, -0.0986545979976654
41, 0, 15, 248, 393, -0.09556097537279129
41, 0, 16, 234, 393, -0.09070634096860886
41, 0, 17, 193, 384, -0.08708930760622025
41, 0, 18, 239, 408, -0.10548548400402069
41, 0, 19, 248, 416, -0.1012071892619133
41, 0, 20, 251, 418, -0.09565483778715134
41, 1, 0, 450, 440, 2.6072308401126065e-07
41, 1, 1, 451, 395, -0.00780274486169219
41, 1, 2, 419, 353, -0.027175432071089745
41, 1, 3, 376, 337, -0.04512166604399681
41, 1, 4, 340, 339, -0.06588394194841385
41, 1, 5, 430, 338, -0.06749653071165085
41, 1, 6, 375, 305, -0.09619313478469849
41, 1, 7, 343, 289, -0.1094091460108757
41, 1, 8, 317, 277, -0.1161862164735794
41, 1, 9, 414, 366, -0.08046413213014603
41, 1, 10, 348, 324, -0.1072903573513031
41, 1, 11, 313, 303, -0.11481308937072754
41, 1, 12, 284, 287, -0.11992329359054565
41, 1, 13, 398, 397, -0.08965480327606201
41, 1, 14, 333, 360, -0.12032715976238251
41, 1, 15, 347, 369, -0.11204209178686142
41, 1, 16, 367, 381, -0.09945109486579895
41, 1, 17, 381, 427, -0.09760376811027527
41, 1, 18, 334, 394, -0.12254782021045685
41, 1, 19, 344, 395, -0.11288624256849289
41, 1, 20, 360, 403, -0.10025123506784439
42, 0, 0, 159, 404, 6.704480028929538e-07
42, 0, 1, 189, 374, -0.004732072353363037
42, 0, 2, 229, 357, -0.018215380609035492
42, 0, 3, 261, 356, -0.03343850001692772
42, 0, 4, 282, 362, -0.050167638808488846
42, 0, 5, 232, 325, -0.04051893204450607
42, 0, 6, 277, 345, -0.07362397015094757
42, 0, 7, 308, 367, -0.09688802808523178
42, 0, 8, 329, 389, -0.11108798533678055
42, 0, 9, 218, 343, -0.054347772151231766
42, 0, 10, 270, 365, -0.08481152355670929
42, 0, 11, 302, 391, -0.0994434803724289
42, 0, 12, 322, 416, -0.10893049836158752
42, 0, 13, 204, 370, -0.06722016632556915
42, 0, 14, 250, 404, -0.09463775902986526
42, 0, 15, 261, 423, -0.09536373615264893
42, 0, 16, 261, 436, -0.09236430376768112
42, 0, 17, 190, 400, -0.08047376573085785
42, 0, 18, 228, 425, -0.0983891710639
42, 0, 19, 246, 438, -0.09474115073680878
42, 0, 20, 254, 447, -0.08896978944540024
42, 1, 0, 457, 458, -6.529825125056732e-09
42, 1, 1, 457, 412, -0.008172721602022648
42, 1, 2, 435, 365, -0.02469002828001976
42, 1, 3, 400, 336, -0.03794814273715019
42, 1, 4, 369, 323, -0.055294666439294815
42, 1, 5, 446, 359, -0.0700594037771225
42, 1, 6, 392, 321, -0.09976193308830261
42, 1, 7, 356, 303, -0.11554334312677383
42, 1, 8, 327, 293, -0.12435057014226913
42, 1, 9, 434, 387, -0.0810752585530281
42, 1, 10, 372, 349, -0.10279139876365662
42, 1, 11, 332, 330, -0.10988512635231018
42, 1, 12, 305, 317, -0.11704705655574799
42, 1, 13, 419, 419, -0.08938892185688019
42, 1, 14, 362, 386, -0.10684628784656525
42, 1, 15, 338, 366, -0.10482735931873322
42, 1, 16, 325, 351, -0.1044837161898613
42, 1, 17, 400, 451, -0.09697994589805603
42, 1, 18, 352, 426, -0.11372961848974228
42, 1, 19, 332, 409, -0.1111421287059784
42, 1, 20, 322, 395, -0.10828261822462082
43, 0, 0, 0, 0, 0.0
43, 0, 1, 0, 0, 0.0
43, 0, 2, 0, 0, 0.0
43, 0, 3, 0, 0, 0.0
43, 0, 4, 0, 0, 0.0
43, 0, 5, 0, 0, 0.0
43, 0, 6, 0, 0, 0.0
43, 0, 7, 0, 0, 0.0
43, 0, 8, 0, 0, 0.0
43, 0, 9, 0, 0, 0.0
43, 0, 10, 0, 0, 0.0
43, 0, 11, 0, 0, 0.0
43, 0, 12, 0, 0, 0.0
43, 0, 13, 0, 0, 0.0
43, 0, 14, 0, 0, 0.0
43, 0, 15, 0, 0, 0.0
43, 0, 16, 0, 0, 0.0
43, 0, 17, 0, 0, 0.0
43, 0, 18, 0, 0, 0.0
43, 0, 19, 0, 0, 0.0
43, 0, 20, 0, 0, 0.0
43, 1, 0, 0, 0, 0.0
43, 1, 1, 0, 0, 0.0
43, 1, 2, 0, 0, 0.0
43, 1, 3, 0, 0, 0.0
43, 1, 4, 0, 0, 0.0
43, 1, 5, 0, 0, 0.0
43, 1, 6, 0, 0, 0.0
43, 1, 7, 0, 0, 0.0
43, 1, 8, 0, 0, 0.0
43, 1, 9, 0, 0, 0.0
43, 1, 10, 0, 0, 0.0
43, 1, 11, 0, 0, 0.0
43, 1, 12, 0, 0, 0.0
43, 1, 13, 0, 0, 0.0
43, 1, 14, 0, 0, 0.0
43, 1, 15, 0, 0, 0.0
43, 1, 16, 0, 0, 0.0
43, 1, 17, 0, 0, 0.0
43, 1, 18, 0, 0, 0.0
43, 1, 19, 0, 0, 0.0
43, 1, 20, 0, 0, 0.0
44, 0, 0, 0, 0, 0.0
44, 0, 1, 0, 0, 0.0
44, 0, 2, 0, 0, 0.0
44, 0, 3, 0, 0, 0.0
44, 0, 4, 0, 0, 0.0
44, 0, 5, 0, 0, 0.0
44, 0, 6, 0, 0, 0.0
44, 0, 7, 0, 0, 0.0
44, 0, 8, 0, 0, 0.0
44, 0, 9, 0, 0, 0.0
44, 0, 10, 0, 0, 0.0
44, 0, 11, 0, 0, 0.0
44, 0, 12, 0, 0, 0.0
44, 0, 13, 0, 0, 0.0
44, 0, 14, 0, 0, 0.0
44, 0, 15, 0, 0, 0.0
44, 0, 16, 0, 0, 0.0
44, 0, 17, 0, 0, 0.0
44, 0, 18, 0, 0, 0.0
44, 0, 19, 0, 0, 0.0
44, 0, 20, 0, 0, 0.0
44, 1, 0, 0, 0, 0.0
44, 1, 1, 0, 0, 0.0
44, 1, 2, 0, 0, 0.0
44, 1, 3, 0, 0, 0.0
44, 1, 4, 0, 0, 0.0
44, 1, 5, 0, 0, 0.0
44, 1, 6, 0, 0, 0.0
44, 1, 7, 0, 0, 0.0
44, 1, 8, 0, 0, 0.0
44, 1, 9, 0, 0, 0.0
44, 1, 10, 0, 0, 0.0
44, 1, 11, 0, 0, 0.0
44, 1, 12, 0, 0, 0.0
44, 1, 13, 0, 0, 0.0
44, 1, 14, 0, 0, 0.0
44, 1, 15, 0, 0, 0.0
44, 1, 16, 0, 0, 0.0
44, 1, 17, 0, 0, 0.0
44, 1, 18, 0, 0, 0.0
44, 1, 19, 0, 0, 0.0
44, 1, 20, 0, 0, 0.0
45, 0, 0, 0, 0, 0.0
45, 0, 1, 0, 0, 0.0
45, 0, 2, 0, 0, 0.0
45, 0, 3, 0, 0, 0.0
45, 0, 4, 0, 0, 0.0
45, 0, 5, 0, 0, 0.0
45, 0, 6, 0, 0, 0.0
45, 0, 7, 0, 0, 0.0
45, 0, 8, 0, 0, 0.0
45, 0, 9, 0, 0, 0.0
45, 0, 10, 0, 0, 0.0
45, 0, 11, 0, 0, 0.0
45, 0, 12, 0, 0, 0.0
45, 0, 13, 0, 0, 0.0
45, 0, 14, 0, 0, 0.0
45, 0, 15, 0, 0, 0.0
45, 0, 16, 0, 0, 0.0
45, 0, 17, 0, 0, 0.0
45, 0, 18, 0, 0, 0.0
45, 0, 19, 0, 0, 0.0
45, 0, 20, 0, 0, 0.0
45, 1, 0, 0, 0, 0.0
45, 1, 1, 0, 0, 0.0
45, 1, 2, 0, 0, 0.0
45, 1, 3, 0, 0, 0.0
45, 1, 4, 0, 0, 0.0
45, 1, 5, 0, 0, 0.0
45, 1, 6, 0, 0, 0.0
45, 1, 7, 0, 0, 0.0
45, 1, 8, 0, 0, 0.0
45, 1, 9, 0, 0, 0.0
45, 1, 10, 0, 0, 0.0
45, 1, 11, 0, 0, 0.0
45, 1, 12, 0, 0, 0.0
45, 1, 13, 0, 0, 0.0
45, 1, 14, 0, 0, 0.0
45, 1, 15, 0, 0, 0.0
45, 1, 16, 0, 0, 0.0
45, 1, 17, 0, 0, 0.0
45, 1, 18, 0, 0, 0.0
45, 1, 19, 0, 0, 0.0
45, 1, 20, 0, 0, 0.0
46, 0, 0, 0, 0, 0.0
46, 0, 1, 0, 0, 0.0
46, 0, 2, 0, 0, 0.0
46, 0, 3, 0, 0, 0.0
46, 0, 4, 0, 0, 0.0
46, 0, 5, 0, 0, 0.0
46, 0, 6, 0, 0, 0.0
46, 0, 7, 0, 0, 0.0
46, 0, 8, 0, 0, 0.0
46, 0, 9, 0, 0, 0.0
46, 0, 10, 0, 0, 0.0
46, 0, 11, 0, 0, 0.0
46, 0, 12, 0, 0, 0.0
46, 0, 13, 0, 0, 0.0
46, 0, 14, 0, 0, 0.0
46, 0, 15, 0, 0, 0.0
46, 0, 16, 0, 0, 0.0
46, 0, 17, 0, 0, 0.0
46, 0, 18, 0, 0, 0.0
46, 0, 19, 0, 0, 0.0
46, 0, 20, 0, 0, 0.0
46, 1, 0, 0, 0, 0.0
46, 1, 1, 0, 0, 0.0
46, 1, 2, 0, 0, 0.0
46, 1, 3, 0, 0, 0.0
46, 1, 4, 0, 0, 0.0
46, 1, 5, 0, 0, 0.0
46, 1, 6, 0, 0, 0.0
46, 1, 7, 0, 0, 0.0
46, 1, 8, 0, 0, 0.0
46, 1, 9, 0, 0, 0.0
46, 1, 10, 0, 0, 0.0
46, 1, 11, 0, 0, 0.0
46, 1, 12, 0, 0, 0.0
46, 1, 13, 0, 0, 0.0
46, 1, 14, 0, 0, 0.0
46, 1, 15, 0, 0, 0.0
46, 1, 16, 0, 0, 0.0
46, 1, 17, 0, 0, 0.0
46, 1, 18, 0, 0, 0.0
46, 1, 19, 0, 0, 0.0
46, 1, 20, 0, 0, 0.0
47, 0, 0, 0, 0, 0.0
47, 0, 1, 0, 0, 0.0
47, 0, 2, 0, 0, 0.0
47, 0, 3, 0, 0, 0.0
47, 0, 4, 0, 0, 0.0
47, 0, 5, 0, 0, 0.0
47, 0, 6, 0, 0, 0.0
47, 0, 7, 0, 0, 0.0
47, 0, 8, 0, 0, 0.0
47, 0, 9, 0, 0, 0.0
47, 0, 10, 0, 0, 0.0
47, 0, 11, 0, 0, 0.0
47, 0, 12, 0, 0, 0.0
47, 0, 13, 0, 0, 0.0
47, 0, 14, 0, 0, 0.0
47, 0, 15, 0, 0, 0.0
47, 0, 16, 0, 0, 0.0
47, 0, 17, 0, 0, 0.0
47, 0, 18, 0, 0, 0.0
47, 0, 19, 0, 0, 0.0
47, 0, 20, 0, 0, 0.0
47, 1, 0, 0, 0, 0.0
47, 1, 1, 0, 0, 0.0
47, 1, 2, 0, 0, 0.0
47, 1, 3, 0, 0, 0.0
47, 1, 4, 0, 0, 0.0
47, 1, 5, 0, 0, 0.0
47, 1, 6, 0, 0, 0.0
47, 1, 7, 0, 0, 0.0
47, 1, 8, 0, 0, 0.0
47, 1, 9, 0, 0, 0.0
47, 1, 10, 0, 0, 0.0
47, 1, 11, 0, 0, 0.0
47, 1, 12, 0, 0, 0.0
47, 1, 13, 0, 0, 0.0
47, 1, 14, 0, 0, 0.0
47, 1, 15, 0, 0, 0.0
47, 1, 16, 0, 0, 0.0
47, 1, 17, 0, 0, 0.0
47, 1, 18, 0, 0, 0.0
47, 1, 19, 0, 0, 0.0
47, 1, 20, 0, 0, 0.0
48, 0, 0, 0, 0, 0.0
48, 0, 1, 0, 0, 0.0
48, 0, 2, 0, 0, 0.0
48, 0, 3, 0, 0, 0.0
48, 0, 4, 0, 0, 0.0
48, 0, 5, 0, 0, 0.0
48, 0, 6, 0, 0, 0.0
48, 0, 7, 0, 0, 0.0
48, 0, 8, 0, 0, 0.0
48, 0, 9, 0, 0, 0.0
48, 0, 10, 0, 0, 0.0
48, 0, 11, 0, 0, 0.0
48, 0, 12, 0, 0, 0.0
48, 0, 13, 0, 0, 0.0
48, 0, 14, 0, 0, 0.0
48, 0, 15, 0, 0, 0.0
48, 0, 16, 0, 0, 0.0
48, 0, 17, 0, 0, 0.0
48, 0, 18, 0, 0, 0.0
48, 0, 19, 0, 0, 0.0
48, 0, 20, 0, 0, 0.0
48, 1, 0, 0, 0, 0.0
48, 1, 1, 0, 0, 0.0
48, 1, 2, 0, 0, 0.0
48, 1, 3, 0, 0, 0.0
48, 1, 4, 0, 0, 0.0
48, 1, 5, 0, 0, 0.0
48, 1, 6, 0, 0, 0.0
48, 1, 7, 0, 0, 0.0
48, 1, 8, 0, 0, 0.0
48, 1, 9, 0, 0, 0.0
48, 1, 10, 0, 0, 0.0
48, 1, 11, 0, 0, 0.0
48, 1, 12, 0, 0, 0.0
48, 1, 13, 0, 0, 0.0
48, 1, 14, 0, 0, 0.0
48, 1, 15, 0, 0, 0.0
48, 1, 16, 0, 0, 0.0
48, 1, 17, 0, 0, 0.0
48, 1, 18, 0, 0, 0.0
48, 1, 19, 0, 0, 0.0
48, 1, 20, 0, 0, 0.0
49, 0, 0, 0, 0, 0.0
49, 0, 1, 0, 0, 0.0
49, 0, 2, 0, 0, 0.0
49, 0, 3, 0, 0, 0.0
49, 0, 4, 0, 0, 0.0
49, 0, 5, 0, 0, 0.0
49, 0, 6, 0, 0, 0.0
49, 0, 7, 0, 0, 0.0
49, 0, 8, 0, 0, 0.0
49, 0, 9, 0, 0, 0.0
49, 0, 10, 0, 0, 0.0
49, 0, 11, 0, 0, 0.0
49, 0, 12, 0, 0, 0.0
49, 0, 13, 0, 0, 0.0
49, 0, 14, 0, 0, 0.0
49, 0, 15, 0, 0, 0.0
49, 0, 16, 0, 0, 0.0
49, 0, 17, 0, 0, 0.0
49, 0, 18, 0, 0, 0.0
49, 0, 19, 0, 0, 0.0
49, 0, 20, 0, 0, 0.0
49, 1, 0, 0, 0, 0.0
49, 1, 1, 0, 0, 0.0
49, 1, 2, 0, 0, 0.0
49, 1, 3, 0, 0, 0.0
49, 1, 4, 0, 0, 0.0
49, 1, 5, 0, 0, 0.0
49, 1, 6, 0, 0, 0.0
49, 1, 7, 0, 0, 0.0
49, 1, 8, 0, 0, 0.0
49, 1, 9, 0, 0, 0.0
49, 1, 10, 0, 0, 0.0
49, 1, 11, 0, 0, 0.0
49, 1, 12, 0, 0, 0.0
49, 1, 13, 0, 0, 0.0
49, 1, 14, 0, 0, 0.0
49, 1, 15, 0, 0, 0.0
49, 1, 16, 0, 0, 0.0
49, 1, 17, 0, 0, 0.0
49, 1, 18, 0, 0, 0.0
49, 1, 19, 0, 0, 0.0
49, 1, 20, 0, 0, 0.0
