0, 0, 0, 0, 0, 0.0
0, 0, 1, 0, 0, 0.0
0, 0, 2, 0, 0, 0.0
0, 0, 3, 0, 0, 0.0
0, 0, 4, 0, 0, 0.0
0, 0, 5, 0, 0, 0.0
0, 0, 6, 0, 0, 0.0
0, 0, 7, 0, 0, 0.0
0, 0, 8, 0, 0, 0.0
0, 0, 9, 0, 0, 0.0
0, 0, 10, 0, 0, 0.0
0, 0, 11, 0, 0, 0.0
0, 0, 12, 0, 0, 0.0
0, 0, 13, 0, 0, 0.0
0, 0, 14, 0, 0, 0.0
0, 0, 15, 0, 0, 0.0
0, 0, 16, 0, 0, 0.0
0, 0, 17, 0, 0, 0.0
0, 0, 18, 0, 0, 0.0
0, 0, 19, 0, 0, 0.0
0, 0, 20, 0, 0, 0.0
0, 1, 0, 0, 0, 0.0
0, 1, 1, 0, 0, 0.0
0, 1, 2, 0, 0, 0.0
0, 1, 3, 0, 0, 0.0
0, 1, 4, 0, 0, 0.0
0, 1, 5, 0, 0, 0.0
0, 1, 6, 0, 0, 0.0
0, 1, 7, 0, 0, 0.0
0, 1, 8, 0, 0, 0.0
0, 1, 9, 0, 0, 0.0
0, 1, 10, 0, 0, 0.0
0, 1, 11, 0, 0, 0.0
0, 1, 12, 0, 0, 0.0
0, 1, 13, 0, 0, 0.0
0, 1, 14, 0, 0, 0.0
0, 1, 15, 0, 0, 0.0
0, 1, 16, 0, 0, 0.0
0, 1, 17, 0, 0, 0.0
0, 1, 18, 0, 0, 0.0
0, 1, 19, 0, 0, 0.0
0, 1, 20, 0, 0, 0.0
1, 0, 0, 1012, 648, 6.250757422776587e-08
1, 0, 1, 1012, 595, -0.007344329264014959
1, 0, 2, 1043, 546, -0.008660982362926006
1, 0, 3, 1082, 515, -0.009488786570727825
1, 0, 4, 1114, 496, -0.009391183033585548
1, 0, 5, 1070, 546, 0.004789686296135187
1, 0, 6, 1102, 515, 0.0012870585778728127
1, 0, 7, 1119, 497, -0.003718023421242833
1, 0, 8, 1131, 483, -0.00744656240567565
1, 0, 9, 1085, 570, 0.0055749197490513325
1, 0, 10, 1115, 541, 0.006026647984981537
1, 0, 11, 1130, 524, 0.002266925759613514
1, 0, 12, 1141, 512, -0.0016020121984183788
1, 0, 13, 1095, 595, 0.00467548705637455
1, 0, 14, 1124, 569, 0.0051945471204817295
1, 0, 15, 1137, 554, 0.006745448801666498
1, 0, 16, 1148, 544, 0.006756617687642574
1, 0, 17, 1100, 621, 0.002670032437890768
1, 0, 18, 1123, 601, 0.003854607930406928
1, 0, 19, 1135, 588, 0.007730625569820404
1, 0, 20, 1143, 578, 0.010306870564818382
1, 1, 0, 0, 0, 0.0
1, 1, 1, 0, 0, 0.0
1, 1, 2, 0, 0, 0.0
1, 1, 3, 0, 0, 0.0
1, 1, 4, 0, 0, 0.0
1, 1, 5, 0, 0, 0.0
1, 1, 6, 0, 0, 0.0
1, 1, 7, 0, 0, 0.0
1, 1, 8, 0, 0, 0.0
1, 1, 9, 0, 0, 0.0
1, 1, 10, 0, 0, 0.0
1, 1, 11, 0, 0, 0.0
1, 1, 12, 0, 0, 0.0
1, 1, 13, 0, 0, 0.0
1, 1, 14, 0, 0, 0.0
1, 1, 15, 0, 0, 0.0
1, 1, 16, 0, 0, 0.0
1, 1, 17, 0, 0, 0.0
1, 1, 18, 0, 0, 0.0
1, 1, 19, 0, 0, 0.0
1, 1, 20, 0, 0, 0.0
2, 0, 0, 1010, 641, 1.7426687293209397e-07
2, 0, 1, 1015, 595, -0.005987549666315317
2, 0, 2, 1042, 548, -0.012545422650873661
2, 0, 3, 1072, 520, -0.019055986776947975
2, 0, 4, 1098, 501, -0.025932740420103073
2, 0, 5, 1055, 541, -0.018776647746562958
2, 0, 6, 1088, 501, -0.03593391552567482
2, 0, 7, 1113, 475, -0.048145841807127
2, 0, 8, 1134, 455, -0.05606245994567871
2, 0, 9, 1066, 556, -0.02452900819480419
2, 0, 10, 1100, 516, -0.03978414461016655
2, 0, 11, 1125, 488, -0.049624551087617874
2, 0, 12, 1147, 464, -0.05633549019694328
2, 0, 13, 1074, 579, -0.030747022479772568
2, 0, 14, 1107, 539, -0.04395829513669014
2, 0, 15, 1130, 514, -0.048659201711416245
2, 0, 16, 1150, 490, -0.051237937062978745
2, 0, 17, 1082, 606, -0.03743354603648186
2, 0, 18, 1106, 574, -0.04857734963297844
2, 0, 19, 1123, 552, -0.051038410514593124
2, 0, 20, 1138, 533, -0.05191653594374657
2, 1, 0, 0, 0, 0.0
2, 1, 1, 0, 0, 0.0
2, 1, 2, 0, 0, 0.0
2, 1, 3, 0, 0, 0.0
2, 1, 4, 0, 0, 0.0
2, 1, 5, 0, 0, 0.0
2, 1, 6, 0, 0, 0.0
2, 1, 7, 0, 0, 0.0
2, 1, 8, 0, 0, 0.0
2, 1, 9, 0, 0, 0.0
2, 1, 10, 0, 0, 0.0
2, 1, 11, 0, 0, 0.0
2, 1, 12, 0, 0, 0.0
2, 1, 13, 0, 0, 0.0
2, 1, 14, 0, 0, 0.0
2, 1, 15, 0, 0, 0.0
2, 1, 16, 0, 0, 0.0
2, 1, 17, 0, 0, 0.0
2, 1, 18, 0, 0, 0.0
2, 1, 19, 0, 0, 0.0
2, 1, 20, 0, 0, 0.0
3, 0, 0, 982, 599, 3.3147389899568225e-07
3, 0, 1, 992, 556, -0.004281936213374138
3, 0, 2, 1025, 516, -0.008940692991018295
3, 0, 3, 1063, 498, -0.013429886661469936
3, 0, 4, 1094, 491, -0.018025560304522514
3, 0, 5, 1036, 495, -0.011738318018615246
3, 0, 6, 1076, 467, -0.02440975233912468
3, 0, 7, 1106, 448, -0.03443946689367294
3, 0, 8, 1130, 433, -0.04103463888168335
3, 0, 9, 1048, 513, -0.017341673374176025
3, 0, 10, 1091, 486, -0.02730710618197918
3, 0, 11, 1121, 467, -0.0355435386300087
3, 0, 12, 1147, 452, -0.041340023279190063
3, 0, 13, 1056, 539, -0.023155083879828453
3, 0, 14, 1095, 514, -0.03173362836241722
3, 0, 15, 1122, 499, -0.035509563982486725
3, 0, 16, 1142, 485, -0.038183726370334625
3, 0, 17, 1061, 569, -0.029488421976566315
3, 0, 18, 1085, 559, -0.036146555095911026
3, 0, 19, 1101, 551, -0.036306463181972504
3, 0, 20, 1112, 544, -0.035854265093803406
3, 1, 0, 0, 0, 0.0
3, 1, 1, 0, 0, 0.0
3, 1, 2, 0, 0, 0.0
3, 1, 3, 0, 0, 0.0
3, 1, 4, 0, 0, 0.0
3, 1, 5, 0, 0, 0.0
3, 1, 6, 0, 0, 0.0
3, 1, 7, 0, 0, 0.0
3, 1, 8, 0, 0, 0.0
3, 1, 9, 0, 0, 0.0
3, 1, 10, 0, 0, 0.0
3, 1, 11, 0, 0, 0.0
3, 1, 12, 0, 0, 0.0
3, 1, 13, 0, 0, 0.0
3, 1, 14, 0, 0, 0.0
3, 1, 15, 0, 0, 0.0
3, 1, 16, 0, 0, 0.0
3, 1, 17, 0, 0, 0.0
3, 1, 18, 0, 0, 0.0
3, 1, 19, 0, 0, 0.0
3, 1, 20, 0, 0, 0.0
4, 0, 0, 972, 573, 3.107479926711676e-07
4, 0, 1, 999, 553, -0.0045336042530834675
4, 0, 2, 1040, 519, -0.005862154066562653
4, 0, 3, 1071, 495, -0.007400168105959892
4, 0, 4, 1093, 476, -0.009175497107207775
4, 0, 5, 1049, 499, -0.005141089204698801
4, 0, 6, 1089, 467, -0.016648193821310997
4, 0, 7, 1121, 442, -0.026645341888070107
4, 0, 8, 1147, 420, -0.032789699733257294
4, 0, 9, 1046, 497, -0.00888893287628889
4, 0, 10, 1088, 462, -0.017999425530433655
4, 0, 11, 1121, 437, -0.026188919320702553
4, 0, 12, 1151, 414, -0.03150726109743118
4, 0, 13, 1040, 496, -0.013370059430599213
4, 0, 14, 1078, 462, -0.020972685888409615
4, 0, 15, 1108, 440, -0.02427748218178749
4, 0, 16, 1133, 420, -0.025760548189282417
4, 0, 17, 1032, 497, -0.01866544783115387
4, 0, 18, 1060, 468, -0.023923363536596298
4, 0, 19, 1083, 449, -0.024261806160211563
4, 0, 20, 1104, 434, -0.023802075535058975
4, 1, 0, 0, 0, 0.0
4, 1, 1, 0, 0, 0.0
4, 1, 2, 0, 0, 0.0
4, 1, 3, 0, 0, 0.0
4, 1, 4, 0, 0, 0.0
4, 1, 5, 0, 0, 0.0
4, 1, 6, 0, 0, 0.0
4, 1, 7, 0, 0, 0.0
4, 1, 8, 0, 0, 0.0
4, 1, 9, 0, 0, 0.0
4, 1, 10, 0, 0, 0.0
4, 1, 11, 0, 0, 0.0
4, 1, 12, 0, 0, 0.0
4, 1, 13, 0, 0, 0.0
4, 1, 14, 0, 0, 0.0
4, 1, 15, 0, 0, 0.0
4, 1, 16, 0, 0, 0.0
4, 1, 17, 0, 0, 0.0
4, 1, 18, 0, 0, 0.0
4, 1, 19, 0, 0, 0.0
4, 1, 20, 0, 0, 0.0
5, 0, 0, 950, 554, 2.9386171718215337e-07
5, 0, 1, 962, 517, -0.00746305612847209
5, 0, 2, 1002, 478, -0.011669241823256016
5, 0, 3, 1039, 455, -0.015539436601102352
5, 0, 4, 1067, 440, -0.0196900125592947
5, 0, 5, 1016, 472, -0.012961842119693756
5, 0, 6, 1063, 441, -0.028241708874702454
5, 0, 7, 1099, 414, -0.039897434413433075
5, 0, 8, 1128, 391, -0.047339826822280884
5, 0, 9, 1021, 480, -0.01720263436436653
5, 0, 10, 1067, 445, -0.03148317337036133
5, 0, 11, 1104, 415, -0.042660318315029144
5, 0, 12, 1138, 386, -0.0498795360326767
5, 0, 13, 1024, 490, -0.022124819457530975
5, 0, 14, 1066, 454, -0.03479084372520447
5, 0, 15, 1099, 427, -0.041115082800388336
5, 0, 16, 1129, 401, -0.04424935206770897
5, 0, 17, 1025, 503, -0.027882976457476616
5, 0, 18, 1056, 472, -0.03807597607374191
5, 0, 19, 1081, 449, -0.04157280921936035
5, 0, 20, 1106, 430, -0.04308998957276344
5, 1, 0, 0, 0, 0.0
5, 1, 1, 0, 0, 0.0
5, 1, 2, 0, 0, 0.0
5, 1, 3, 0, 0, 0.0
5, 1, 4, 0, 0, 0.0
5, 1, 5, 0, 0, 0.0
5, 1, 6, 0, 0, 0.0
5, 1, 7, 0, 0, 0.0
5, 1, 8, 0, 0, 0.0
5, 1, 9, 0, 0, 0.0
5, 1, 10, 0, 0, 0.0
5, 1, 11, 0, 0, 0.0
5, 1, 12, 0, 0, 0.0
5, 1, 13, 0, 0, 0.0
5, 1, 14, 0, 0, 0.0
5, 1, 15, 0, 0, 0.0
5, 1, 16, 0, 0, 0.0
5, 1, 17, 0, 0, 0.0
5, 1, 18, 0, 0, 0.0
5, 1, 19, 0, 0, 0.0
5, 1, 20, 0, 0, 0.0
6, 0, 0, 942, 541, 3.0517384175254847e-07
6, 0, 1, 961, 504, -0.004266638774424791
6, 0, 2, 1002, 464, -0.007792179472744465
6, 0, 3, 1038, 439, -0.011444482021033764
6, 0, 4, 1067, 422, -0.015892107039690018
6, 0, 5, 1010, 451, -0.013193639926612377
6, 0, 6, 1052, 424, -0.02832895889878273
6, 0, 7, 1086, 401, -0.04040897265076637
6, 0, 8, 1115, 381, -0.04863337054848671
6, 0, 9, 1009, 460, -0.01966133713722229
6, 0, 10, 1053, 428, -0.03222779557108879
6, 0, 11, 1088, 399, -0.04282280057668686
6, 0, 12, 1122, 373, -0.05040893703699112
6, 0, 13, 1005, 477, -0.026396416127681732
6, 0, 14, 1048, 445, -0.03859435394406319
6, 0, 15, 1079, 424, -0.04566021263599396
6, 0, 16, 1109, 403, -0.050216104835271835
6, 0, 17, 999, 500, -0.0334167554974556
6, 0, 18, 1023, 481, -0.044446755200624466
6, 0, 19, 1042, 466, -0.04815319925546646
6, 0, 20, 1062, 452, -0.05017378553748131
6, 1, 0, 0, 0, 0.0
6, 1, 1, 0, 0, 0.0
6, 1, 2, 0, 0, 0.0
6, 1, 3, 0, 0, 0.0
6, 1, 4, 0, 0, 0.0
6, 1, 5, 0, 0, 0.0
6, 1, 6, 0, 0, 0.0
6, 1, 7, 0, 0, 0.0
6, 1, 8, 0, 0, 0.0
6, 1, 9, 0, 0, 0.0
6, 1, 10, 0, 0, 0.0
6, 1, 11, 0, 0, 0.0
6, 1, 12, 0, 0, 0.0
6, 1, 13, 0, 0, 0.0
6, 1, 14, 0, 0, 0.0
6, 1, 15, 0, 0, 0.0
6, 1, 16, 0, 0, 0.0
6, 1, 17, 0, 0, 0.0
6, 1, 18, 0, 0, 0.0
6, 1, 19, 0, 0, 0.0
6, 1, 20, 0, 0, 0.0
7, 0, 0, 219, 334, 4.835428413230147e-08
7, 0, 1, 243, 294, -0.0009249876020476222
7, 0, 2, 291, 264, -0.007306611631065607
7, 0, 3, 335, 259, -0.015315010212361813
7, 0, 4, 366, 275, -0.023042496293783188
7, 0, 5, 307, 248, -0.013106396421790123
7, 0, 6, 361, 251, -0.026718460023403168
7, 0, 7, 383, 258, -0.035903457552194595
7, 0, 8, 390, 263, -0.041530512273311615
7, 0, 9, 306, 274, -0.020854687318205833
7, 0, 10, 365, 294, -0.03293820098042488
7, 0, 11, 358, 304, -0.03507338836789131
7, 0, 12, 338, 303, -0.03601827844977379
7, 0, 13, 302, 305, -0.02867717109620571
7, 0, 14, 358, 320, -0.0372602604329586
7, 0, 15, 349, 329, -0.030331384390592575
7, 0, 16, 330, 329, -0.0250694677233696
7, 0, 17, 295, 337, -0.0371076725423336
7, 0, 18, 345, 346, -0.040320366621017456
7, 0, 19, 340, 355, -0.032286155968904495
7, 0, 20, 324, 358, -0.025932788848876953
7, 1, 0, 947, 525, 3.2338607525161933e-07
7, 1, 1, 974, 498, -0.005825582426041365
7, 1, 2, 1016, 460, -0.007911330088973045
7, 1, 3, 1050, 434, -0.010413670912384987
7, 1, 4, 1079, 416, -0.012668932788074017
7, 1, 5, 1016, 435, -0.0037653243634849787
7, 1, 6, 1055, 405, -0.015942320227622986
7, 1, 7, 1087, 383, -0.02597517892718315
7, 1, 8, 1114, 365, -0.03242657706141472
7, 1, 9, 1018, 436, -0.007851933129131794
7, 1, 10, 1060, 403, -0.01847536489367485
7, 1, 11, 1093, 379, -0.027719983831048012
7, 1, 12, 1122, 357, -0.03386525809764862
7, 1, 13, 1018, 443, -0.013211673125624657
7, 1, 14, 1061, 411, -0.02341524511575699
7, 1, 15, 1091, 389, -0.029089897871017456
7, 1, 16, 1115, 368, -0.032077811658382416
7, 1, 17, 1018, 455, -0.019347023218870163
7, 1, 18, 1054, 431, -0.026738587766885757
7, 1, 19, 1081, 416, -0.02883346937596798
7, 1, 20, 1104, 404, -0.02970576100051403
8, 0, 0, 205, 337, -9.075724705098764e-08
8, 0, 1, 227, 298, 0.0030200984328985214
8, 0, 2, 269, 268, -0.0018343888223171234
8, 0, 3, 308, 262, -0.009543001651763916
8, 0, 4, 338, 271, -0.014822340570390224
8, 0, 5, 287, 235, -0.002047762041911483
8, 0, 6, 349, 246, -0.01736200414597988
8, 0, 7, 347, 266, -0.025696465745568275
8, 0, 8, 328, 273, -0.028503522276878357
8, 0, 9, 291, 253, -0.010860789567232132
8, 0, 10, 351, 277, -0.02131098508834839
8, 0, 11, 341, 292, -0.02344808727502823
8, 0, 12, 321, 292, -0.023768268525600433
8, 0, 13, 295, 278, -0.020698798820376396
8, 0, 14, 348, 301, -0.026849811896681786
8, 0, 15, 337, 314, -0.021765263751149178
8, 0, 16, 319, 313, -0.017875323072075844
8, 0, 17, 297, 307, -0.03102990612387657
8, 0, 18, 339, 326, -0.03088814578950405
8, 0, 19, 329, 338, -0.023984281346201897
8, 0, 20, 313, 337, -0.01884482055902481
8, 1, 0, 949, 516, 3.515146147492487e-07
8, 1, 1, 991, 487, -0.001986091025173664
8, 1, 2, 1037, 453, -0.006194602232426405
8, 1, 3, 1074, 432, -0.011894633993506432
8, 1, 4, 1104, 415, -0.018640145659446716
8, 1, 5, 1031, 433, -0.011042493395507336
8, 1, 6, 1070, 398, -0.026879604905843735
8, 1, 7, 1103, 369, -0.03931781277060509
8, 1, 8, 1131, 344, -0.04769503325223923
8, 1, 9, 1021, 435, -0.01929076574742794
8, 1, 10, 1062, 398, -0.033221375197172165
8, 1, 11, 1094, 368, -0.04412106052041054
8, 1, 12, 1122, 341, -0.05198029801249504
8, 1, 13, 1009, 444, -0.027758590877056122
8, 1, 14, 1049, 409, -0.04088081419467926
8, 1, 15, 1079, 384, -0.04703357070684433
8, 1, 16, 1102, 363, -0.05083562433719635
8, 1, 17, 998, 459, -0.03648217394948006
8, 1, 18, 1032, 441, -0.04622424393892288
8, 1, 19, 1061, 427, -0.04894597455859184
8, 1, 20, 1086, 415, -0.05082292482256889
9, 0, 0, 199, 365, -1.1714642766946781e-07
9, 0, 1, 211, 321, 0.004898945800960064
9, 0, 2, 245, 285, 0.002271846402436495
9, 0, 3, 282, 275, -0.0038951640017330647
9, 0, 4, 312, 281, -0.00830964744091034
9, 0, 5, 260, 253, 0.005319437477737665
9, 0, 6, 311, 239, -0.0074236285872757435
9, 0, 7, 323, 254, -0.016070367768406868
9, 0, 8, 317, 268, -0.019813451915979385
9, 0, 9, 273, 267, -0.00350910983979702
9, 0, 10, 325, 270, -0.013026007451117039
9, 0, 11, 321, 288, -0.017208214849233627
9, 0, 12, 305, 294, -0.018564369529485703
9, 0, 13, 286, 287, -0.01331260334700346
9, 0, 14, 332, 295, -0.018565282225608826
9, 0, 15, 324, 309, -0.015420012176036835
9, 0, 16, 307, 312, -0.012666123919188976
9, 0, 17, 298, 310, -0.023647410795092583
9, 0, 18, 335, 321, -0.023223157972097397
9, 0, 19, 324, 333, -0.017673900350928307
9, 0, 20, 308, 336, -0.013216336257755756
9, 1, 0, 937, 530, 3.467002045454137e-07
9, 1, 1, 977, 502, -0.004056544508785009
9, 1, 2, 1024, 465, -0.008595353923738003
9, 1, 3, 1062, 442, -0.014021114446222782
9, 1, 4, 1092, 425, -0.020842187106609344
9, 1, 5, 1023, 443, -0.014458163641393185
9, 1, 6, 1063, 405, -0.03199439495801926
9, 1, 7, 1097, 373, -0.0452447272837162
9, 1, 8, 1125, 347, -0.05419234186410904
9, 1, 9, 1011, 443, -0.02284003235399723
9, 1, 10, 1056, 403, -0.037586137652397156
9, 1, 11, 1089, 371, -0.049663934856653214
9, 1, 12, 1119, 344, -0.05825002118945122
9, 1, 13, 995, 452, -0.03152405843138695
9, 1, 14, 1036, 414, -0.046060726046562195
9, 1, 15, 1065, 389, -0.054684363305568695
9, 1, 16, 1091, 367, -0.06039738655090332
9, 1, 17, 975, 469, -0.04042492061853409
9, 1, 18, 1000, 451, -0.053650397807359695
9, 1, 19, 1022, 440, -0.05861356481909752
9, 1, 20, 1043, 431, -0.06168673560023308
10, 0, 0, 214, 408, -2.792770885662321e-07
10, 0, 1, 208, 360, 0.005383406300097704
10, 0, 2, 226, 319, 0.0031833176035434008
10, 0, 3, 253, 305, -0.0031523958314210176
10, 0, 4, 278, 308, -0.008437738753855228
10, 0, 5, 246, 282, 0.0044201817363500595
10, 0, 6, 284, 262, -0.005864266771823168
10, 0, 7, 290, 282, -0.014128394424915314
10, 0, 8, 283, 301, -0.018123222514986992
10, 0, 9, 268, 292, -0.004275474231690168
10, 0, 10, 290, 302, -0.010852976702153683
10, 0, 11, 283, 322, -0.015824059024453163
10, 0, 12, 268, 334, -0.01870173215866089
10, 0, 13, 287, 312, -0.013339611701667309
10, 0, 14, 306, 324, -0.016389181837439537
10, 0, 15, 296, 340, -0.014458471909165382
10, 0, 16, 280, 349, -0.013036069460213184
10, 0, 17, 305, 334, -0.022912174463272095
10, 0, 18, 324, 342, -0.020913217216730118
10, 0, 19, 315, 354, -0.014666273258626461
10, 0, 20, 302, 362, -0.009350936859846115
10, 1, 0, 928, 545, 3.371949333086377e-07
10, 1, 1, 973, 519, 0.0006769848405383527
10, 1, 2, 1021, 479, -0.003310910891741514
10, 1, 3, 1060, 455, -0.008704966865479946
10, 1, 4, 1094, 442, -0.01657392829656601
10, 1, 5, 1024, 461, -0.020712899044156075
10, 1, 6, 1065, 417, -0.040115658193826675
10, 1, 7, 1099, 381, -0.054210077971220016
10, 1, 8, 1128, 351, -0.06430067121982574
10, 1, 9, 1010, 462, -0.0324338860809803
10, 1, 10, 1053, 413, -0.05081888288259506
10, 1, 11, 1088, 374, -0.06558535248041153
10, 1, 12, 1118, 340, -0.07671939581632614
10, 1, 13, 989, 470, -0.04317307844758034
10, 1, 14, 1026, 424, -0.06130228936672211
10, 1, 15, 1055, 393, -0.07282247394323349
10, 1, 16, 1081, 365, -0.08106512576341629
10, 1, 17, 962, 483, -0.053200505673885345
10, 1, 18, 984, 459, -0.07140185683965683
10, 1, 19, 1004, 445, -0.07962653040885925
10, 1, 20, 1024, 432, -0.08518374711275101
11, 0, 0, 916, 555, 2.667107423803827e-07
11, 0, 1, 966, 530, 0.002595642115920782
11, 0, 2, 1014, 489, -0.0010303864255547523
11, 0, 3, 1050, 464, -0.006151030771434307
11, 0, 4, 1085, 454, -0.013589579612016678
11, 0, 5, 1025, 475, -0.021317915990948677
11, 0, 6, 1066, 426, -0.039721403270959854
11, 0, 7, 1097, 387, -0.05237170308828354
11, 0, 8, 1124, 354, -0.06147272512316704
11, 0, 9, 1008, 474, -0.03360072523355484
11, 0, 10, 1052, 420, -0.051681991666555405
11, 0, 11, 1085, 377, -0.06529075652360916
11, 0, 12, 1114, 340, -0.07565146684646606
11, 0, 13, 982, 479, -0.04443715512752533
11, 0, 14, 1022, 430, -0.06138063967227936
11, 0, 15, 1052, 395, -0.0716666653752327
11, 0, 16, 1077, 366, -0.07891082763671875
11, 0, 17, 951, 487, -0.054363980889320374
11, 0, 18, 976, 457, -0.07049192488193512
11, 0, 19, 999, 440, -0.07747487723827362
11, 0, 20, 1021, 425, -0.08219430595636368
11, 1, 0, 0, 0, 0.0
11, 1, 1, 0, 0, 0.0
11, 1, 2, 0, 0, 0.0
11, 1, 3, 0, 0, 0.0
11, 1, 4, 0, 0, 0.0
11, 1, 5, 0, 0, 0.0
11, 1, 6, 0, 0, 0.0
11, 1, 7, 0, 0, 0.0
11, 1, 8, 0, 0, 0.0
11, 1, 9, 0, 0, 0.0
11, 1, 10, 0, 0, 0.0
11, 1, 11, 0, 0, 0.0
11, 1, 12, 0, 0, 0.0
11, 1, 13, 0, 0, 0.0
11, 1, 14, 0, 0, 0.0
11, 1, 15, 0, 0, 0.0
11, 1, 16, 0, 0, 0.0
11, 1, 17, 0, 0, 0.0
11, 1, 18, 0, 0, 0.0
11, 1, 19, 0, 0, 0.0
11, 1, 20, 0, 0, 0.0
12, 0, 0, 897, 560, 2.416144582184643e-07
12, 0, 1, 950, 534, 0.0003878858406096697
12, 0, 2, 995, 493, -0.0038026231341063976
12, 0, 3, 1030, 468, -0.009730718098580837
12, 0, 4, 1065, 458, -0.01790941320359707
12, 0, 5, 1009, 470, -0.01748218759894371
12, 0, 6, 1051, 424, -0.035648904740810394
12, 0, 7, 1083, 388, -0.04911649972200394
12, 0, 8, 1110, 357, -0.05888235941529274
12, 0, 9, 993, 470, -0.029205089434981346
12, 0, 10, 1038, 420, -0.0465393140912056
12, 0, 11, 1072, 380, -0.06038259342312813
12, 0, 12, 1102, 344, -0.07094260305166245
12, 0, 13, 968, 476, -0.040373221039772034
12, 0, 14, 1010, 429, -0.056984223425388336
12, 0, 15, 1040, 396, -0.06766092032194138
12, 0, 16, 1065, 368, -0.07530421763658524
12, 0, 17, 936, 485, -0.051112100481987
12, 0, 18, 962, 456, -0.06713420152664185
12, 0, 19, 985, 439, -0.07460537552833557
12, 0, 20, 1008, 424, -0.07968756556510925
12, 1, 0, 0, 0, 0.0
12, 1, 1, 0, 0, 0.0
12, 1, 2, 0, 0, 0.0
12, 1, 3, 0, 0, 0.0
12, 1, 4, 0, 0, 0.0
12, 1, 5, 0, 0, 0.0
12, 1, 6, 0, 0, 0.0
12, 1, 7, 0, 0, 0.0
12, 1, 8, 0, 0, 0.0
12, 1, 9, 0, 0, 0.0
12, 1, 10, 0, 0, 0.0
12, 1, 11, 0, 0, 0.0
12, 1, 12, 0, 0, 0.0
12, 1, 13, 0, 0, 0.0
12, 1, 14, 0, 0, 0.0
12, 1, 15, 0, 0, 0.0
12, 1, 16, 0, 0, 0.0
12, 1, 17, 0, 0, 0.0
12, 1, 18, 0, 0, 0.0
12, 1, 19, 0, 0, 0.0
12, 1, 20, 0, 0, 0.0
13, 0, 0, 881, 573, 2.4282221033899987e-07
13, 0, 1, 933, 543, 0.0011129691265523434
13, 0, 2, 978, 501, -0.0035770053509622812
13, 0, 3, 1013, 475, -0.010060676373541355
13, 0, 4, 1046, 463, -0.01851799711585045
13, 0, 5, 991, 473, -0.018403276801109314
13, 0, 6, 1033, 425, -0.03740527853369713
13, 0, 7, 1064, 388, -0.05129797011613846
13, 0, 8, 1091, 356, -0.0611284039914608
13, 0, 9, 975, 475, -0.03100855089724064
13, 0, 10, 1020, 421, -0.0495610274374485
13, 0, 11, 1052, 378, -0.06401273608207703
13, 0, 12, 1080, 341, -0.07485276460647583
13, 0, 13, 949, 482, -0.042825859040021896
13, 0, 14, 990, 432, -0.059859149158000946
13, 0, 15, 1018, 398, -0.07005400210618973
13, 0, 16, 1041, 369, -0.07736571878194809
13, 0, 17, 917, 494, -0.054150912910699844
13, 0, 18, 941, 463, -0.07006283104419708
13, 0, 19, 964, 444, -0.0768473893404007
13, 0, 20, 985, 427, -0.0814271941781044
13, 1, 0, 0, 0, 0.0
13, 1, 1, 0, 0, 0.0
13, 1, 2, 0, 0, 0.0
13, 1, 3, 0, 0, 0.0
13, 1, 4, 0, 0, 0.0
13, 1, 5, 0, 0, 0.0
13, 1, 6, 0, 0, 0.0
13, 1, 7, 0, 0, 0.0
13, 1, 8, 0, 0, 0.0
13, 1, 9, 0, 0, 0.0
13, 1, 10, 0, 0, 0.0
13, 1, 11, 0, 0, 0.0
13, 1, 12, 0, 0, 0.0
13, 1, 13, 0, 0, 0.0
13, 1, 14, 0, 0, 0.0
13, 1, 15, 0, 0, 0.0
13, 1, 16, 0, 0, 0.0
13, 1, 17, 0, 0, 0.0
13, 1, 18, 0, 0, 0.0
13, 1, 19, 0, 0, 0.0
13, 1, 20, 0, 0, 0.0
14, 0, 0, 500, 608, -1.963887825695565e-07
14, 0, 1, 539, 553, -0.003992793615907431
14, 0, 2, 602, 527, -0.01146765798330307
14, 0, 3, 658, 534, -0.0190892294049263
14, 0, 4, 693, 556, -0.024040576070547104
14, 0, 5, 630, 538, -0.01737464964389801
14, 0, 6, 700, 566, -0.03223394975066185
14, 0, 7, 677, 571, -0.04061640053987503
14, 0, 8, 649, 561, -0.04423483461141586
14, 0, 9, 624, 584, -0.02326957881450653
14, 0, 10, 681, 614, -0.030086634680628777
14, 0, 11, 657, 615, -0.029573898762464523
14, 0, 12, 630, 602, -0.029752545058727264
14, 0, 13, 612, 631, -0.029436470940709114
14, 0, 14, 657, 652, -0.03280215337872505
14, 0, 15, 635, 651, -0.022602256387472153
14, 0, 16, 609, 641, -0.01687708869576454
14, 0, 17, 595, 672, -0.03624476119875908
14, 0, 18, 632, 683, -0.03580509126186371
14, 0, 19, 612, 680, -0.0239114910364151
14, 0, 20, 589, 674, -0.015469754114747047
14, 1, 0, 850, 594, 2.3653090863717807e-07
14, 1, 1, 901, 561, 0.0007595696952193975
14, 1, 2, 953, 511, -0.0032001198269426823
14, 1, 3, 995, 480, -0.008783501572906971
14, 1, 4, 1035, 467, -0.016437340527772903
14, 1, 5, 967, 499, -0.017719483003020287
14, 1, 6, 1011, 445, -0.03640932962298393
14, 1, 7, 1043, 401, -0.0499284528195858
14, 1, 8, 1071, 365, -0.059581208974123
14, 1, 9, 951, 501, -0.02968784049153328
14, 1, 10, 997, 440, -0.04751099646091461
14, 1, 11, 1031, 391, -0.062008652836084366
14, 1, 12, 1060, 348, -0.07322146743535995
14, 1, 13, 925, 506, -0.04084275662899017
14, 1, 14, 968, 448, -0.057253189384937286
14, 1, 15, 997, 407, -0.06815142184495926
14, 1, 16, 1021, 373, -0.07612105458974838
14, 1, 17, 890, 511, -0.051500555127859116
14, 1, 18, 917, 475, -0.06694599986076355
14, 1, 19, 940, 452, -0.07428355515003204
14, 1, 20, 961, 433, -0.07953619956970215
15, 0, 0, 858, 614, 2.15789754065554e-07
15, 0, 1, 911, 568, 0.002637180732563138
15, 0, 2, 955, 513, -0.0026733335107564926
15, 0, 3, 995, 482, -0.009866565465927124
15, 0, 4, 1035, 470, -0.019057929515838623
15, 0, 5, 966, 500, -0.020881807431578636
15, 0, 6, 1003, 444, -0.04073621705174446
15, 0, 7, 1030, 403, -0.05469841882586479
15, 0, 8, 1053, 369, -0.06492816656827927
15, 0, 9, 946, 505, -0.035334087908267975
15, 0, 10, 986, 441, -0.054095420986413956
15, 0, 11, 1015, 394, -0.0674537643790245
15, 0, 12, 1040, 355, -0.07811551541090012
15, 0, 13, 916, 515, -0.04888438433408737
15, 0, 14, 950, 455, -0.06613475829362869
15, 0, 15, 977, 415, -0.07598678767681122
15, 0, 16, 1001, 383, -0.08397222310304642
15, 0, 17, 875, 529, -0.06172124668955803
15, 0, 18, 895, 492, -0.0791398361325264
15, 0, 19, 916, 470, -0.08700540661811829
15, 0, 20, 938, 449, -0.09294673055410385
15, 1, 0, 0, 0, 0.0
15, 1, 1, 0, 0, 0.0
15, 1, 2, 0, 0, 0.0
15, 1, 3, 0, 0, 0.0
15, 1, 4, 0, 0, 0.0
15, 1, 5, 0, 0, 0.0
15, 1, 6, 0, 0, 0.0
15, 1, 7, 0, 0, 0.0
15, 1, 8, 0, 0, 0.0
15, 1, 9, 0, 0, 0.0
15, 1, 10, 0, 0, 0.0
15, 1, 11, 0, 0, 0.0
15, 1, 12, 0, 0, 0.0
15, 1, 13, 0, 0, 0.0
15, 1, 14, 0, 0, 0.0
15, 1, 15, 0, 0, 0.0
15, 1, 16, 0, 0, 0.0
15, 1, 17, 0, 0, 0.0
15, 1, 18, 0, 0, 0.0
15, 1, 19, 0, 0, 0.0
15, 1, 20, 0, 0, 0.0
16, 0, 0, 850, 625, 2.7629323540168116e-07
16, 0, 1, 901, 578, 0.002818435663357377
16, 0, 2, 946, 519, -0.0009414394735358655
16, 0, 3, 989, 484, -0.00607980927452445
16, 0, 4, 1032, 468, -0.012991289608180523
16, 0, 5, 959, 510, -0.01916993036866188
16, 0, 6, 997, 452, -0.03740011528134346
16, 0, 7, 1024, 408, -0.050055623054504395
16, 0, 8, 1048, 372, -0.05905569717288017
16, 0, 9, 940, 514, -0.03177504986524582
16, 0, 10, 980, 447, -0.049151595681905746
16, 0, 11, 1008, 399, -0.06190192326903343
16, 0, 12, 1033, 359, -0.07186458259820938
16, 0, 13, 911, 523, -0.04319946467876434
16, 0, 14, 944, 460, -0.05865732207894325
16, 0, 15, 969, 418, -0.06829819828271866
16, 0, 16, 991, 383, -0.07601817697286606
16, 0, 17, 873, 534, -0.053873591125011444
16, 0, 18, 892, 499, -0.06945780664682388
16, 0, 19, 912, 475, -0.07687273621559143
16, 0, 20, 932, 453, -0.0823802798986435
16, 1, 0, 0, 0, 0.0
16, 1, 1, 0, 0, 0.0
16, 1, 2, 0, 0, 0.0
16, 1, 3, 0, 0, 0.0
16, 1, 4, 0, 0, 0.0
16, 1, 5, 0, 0, 0.0
16, 1, 6, 0, 0, 0.0
16, 1, 7, 0, 0, 0.0
16, 1, 8, 0, 0, 0.0
16, 1, 9, 0, 0, 0.0
16, 1, 10, 0, 0, 0.0
16, 1, 11, 0, 0, 0.0
16, 1, 12, 0, 0, 0.0
16, 1, 13, 0, 0, 0.0
16, 1, 14, 0, 0, 0.0
16, 1, 15, 0, 0, 0.0
16, 1, 16, 0, 0, 0.0
16, 1, 17, 0, 0, 0.0
16, 1, 18, 0, 0, 0.0
16, 1, 19, 0, 0, 0.0
16, 1, 20, 0, 0, 0.0
17, 0, 0, 859, 632, 2.7248867695561785e-07
17, 0, 1, 910, 583, 0.005215063225477934
17, 0, 2, 954, 523, 0.0009850981878116727
17, 0, 3, 998, 486, -0.004951267968863249
17, 0, 4, 1040, 471, -0.013063420541584492
17, 0, 5, 964, 516, -0.020512204617261887
17, 0, 6, 1002, 456, -0.03903494402766228
17, 0, 7, 1028, 413, -0.051583126187324524
17, 0, 8, 1052, 378, -0.060584656894207
17, 0, 9, 947, 521, -0.03447670862078667
17, 0, 10, 985, 450, -0.05219016596674919
17, 0, 11, 1011, 402, -0.06477188318967819
17, 0, 12, 1034, 363, -0.07485676556825638
17, 0, 13, 918, 531, -0.04678593948483467
17, 0, 14, 949, 462, -0.062227293848991394
17, 0, 15, 971, 419, -0.07167985290288925
17, 0, 16, 992, 384, -0.07967887818813324
17, 0, 17, 880, 542, -0.05798456445336342
17, 0, 18, 897, 504, -0.07317875325679779
17, 0, 19, 916, 479, -0.08045509457588196
17, 0, 20, 936, 455, -0.08621879667043686
17, 1, 0, 0, 0, 0.0
17, 1, 1, 0, 0, 0.0
17, 1, 2, 0, 0, 0.0
17, 1, 3, 0, 0, 0.0
17, 1, 4, 0, 0, 0.0
17, 1, 5, 0, 0, 0.0
17, 1, 6, 0, 0, 0.0
17, 1, 7, 0, 0, 0.0
17, 1, 8, 0, 0, 0.0
17, 1, 9, 0, 0, 0.0
17, 1, 10, 0, 0, 0.0
17, 1, 11, 0, 0, 0.0
17, 1, 12, 0, 0, 0.0
17, 1, 13, 0, 0, 0.0
17, 1, 14, 0, 0, 0.0
17, 1, 15, 0, 0, 0.0
17, 1, 16, 0, 0, 0.0
17, 1, 17, 0, 0, 0.0
17, 1, 18, 0, 0, 0.0
17, 1, 19, 0, 0, 0.0
17, 1, 20, 0, 0, 0.0
18, 0, 0, 306, 412, -1.7074124514238065e-07
18, 0, 1, 324, 373, -0.0021661976352334023
18, 0, 2, 365, 338, -0.009240902028977871
18, 0, 3, 408, 330, -0.018053796142339706
18, 0, 4, 438, 342, -0.025330759584903717
18, 0, 5, 387, 294, -0.008840223774313927
18, 0, 6, 448, 319, -0.024591200053691864
18, 0, 7, 438, 338, -0.036256205290555954
18, 0, 8, 417, 339, -0.04380319267511368
18, 0, 9, 388, 320, -0.01721235364675522
18, 0, 10, 443, 348, -0.029702985659241676
18, 0, 11, 430, 363, -0.035442423075437546
18, 0, 12, 409, 361, -0.03957132250070572
18, 0, 13, 390, 352, -0.026274021714925766
18, 0, 14, 435, 376, -0.03516830876469612
18, 0, 15, 419, 389, -0.030406106263399124
18, 0, 16, 399, 389, -0.02722020633518696
18, 0, 17, 388, 386, -0.03616759926080704
18, 0, 18, 426, 402, -0.03861358016729355
18, 0, 19, 411, 412, -0.03087616339325905
18, 0, 20, 394, 414, -0.025292854756116867
18, 1, 0, 867, 634, 3.328867137497582e-07
18, 1, 1, 917, 586, 0.005429605487734079
18, 1, 2, 961, 526, 0.000973070040345192
18, 1, 3, 1005, 490, -0.005253163166344166
18, 1, 4, 1048, 476, -0.013859841972589493
18, 1, 5, 970, 521, -0.021059462800621986
18, 1, 6, 1011, 460, -0.040266018360853195
18, 1, 7, 1040, 418, -0.05383869260549545
18, 1, 8, 1066, 382, -0.0634704977273941
18, 1, 9, 953, 525, -0.034898776561021805
18, 1, 10, 994, 454, -0.05217166617512703
18, 1, 11, 1022, 407, -0.06463281810283661
18, 1, 12, 1047, 368, -0.074946328997612
18, 1, 13, 923, 531, -0.04705481976270676
18, 1, 14, 956, 465, -0.06160316243767738
18, 1, 15, 980, 423, -0.07044574618339539
18, 1, 16, 1003, 390, -0.0783398449420929
18, 1, 17, 883, 538, -0.05819633975625038
18, 1, 18, 903, 502, -0.07223086059093475
18, 1, 19, 924, 479, -0.07861988991498947
18, 1, 20, 944, 457, -0.08404390513896942
19, 0, 0, 282, 389, -2.2924028542092856e-07
19, 0, 1, 303, 340, 0.0018024016171693802
19, 0, 2, 346, 301, -0.0020264096092432737
19, 0, 3, 389, 280, -0.007415161933749914
19, 0, 4, 420, 274, -0.010889272205531597
19, 0, 5, 366, 278, -0.002630224684253335
19, 0, 6, 419, 292, -0.014093628153204918
19, 0, 7, 409, 314, -0.022469444200396538
19, 0, 8, 386, 319, -0.027148516848683357
19, 0, 9, 376, 304, -0.01057374943047762
19, 0, 10, 421, 328, -0.016723480075597763
19, 0, 11, 407, 344, -0.020331434905529022
19, 0, 12, 385, 343, -0.023506205528974533
19, 0, 13, 385, 337, -0.018696781247854233
19, 0, 14, 422, 357, -0.022351432591676712
19, 0, 15, 408, 369, -0.017610041424632072
19, 0, 16, 386, 367, -0.015176279470324516
19, 0, 17, 393, 370, -0.027189010754227638
19, 0, 18, 421, 383, -0.02684919349849224
19, 0, 19, 406, 394, -0.018956953659653664
19, 0, 20, 388, 395, -0.012938052415847778
19, 1, 0, 865, 633, 3.270204729233228e-07
19, 1, 1, 920, 587, 0.004667785484343767
19, 1, 2, 967, 530, 0.0007877920870669186
19, 1, 3, 1010, 494, -0.004731670022010803
19, 1, 4, 1052, 478, -0.012356922961771488
19, 1, 5, 974, 525, -0.019222628325223923
19, 1, 6, 1016, 465, -0.03742768615484238
19, 1, 7, 1045, 424, -0.04969064146280289
19, 1, 8, 1070, 389, -0.05797945708036423
19, 1, 9, 955, 526, -0.03199824318289757
19, 1, 10, 999, 458, -0.048994459211826324
19, 1, 11, 1028, 410, -0.06131106987595558
19, 1, 12, 1054, 371, -0.07095643877983093
19, 1, 13, 926, 531, -0.04321442171931267
19, 1, 14, 961, 468, -0.057515114545822144
19, 1, 15, 987, 425, -0.06617487221956253
19, 1, 16, 1010, 393, -0.07334420830011368
19, 1, 17, 887, 537, -0.053495120257139206
19, 1, 18, 908, 500, -0.06679542362689972
19, 1, 19, 930, 477, -0.07262231409549713
19, 1, 20, 951, 457, -0.07726003974676132
20, 0, 0, 280, 386, -1.2231996038281068e-07
20, 0, 1, 296, 338, 0.005602575838565826
20, 0, 2, 330, 301, 0.0029079625383019447
20, 0, 3, 367, 293, -0.0020481839310377836
20, 0, 4, 394, 306, -0.005080603528767824
20, 0, 5, 353, 272, -0.003000678727403283
20, 0, 6, 410, 264, -0.01043487899005413
20, 0, 7, 411, 289, -0.013624059967696667
20, 0, 8, 395, 302, -0.014332662336528301
20, 0, 9, 368, 295, -0.011369929648935795
20, 0, 10, 418, 313, -0.01419502031058073
20, 0, 11, 407, 333, -0.014156151562929153
20, 0, 12, 386, 331, -0.014600386843085289
20, 0, 13, 381, 326, -0.019283389672636986
20, 0, 14, 417, 345, -0.018247021362185478
20, 0, 15, 404, 358, -0.012352497316896915
20, 0, 16, 385, 356, -0.010002527385950089
20, 0, 17, 390, 359, -0.02733512595295906
20, 0, 18, 413, 371, -0.022412965074181557
20, 0, 19, 398, 381, -0.013527456670999527
20, 0, 20, 383, 382, -0.007693654391914606
20, 1, 0, 871, 639, 3.4956903505189985e-07
20, 1, 1, 922, 594, 0.003059585578739643
20, 1, 2, 967, 534, -0.0025210294406861067
20, 1, 3, 1012, 496, -0.008935971185564995
20, 1, 4, 1055, 477, -0.01745492033660412
20, 1, 5, 972, 531, -0.03031887300312519
20, 1, 6, 1018, 468, -0.05102086439728737
20, 1, 7, 1047, 425, -0.0632675439119339
20, 1, 8, 1072, 388, -0.07172480970621109
20, 1, 9, 952, 532, -0.043858837336301804
20, 1, 10, 999, 462, -0.06529373675584793
20, 1, 11, 1030, 410, -0.07855630666017532
20, 1, 12, 1057, 367, -0.08900470286607742
20, 1, 13, 920, 538, -0.05542382597923279
20, 1, 14, 960, 473, -0.07372839748859406
20, 1, 15, 989, 427, -0.08417833596467972
20, 1, 16, 1014, 391, -0.09288497269153595
20, 1, 17, 879, 543, -0.06577598303556442
20, 1, 18, 903, 508, -0.08413819968700409
20, 1, 19, 928, 482, -0.09322267025709152
20, 1, 20, 952, 457, -0.10029494762420654
21, 0, 0, 271, 402, -2.020612441810954e-07
21, 0, 1, 288, 353, 0.005756739526987076
21, 0, 2, 326, 316, 0.0035680655855685472
21, 0, 3, 364, 308, -0.0013077621115371585
21, 0, 4, 392, 317, -0.004336175043135881
21, 0, 5, 347, 280, -9.682513336883858e-06
21, 0, 6, 409, 277, -0.008388332091271877
21, 0, 7, 407, 300, -0.013475029729306698
21, 0, 8, 391, 311, -0.01580994576215744
21, 0, 9, 362, 303, -0.008850344456732273
21, 0, 10, 415, 321, -0.011922111734747887
21, 0, 11, 402, 340, -0.012578926049172878
21, 0, 12, 382, 340, -0.013658730313181877
21, 0, 13, 374, 335, -0.017576737329363823
21, 0, 14, 415, 351, -0.017025498673319817
21, 0, 15, 401, 364, -0.011056757532060146
21, 0, 16, 383, 365, -0.008539160713553429
21, 0, 17, 382, 368, -0.026545915752649307
21, 0, 18, 409, 377, -0.021635688841342926
21, 0, 19, 395, 388, -0.012278097681701183
21, 0, 20, 380, 391, -0.006066074129194021
21, 1, 0, 872, 636, 3.772647119149042e-07
21, 1, 1, 926, 590, 0.0025104021187871695
21, 1, 2, 968, 531, -0.003367743454873562
21, 1, 3, 1012, 495, -0.010102708823978901
21, 1, 4, 1055, 478, -0.018922405317425728
21, 1, 5, 976, 528, -0.02848128415644169
21, 1, 6, 1019, 464, -0.04949246346950531
21, 1, 7, 1048, 421, -0.062484752386808395
21, 1, 8, 1074, 385, -0.07124137133359909
21, 1, 9, 956, 531, -0.04149758070707321
21, 1, 10, 1000, 460, -0.06287701427936554
21, 1, 11, 1029, 408, -0.07656203210353851
21, 1, 12, 1055, 367, -0.08707432448863983
21, 1, 13, 924, 538, -0.05265768989920616
21, 1, 14, 961, 472, -0.07105260342359543
21, 1, 15, 987, 427, -0.08110202848911285
21, 1, 16, 1010, 391, -0.08912670612335205
21, 1, 17, 883, 545, -0.06270227581262589
21, 1, 18, 906, 507, -0.08059646189212799
21, 1, 19, 928, 483, -0.08852718770503998
21, 1, 20, 950, 457, -0.09447164088487625
22, 0, 0, 266, 416, -1.9193714706489118e-07
22, 0, 1, 284, 364, 0.008286304771900177
22, 0, 2, 320, 326, 0.006955238990485668
22, 0, 3, 358, 317, 0.002533529419451952
22, 0, 4, 386, 324, -0.00012057091225869954
22, 0, 5, 342, 287, 0.001356870518065989
22, 0, 6, 405, 282, -0.0052088042721152306
22, 0, 7, 407, 306, -0.008354476653039455
22, 0, 8, 392, 319, -0.009269083850085735
22, 0, 9, 357, 307, -0.00800824724137783
22, 0, 10, 413, 327, -0.0093898456543684
22, 0, 11, 401, 348, -0.009095552377402782
22, 0, 12, 381, 351, -0.009460505098104477
22, 0, 13, 370, 337, -0.01685251109302044
22, 0, 14, 413, 357, -0.014561193063855171
22, 0, 15, 399, 373, -0.008653519675135612
22, 0, 16, 381, 374, -0.006304746028035879
22, 0, 17, 380, 369, -0.02573368139564991
22, 0, 18, 409, 382, -0.019025525078177452
22, 0, 19, 395, 395, -0.00945289246737957
22, 0, 20, 379, 398, -0.0031299744732677937
22, 1, 0, 872, 636, 3.2589099419055856e-07
22, 1, 1, 924, 590, 0.005597841925919056
22, 1, 2, 967, 533, -0.00033772646565921605
22, 1, 3, 1011, 497, -0.007563145365566015
22, 1, 4, 1054, 481, -0.01735508069396019
22, 1, 5, 973, 532, -0.02886684238910675
22, 1, 6, 1015, 467, -0.049292825162410736
22, 1, 7, 1043, 424, -0.06143207848072052
22, 1, 8, 1069, 390, -0.06966035813093185
22, 1, 9, 955, 535, -0.043387092649936676
22, 1, 10, 999, 461, -0.06379757821559906
22, 1, 11, 1028, 410, -0.07642504572868347
22, 1, 12, 1054, 370, -0.0864405632019043
22, 1, 13, 924, 543, -0.05557861924171448
22, 1, 14, 960, 473, -0.07273784279823303
22, 1, 15, 987, 427, -0.08235406130552292
22, 1, 16, 1011, 392, -0.09049151092767715
22, 1, 17, 882, 551, -0.06624466180801392
22, 1, 18, 903, 510, -0.08300498872995377
22, 1, 19, 925, 484, -0.09069380164146423
22, 1, 20, 947, 458, -0.09678907692432404
23, 0, 0, 262, 431, -2.0739614114972937e-07
23, 0, 1, 282, 377, 0.007945039309561253
23, 0, 2, 318, 337, 0.005463737994432449
23, 0, 3, 356, 328, -0.0005584257305599749
23, 0, 4, 385, 338, -0.004886878654360771
23, 0, 5, 337, 296, 0.0020205166656523943
23, 0, 6, 401, 289, -0.0062436447478830814
23, 0, 7, 402, 315, -0.011570100672543049
23, 0, 8, 387, 328, -0.014201805926859379
23, 0, 9, 353, 316, -0.008360326290130615
23, 0, 10, 411, 333, -0.011567541398108006
23, 0, 11, 399, 356, -0.012664670124650002
23, 0, 12, 377, 359, -0.013646891340613365
23, 0, 13, 368, 346, -0.018440652638673782
23, 0, 14, 413, 364, -0.017579806968569756
23, 0, 15, 398, 381, -0.012138585560023785
23, 0, 16, 379, 383, -0.009684380143880844
23, 0, 17, 379, 379, -0.02866833098232746
23, 0, 18, 410, 390, -0.022979728877544403
23, 0, 19, 397, 405, -0.013403596356511116
23, 0, 20, 381, 409, -0.006809603422880173
23, 1, 0, 867, 639, 3.0410450335693895e-07
23, 1, 1, 915, 595, 0.0033861834090203047
23, 1, 2, 961, 539, -0.0020377400796860456
23, 1, 3, 1007, 503, -0.008089160546660423
23, 1, 4, 1049, 487, -0.016278333961963654
23, 1, 5, 971, 535, -0.028673868626356125
23, 1, 6, 1014, 474, -0.047151606529951096
23, 1, 7, 1041, 432, -0.05798930674791336
23, 1, 8, 1065, 396, -0.0655592605471611
23, 1, 9, 953, 538, -0.04153844341635704
23, 1, 10, 997, 466, -0.06021448224782944
23, 1, 11, 1025, 415, -0.0718705877661705
23, 1, 12, 1049, 374, -0.08129329234361649
23, 1, 13, 922, 544, -0.05223894119262695
23, 1, 14, 960, 477, -0.06854141503572464
23, 1, 15, 985, 432, -0.07794477790594101
23, 1, 16, 1008, 397, -0.08588024228811264
23, 1, 17, 881, 552, -0.06164218857884407
23, 1, 18, 902, 513, -0.07821613550186157
23, 1, 19, 925, 487, -0.08621861785650253
23, 1, 20, 946, 462, -0.09246846288442612
24, 0, 0, 263, 449, -2.0774375286691793e-07
24, 0, 1, 280, 392, 0.0076049258932471275
24, 0, 2, 317, 350, 0.0048007117584347725
24, 0, 3, 357, 339, -0.0015070835361257195
24, 0, 4, 388, 346, -0.005870787426829338
24, 0, 5, 334, 307, 0.0004716662806458771
24, 0, 6, 402, 299, -0.009357458911836147
24, 0, 7, 404, 325, -0.015019244514405727
24, 0, 8, 389, 339, -0.01763013005256653
24, 0, 9, 350, 329, -0.010279903188347816
24, 0, 10, 413, 345, -0.015217327512800694
24, 0, 11, 399, 368, -0.01601272262632847
24, 0, 12, 377, 371, -0.016586294397711754
24, 0, 13, 364, 359, -0.02086528204381466
24, 0, 14, 413, 378, -0.021412761881947517
24, 0, 15, 397, 395, -0.015250861644744873
24, 0, 16, 377, 396, -0.01224136259406805
24, 0, 17, 376, 393, -0.031630270183086395
24, 0, 18, 410, 405, -0.02661244198679924
24, 0, 19, 394, 421, -0.016619661822915077
24, 0, 20, 378, 424, -0.009771483950316906
24, 1, 0, 864, 644, 2.9323155104066245e-07
24, 1, 1, 916, 599, 0.004335266537964344
24, 1, 2, 962, 542, -0.0012594047002494335
24, 1, 3, 1006, 508, -0.008257384411990643
24, 1, 4, 1048, 491, -0.017560971900820732
24, 1, 5, 969, 539, -0.026634570211172104
24, 1, 6, 1010, 477, -0.04621770977973938
24, 1, 7, 1038, 437, -0.05857370048761368
24, 1, 8, 1063, 403, -0.06719318777322769
24, 1, 9, 951, 542, -0.040888067334890366
24, 1, 10, 994, 473, -0.059788547456264496
24, 1, 11, 1023, 424, -0.0723184123635292
24, 1, 12, 1048, 384, -0.08246773481369019
24, 1, 13, 921, 550, -0.05325273051857948
24, 1, 14, 959, 484, -0.06948257237672806
24, 1, 15, 985, 440, -0.07950478047132492
24, 1, 16, 1008, 405, -0.08815205842256546
24, 1, 17, 881, 559, -0.06441697478294373
24, 1, 18, 903, 522, -0.08091527968645096
24, 1, 19, 924, 495, -0.08908705413341522
24, 1, 20, 944, 469, -0.09559694677591324
25, 0, 0, 261, 469, -2.3097283019524184e-07
25, 0, 1, 278, 410, 0.006874736864119768
25, 0, 2, 318, 365, 0.003895911853760481
25, 0, 3, 363, 351, -0.0025299335829913616
25, 0, 4, 398, 352, -0.006860368885099888
25, 0, 5, 336, 325, 6.57366108498536e-05
25, 0, 6, 408, 318, -0.01142478920519352
25, 0, 7, 409, 343, -0.018265346065163612
25, 0, 8, 393, 355, -0.021629666909575462
25, 0, 9, 352, 348, -0.01078282855451107
25, 0, 10, 419, 362, -0.017411459237337112
25, 0, 11, 406, 383, -0.018734803423285484
25, 0, 12, 382, 387, -0.019507020711898804
25, 0, 13, 366, 380, -0.021720299497246742
25, 0, 14, 420, 394, -0.02340494468808174
25, 0, 15, 404, 411, -0.016675669699907303
25, 0, 16, 383, 413, -0.013149093836545944
25, 0, 17, 378, 415, -0.03299890458583832
25, 0, 18, 416, 423, -0.028716620057821274
25, 0, 19, 402, 438, -0.018799899145960808
25, 0, 20, 385, 442, -0.01200844906270504
25, 1, 0, 864, 649, 2.6424064003549574e-07
25, 1, 1, 914, 601, 0.0036905023735016584
25, 1, 2, 964, 546, -0.00032184840529225767
25, 1, 3, 1011, 514, -0.005597284529358149
25, 1, 4, 1051, 499, -0.012781857512891293
25, 1, 5, 974, 545, -0.02205892838537693
25, 1, 6, 1014, 488, -0.03933991864323616
25, 1, 7, 1041, 446, -0.050722554326057434
25, 1, 8, 1064, 411, -0.05893361195921898
25, 1, 9, 957, 550, -0.03487663343548775
25, 1, 10, 998, 484, -0.0519130639731884
25, 1, 11, 1025, 435, -0.06403971463441849
25, 1, 12, 1047, 394, -0.07394275069236755
25, 1, 13, 928, 557, -0.04599689319729805
25, 1, 14, 962, 495, -0.06049630418419838
25, 1, 15, 985, 451, -0.06953307241201401
25, 1, 16, 1006, 415, -0.0774155780673027
25, 1, 17, 890, 565, -0.05622325837612152
25, 1, 18, 909, 530, -0.07029066234827042
25, 1, 19, 928, 506, -0.0770188719034195
25, 1, 20, 947, 482, -0.08264344930648804
26, 0, 0, 263, 492, -2.758625043952634e-07
26, 0, 1, 279, 433, 0.007789813447743654
26, 0, 2, 317, 385, 0.005267682950943708
26, 0, 3, 359, 366, -0.0006161641213111579
26, 0, 4, 394, 365, -0.004281505011022091
26, 0, 5, 342, 344, -0.0008164109895005822
26, 0, 6, 413, 334, -0.01055226568132639
26, 0, 7, 411, 362, -0.015361130237579346
26, 0, 8, 393, 376, -0.01717713475227356
26, 0, 9, 359, 371, -0.011598555371165276
26, 0, 10, 424, 378, -0.015232124365866184
26, 0, 11, 412, 402, -0.014417584054172039
26, 0, 12, 389, 409, -0.014220720157027245
26, 0, 13, 374, 406, -0.022121313959360123
26, 0, 14, 426, 414, -0.02174098789691925
26, 0, 15, 412, 433, -0.01380517054349184
26, 0, 16, 391, 437, -0.009889631532132626
26, 0, 17, 385, 444, -0.03269938752055168
26, 0, 18, 424, 448, -0.026963742449879646
26, 0, 19, 408, 462, -0.015719804912805557
26, 0, 20, 389, 467, -0.008125053718686104
26, 1, 0, 864, 652, 2.3139014615480846e-07
26, 1, 1, 916, 604, 0.0023179275449365377
26, 1, 2, 968, 552, -0.0031206633429974318
26, 1, 3, 1015, 523, -0.009577256627380848
26, 1, 4, 1055, 507, -0.018062686547636986
26, 1, 5, 980, 554, -0.0254423376172781
26, 1, 6, 1019, 496, -0.04505008086562157
26, 1, 7, 1045, 453, -0.05820278450846672
26, 1, 8, 1067, 418, -0.0674007460474968
26, 1, 9, 963, 560, -0.038088973611593246
26, 1, 10, 1001, 495, -0.05633823573589325
26, 1, 11, 1027, 447, -0.06897155195474625
26, 1, 12, 1050, 407, -0.07938419282436371
26, 1, 13, 933, 569, -0.04917073994874954
26, 1, 14, 967, 507, -0.06463995575904846
26, 1, 15, 989, 463, -0.07393170893192291
26, 1, 16, 1009, 426, -0.08204907178878784
26, 1, 17, 895, 578, -0.05949396640062332
26, 1, 18, 915, 542, -0.07440424710512161
26, 1, 19, 933, 517, -0.08144982904195786
26, 1, 20, 950, 492, -0.08727598190307617
27, 0, 0, 272, 516, -2.8846267241533496e-07
27, 0, 1, 289, 453, 0.005327423103153706
27, 0, 2, 331, 401, 0.0006513177650049329
27, 0, 3, 378, 371, -0.006544301752001047
27, 0, 4, 417, 357, -0.011000366881489754
27, 0, 5, 350, 365, -0.007917365990579128
27, 0, 6, 429, 361, -0.02216392755508423
27, 0, 7, 424, 390, -0.02866072580218315
27, 0, 8, 401, 403, -0.031147662550210953
27, 0, 9, 364, 396, -0.0186923798173666
27, 0, 10, 439, 405, -0.02608872577548027
27, 0, 11, 427, 429, -0.024605732411146164
27, 0, 12, 402, 435, -0.02393479086458683
27, 0, 13, 377, 434, -0.029472241178154945
27, 0, 14, 438, 443, -0.03308531641960144
27, 0, 15, 425, 463, -0.023109089583158493
27, 0, 16, 402, 466, -0.017582010477781296
27, 0, 17, 388, 476, -0.04031215235590935
27, 0, 18, 435, 479, -0.03836188465356827
27, 0, 19, 419, 494, -0.026659563183784485
27, 0, 20, 399, 499, -0.01851836033165455
27, 1, 0, 867, 663, 2.1088519019940577e-07
27, 1, 1, 918, 616, 0.0008271214319393039
27, 1, 2, 970, 563, -0.004474519286304712
27, 1, 3, 1017, 533, -0.01082839909940958
27, 1, 4, 1058, 519, -0.0188960712403059
27, 1, 5, 982, 562, -0.0215267613530159
27, 1, 6, 1022, 507, -0.039736125618219376
27, 1, 7, 1048, 466, -0.05229972302913666
27, 1, 8, 1071, 432, -0.06115461513400078
27, 1, 9, 964, 567, -0.033414117991924286
27, 1, 10, 1004, 504, -0.050448399037122726
27, 1, 11, 1031, 457, -0.06255681812763214
27, 1, 12, 1053, 418, -0.07237201929092407
27, 1, 13, 935, 576, -0.044248759746551514
27, 1, 14, 972, 515, -0.05942149832844734
27, 1, 15, 996, 475, -0.06820275634527206
27, 1, 16, 1016, 441, -0.07557487487792969
27, 1, 17, 896, 585, -0.05452701449394226
27, 1, 18, 918, 550, -0.06898999214172363
27, 1, 19, 937, 527, -0.07543177902698517
27, 1, 20, 956, 505, -0.08055748045444489
28, 0, 0, 272, 548, -3.3185622783094004e-07
28, 0, 1, 293, 482, 0.0021838294342160225
28, 0, 2, 341, 426, -0.004293196368962526
28, 0, 3, 393, 398, -0.01303032599389553
28, 0, 4, 437, 392, -0.019214091822504997
28, 0, 5, 365, 402, -0.011558742262423038
28, 0, 6, 443, 398, -0.030063960701227188
28, 0, 7, 432, 423, -0.040140073746442795
28, 0, 8, 408, 431, -0.044991958886384964
28, 0, 9, 376, 439, -0.022517770528793335
28, 0, 10, 452, 443, -0.034933723509311676
28, 0, 11, 436, 463, -0.03619467094540596
28, 0, 12, 411, 467, -0.0367681086063385
28, 0, 13, 387, 480, -0.03379804268479347
28, 0, 14, 453, 485, -0.04189683124423027
28, 0, 15, 437, 501, -0.032653726637363434
28, 0, 16, 412, 502, -0.02678658813238144
28, 0, 17, 395, 525, -0.045404102653265
28, 0, 18, 447, 525, -0.046539049595594406
28, 0, 19, 430, 538, -0.035341497510671616
28, 0, 20, 408, 540, -0.02717047743499279
28, 1, 0, 868, 667, 1.9730316580535145e-07
28, 1, 1, 923, 617, 0.004624964669346809
28, 1, 2, 978, 569, 0.0019114235183224082
28, 1, 3, 1019, 543, -0.0028104870580136776
28, 1, 4, 1057, 529, -0.009413926862180233
28, 1, 5, 987, 565, -0.0145005127415061
28, 1, 6, 1024, 515, -0.030910246074199677
28, 1, 7, 1051, 477, -0.04297143593430519
28, 1, 8, 1073, 447, -0.05139925330877304
28, 1, 9, 970, 572, -0.02741619385778904
28, 1, 10, 1008, 515, -0.04110550135374069
28, 1, 11, 1035, 473, -0.052213944494724274
28, 1, 12, 1057, 437, -0.061487771570682526
28, 1, 13, 943, 583, -0.03935619071125984
28, 1, 14, 975, 529, -0.05129331722855568
28, 1, 15, 998, 490, -0.059986405074596405
28, 1, 16, 1018, 457, -0.06788288801908493
28, 1, 17, 907, 597, -0.05069880560040474
28, 1, 18, 923, 568, -0.06228923425078392
28, 1, 19, 941, 547, -0.06813235580921173
28, 1, 20, 958, 527, -0.07329807430505753
29, 0, 0, 273, 583, -2.937039482731052e-07
29, 0, 1, 291, 515, -0.0010947807459160686
29, 0, 2, 347, 453, -0.009303120896220207
29, 0, 3, 405, 419, -0.019059650599956512
29, 0, 4, 452, 402, -0.025815151631832123
29, 0, 5, 370, 437, -0.021652381867170334
29, 0, 6, 460, 428, -0.043436042964458466
29, 0, 7, 450, 460, -0.05447819083929062
29, 0, 8, 423, 472, -0.0592479333281517
29, 0, 9, 379, 478, -0.03294416144490242
29, 0, 10, 469, 481, -0.045736413449048996
29, 0, 11, 452, 505, -0.0460735559463501
29, 0, 12, 421, 505, -0.04692099615931511
29, 0, 13, 386, 527, -0.04461211711168289
29, 0, 14, 466, 532, -0.05394691601395607
29, 0, 15, 446, 551, -0.04276666417717934
29, 0, 16, 414, 548, -0.0364142507314682
29, 0, 17, 388, 579, -0.056707143783569336
29, 0, 18, 451, 581, -0.060573481023311615
29, 0, 19, 431, 594, -0.04853483662009239
29, 0, 20, 403, 592, -0.04016219079494476
29, 1, 0, 867, 673, 1.564779950058437e-07
29, 1, 1, 924, 619, 0.0041394405998289585
29, 1, 2, 983, 572, 0.0027231047861278057
29, 1, 3, 1025, 549, -0.0011714380234479904
29, 1, 4, 1064, 543, -0.007007906213402748
29, 1, 5, 987, 576, -0.00777541846036911
29, 1, 6, 1021, 531, -0.021407239139080048
29, 1, 7, 1047, 495, -0.0326155424118042
29, 1, 8, 1069, 466, -0.041252341121435165
29, 1, 9, 971, 582, -0.020071720704436302
29, 1, 10, 1006, 532, -0.030753936618566513
29, 1, 11, 1033, 491, -0.041965048760175705
29, 1, 12, 1055, 456, -0.05205782502889633
29, 1, 13, 946, 591, -0.03212806582450867
29, 1, 14, 978, 542, -0.04236745089292526
29, 1, 15, 1002, 505, -0.05219316855072975
29, 1, 16, 1023, 473, -0.061353813856840134
29, 1, 17, 912, 604, -0.0438142828643322
29, 1, 18, 927, 579, -0.0536484494805336
29, 1, 19, 944, 559, -0.05995973199605942
29, 1, 20, 959, 542, -0.06616498529911041
30, 0, 0, 277, 617, -1.3882504390494432e-07
30, 0, 1, 303, 557, -0.0019198654918000102
30, 0, 2, 369, 503, -0.01518321130424738
30, 0, 3, 434, 488, -0.030403900891542435
30, 0, 4, 486, 492, -0.04335327073931694
30, 0, 5, 383, 477, -0.03496232256293297
30, 0, 6, 489, 461, -0.062116798013448715
30, 0, 7, 498, 504, -0.07642927765846252
30, 0, 8, 478, 526, -0.08243592828512192
30, 0, 9, 382, 520, -0.04891646280884743
30, 0, 10, 495, 531, -0.06610562652349472
30, 0, 11, 482, 562, -0.06537086516618729
30, 0, 12, 447, 561, -0.06563369184732437
30, 0, 13, 378, 575, -0.06294924765825272
30, 0, 14, 481, 588, -0.07542252540588379
30, 0, 15, 460, 613, -0.060949478298425674
30, 0, 16, 426, 610, -0.05239593982696533
30, 0, 17, 371, 633, -0.07742394506931305
30, 0, 18, 455, 639, -0.08203734457492828
30, 0, 19, 435, 657, -0.06595757603645325
30, 0, 20, 404, 659, -0.055201150476932526
30, 1, 0, 850, 677, 1.6039656713928707e-07
30, 1, 1, 903, 638, -0.0076666721142828465
30, 1, 2, 967, 595, -0.009465048089623451
30, 1, 3, 1015, 567, -0.011455139145255089
30, 1, 4, 1055, 556, -0.013113252818584442
30, 1, 5, 967, 599, -0.0017154075903818011
30, 1, 6, 1008, 557, -0.013587616384029388
30, 1, 7, 1039, 525, -0.024680474773049355
30, 1, 8, 1065, 497, -0.03229334205389023
30, 1, 9, 956, 594, -0.004325914196670055
30, 1, 10, 997, 552, -0.013914895243942738
30, 1, 11, 1027, 516, -0.024030055850744247
30, 1, 12, 1055, 483, -0.031730927526950836
30, 1, 13, 944, 591, -0.008721801452338696
30, 1, 14, 984, 552, -0.016381125897169113
30, 1, 15, 1014, 519, -0.021301565691828728
30, 1, 16, 1040, 490, -0.025039207190275192
30, 1, 17, 930, 590, -0.014520443975925446
30, 1, 18, 962, 561, -0.018072716891765594
30, 1, 19, 987, 542, -0.018582576885819435
30, 1, 20, 1009, 525, -0.019626781344413757
31, 0, 0, 857, 701, 8.621609026704391e-08
31, 0, 1, 896, 662, -0.004509923979640007
31, 0, 2, 951, 623, -0.005673225037753582
31, 0, 3, 991, 595, -0.007719419430941343
31, 0, 4, 1023, 575, -0.009603206999599934
31, 0, 5, 960, 620, -0.0028768328484147787
31, 0, 6, 1004, 587, -0.015204048715531826
31, 0, 7, 1032, 556, -0.025667736306786537
31, 0, 8, 1054, 530, -0.03282684460282326
31, 0, 9, 956, 623, -0.007936414331197739
31, 0, 10, 1002, 589, -0.018738338723778725
31, 0, 11, 1032, 557, -0.028058694675564766
31, 0, 12, 1058, 527, -0.03455324098467827
31, 0, 13, 951, 631, -0.014201605692505836
31, 0, 14, 993, 597, -0.02318475767970085
31, 0, 15, 1021, 570, -0.02681863121688366
31, 0, 16, 1044, 545, -0.029200324788689613
31, 0, 17, 941, 642, -0.021472269669175148
31, 0, 18, 973, 616, -0.027226345613598824
31, 0, 19, 995, 597, -0.027354707941412926
31, 0, 20, 1012, 579, -0.02740827575325966
31, 1, 0, 0, 0, 0.0
31, 1, 1, 0, 0, 0.0
31, 1, 2, 0, 0, 0.0
31, 1, 3, 0, 0, 0.0
31, 1, 4, 0, 0, 0.0
31, 1, 5, 0, 0, 0.0
31, 1, 6, 0, 0, 0.0
31, 1, 7, 0, 0, 0.0
31, 1, 8, 0, 0, 0.0
31, 1, 9, 0, 0, 0.0
31, 1, 10, 0, 0, 0.0
31, 1, 11, 0, 0, 0.0
31, 1, 12, 0, 0, 0.0
31, 1, 13, 0, 0, 0.0
31, 1, 14, 0, 0, 0.0
31, 1, 15, 0, 0, 0.0
31, 1, 16, 0, 0, 0.0
31, 1, 17, 0, 0, 0.0
31, 1, 18, 0, 0, 0.0
31, 1, 19, 0, 0, 0.0
31, 1, 20, 0, 0, 0.0
32, 0, 0, 0, 0, 0.0
32, 0, 1, 0, 0, 0.0
32, 0, 2, 0, 0, 0.0
32, 0, 3, 0, 0, 0.0
32, 0, 4, 0, 0, 0.0
32, 0, 5, 0, 0, 0.0
32, 0, 6, 0, 0, 0.0
32, 0, 7, 0, 0, 0.0
32, 0, 8, 0, 0, 0.0
32, 0, 9, 0, 0, 0.0
32, 0, 10, 0, 0, 0.0
32, 0, 11, 0, 0, 0.0
32, 0, 12, 0, 0, 0.0
32, 0, 13, 0, 0, 0.0
32, 0, 14, 0, 0, 0.0
32, 0, 15, 0, 0, 0.0
32, 0, 16, 0, 0, 0.0
32, 0, 17, 0, 0, 0.0
32, 0, 18, 0, 0, 0.0
32, 0, 19, 0, 0, 0.0
32, 0, 20, 0, 0, 0.0
32, 1, 0, 0, 0, 0.0
32, 1, 1, 0, 0, 0.0
32, 1, 2, 0, 0, 0.0
32, 1, 3, 0, 0, 0.0
32, 1, 4, 0, 0, 0.0
32, 1, 5, 0, 0, 0.0
32, 1, 6, 0, 0, 0.0
32, 1, 7, 0, 0, 0.0
32, 1, 8, 0, 0, 0.0
32, 1, 9, 0, 0, 0.0
32, 1, 10, 0, 0, 0.0
32, 1, 11, 0, 0, 0.0
32, 1, 12, 0, 0, 0.0
32, 1, 13, 0, 0, 0.0
32, 1, 14, 0, 0, 0.0
32, 1, 15, 0, 0, 0.0
32, 1, 16, 0, 0, 0.0
32, 1, 17, 0, 0, 0.0
32, 1, 18, 0, 0, 0.0
32, 1, 19, 0, 0, 0.0
32, 1, 20, 0, 0, 0.0
33, 0, 0, 0, 0, 0.0
33, 0, 1, 0, 0, 0.0
33, 0, 2, 0, 0, 0.0
33, 0, 3, 0, 0, 0.0
33, 0, 4, 0, 0, 0.0
33, 0, 5, 0, 0, 0.0
33, 0, 6, 0, 0, 0.0
33, 0, 7, 0, 0, 0.0
33, 0, 8, 0, 0, 0.0
33, 0, 9, 0, 0, 0.0
33, 0, 10, 0, 0, 0.0
33, 0, 11, 0, 0, 0.0
33, 0, 12, 0, 0, 0.0
33, 0, 13, 0, 0, 0.0
33, 0, 14, 0, 0, 0.0
33, 0, 15, 0, 0, 0.0
33, 0, 16, 0, 0, 0.0
33, 0, 17, 0, 0, 0.0
33, 0, 18, 0, 0, 0.0
33, 0, 19, 0, 0, 0.0
33, 0, 20, 0, 0, 0.0
33, 1, 0, 0, 0, 0.0
33, 1, 1, 0, 0, 0.0
33, 1, 2, 0, 0, 0.0
33, 1, 3, 0, 0, 0.0
33, 1, 4, 0, 0, 0.0
33, 1, 5, 0, 0, 0.0
33, 1, 6, 0, 0, 0.0
33, 1, 7, 0, 0, 0.0
33, 1, 8, 0, 0, 0.0
33, 1, 9, 0, 0, 0.0
33, 1, 10, 0, 0, 0.0
33, 1, 11, 0, 0, 0.0
33, 1, 12, 0, 0, 0.0
33, 1, 13, 0, 0, 0.0
33, 1, 14, 0, 0, 0.0
33, 1, 15, 0, 0, 0.0
33, 1, 16, 0, 0, 0.0
33, 1, 17, 0, 0, 0.0
33, 1, 18, 0, 0, 0.0
33, 1, 19, 0, 0, 0.0
33, 1, 20, 0, 0, 0.0
34, 0, 0, 0, 0, 0.0
34, 0, 1, 0, 0, 0.0
34, 0, 2, 0, 0, 0.0
34, 0, 3, 0, 0, 0.0
34, 0, 4, 0, 0, 0.0
34, 0, 5, 0, 0, 0.0
34, 0, 6, 0, 0, 0.0
34, 0, 7, 0, 0, 0.0
34, 0, 8, 0, 0, 0.0
34, 0, 9, 0, 0, 0.0
34, 0, 10, 0, 0, 0.0
34, 0, 11, 0, 0, 0.0
34, 0, 12, 0, 0, 0.0
34, 0, 13, 0, 0, 0.0
34, 0, 14, 0, 0, 0.0
34, 0, 15, 0, 0, 0.0
34, 0, 16, 0, 0, 0.0
34, 0, 17, 0, 0, 0.0
34, 0, 18, 0, 0, 0.0
34, 0, 19, 0, 0, 0.0
34, 0, 20, 0, 0, 0.0
34, 1, 0, 0, 0, 0.0
34, 1, 1, 0, 0, 0.0
34, 1, 2, 0, 0, 0.0
34, 1, 3, 0, 0, 0.0
34, 1, 4, 0, 0, 0.0
34, 1, 5, 0, 0, 0.0
34, 1, 6, 0, 0, 0.0
34, 1, 7, 0, 0, 0.0
34, 1, 8, 0, 0, 0.0
34, 1, 9, 0, 0, 0.0
34, 1, 10, 0, 0, 0.0
34, 1, 11, 0, 0, 0.0
34, 1, 12, 0, 0, 0.0
34, 1, 13, 0, 0, 0.0
34, 1, 14, 0, 0, 0.0
34, 1, 15, 0, 0, 0.0
34, 1, 16, 0, 0, 0.0
34, 1, 17, 0, 0, 0.0
34, 1, 18, 0, 0, 0.0
34, 1, 19, 0, 0, 0.0
34, 1, 20, 0, 0, 0.0
35, 0, 0, 0, 0, 0.0
35, 0, 1, 0, 0, 0.0
35, 0, 2, 0, 0, 0.0
35, 0, 3, 0, 0, 0.0
35, 0, 4, 0, 0, 0.0
35, 0, 5, 0, 0, 0.0
35, 0, 6, 0, 0, 0.0
35, 0, 7, 0, 0, 0.0
35, 0, 8, 0, 0, 0.0
35, 0, 9, 0, 0, 0.0
35, 0, 10, 0, 0, 0.0
35, 0, 11, 0, 0, 0.0
35, 0, 12, 0, 0, 0.0
35, 0, 13, 0, 0, 0.0
35, 0, 14, 0, 0, 0.0
35, 0, 15, 0, 0, 0.0
35, 0, 16, 0, 0, 0.0
35, 0, 17, 0, 0, 0.0
35, 0, 18, 0, 0, 0.0
35, 0, 19, 0, 0, 0.0
35, 0, 20, 0, 0, 0.0
35, 1, 0, 0, 0, 0.0
35, 1, 1, 0, 0, 0.0
35, 1, 2, 0, 0, 0.0
35, 1, 3, 0, 0, 0.0
35, 1, 4, 0, 0, 0.0
35, 1, 5, 0, 0, 0.0
35, 1, 6, 0, 0, 0.0
35, 1, 7, 0, 0, 0.0
35, 1, 8, 0, 0, 0.0
35, 1, 9, 0, 0, 0.0
35, 1, 10, 0, 0, 0.0
35, 1, 11, 0, 0, 0.0
35, 1, 12, 0, 0, 0.0
35, 1, 13, 0, 0, 0.0
35, 1, 14, 0, 0, 0.0
35, 1, 15, 0, 0, 0.0
35, 1, 16, 0, 0, 0.0
35, 1, 17, 0, 0, 0.0
35, 1, 18, 0, 0, 0.0
35, 1, 19, 0, 0, 0.0
35, 1, 20, 0, 0, 0.0
36, 0, 0, 0, 0, 0.0
36, 0, 1, 0, 0, 0.0
36, 0, 2, 0, 0, 0.0
36, 0, 3, 0, 0, 0.0
36, 0, 4, 0, 0, 0.0
36, 0, 5, 0, 0, 0.0
36, 0, 6, 0, 0, 0.0
36, 0, 7, 0, 0, 0.0
36, 0, 8, 0, 0, 0.0
36, 0, 9, 0, 0, 0.0
36, 0, 10, 0, 0, 0.0
36, 0, 11, 0, 0, 0.0
36, 0, 12, 0, 0, 0.0
36, 0, 13, 0, 0, 0.0
36, 0, 14, 0, 0, 0.0
36, 0, 15, 0, 0, 0.0
36, 0, 16, 0, 0, 0.0
36, 0, 17, 0, 0, 0.0
36, 0, 18, 0, 0, 0.0
36, 0, 19, 0, 0, 0.0
36, 0, 20, 0, 0, 0.0
36, 1, 0, 0, 0, 0.0
36, 1, 1, 0, 0, 0.0
36, 1, 2, 0, 0, 0.0
36, 1, 3, 0, 0, 0.0
36, 1, 4, 0, 0, 0.0
36, 1, 5, 0, 0, 0.0
36, 1, 6, 0, 0, 0.0
36, 1, 7, 0, 0, 0.0
36, 1, 8, 0, 0, 0.0
36, 1, 9, 0, 0, 0.0
36, 1, 10, 0, 0, 0.0
36, 1, 11, 0, 0, 0.0
36, 1, 12, 0, 0, 0.0
36, 1, 13, 0, 0, 0.0
36, 1, 14, 0, 0, 0.0
36, 1, 15, 0, 0, 0.0
36, 1, 16, 0, 0, 0.0
36, 1, 17, 0, 0, 0.0
36, 1, 18, 0, 0, 0.0
36, 1, 19, 0, 0, 0.0
36, 1, 20, 0, 0, 0.0
37, 0, 0, 0, 0, 0.0
37, 0, 1, 0, 0, 0.0
37, 0, 2, 0, 0, 0.0
37, 0, 3, 0, 0, 0.0
37, 0, 4, 0, 0, 0.0
37, 0, 5, 0, 0, 0.0
37, 0, 6, 0, 0, 0.0
37, 0, 7, 0, 0, 0.0
37, 0, 8, 0, 0, 0.0
37, 0, 9, 0, 0, 0.0
37, 0, 10, 0, 0, 0.0
37, 0, 11, 0, 0, 0.0
37, 0, 12, 0, 0, 0.0
37, 0, 13, 0, 0, 0.0
37, 0, 14, 0, 0, 0.0
37, 0, 15, 0, 0, 0.0
37, 0, 16, 0, 0, 0.0
37, 0, 17, 0, 0, 0.0
37, 0, 18, 0, 0, 0.0
37, 0, 19, 0, 0, 0.0
37, 0, 20, 0, 0, 0.0
37, 1, 0, 0, 0, 0.0
37, 1, 1, 0, 0, 0.0
37, 1, 2, 0, 0, 0.0
37, 1, 3, 0, 0, 0.0
37, 1, 4, 0, 0, 0.0
37, 1, 5, 0, 0, 0.0
37, 1, 6, 0, 0, 0.0
37, 1, 7, 0, 0, 0.0
37, 1, 8, 0, 0, 0.0
37, 1, 9, 0, 0, 0.0
37, 1, 10, 0, 0, 0.0
37, 1, 11, 0, 0, 0.0
37, 1, 12, 0, 0, 0.0
37, 1, 13, 0, 0, 0.0
37, 1, 14, 0, 0, 0.0
37, 1, 15, 0, 0, 0.0
37, 1, 16, 0, 0, 0.0
37, 1, 17, 0, 0, 0.0
37, 1, 18, 0, 0, 0.0
37, 1, 19, 0, 0, 0.0
37, 1, 20, 0, 0, 0.0
38, 0, 0, 0, 0, 0.0
38, 0, 1, 0, 0, 0.0
38, 0, 2, 0, 0, 0.0
38, 0, 3, 0, 0, 0.0
38, 0, 4, 0, 0, 0.0
38, 0, 5, 0, 0, 0.0
38, 0, 6, 0, 0, 0.0
38, 0, 7, 0, 0, 0.0
38, 0, 8, 0, 0, 0.0
38, 0, 9, 0, 0, 0.0
38, 0, 10, 0, 0, 0.0
38, 0, 11, 0, 0, 0.0
38, 0, 12, 0, 0, 0.0
38, 0, 13, 0, 0, 0.0
38, 0, 14, 0, 0, 0.0
38, 0, 15, 0, 0, 0.0
38, 0, 16, 0, 0, 0.0
38, 0, 17, 0, 0, 0.0
38, 0, 18, 0, 0, 0.0
38, 0, 19, 0, 0, 0.0
38, 0, 20, 0, 0, 0.0
38, 1, 0, 0, 0, 0.0
38, 1, 1, 0, 0, 0.0
38, 1, 2, 0, 0, 0.0
38, 1, 3, 0, 0, 0.0
38, 1, 4, 0, 0, 0.0
38, 1, 5, 0, 0, 0.0
38, 1, 6, 0, 0, 0.0
38, 1, 7, 0, 0, 0.0
38, 1, 8, 0, 0, 0.0
38, 1, 9, 0, 0, 0.0
38, 1, 10, 0, 0, 0.0
38, 1, 11, 0, 0, 0.0
38, 1, 12, 0, 0, 0.0
38, 1, 13, 0, 0, 0.0
38, 1, 14, 0, 0, 0.0
38, 1, 15, 0, 0, 0.0
38, 1, 16, 0, 0, 0.0
38, 1, 17, 0, 0, 0.0
38, 1, 18, 0, 0, 0.0
38, 1, 19, 0, 0, 0.0
38, 1, 20, 0, 0, 0.0
39, 0, 0, 0, 0, 0.0
39, 0, 1, 0, 0, 0.0
39, 0, 2, 0, 0, 0.0
39, 0, 3, 0, 0, 0.0
39, 0, 4, 0, 0, 0.0
39, 0, 5, 0, 0, 0.0
39, 0, 6, 0, 0, 0.0
39, 0, 7, 0, 0, 0.0
39, 0, 8, 0, 0, 0.0
39, 0, 9, 0, 0, 0.0
39, 0, 10, 0, 0, 0.0
39, 0, 11, 0, 0, 0.0
39, 0, 12, 0, 0, 0.0
39, 0, 13, 0, 0, 0.0
39, 0, 14, 0, 0, 0.0
39, 0, 15, 0, 0, 0.0
39, 0, 16, 0, 0, 0.0
39, 0, 17, 0, 0, 0.0
39, 0, 18, 0, 0, 0.0
39, 0, 19, 0, 0, 0.0
39, 0, 20, 0, 0, 0.0
39, 1, 0, 0, 0, 0.0
39, 1, 1, 0, 0, 0.0
39, 1, 2, 0, 0, 0.0
39, 1, 3, 0, 0, 0.0
39, 1, 4, 0, 0, 0.0
39, 1, 5, 0, 0, 0.0
39, 1, 6, 0, 0, 0.0
39, 1, 7, 0, 0, 0.0
39, 1, 8, 0, 0, 0.0
39, 1, 9, 0, 0, 0.0
39, 1, 10, 0, 0, 0.0
39, 1, 11, 0, 0, 0.0
39, 1, 12, 0, 0, 0.0
39, 1, 13, 0, 0, 0.0
39, 1, 14, 0, 0, 0.0
39, 1, 15, 0, 0, 0.0
39, 1, 16, 0, 0, 0.0
39, 1, 17, 0, 0, 0.0
39, 1, 18, 0, 0, 0.0
39, 1, 19, 0, 0, 0.0
39, 1, 20, 0, 0, 0.0
