0, 0, 0, 0, 0, 0.0
0, 0, 1, 0, 0, 0.0
0, 0, 2, 0, 0, 0.0
0, 0, 3, 0, 0, 0.0
0, 0, 4, 0, 0, 0.0
0, 0, 5, 0, 0, 0.0
0, 0, 6, 0, 0, 0.0
0, 0, 7, 0, 0, 0.0
0, 0, 8, 0, 0, 0.0
0, 0, 9, 0, 0, 0.0
0, 0, 10, 0, 0, 0.0
0, 0, 11, 0, 0, 0.0
0, 0, 12, 0, 0, 0.0
0, 0, 13, 0, 0, 0.0
0, 0, 14, 0, 0, 0.0
0, 0, 15, 0, 0, 0.0
0, 0, 16, 0, 0, 0.0
0, 0, 17, 0, 0, 0.0
0, 0, 18, 0, 0, 0.0
0, 0, 19, 0, 0, 0.0
0, 0, 20, 0, 0, 0.0
0, 1, 0, 0, 0, 0.0
0, 1, 1, 0, 0, 0.0
0, 1, 2, 0, 0, 0.0
0, 1, 3, 0, 0, 0.0
0, 1, 4, 0, 0, 0.0
0, 1, 5, 0, 0, 0.0
0, 1, 6, 0, 0, 0.0
0, 1, 7, 0, 0, 0.0
0, 1, 8, 0, 0, 0.0
0, 1, 9, 0, 0, 0.0
0, 1, 10, 0, 0, 0.0
0, 1, 11, 0, 0, 0.0
0, 1, 12, 0, 0, 0.0
0, 1, 13, 0, 0, 0.0
0, 1, 14, 0, 0, 0.0
0, 1, 15, 0, 0, 0.0
0, 1, 16, 0, 0, 0.0
0, 1, 17, 0, 0, 0.0
0, 1, 18, 0, 0, 0.0
0, 1, 19, 0, 0, 0.0
0, 1, 20, 0, 0, 0.0
1, 0, 0, 0, 0, 0.0
1, 0, 1, 0, 0, 0.0
1, 0, 2, 0, 0, 0.0
1, 0, 3, 0, 0, 0.0
1, 0, 4, 0, 0, 0.0
1, 0, 5, 0, 0, 0.0
1, 0, 6, 0, 0, 0.0
1, 0, 7, 0, 0, 0.0
1, 0, 8, 0, 0, 0.0
1, 0, 9, 0, 0, 0.0
1, 0, 10, 0, 0, 0.0
1, 0, 11, 0, 0, 0.0
1, 0, 12, 0, 0, 0.0
1, 0, 13, 0, 0, 0.0
1, 0, 14, 0, 0, 0.0
1, 0, 15, 0, 0, 0.0
1, 0, 16, 0, 0, 0.0
1, 0, 17, 0, 0, 0.0
1, 0, 18, 0, 0, 0.0
1, 0, 19, 0, 0, 0.0
1, 0, 20, 0, 0, 0.0
1, 1, 0, 0, 0, 0.0
1, 1, 1, 0, 0, 0.0
1, 1, 2, 0, 0, 0.0
1, 1, 3, 0, 0, 0.0
1, 1, 4, 0, 0, 0.0
1, 1, 5, 0, 0, 0.0
1, 1, 6, 0, 0, 0.0
1, 1, 7, 0, 0, 0.0
1, 1, 8, 0, 0, 0.0
1, 1, 9, 0, 0, 0.0
1, 1, 10, 0, 0, 0.0
1, 1, 11, 0, 0, 0.0
1, 1, 12, 0, 0, 0.0
1, 1, 13, 0, 0, 0.0
1, 1, 14, 0, 0, 0.0
1, 1, 15, 0, 0, 0.0
1, 1, 16, 0, 0, 0.0
1, 1, 17, 0, 0, 0.0
1, 1, 18, 0, 0, 0.0
1, 1, 19, 0, 0, 0.0
1, 1, 20, 0, 0, 0.0
2, 0, 0, 0, 0, 0.0
2, 0, 1, 0, 0, 0.0
2, 0, 2, 0, 0, 0.0
2, 0, 3, 0, 0, 0.0
2, 0, 4, 0, 0, 0.0
2, 0, 5, 0, 0, 0.0
2, 0, 6, 0, 0, 0.0
2, 0, 7, 0, 0, 0.0
2, 0, 8, 0, 0, 0.0
2, 0, 9, 0, 0, 0.0
2, 0, 10, 0, 0, 0.0
2, 0, 11, 0, 0, 0.0
2, 0, 12, 0, 0, 0.0
2, 0, 13, 0, 0, 0.0
2, 0, 14, 0, 0, 0.0
2, 0, 15, 0, 0, 0.0
2, 0, 16, 0, 0, 0.0
2, 0, 17, 0, 0, 0.0
2, 0, 18, 0, 0, 0.0
2, 0, 19, 0, 0, 0.0
2, 0, 20, 0, 0, 0.0
2, 1, 0, 0, 0, 0.0
2, 1, 1, 0, 0, 0.0
2, 1, 2, 0, 0, 0.0
2, 1, 3, 0, 0, 0.0
2, 1, 4, 0, 0, 0.0
2, 1, 5, 0, 0, 0.0
2, 1, 6, 0, 0, 0.0
2, 1, 7, 0, 0, 0.0
2, 1, 8, 0, 0, 0.0
2, 1, 9, 0, 0, 0.0
2, 1, 10, 0, 0, 0.0
2, 1, 11, 0, 0, 0.0
2, 1, 12, 0, 0, 0.0
2, 1, 13, 0, 0, 0.0
2, 1, 14, 0, 0, 0.0
2, 1, 15, 0, 0, 0.0
2, 1, 16, 0, 0, 0.0
2, 1, 17, 0, 0, 0.0
2, 1, 18, 0, 0, 0.0
2, 1, 19, 0, 0, 0.0
2, 1, 20, 0, 0, 0.0
3, 0, 0, 0, 0, 0.0
3, 0, 1, 0, 0, 0.0
3, 0, 2, 0, 0, 0.0
3, 0, 3, 0, 0, 0.0
3, 0, 4, 0, 0, 0.0
3, 0, 5, 0, 0, 0.0
3, 0, 6, 0, 0, 0.0
3, 0, 7, 0, 0, 0.0
3, 0, 8, 0, 0, 0.0
3, 0, 9, 0, 0, 0.0
3, 0, 10, 0, 0, 0.0
3, 0, 11, 0, 0, 0.0
3, 0, 12, 0, 0, 0.0
3, 0, 13, 0, 0, 0.0
3, 0, 14, 0, 0, 0.0
3, 0, 15, 0, 0, 0.0
3, 0, 16, 0, 0, 0.0
3, 0, 17, 0, 0, 0.0
3, 0, 18, 0, 0, 0.0
3, 0, 19, 0, 0, 0.0
3, 0, 20, 0, 0, 0.0
3, 1, 0, 0, 0, 0.0
3, 1, 1, 0, 0, 0.0
3, 1, 2, 0, 0, 0.0
3, 1, 3, 0, 0, 0.0
3, 1, 4, 0, 0, 0.0
3, 1, 5, 0, 0, 0.0
3, 1, 6, 0, 0, 0.0
3, 1, 7, 0, 0, 0.0
3, 1, 8, 0, 0, 0.0
3, 1, 9, 0, 0, 0.0
3, 1, 10, 0, 0, 0.0
3, 1, 11, 0, 0, 0.0
3, 1, 12, 0, 0, 0.0
3, 1, 13, 0, 0, 0.0
3, 1, 14, 0, 0, 0.0
3, 1, 15, 0, 0, 0.0
3, 1, 16, 0, 0, 0.0
3, 1, 17, 0, 0, 0.0
3, 1, 18, 0, 0, 0.0
3, 1, 19, 0, 0, 0.0
3, 1, 20, 0, 0, 0.0
4, 0, 0, 0, 0, 0.0
4, 0, 1, 0, 0, 0.0
4, 0, 2, 0, 0, 0.0
4, 0, 3, 0, 0, 0.0
4, 0, 4, 0, 0, 0.0
4, 0, 5, 0, 0, 0.0
4, 0, 6, 0, 0, 0.0
4, 0, 7, 0, 0, 0.0
4, 0, 8, 0, 0, 0.0
4, 0, 9, 0, 0, 0.0
4, 0, 10, 0, 0, 0.0
4, 0, 11, 0, 0, 0.0
4, 0, 12, 0, 0, 0.0
4, 0, 13, 0, 0, 0.0
4, 0, 14, 0, 0, 0.0
4, 0, 15, 0, 0, 0.0
4, 0, 16, 0, 0, 0.0
4, 0, 17, 0, 0, 0.0
4, 0, 18, 0, 0, 0.0
4, 0, 19, 0, 0, 0.0
4, 0, 20, 0, 0, 0.0
4, 1, 0, 0, 0, 0.0
4, 1, 1, 0, 0, 0.0
4, 1, 2, 0, 0, 0.0
4, 1, 3, 0, 0, 0.0
4, 1, 4, 0, 0, 0.0
4, 1, 5, 0, 0, 0.0
4, 1, 6, 0, 0, 0.0
4, 1, 7, 0, 0, 0.0
4, 1, 8, 0, 0, 0.0
4, 1, 9, 0, 0, 0.0
4, 1, 10, 0, 0, 0.0
4, 1, 11, 0, 0, 0.0
4, 1, 12, 0, 0, 0.0
4, 1, 13, 0, 0, 0.0
4, 1, 14, 0, 0, 0.0
4, 1, 15, 0, 0, 0.0
4, 1, 16, 0, 0, 0.0
4, 1, 17, 0, 0, 0.0
4, 1, 18, 0, 0, 0.0
4, 1, 19, 0, 0, 0.0
4, 1, 20, 0, 0, 0.0
5, 0, 0, 0, 0, 0.0
5, 0, 1, 0, 0, 0.0
5, 0, 2, 0, 0, 0.0
5, 0, 3, 0, 0, 0.0
5, 0, 4, 0, 0, 0.0
5, 0, 5, 0, 0, 0.0
5, 0, 6, 0, 0, 0.0
5, 0, 7, 0, 0, 0.0
5, 0, 8, 0, 0, 0.0
5, 0, 9, 0, 0, 0.0
5, 0, 10, 0, 0, 0.0
5, 0, 11, 0, 0, 0.0
5, 0, 12, 0, 0, 0.0
5, 0, 13, 0, 0, 0.0
5, 0, 14, 0, 0, 0.0
5, 0, 15, 0, 0, 0.0
5, 0, 16, 0, 0, 0.0
5, 0, 17, 0, 0, 0.0
5, 0, 18, 0, 0, 0.0
5, 0, 19, 0, 0, 0.0
5, 0, 20, 0, 0, 0.0
5, 1, 0, 0, 0, 0.0
5, 1, 1, 0, 0, 0.0
5, 1, 2, 0, 0, 0.0
5, 1, 3, 0, 0, 0.0
5, 1, 4, 0, 0, 0.0
5, 1, 5, 0, 0, 0.0
5, 1, 6, 0, 0, 0.0
5, 1, 7, 0, 0, 0.0
5, 1, 8, 0, 0, 0.0
5, 1, 9, 0, 0, 0.0
5, 1, 10, 0, 0, 0.0
5, 1, 11, 0, 0, 0.0
5, 1, 12, 0, 0, 0.0
5, 1, 13, 0, 0, 0.0
5, 1, 14, 0, 0, 0.0
5, 1, 15, 0, 0, 0.0
5, 1, 16, 0, 0, 0.0
5, 1, 17, 0, 0, 0.0
5, 1, 18, 0, 0, 0.0
5, 1, 19, 0, 0, 0.0
5, 1, 20, 0, 0, 0.0
6, 0, 0, 0, 0, 0.0
6, 0, 1, 0, 0, 0.0
6, 0, 2, 0, 0, 0.0
6, 0, 3, 0, 0, 0.0
6, 0, 4, 0, 0, 0.0
6, 0, 5, 0, 0, 0.0
6, 0, 6, 0, 0, 0.0
6, 0, 7, 0, 0, 0.0
6, 0, 8, 0, 0, 0.0
6, 0, 9, 0, 0, 0.0
6, 0, 10, 0, 0, 0.0
6, 0, 11, 0, 0, 0.0
6, 0, 12, 0, 0, 0.0
6, 0, 13, 0, 0, 0.0
6, 0, 14, 0, 0, 0.0
6, 0, 15, 0, 0, 0.0
6, 0, 16, 0, 0, 0.0
6, 0, 17, 0, 0, 0.0
6, 0, 18, 0, 0, 0.0
6, 0, 19, 0, 0, 0.0
6, 0, 20, 0, 0, 0.0
6, 1, 0, 0, 0, 0.0
6, 1, 1, 0, 0, 0.0
6, 1, 2, 0, 0, 0.0
6, 1, 3, 0, 0, 0.0
6, 1, 4, 0, 0, 0.0
6, 1, 5, 0, 0, 0.0
6, 1, 6, 0, 0, 0.0
6, 1, 7, 0, 0, 0.0
6, 1, 8, 0, 0, 0.0
6, 1, 9, 0, 0, 0.0
6, 1, 10, 0, 0, 0.0
6, 1, 11, 0, 0, 0.0
6, 1, 12, 0, 0, 0.0
6, 1, 13, 0, 0, 0.0
6, 1, 14, 0, 0, 0.0
6, 1, 15, 0, 0, 0.0
6, 1, 16, 0, 0, 0.0
6, 1, 17, 0, 0, 0.0
6, 1, 18, 0, 0, 0.0
6, 1, 19, 0, 0, 0.0
6, 1, 20, 0, 0, 0.0
7, 0, 0, 242, 373, 1.0318876420001288e-08
7, 0, 1, 273, 363, -0.0034463093616068363
7, 0, 2, 298, 334, -0.010533638298511505
7, 0, 3, 311, 310, -0.021014677360653877
7, 0, 4, 318, 289, -0.030155999585986137
7, 0, 5, 279, 283, -0.009598314762115479
7, 0, 6, 296, 253, -0.03574482351541519
7, 0, 7, 317, 259, -0.05430370196700096
7, 0, 8, 329, 274, -0.06324818730354309
7, 0, 9, 262, 284, -0.019082417711615562
7, 0, 10, 300, 289, -0.04563703015446663
7, 0, 11, 302, 316, -0.05125444382429123
7, 0, 12, 291, 331, -0.05082441866397858
7, 0, 13, 248, 292, -0.030711565166711807
7, 0, 14, 286, 302, -0.05355091765522957
7, 0, 15, 285, 325, -0.044321294873952866
7, 0, 16, 276, 335, -0.03390182554721832
7, 0, 17, 235, 307, -0.043383218348026276
7, 0, 18, 269, 312, -0.05635909363627434
7, 0, 19, 270, 328, -0.045585811138153076
7, 0, 20, 261, 336, -0.0345325693488121
7, 1, 0, 448, 447, -5.965881655356498e-07
7, 1, 1, 419, 426, -0.005837793927639723
7, 1, 2, 392, 398, -0.015354641713202
7, 1, 3, 373, 382, -0.027256017550826073
7, 1, 4, 362, 381, -0.03836908936500549
7, 1, 5, 408, 351, -0.013099145144224167
7, 1, 6, 380, 337, -0.04098305106163025
7, 1, 7, 365, 361, -0.059798672795295715
7, 1, 8, 363, 382, -0.06890173256397247
7, 1, 9, 423, 360, -0.022420575842261314
7, 1, 10, 390, 363, -0.043786194175481796
7, 1, 11, 378, 388, -0.05002247169613838
7, 1, 12, 380, 404, -0.05197761207818985
7, 1, 13, 436, 377, -0.03403039649128914
7, 1, 14, 403, 387, -0.05153288692235947
7, 1, 15, 394, 407, -0.04651361331343651
7, 1, 16, 398, 420, -0.040749385952949524
7, 1, 17, 446, 399, -0.04655972495675087
7, 1, 18, 414, 410, -0.05694759264588356
7, 1, 19, 408, 424, -0.0488530732691288
7, 1, 20, 413, 431, -0.039979394525289536
8, 0, 0, 241, 364, -1.3885154714898817e-07
8, 0, 1, 280, 352, -0.0016645457362756133
8, 0, 2, 307, 323, -0.008431523106992245
8, 0, 3, 324, 301, -0.020157968625426292
8, 0, 4, 335, 280, -0.030015036463737488
8, 0, 5, 289, 271, -0.0007772304234094918
8, 0, 6, 310, 243, -0.024327797815203667
8, 0, 7, 329, 251, -0.039306994527578354
8, 0, 8, 340, 267, -0.04493137076497078
8, 0, 9, 274, 271, -0.011119519360363483
8, 0, 10, 317, 278, -0.03290818631649017
8, 0, 11, 318, 304, -0.0376468263566494
8, 0, 12, 307, 317, -0.03679746389389038
8, 0, 13, 262, 278, -0.023934029042720795
8, 0, 14, 305, 289, -0.04458561912178993
8, 0, 15, 301, 314, -0.03753006085753441
8, 0, 16, 290, 324, -0.028402408584952354
8, 0, 17, 252, 291, -0.037755612283945084
8, 0, 18, 289, 296, -0.0487363263964653
8, 0, 19, 288, 315, -0.038800209760665894
8, 0, 20, 279, 325, -0.027807053178548813
8, 1, 0, 0, 0, 0.0
8, 1, 1, 0, 0, 0.0
8, 1, 2, 0, 0, 0.0
8, 1, 3, 0, 0, 0.0
8, 1, 4, 0, 0, 0.0
8, 1, 5, 0, 0, 0.0
8, 1, 6, 0, 0, 0.0
8, 1, 7, 0, 0, 0.0
8, 1, 8, 0, 0, 0.0
8, 1, 9, 0, 0, 0.0
8, 1, 10, 0, 0, 0.0
8, 1, 11, 0, 0, 0.0
8, 1, 12, 0, 0, 0.0
8, 1, 13, 0, 0, 0.0
8, 1, 14, 0, 0, 0.0
8, 1, 15, 0, 0, 0.0
8, 1, 16, 0, 0, 0.0
8, 1, 17, 0, 0, 0.0
8, 1, 18, 0, 0, 0.0
8, 1, 19, 0, 0, 0.0
8, 1, 20, 0, 0, 0.0
9, 0, 0, 238, 355, -1.9144025031891942e-07
9, 0, 1, 281, 342, 0.003676345106214285
9, 0, 2, 310, 319, -0.001035375171341002
9, 0, 3, 328, 300, -0.012785094790160656
9, 0, 4, 340, 279, -0.022805657237768173
9, 0, 5, 295, 267, 0.01146961934864521
9, 0, 6, 321, 241, -0.012882706709206104
9, 0, 7, 339, 250, -0.03053196892142296
9, 0, 8, 346, 267, -0.0371679849922657
9, 0, 9, 283, 264, -0.0011872302275151014
9, 0, 10, 324, 272, -0.024433445185422897
9, 0, 11, 322, 299, -0.03209660202264786
9, 0, 12, 308, 314, -0.03183377906680107
9, 0, 13, 274, 269, -0.016634589061141014
9, 0, 14, 316, 281, -0.03829686716198921
9, 0, 15, 310, 306, -0.03362021967768669
9, 0, 16, 297, 319, -0.024350782856345177
9, 0, 17, 267, 278, -0.0327918641269207
9, 0, 18, 303, 286, -0.04323058947920799
9, 0, 19, 300, 306, -0.034341417253017426
9, 0, 20, 290, 318, -0.02322600968182087
9, 1, 0, 0, 0, 0.0
9, 1, 1, 0, 0, 0.0
9, 1, 2, 0, 0, 0.0
9, 1, 3, 0, 0, 0.0
9, 1, 4, 0, 0, 0.0
9, 1, 5, 0, 0, 0.0
9, 1, 6, 0, 0, 0.0
9, 1, 7, 0, 0, 0.0
9, 1, 8, 0, 0, 0.0
9, 1, 9, 0, 0, 0.0
9, 1, 10, 0, 0, 0.0
9, 1, 11, 0, 0, 0.0
9, 1, 12, 0, 0, 0.0
9, 1, 13, 0, 0, 0.0
9, 1, 14, 0, 0, 0.0
9, 1, 15, 0, 0, 0.0
9, 1, 16, 0, 0, 0.0
9, 1, 17, 0, 0, 0.0
9, 1, 18, 0, 0, 0.0
9, 1, 19, 0, 0, 0.0
9, 1, 20, 0, 0, 0.0
10, 0, 0, 441, 351, -7.083191349011031e-07
10, 0, 1, 409, 338, 0.00022884101781528443
10, 0, 2, 384, 308, 7.251003262354061e-05
10, 0, 3, 369, 282, -0.004475856199860573
10, 0, 4, 359, 262, -0.006175172049552202
10, 0, 5, 397, 265, 0.01118268258869648
10, 0, 6, 374, 246, -0.010199762880802155
10, 0, 7, 368, 270, -0.02280820533633232
10, 0, 8, 373, 287, -0.027557745575904846
10, 0, 9, 411, 265, 0.0023505985736846924
10, 0, 10, 383, 259, -0.017468158155679703
10, 0, 11, 379, 285, -0.021571341902017593
10, 0, 12, 387, 300, -0.01965874247252941
10, 0, 13, 425, 270, -0.009981602430343628
10, 0, 14, 397, 270, -0.02834300324320793
10, 0, 15, 393, 293, -0.022894294932484627
10, 0, 16, 399, 307, -0.01455362793058157
10, 0, 17, 439, 280, -0.023125112056732178
10, 0, 18, 414, 280, -0.03268220275640488
10, 0, 19, 408, 295, -0.026880230754613876
10, 0, 20, 411, 306, -0.01908319629728794
10, 1, 0, 238, 342, -7.41860333164368e-08
10, 1, 1, 280, 329, 0.0014307834208011627
10, 1, 2, 308, 306, -0.0012504527112469077
10, 1, 3, 326, 284, -0.010782146826386452
10, 1, 4, 337, 264, -0.01826232671737671
10, 1, 5, 305, 267, 0.018241755664348602
10, 1, 6, 324, 238, -0.004298139363527298
10, 1, 7, 339, 248, -0.020990777760744095
10, 1, 8, 344, 264, -0.02724713459610939
10, 1, 9, 293, 261, 0.008296585641801357
10, 1, 10, 323, 256, -0.015200572088360786
10, 1, 11, 324, 280, -0.02478613331913948
10, 1, 12, 312, 296, -0.024872899055480957
10, 1, 13, 280, 259, -0.005406147334724665
10, 1, 14, 310, 262, -0.02745981514453888
10, 1, 15, 310, 286, -0.025820115581154823
10, 1, 16, 300, 300, -0.017472047358751297
10, 1, 17, 265, 260, -0.01992926374077797
10, 1, 18, 293, 266, -0.03151500225067139
10, 1, 19, 298, 284, -0.02598864585161209
10, 1, 20, 292, 296, -0.01670859009027481
11, 0, 0, 465, 327, -5.80741243538796e-07
11, 0, 1, 419, 311, 0.0029461083468049765
11, 0, 2, 390, 285, 0.00239213346503675
11, 0, 3, 372, 262, -0.0034748599864542484
11, 0, 4, 359, 240, -0.006629887502640486
11, 0, 5, 408, 238, 0.02482122741639614
11, 0, 6, 378, 237, 0.0048682596534490585
11, 0, 7, 379, 263, -0.011653123423457146
11, 0, 8, 389, 278, -0.019549285992980003
11, 0, 9, 421, 235, 0.015706151723861694
11, 0, 10, 386, 245, -0.003190478077158332
11, 0, 11, 390, 270, -0.01156391017138958
11, 0, 12, 402, 283, -0.012884372845292091
11, 0, 13, 433, 237, 0.002985365455970168
11, 0, 14, 399, 251, -0.0127954026684165
11, 0, 15, 403, 272, -0.008773167617619038
11, 0, 16, 413, 284, -0.0017996312817558646
11, 0, 17, 444, 243, -0.010775590315461159
11, 0, 18, 415, 255, -0.018481159582734108
11, 0, 19, 417, 271, -0.012674774043262005
11, 0, 20, 425, 280, -0.004423028789460659
11, 1, 0, 228, 321, 2.977117574687327e-08
11, 1, 1, 273, 304, 0.0037823219317942858
11, 1, 2, 301, 284, 0.002832734724506736
11, 1, 3, 320, 265, -0.004632121883332729
11, 1, 4, 329, 249, -0.010753442533314228
11, 1, 5, 290, 242, 0.019146252423524857
11, 1, 6, 311, 228, 0.0001819397002691403
11, 1, 7, 320, 248, -0.01745881326496601
11, 1, 8, 318, 266, -0.025628801435232162
11, 1, 9, 275, 238, 0.009445982053875923
11, 1, 10, 300, 231, -0.005793747957795858
11, 1, 11, 308, 251, -0.017720354720950127
11, 1, 12, 306, 270, -0.023312034085392952
11, 1, 13, 259, 238, -0.0034425384365022182
11, 1, 14, 284, 236, -0.016896536573767662
11, 1, 15, 294, 254, -0.02041831985116005
11, 1, 16, 293, 273, -0.01932385377585888
11, 1, 17, 242, 242, -0.017030809074640274
11, 1, 18, 266, 242, -0.025108346715569496
11, 1, 19, 277, 255, -0.024277636781334877
11, 1, 20, 281, 270, -0.020558534190058708
12, 0, 0, 472, 301, -4.33921570675011e-07
12, 0, 1, 433, 285, -0.0007152798934839666
12, 0, 2, 404, 264, -0.00436492171138525
12, 0, 3, 387, 243, -0.012811431661248207
12, 0, 4, 368, 231, -0.01950763538479805
12, 0, 5, 419, 232, 0.011212781071662903
12, 0, 6, 402, 210, -0.009173976257443428
12, 0, 7, 397, 226, -0.023848751559853554
12, 0, 8, 399, 240, -0.03099280595779419
12, 0, 9, 436, 230, 0.0032279661390930414
12, 0, 10, 419, 216, -0.01634751446545124
12, 0, 11, 416, 235, -0.026028906926512718
12, 0, 12, 419, 249, -0.029474321752786636
12, 0, 13, 454, 230, -0.007923652417957783
12, 0, 14, 436, 221, -0.025133434683084488
12, 0, 15, 430, 237, -0.02549600973725319
12, 0, 16, 431, 252, -0.022083444520831108
12, 0, 17, 474, 232, -0.01949876733124256
12, 0, 18, 457, 223, -0.027931036427617073
12, 0, 19, 445, 231, -0.025680208578705788
12, 0, 20, 438, 240, -0.02185002900660038
12, 1, 0, 214, 301, 1.8307369487047254e-07
12, 1, 1, 254, 281, -0.0009765395661816001
12, 1, 2, 283, 257, -0.004186210688203573
12, 1, 3, 307, 242, -0.012323212809860706
12, 1, 4, 327, 237, -0.019964225590229034
12, 1, 5, 260, 223, 0.01252681203186512
12, 1, 6, 261, 192, -0.005011499393731356
12, 1, 7, 273, 200, -0.020908504724502563
12, 1, 8, 279, 214, -0.028651021420955658
12, 1, 9, 245, 223, 0.004872319754213095
12, 1, 10, 260, 203, -0.012332897633314133
12, 1, 11, 271, 220, -0.024616358801722527
12, 1, 12, 271, 237, -0.02958812192082405
12, 1, 13, 229, 226, -0.005500641651451588
12, 1, 14, 246, 213, -0.0209774449467659
12, 1, 15, 256, 229, -0.022718891501426697
12, 1, 16, 256, 245, -0.019300995394587517
12, 1, 17, 212, 230, -0.016651587560772896
12, 1, 18, 228, 219, -0.025878315791487694
12, 1, 19, 239, 231, -0.022839006036520004
12, 1, 20, 240, 245, -0.017010770738124847
13, 0, 0, 491, 278, -4.288832755605654e-08
13, 0, 1, 455, 265, -0.008362972177565098
13, 0, 2, 420, 244, -0.015589515678584576
13, 0, 3, 394, 229, -0.025963494554162025
13, 0, 4, 371, 224, -0.0370609275996685
13, 0, 5, 447, 209, -0.003738773288205266
13, 0, 6, 435, 176, -0.019744420424103737
13, 0, 7, 427, 154, -0.03206050395965576
13, 0, 8, 420, 137, -0.04182887077331543
13, 0, 9, 464, 207, -0.010563948191702366
13, 0, 10, 450, 189, -0.03768657147884369
13, 0, 11, 446, 207, -0.046327851712703705
13, 0, 12, 448, 221, -0.04667980223894119
13, 0, 13, 482, 210, -0.019505178555846214
13, 0, 14, 468, 194, -0.04322756081819534
13, 0, 15, 461, 212, -0.03909570351243019
13, 0, 16, 462, 225, -0.03037528321146965
13, 0, 17, 502, 215, -0.029465284198522568
13, 0, 18, 490, 200, -0.0433601476252079
13, 0, 19, 481, 210, -0.03878292813897133
13, 0, 20, 476, 219, -0.031984563916921616
13, 1, 0, 193, 288, 2.1794406279695977e-07
13, 1, 1, 225, 269, -0.009753823280334473
13, 1, 2, 250, 242, -0.01400977186858654
13, 1, 3, 270, 220, -0.021072400733828545
13, 1, 4, 285, 207, -0.027760319411754608
13, 1, 5, 224, 209, 0.003959787078201771
13, 1, 6, 218, 167, -0.006482123862951994
13, 1, 7, 219, 141, -0.014994329772889614
13, 1, 8, 221, 121, -0.021390141919255257
13, 1, 9, 211, 210, -0.0005901806289330125
13, 1, 10, 223, 186, -0.023928286507725716
13, 1, 11, 232, 200, -0.03533919155597687
13, 1, 12, 231, 215, -0.037008821964263916
13, 1, 13, 197, 213, -0.007226050831377506
13, 1, 14, 209, 196, -0.029711280018091202
13, 1, 15, 218, 212, -0.03047454170882702
13, 1, 16, 219, 228, -0.023796429857611656
13, 1, 17, 183, 219, -0.015051069669425488
13, 1, 18, 194, 202, -0.030240332707762718
13, 1, 19, 208, 210, -0.029053006321191788
13, 1, 20, 215, 222, -0.023374808952212334
14, 0, 0, 495, 267, -6.23853324555057e-08
14, 0, 1, 465, 258, -0.009582308121025562
14, 0, 2, 432, 233, -0.017447736114263535
14, 0, 3, 406, 220, -0.02815062366425991
14, 0, 4, 383, 216, -0.03954188898205757
14, 0, 5, 457, 186, -0.0055077774450182915
14, 0, 6, 447, 150, -0.025988483801484108
14, 0, 7, 439, 125, -0.03945848345756531
14, 0, 8, 435, 106, -0.04928840324282646
14, 0, 9, 476, 185, -0.01454344391822815
14, 0, 10, 458, 163, -0.04799122363328934
14, 0, 11, 455, 191, -0.054298557341098785
14, 0, 12, 461, 206, -0.04907820373773575
14, 0, 13, 496, 190, -0.026300277560949326
14, 0, 14, 478, 176, -0.05630510672926903
14, 0, 15, 475, 202, -0.047373633831739426
14, 0, 16, 482, 210, -0.03233356028795242
14, 0, 17, 517, 199, -0.03910782188177109
14, 0, 18, 501, 187, -0.0547369085252285
14, 0, 19, 494, 204, -0.04397769272327423
14, 0, 20, 498, 211, -0.031349971890449524
14, 1, 0, 194, 281, 1.6766509247645445e-07
14, 1, 1, 219, 266, -0.009687379002571106
14, 1, 2, 243, 238, -0.018636012449860573
14, 1, 3, 264, 218, -0.03010241501033306
14, 1, 4, 283, 207, -0.040748920291662216
14, 1, 5, 210, 191, -0.00617561349645257
14, 1, 6, 207, 154, -0.021289678290486336
14, 1, 7, 209, 130, -0.0306101031601429
14, 1, 8, 211, 112, -0.037538059055805206
14, 1, 9, 195, 191, -0.013623133301734924
14, 1, 10, 225, 172, -0.04144149646162987
14, 1, 11, 232, 199, -0.04663955047726631
14, 1, 12, 224, 216, -0.0430741086602211
14, 1, 13, 182, 196, -0.023029696196317673
14, 1, 14, 214, 186, -0.053162913769483566
14, 1, 15, 218, 212, -0.046753156930208206
14, 1, 16, 210, 226, -0.03407296910881996
14, 1, 17, 168, 205, -0.03304372355341911
14, 1, 18, 196, 196, -0.05342618748545647
14, 1, 19, 205, 215, -0.046262528747320175
14, 1, 20, 200, 228, -0.03542318567633629
15, 0, 0, 495, 270, -1.5924742058359698e-07
15, 0, 1, 465, 259, -0.00812440738081932
15, 0, 2, 431, 234, -0.016097484156489372
15, 0, 3, 406, 222, -0.027499238029122353
15, 0, 4, 385, 217, -0.03971276804804802
15, 0, 5, 458, 183, -0.0052675120532512665
15, 0, 6, 447, 145, -0.02333715744316578
15, 0, 7, 440, 122, -0.033714450895786285
15, 0, 8, 436, 103, -0.042012374848127365
15, 0, 9, 477, 182, -0.01585501618683338
15, 0, 10, 459, 162, -0.04774835705757141
15, 0, 11, 456, 190, -0.05211431160569191
15, 0, 12, 463, 206, -0.04666072130203247
15, 0, 13, 497, 187, -0.02917836606502533
15, 0, 14, 478, 176, -0.05760277062654495
15, 0, 15, 476, 202, -0.04743630066514015
15, 0, 16, 483, 211, -0.033219195902347565
15, 0, 17, 519, 196, -0.04380268603563309
15, 0, 18, 500, 185, -0.05868489295244217
15, 0, 19, 494, 204, -0.04802881181240082
15, 0, 20, 498, 213, -0.036540623754262924
15, 1, 0, 200, 289, 7.336870311291932e-08
15, 1, 1, 228, 274, -0.011945348232984543
15, 1, 2, 253, 246, -0.0223340205848217
15, 1, 3, 273, 226, -0.03571833670139313
15, 1, 4, 291, 216, -0.04863327741622925
15, 1, 5, 221, 196, -0.008087404072284698
15, 1, 6, 221, 160, -0.02478647232055664
15, 1, 7, 224, 136, -0.03472388908267021
15, 1, 8, 225, 117, -0.041857101023197174
15, 1, 9, 206, 196, -0.015063388273119926
15, 1, 10, 236, 180, -0.04540487751364708
15, 1, 11, 243, 205, -0.05355491489171982
15, 1, 12, 235, 221, -0.05141708627343178
15, 1, 13, 191, 200, -0.023995859548449516
15, 1, 14, 222, 195, -0.0562627874314785
15, 1, 15, 226, 220, -0.053881075233221054
15, 1, 16, 217, 234, -0.04311331734061241
15, 1, 17, 176, 209, -0.03375495970249176
15, 1, 18, 205, 203, -0.05377449467778206
15, 1, 19, 215, 221, -0.04825828969478607
15, 1, 20, 213, 233, -0.038279980421066284
16, 0, 0, 492, 278, -2.1491824497843481e-07
16, 0, 1, 458, 266, -0.008890104480087757
16, 0, 2, 425, 242, -0.017188318073749542
16, 0, 3, 400, 229, -0.028812861070036888
16, 0, 4, 379, 223, -0.04104816913604736
16, 0, 5, 452, 190, -0.0070913066156208515
16, 0, 6, 443, 151, -0.026356590911746025
16, 0, 7, 436, 127, -0.037732113152742386
16, 0, 8, 431, 107, -0.046403247863054276
16, 0, 9, 472, 189, -0.016810934990644455
16, 0, 10, 452, 171, -0.04883295297622681
16, 0, 11, 449, 200, -0.05317952111363411
16, 0, 12, 456, 216, -0.0482202023267746
16, 0, 13, 492, 194, -0.02926170639693737
16, 0, 14, 473, 185, -0.05801989510655403
16, 0, 15, 470, 212, -0.04808645322918892
16, 0, 16, 476, 223, -0.03391082212328911
16, 0, 17, 514, 203, -0.043074533343315125
16, 0, 18, 496, 193, -0.05736618489027023
16, 0, 19, 488, 212, -0.04652709886431694
16, 0, 20, 490, 222, -0.03469613566994667
16, 1, 0, 206, 296, 4.935665742777928e-08
16, 1, 1, 235, 283, -0.008325659669935703
16, 1, 2, 261, 254, -0.017201071605086327
16, 1, 3, 281, 236, -0.02948111481964588
16, 1, 4, 299, 226, -0.04160183295607567
16, 1, 5, 230, 201, -0.0072396364994347095
16, 1, 6, 232, 166, -0.02357133850455284
16, 1, 7, 237, 142, -0.033213648945093155
16, 1, 8, 239, 123, -0.04021735489368439
16, 1, 9, 214, 200, -0.015546945855021477
16, 1, 10, 247, 185, -0.04481395706534386
16, 1, 11, 255, 212, -0.051710695028305054
16, 1, 12, 248, 229, -0.04909413307905197
16, 1, 13, 199, 205, -0.02535024657845497
16, 1, 14, 233, 201, -0.05544259026646614
16, 1, 15, 238, 227, -0.051477815955877304
16, 1, 16, 230, 241, -0.040599189698696136
16, 1, 17, 186, 216, -0.035893019288778305
16, 1, 18, 218, 212, -0.05494336038827896
16, 1, 19, 226, 232, -0.04936903342604637
16, 1, 20, 222, 245, -0.039910122752189636
17, 0, 0, 490, 290, -2.7403663693803537e-07
17, 0, 1, 458, 279, -0.009279235266149044
17, 0, 2, 424, 254, -0.017272749915719032
17, 0, 3, 399, 240, -0.02870858833193779
17, 0, 4, 378, 234, -0.04094892740249634
17, 0, 5, 450, 200, -0.005908690858632326
17, 0, 6, 439, 162, -0.026244156062602997
17, 0, 7, 431, 138, -0.0387221984565258
17, 0, 8, 426, 118, -0.048157934099435806
17, 0, 9, 469, 198, -0.015563426539301872
17, 0, 10, 447, 185, -0.050055019557476044
17, 0, 11, 446, 215, -0.055754296481609344
17, 0, 12, 453, 233, -0.050997573882341385
17, 0, 13, 490, 203, -0.02811114862561226
17, 0, 14, 468, 198, -0.05898869037628174
17, 0, 15, 466, 226, -0.05012624338269234
17, 0, 16, 473, 238, -0.03587328642606735
17, 0, 17, 512, 212, -0.04207293316721916
17, 0, 18, 491, 207, -0.05772831290960312
17, 0, 19, 485, 227, -0.048013582825660706
17, 0, 20, 489, 236, -0.03643585741519928
17, 1, 0, 208, 303, 4.247753793151787e-08
17, 1, 1, 237, 288, -0.006733371410518885
17, 1, 2, 263, 259, -0.01575138233602047
17, 1, 3, 283, 241, -0.028789861127734184
17, 1, 4, 301, 231, -0.04164279252290726
17, 1, 5, 231, 206, -0.00501394085586071
17, 1, 6, 234, 171, -0.02255243808031082
17, 1, 7, 239, 147, -0.03294685482978821
17, 1, 8, 243, 128, -0.04029461741447449
17, 1, 9, 214, 206, -0.015030835755169392
17, 1, 10, 251, 194, -0.04626359045505524
17, 1, 11, 258, 221, -0.053502775728702545
17, 1, 12, 249, 238, -0.05055718868970871
17, 1, 13, 200, 212, -0.026578878983855247
17, 1, 14, 238, 208, -0.05738711357116699
17, 1, 15, 242, 235, -0.05224413424730301
17, 1, 16, 233, 248, -0.040433526039123535
17, 1, 17, 187, 224, -0.03884712606668472
17, 1, 18, 222, 222, -0.057339657098054886
17, 1, 19, 229, 242, -0.05034859851002693
17, 1, 20, 223, 254, -0.03989556059241295
18, 0, 0, 489, 308, -3.202280254299694e-07
18, 0, 1, 459, 296, -0.008976723067462444
18, 0, 2, 426, 269, -0.017527451738715172
18, 0, 3, 403, 253, -0.02966047078371048
18, 0, 4, 382, 244, -0.04295765981078148
18, 0, 5, 450, 218, -0.00997095089405775
18, 0, 6, 439, 177, -0.031434591859579086
18, 0, 7, 432, 151, -0.0446648970246315
18, 0, 8, 426, 130, -0.05453672632575035
18, 0, 9, 471, 216, -0.019519051536917686
18, 0, 10, 448, 206, -0.055157989263534546
18, 0, 11, 447, 237, -0.061325401067733765
18, 0, 12, 453, 255, -0.057350002229213715
18, 0, 13, 491, 222, -0.031475961208343506
18, 0, 14, 467, 218, -0.0632062777876854
18, 0, 15, 466, 246, -0.053233325481414795
18, 0, 16, 472, 259, -0.03856877610087395
18, 0, 17, 512, 232, -0.04472772032022476
18, 0, 18, 489, 229, -0.06207460165023804
18, 0, 19, 484, 248, -0.0520053394138813
18, 0, 20, 489, 258, -0.03982273489236832
18, 1, 0, 206, 311, 4.876023851352329e-08
18, 1, 1, 235, 295, -0.00815440434962511
18, 1, 2, 259, 265, -0.019642144441604614
18, 1, 3, 278, 245, -0.034847792237997055
18, 1, 4, 298, 232, -0.04965274780988693
18, 1, 5, 228, 212, -0.009260531514883041
18, 1, 6, 232, 176, -0.030675280839204788
18, 1, 7, 238, 151, -0.04299601912498474
18, 1, 8, 243, 130, -0.05141102895140648
18, 1, 9, 211, 213, -0.019879935309290886
18, 1, 10, 251, 201, -0.05385119467973709
18, 1, 11, 258, 231, -0.06034908816218376
18, 1, 12, 247, 247, -0.056631337851285934
18, 1, 13, 197, 220, -0.03235521540045738
18, 1, 14, 238, 220, -0.06540318578481674
18, 1, 15, 241, 247, -0.05872661992907524
18, 1, 16, 230, 257, -0.045852527022361755
18, 1, 17, 185, 233, -0.04567844048142433
18, 1, 18, 222, 234, -0.06440113484859467
18, 1, 19, 227, 255, -0.055859167128801346
18, 1, 20, 219, 264, -0.04453154280781746
19, 0, 0, 485, 332, -3.779160238082113e-07
19, 0, 1, 456, 318, -0.010195533744990826
19, 0, 2, 425, 290, -0.018654724583029747
19, 0, 3, 404, 269, -0.030252980068325996
19, 0, 4, 383, 257, -0.04299648851156235
19, 0, 5, 448, 241, -0.016275333240628242
19, 0, 6, 439, 197, -0.03906043991446495
19, 0, 7, 432, 170, -0.053187932819128036
19, 0, 8, 425, 148, -0.06370128691196442
19, 0, 9, 470, 238, -0.024437176063656807
19, 0, 10, 445, 235, -0.06142060458660126
19, 0, 11, 443, 265, -0.06800901144742966
19, 0, 12, 447, 284, -0.06491780281066895
19, 0, 13, 490, 244, -0.03469834476709366
19, 0, 14, 464, 249, -0.06700165569782257
19, 0, 15, 462, 276, -0.05748569592833519
19, 0, 16, 467, 292, -0.04353982210159302
19, 0, 17, 511, 253, -0.046514205634593964
19, 0, 18, 486, 257, -0.06593543291091919
19, 0, 19, 479, 277, -0.05790119618177414
19, 0, 20, 481, 290, -0.04679138585925102
19, 1, 0, 205, 323, 2.9785939048565524e-08
19, 1, 1, 236, 305, -0.0091903330758214
19, 1, 2, 259, 275, -0.022908693179488182
19, 1, 3, 276, 252, -0.03999539092183113
19, 1, 4, 295, 237, -0.05683976411819458
19, 1, 5, 226, 218, -0.016215454787015915
19, 1, 6, 234, 183, -0.04118349030613899
19, 1, 7, 243, 158, -0.05820218846201897
19, 1, 8, 249, 138, -0.07010703533887863
19, 1, 9, 208, 220, -0.027435950934886932
19, 1, 10, 250, 215, -0.06050509959459305
19, 1, 11, 257, 242, -0.06828456372022629
19, 1, 12, 245, 254, -0.06807182729244232
19, 1, 13, 194, 231, -0.04029954969882965
19, 1, 14, 237, 236, -0.07133257389068604
19, 1, 15, 241, 258, -0.06417889893054962
19, 1, 16, 231, 266, -0.053527843207120895
19, 1, 17, 184, 250, -0.0545269176363945
19, 1, 18, 220, 253, -0.07247000187635422
19, 1, 19, 228, 270, -0.06324787437915802
19, 1, 20, 222, 278, -0.052501559257507324
20, 0, 0, 475, 360, -3.7230367411211773e-07
20, 0, 1, 443, 344, -0.012220016680657864
20, 0, 2, 415, 316, -0.023049985989928246
20, 0, 3, 398, 292, -0.035913292318582535
20, 0, 4, 380, 278, -0.05000073462724686
20, 0, 5, 437, 275, -0.027100944891572
20, 0, 6, 434, 231, -0.049459535628557205
20, 0, 7, 428, 206, -0.062076788395643234
20, 0, 8, 420, 187, -0.0706513375043869
20, 0, 9, 462, 273, -0.033498045057058334
20, 0, 10, 443, 275, -0.06688643991947174
20, 0, 11, 435, 301, -0.07215048372745514
20, 0, 12, 436, 320, -0.06928075104951859
20, 0, 13, 483, 281, -0.041065800935029984
20, 0, 14, 461, 289, -0.07128996402025223
20, 0, 15, 454, 313, -0.06256193667650223
20, 0, 16, 454, 331, -0.049728840589523315
20, 0, 17, 504, 293, -0.04969817399978638
20, 0, 18, 481, 301, -0.06909801065921783
20, 0, 19, 472, 319, -0.061099860817193985
20, 0, 20, 471, 333, -0.049359142780303955
20, 1, 0, 197, 341, -1.0094650093606106e-07
20, 1, 1, 233, 326, -0.010915546678006649
20, 1, 2, 259, 293, -0.023114483803510666
20, 1, 3, 279, 268, -0.038169015198946
20, 1, 4, 298, 249, -0.05344870314002037
20, 1, 5, 235, 239, -0.02137742005288601
20, 1, 6, 243, 200, -0.047245800495147705
20, 1, 7, 255, 177, -0.0638618916273117
20, 1, 8, 263, 158, -0.075230173766613
20, 1, 9, 214, 241, -0.03071579337120056
20, 1, 10, 249, 240, -0.06627105176448822
20, 1, 11, 258, 269, -0.07357359677553177
20, 1, 12, 251, 287, -0.07267215847969055
20, 1, 13, 198, 253, -0.04181763529777527
20, 1, 14, 235, 264, -0.07308602333068848
20, 1, 15, 240, 288, -0.06552376598119736
20, 1, 16, 232, 299, -0.054840780794620514
20, 1, 17, 184, 272, -0.05469910800457001
20, 1, 18, 218, 282, -0.07299105823040009
20, 1, 19, 223, 301, -0.06584353744983673
20, 1, 20, 216, 310, -0.056845612823963165
21, 0, 0, 191, 365, -2.351758467966647e-07
21, 0, 1, 230, 349, -0.00726674497127533
21, 0, 2, 263, 316, -0.018941951915621758
21, 0, 3, 288, 294, -0.034693293273448944
21, 0, 4, 312, 280, -0.05178799852728844
21, 0, 5, 237, 267, -0.02717151865363121
21, 0, 6, 250, 233, -0.05261366441845894
21, 0, 7, 260, 216, -0.0691126212477684
21, 0, 8, 269, 204, -0.08058544248342514
21, 0, 9, 213, 270, -0.038434747606515884
21, 0, 10, 251, 292, -0.07145494222640991
21, 0, 11, 256, 324, -0.07725288718938828
21, 0, 12, 251, 343, -0.07751602679491043
21, 0, 13, 193, 286, -0.05053588002920151
21, 0, 14, 232, 314, -0.07853391021490097
21, 0, 15, 233, 339, -0.06883208453655243
21, 0, 16, 227, 351, -0.058722954243421555
21, 0, 17, 176, 308, -0.06425903737545013
21, 0, 18, 209, 327, -0.08015502989292145
21, 0, 19, 214, 346, -0.07041104882955551
21, 0, 20, 210, 357, -0.06026248261332512
21, 1, 0, 0, 0, 0.0
21, 1, 1, 0, 0, 0.0
21, 1, 2, 0, 0, 0.0
21, 1, 3, 0, 0, 0.0
21, 1, 4, 0, 0, 0.0
21, 1, 5, 0, 0, 0.0
21, 1, 6, 0, 0, 0.0
21, 1, 7, 0, 0, 0.0
21, 1, 8, 0, 0, 0.0
21, 1, 9, 0, 0, 0.0
21, 1, 10, 0, 0, 0.0
21, 1, 11, 0, 0, 0.0
21, 1, 12, 0, 0, 0.0
21, 1, 13, 0, 0, 0.0
21, 1, 14, 0, 0, 0.0
21, 1, 15, 0, 0, 0.0
21, 1, 16, 0, 0, 0.0
21, 1, 17, 0, 0, 0.0
21, 1, 18, 0, 0, 0.0
21, 1, 19, 0, 0, 0.0
21, 1, 20, 0, 0, 0.0
22, 0, 0, 0, 0, 0.0
22, 0, 1, 0, 0, 0.0
22, 0, 2, 0, 0, 0.0
22, 0, 3, 0, 0, 0.0
22, 0, 4, 0, 0, 0.0
22, 0, 5, 0, 0, 0.0
22, 0, 6, 0, 0, 0.0
22, 0, 7, 0, 0, 0.0
22, 0, 8, 0, 0, 0.0
22, 0, 9, 0, 0, 0.0
22, 0, 10, 0, 0, 0.0
22, 0, 11, 0, 0, 0.0
22, 0, 12, 0, 0, 0.0
22, 0, 13, 0, 0, 0.0
22, 0, 14, 0, 0, 0.0
22, 0, 15, 0, 0, 0.0
22, 0, 16, 0, 0, 0.0
22, 0, 17, 0, 0, 0.0
22, 0, 18, 0, 0, 0.0
22, 0, 19, 0, 0, 0.0
22, 0, 20, 0, 0, 0.0
22, 1, 0, 0, 0, 0.0
22, 1, 1, 0, 0, 0.0
22, 1, 2, 0, 0, 0.0
22, 1, 3, 0, 0, 0.0
22, 1, 4, 0, 0, 0.0
22, 1, 5, 0, 0, 0.0
22, 1, 6, 0, 0, 0.0
22, 1, 7, 0, 0, 0.0
22, 1, 8, 0, 0, 0.0
22, 1, 9, 0, 0, 0.0
22, 1, 10, 0, 0, 0.0
22, 1, 11, 0, 0, 0.0
22, 1, 12, 0, 0, 0.0
22, 1, 13, 0, 0, 0.0
22, 1, 14, 0, 0, 0.0
22, 1, 15, 0, 0, 0.0
22, 1, 16, 0, 0, 0.0
22, 1, 17, 0, 0, 0.0
22, 1, 18, 0, 0, 0.0
22, 1, 19, 0, 0, 0.0
22, 1, 20, 0, 0, 0.0
23, 0, 0, 0, 0, 0.0
23, 0, 1, 0, 0, 0.0
23, 0, 2, 0, 0, 0.0
23, 0, 3, 0, 0, 0.0
23, 0, 4, 0, 0, 0.0
23, 0, 5, 0, 0, 0.0
23, 0, 6, 0, 0, 0.0
23, 0, 7, 0, 0, 0.0
23, 0, 8, 0, 0, 0.0
23, 0, 9, 0, 0, 0.0
23, 0, 10, 0, 0, 0.0
23, 0, 11, 0, 0, 0.0
23, 0, 12, 0, 0, 0.0
23, 0, 13, 0, 0, 0.0
23, 0, 14, 0, 0, 0.0
23, 0, 15, 0, 0, 0.0
23, 0, 16, 0, 0, 0.0
23, 0, 17, 0, 0, 0.0
23, 0, 18, 0, 0, 0.0
23, 0, 19, 0, 0, 0.0
23, 0, 20, 0, 0, 0.0
23, 1, 0, 0, 0, 0.0
23, 1, 1, 0, 0, 0.0
23, 1, 2, 0, 0, 0.0
23, 1, 3, 0, 0, 0.0
23, 1, 4, 0, 0, 0.0
23, 1, 5, 0, 0, 0.0
23, 1, 6, 0, 0, 0.0
23, 1, 7, 0, 0, 0.0
23, 1, 8, 0, 0, 0.0
23, 1, 9, 0, 0, 0.0
23, 1, 10, 0, 0, 0.0
23, 1, 11, 0, 0, 0.0
23, 1, 12, 0, 0, 0.0
23, 1, 13, 0, 0, 0.0
23, 1, 14, 0, 0, 0.0
23, 1, 15, 0, 0, 0.0
23, 1, 16, 0, 0, 0.0
23, 1, 17, 0, 0, 0.0
23, 1, 18, 0, 0, 0.0
23, 1, 19, 0, 0, 0.0
23, 1, 20, 0, 0, 0.0
24, 0, 0, 0, 0, 0.0
24, 0, 1, 0, 0, 0.0
24, 0, 2, 0, 0, 0.0
24, 0, 3, 0, 0, 0.0
24, 0, 4, 0, 0, 0.0
24, 0, 5, 0, 0, 0.0
24, 0, 6, 0, 0, 0.0
24, 0, 7, 0, 0, 0.0
24, 0, 8, 0, 0, 0.0
24, 0, 9, 0, 0, 0.0
24, 0, 10, 0, 0, 0.0
24, 0, 11, 0, 0, 0.0
24, 0, 12, 0, 0, 0.0
24, 0, 13, 0, 0, 0.0
24, 0, 14, 0, 0, 0.0
24, 0, 15, 0, 0, 0.0
24, 0, 16, 0, 0, 0.0
24, 0, 17, 0, 0, 0.0
24, 0, 18, 0, 0, 0.0
24, 0, 19, 0, 0, 0.0
24, 0, 20, 0, 0, 0.0
24, 1, 0, 0, 0, 0.0
24, 1, 1, 0, 0, 0.0
24, 1, 2, 0, 0, 0.0
24, 1, 3, 0, 0, 0.0
24, 1, 4, 0, 0, 0.0
24, 1, 5, 0, 0, 0.0
24, 1, 6, 0, 0, 0.0
24, 1, 7, 0, 0, 0.0
24, 1, 8, 0, 0, 0.0
24, 1, 9, 0, 0, 0.0
24, 1, 10, 0, 0, 0.0
24, 1, 11, 0, 0, 0.0
24, 1, 12, 0, 0, 0.0
24, 1, 13, 0, 0, 0.0
24, 1, 14, 0, 0, 0.0
24, 1, 15, 0, 0, 0.0
24, 1, 16, 0, 0, 0.0
24, 1, 17, 0, 0, 0.0
24, 1, 18, 0, 0, 0.0
24, 1, 19, 0, 0, 0.0
24, 1, 20, 0, 0, 0.0
25, 0, 0, 0, 0, 0.0
25, 0, 1, 0, 0, 0.0
25, 0, 2, 0, 0, 0.0
25, 0, 3, 0, 0, 0.0
25, 0, 4, 0, 0, 0.0
25, 0, 5, 0, 0, 0.0
25, 0, 6, 0, 0, 0.0
25, 0, 7, 0, 0, 0.0
25, 0, 8, 0, 0, 0.0
25, 0, 9, 0, 0, 0.0
25, 0, 10, 0, 0, 0.0
25, 0, 11, 0, 0, 0.0
25, 0, 12, 0, 0, 0.0
25, 0, 13, 0, 0, 0.0
25, 0, 14, 0, 0, 0.0
25, 0, 15, 0, 0, 0.0
25, 0, 16, 0, 0, 0.0
25, 0, 17, 0, 0, 0.0
25, 0, 18, 0, 0, 0.0
25, 0, 19, 0, 0, 0.0
25, 0, 20, 0, 0, 0.0
25, 1, 0, 0, 0, 0.0
25, 1, 1, 0, 0, 0.0
25, 1, 2, 0, 0, 0.0
25, 1, 3, 0, 0, 0.0
25, 1, 4, 0, 0, 0.0
25, 1, 5, 0, 0, 0.0
25, 1, 6, 0, 0, 0.0
25, 1, 7, 0, 0, 0.0
25, 1, 8, 0, 0, 0.0
25, 1, 9, 0, 0, 0.0
25, 1, 10, 0, 0, 0.0
25, 1, 11, 0, 0, 0.0
25, 1, 12, 0, 0, 0.0
25, 1, 13, 0, 0, 0.0
25, 1, 14, 0, 0, 0.0
25, 1, 15, 0, 0, 0.0
25, 1, 16, 0, 0, 0.0
25, 1, 17, 0, 0, 0.0
25, 1, 18, 0, 0, 0.0
25, 1, 19, 0, 0, 0.0
25, 1, 20, 0, 0, 0.0
26, 0, 0, 0, 0, 0.0
26, 0, 1, 0, 0, 0.0
26, 0, 2, 0, 0, 0.0
26, 0, 3, 0, 0, 0.0
26, 0, 4, 0, 0, 0.0
26, 0, 5, 0, 0, 0.0
26, 0, 6, 0, 0, 0.0
26, 0, 7, 0, 0, 0.0
26, 0, 8, 0, 0, 0.0
26, 0, 9, 0, 0, 0.0
26, 0, 10, 0, 0, 0.0
26, 0, 11, 0, 0, 0.0
26, 0, 12, 0, 0, 0.0
26, 0, 13, 0, 0, 0.0
26, 0, 14, 0, 0, 0.0
26, 0, 15, 0, 0, 0.0
26, 0, 16, 0, 0, 0.0
26, 0, 17, 0, 0, 0.0
26, 0, 18, 0, 0, 0.0
26, 0, 19, 0, 0, 0.0
26, 0, 20, 0, 0, 0.0
26, 1, 0, 0, 0, 0.0
26, 1, 1, 0, 0, 0.0
26, 1, 2, 0, 0, 0.0
26, 1, 3, 0, 0, 0.0
26, 1, 4, 0, 0, 0.0
26, 1, 5, 0, 0, 0.0
26, 1, 6, 0, 0, 0.0
26, 1, 7, 0, 0, 0.0
26, 1, 8, 0, 0, 0.0
26, 1, 9, 0, 0, 0.0
26, 1, 10, 0, 0, 0.0
26, 1, 11, 0, 0, 0.0
26, 1, 12, 0, 0, 0.0
26, 1, 13, 0, 0, 0.0
26, 1, 14, 0, 0, 0.0
26, 1, 15, 0, 0, 0.0
26, 1, 16, 0, 0, 0.0
26, 1, 17, 0, 0, 0.0
26, 1, 18, 0, 0, 0.0
26, 1, 19, 0, 0, 0.0
26, 1, 20, 0, 0, 0.0
27, 0, 0, 0, 0, 0.0
27, 0, 1, 0, 0, 0.0
27, 0, 2, 0, 0, 0.0
27, 0, 3, 0, 0, 0.0
27, 0, 4, 0, 0, 0.0
27, 0, 5, 0, 0, 0.0
27, 0, 6, 0, 0, 0.0
27, 0, 7, 0, 0, 0.0
27, 0, 8, 0, 0, 0.0
27, 0, 9, 0, 0, 0.0
27, 0, 10, 0, 0, 0.0
27, 0, 11, 0, 0, 0.0
27, 0, 12, 0, 0, 0.0
27, 0, 13, 0, 0, 0.0
27, 0, 14, 0, 0, 0.0
27, 0, 15, 0, 0, 0.0
27, 0, 16, 0, 0, 0.0
27, 0, 17, 0, 0, 0.0
27, 0, 18, 0, 0, 0.0
27, 0, 19, 0, 0, 0.0
27, 0, 20, 0, 0, 0.0
27, 1, 0, 0, 0, 0.0
27, 1, 1, 0, 0, 0.0
27, 1, 2, 0, 0, 0.0
27, 1, 3, 0, 0, 0.0
27, 1, 4, 0, 0, 0.0
27, 1, 5, 0, 0, 0.0
27, 1, 6, 0, 0, 0.0
27, 1, 7, 0, 0, 0.0
27, 1, 8, 0, 0, 0.0
27, 1, 9, 0, 0, 0.0
27, 1, 10, 0, 0, 0.0
27, 1, 11, 0, 0, 0.0
27, 1, 12, 0, 0, 0.0
27, 1, 13, 0, 0, 0.0
27, 1, 14, 0, 0, 0.0
27, 1, 15, 0, 0, 0.0
27, 1, 16, 0, 0, 0.0
27, 1, 17, 0, 0, 0.0
27, 1, 18, 0, 0, 0.0
27, 1, 19, 0, 0, 0.0
27, 1, 20, 0, 0, 0.0
