0, 0, 0, 432, 453, -4.5817398586223135e-07
0, 0, 1, 400, 440, -0.020105328410863876
0, 0, 2, 375, 424, -0.035105105489492416
0, 0, 3, 352, 414, -0.04850906878709793
0, 0, 4, 331, 405, -0.06337220221757889
0, 0, 5, 400, 396, -0.04090872034430504
0, 0, 6, 374, 390, -0.0710776150226593
0, 0, 7, 354, 399, -0.09221026301383972
0, 0, 8, 338, 409, -0.10500279814004898
0, 0, 9, 416, 407, -0.04492124915122986
0, 0, 10, 382, 418, -0.07375766336917877
0, 0, 11, 356, 435, -0.08775065094232559
0, 0, 12, 339, 447, -0.09724235534667969
0, 0, 13, 428, 425, -0.050869256258010864
0, 0, 14, 396, 436, -0.0817170962691307
0, 0, 15, 372, 451, -0.08789177238941193
0, 0, 16, 356, 461, -0.0889098271727562
0, 0, 17, 436, 446, -0.05760566517710686
0, 0, 18, 408, 457, -0.08497653156518936
0, 0, 19, 390, 466, -0.08913234621286392
0, 0, 20, 378, 470, -0.08819977939128876
0, 1, 0, 0, 0, 0.0
0, 1, 1, 0, 0, 0.0
0, 1, 2, 0, 0, 0.0
0, 1, 3, 0, 0, 0.0
0, 1, 4, 0, 0, 0.0
0, 1, 5, 0, 0, 0.0
0, 1, 6, 0, 0, 0.0
0, 1, 7, 0, 0, 0.0
0, 1, 8, 0, 0, 0.0
0, 1, 9, 0, 0, 0.0
0, 1, 10, 0, 0, 0.0
0, 1, 11, 0, 0, 0.0
0, 1, 12, 0, 0, 0.0
0, 1, 13, 0, 0, 0.0
0, 1, 14, 0, 0, 0.0
0, 1, 15, 0, 0, 0.0
0, 1, 16, 0, 0, 0.0
0, 1, 17, 0, 0, 0.0
0, 1, 18, 0, 0, 0.0
0, 1, 19, 0, 0, 0.0
0, 1, 20, 0, 0, 0.0
1, 0, 0, 443, 452, -3.291750658718229e-07
1, 0, 1, 410, 435, -0.014882495626807213
1, 0, 2, 384, 417, -0.029780426993966103
1, 0, 3, 362, 405, -0.04385257139801979
1, 0, 4, 339, 398, -0.0597095787525177
1, 0, 5, 412, 392, -0.04487688094377518
1, 0, 6, 386, 387, -0.07629308849573135
1, 0, 7, 366, 385, -0.09840014576911926
1, 0, 8, 348, 385, -0.11283428966999054
1, 0, 9, 427, 402, -0.05237099155783653
1, 0, 10, 387, 418, -0.08486204594373703
1, 0, 11, 361, 435, -0.09862116724252701
1, 0, 12, 343, 447, -0.10780830681324005
1, 0, 13, 438, 421, -0.06072099879384041
1, 0, 14, 399, 435, -0.09192071110010147
1, 0, 15, 375, 449, -0.09628868103027344
1, 0, 16, 358, 459, -0.09669288247823715
1, 0, 17, 444, 443, -0.06953082233667374
1, 0, 18, 412, 454, -0.09592349082231522
1, 0, 19, 391, 462, -0.09998448193073273
1, 0, 20, 377, 466, -0.0997861847281456
1, 1, 0, 0, 0, 0.0
1, 1, 1, 0, 0, 0.0
1, 1, 2, 0, 0, 0.0
1, 1, 3, 0, 0, 0.0
1, 1, 4, 0, 0, 0.0
1, 1, 5, 0, 0, 0.0
1, 1, 6, 0, 0, 0.0
1, 1, 7, 0, 0, 0.0
1, 1, 8, 0, 0, 0.0
1, 1, 9, 0, 0, 0.0
1, 1, 10, 0, 0, 0.0
1, 1, 11, 0, 0, 0.0
1, 1, 12, 0, 0, 0.0
1, 1, 13, 0, 0, 0.0
1, 1, 14, 0, 0, 0.0
1, 1, 15, 0, 0, 0.0
1, 1, 16, 0, 0, 0.0
1, 1, 17, 0, 0, 0.0
1, 1, 18, 0, 0, 0.0
1, 1, 19, 0, 0, 0.0
1, 1, 20, 0, 0, 0.0
2, 0, 0, 517, 419, 1.0202444400420063e-07
2, 0, 1, 487, 406, 0.007407895289361477
2, 0, 2, 451, 398, 0.004961117170751095
2, 0, 3, 422, 393, 0.0006453878595493734
2, 0, 4, 399, 396, -0.005600781179964542
2, 0, 5, 445, 395, -0.013317249715328217
2, 0, 6, 406, 397, -0.026286380365490913
2, 0, 7, 383, 403, -0.03401223197579384
2, 0, 8, 366, 410, -0.038596637547016144
2, 0, 9, 450, 405, -0.02466491051018238
2, 0, 10, 406, 410, -0.03551041707396507
2, 0, 11, 381, 417, -0.04108757525682449
2, 0, 12, 363, 424, -0.04627339541912079
2, 0, 13, 456, 421, -0.03497537598013878
2, 0, 14, 413, 425, -0.04367842897772789
2, 0, 15, 390, 431, -0.0459369458258152
2, 0, 16, 374, 435, -0.048496901988983154
2, 0, 17, 462, 442, -0.044134121388196945
2, 0, 18, 430, 443, -0.05155856907367706
2, 0, 19, 410, 444, -0.052459705621004105
2, 0, 20, 396, 445, -0.05339934304356575
2, 1, 0, 462, 451, -3.879797247918759e-07
2, 1, 1, 438, 427, -0.004820127505809069
2, 1, 2, 415, 408, -0.013500046916306019
2, 1, 3, 397, 400, -0.023525938391685486
2, 1, 4, 382, 401, -0.034940674901008606
2, 1, 5, 430, 385, -0.018840603530406952
2, 1, 6, 402, 391, -0.04060162603855133
2, 1, 7, 384, 400, -0.058578137308359146
2, 1, 8, 372, 409, -0.06962825357913971
2, 1, 9, 438, 397, -0.026984848082065582
2, 1, 10, 402, 406, -0.04234105721116066
2, 1, 11, 381, 415, -0.05106795206665993
2, 1, 12, 368, 426, -0.058519717305898666
2, 1, 13, 444, 416, -0.03626100718975067
2, 1, 14, 410, 423, -0.05063707008957863
2, 1, 15, 393, 430, -0.051181454211473465
2, 1, 16, 383, 437, -0.051539577543735504
2, 1, 17, 449, 437, -0.04617255926132202
2, 1, 18, 420, 440, -0.059381239116191864
2, 1, 19, 404, 443, -0.0590396374464035
2, 1, 20, 395, 446, -0.057465557008981705
3, 0, 0, 0, 0, 0.0
3, 0, 1, 0, 0, 0.0
3, 0, 2, 0, 0, 0.0
3, 0, 3, 0, 0, 0.0
3, 0, 4, 0, 0, 0.0
3, 0, 5, 0, 0, 0.0
3, 0, 6, 0, 0, 0.0
3, 0, 7, 0, 0, 0.0
3, 0, 8, 0, 0, 0.0
3, 0, 9, 0, 0, 0.0
3, 0, 10, 0, 0, 0.0
3, 0, 11, 0, 0, 0.0
3, 0, 12, 0, 0, 0.0
3, 0, 13, 0, 0, 0.0
3, 0, 14, 0, 0, 0.0
3, 0, 15, 0, 0, 0.0
3, 0, 16, 0, 0, 0.0
3, 0, 17, 0, 0, 0.0
3, 0, 18, 0, 0, 0.0
3, 0, 19, 0, 0, 0.0
3, 0, 20, 0, 0, 0.0
3, 1, 0, 0, 0, 0.0
3, 1, 1, 0, 0, 0.0
3, 1, 2, 0, 0, 0.0
3, 1, 3, 0, 0, 0.0
3, 1, 4, 0, 0, 0.0
3, 1, 5, 0, 0, 0.0
3, 1, 6, 0, 0, 0.0
3, 1, 7, 0, 0, 0.0
3, 1, 8, 0, 0, 0.0
3, 1, 9, 0, 0, 0.0
3, 1, 10, 0, 0, 0.0
3, 1, 11, 0, 0, 0.0
3, 1, 12, 0, 0, 0.0
3, 1, 13, 0, 0, 0.0
3, 1, 14, 0, 0, 0.0
3, 1, 15, 0, 0, 0.0
3, 1, 16, 0, 0, 0.0
3, 1, 17, 0, 0, 0.0
3, 1, 18, 0, 0, 0.0
3, 1, 19, 0, 0, 0.0
3, 1, 20, 0, 0, 0.0
4, 0, 0, 486, 396, 5.426433062893921e-07
4, 0, 1, 473, 367, -0.04064606502652168
4, 0, 2, 483, 340, -0.06058930978178978
4, 0, 3, 507, 325, -0.07400932163000107
4, 0, 4, 528, 315, -0.08651620894670486
4, 0, 5, 546, 347, -0.04445812851190567
4, 0, 6, 585, 345, -0.06775840371847153
4, 0, 7, 612, 347, -0.08652028441429138
4, 0, 8, 634, 352, -0.09763651341199875
4, 0, 9, 563, 363, -0.03319954127073288
4, 0, 10, 601, 360, -0.049374956637620926
4, 0, 11, 627, 360, -0.06185469776391983
4, 0, 12, 649, 364, -0.07111944258213043
4, 0, 13, 570, 376, -0.025590641424059868
4, 0, 14, 604, 375, -0.04151635244488716
4, 0, 15, 626, 374, -0.04872700944542885
4, 0, 16, 646, 376, -0.05259838327765465
4, 0, 17, 571, 387, -0.021315613761544228
4, 0, 18, 599, 388, -0.03449520468711853
4, 0, 19, 619, 389, -0.03745898976922035
4, 0, 20, 635, 391, -0.03775249049067497
4, 1, 0, 0, 0, 0.0
4, 1, 1, 0, 0, 0.0
4, 1, 2, 0, 0, 0.0
4, 1, 3, 0, 0, 0.0
4, 1, 4, 0, 0, 0.0
4, 1, 5, 0, 0, 0.0
4, 1, 6, 0, 0, 0.0
4, 1, 7, 0, 0, 0.0
4, 1, 8, 0, 0, 0.0
4, 1, 9, 0, 0, 0.0
4, 1, 10, 0, 0, 0.0
4, 1, 11, 0, 0, 0.0
4, 1, 12, 0, 0, 0.0
4, 1, 13, 0, 0, 0.0
4, 1, 14, 0, 0, 0.0
4, 1, 15, 0, 0, 0.0
4, 1, 16, 0, 0, 0.0
4, 1, 17, 0, 0, 0.0
4, 1, 18, 0, 0, 0.0
4, 1, 19, 0, 0, 0.0
4, 1, 20, 0, 0, 0.0
5, 0, 0, 0, 0, 0.0
5, 0, 1, 0, 0, 0.0
5, 0, 2, 0, 0, 0.0
5, 0, 3, 0, 0, 0.0
5, 0, 4, 0, 0, 0.0
5, 0, 5, 0, 0, 0.0
5, 0, 6, 0, 0, 0.0
5, 0, 7, 0, 0, 0.0
5, 0, 8, 0, 0, 0.0
5, 0, 9, 0, 0, 0.0
5, 0, 10, 0, 0, 0.0
5, 0, 11, 0, 0, 0.0
5, 0, 12, 0, 0, 0.0
5, 0, 13, 0, 0, 0.0
5, 0, 14, 0, 0, 0.0
5, 0, 15, 0, 0, 0.0
5, 0, 16, 0, 0, 0.0
5, 0, 17, 0, 0, 0.0
5, 0, 18, 0, 0, 0.0
5, 0, 19, 0, 0, 0.0
5, 0, 20, 0, 0, 0.0
5, 1, 0, 0, 0, 0.0
5, 1, 1, 0, 0, 0.0
5, 1, 2, 0, 0, 0.0
5, 1, 3, 0, 0, 0.0
5, 1, 4, 0, 0, 0.0
5, 1, 5, 0, 0, 0.0
5, 1, 6, 0, 0, 0.0
5, 1, 7, 0, 0, 0.0
5, 1, 8, 0, 0, 0.0
5, 1, 9, 0, 0, 0.0
5, 1, 10, 0, 0, 0.0
5, 1, 11, 0, 0, 0.0
5, 1, 12, 0, 0, 0.0
5, 1, 13, 0, 0, 0.0
5, 1, 14, 0, 0, 0.0
5, 1, 15, 0, 0, 0.0
5, 1, 16, 0, 0, 0.0
5, 1, 17, 0, 0, 0.0
5, 1, 18, 0, 0, 0.0
5, 1, 19, 0, 0, 0.0
5, 1, 20, 0, 0, 0.0
6, 0, 0, 575, 328, -8.746064850129187e-08
6, 0, 1, 564, 310, -0.008177208714187145
6, 0, 2, 548, 280, -0.015870511531829834
6, 0, 3, 532, 257, -0.021848410367965698
6, 0, 4, 517, 241, -0.02713857591152191
6, 0, 5, 570, 270, -0.019350700080394745
6, 0, 6, 558, 238, -0.029777728021144867
6, 0, 7, 547, 221, -0.036641135811805725
6, 0, 8, 538, 211, -0.040754225105047226
6, 0, 9, 574, 270, -0.020071949809789658
6, 0, 10, 560, 238, -0.027032166719436646
6, 0, 11, 548, 224, -0.029234232380986214
6, 0, 12, 539, 217, -0.031021784991025925
6, 0, 13, 575, 274, -0.021026596426963806
6, 0, 14, 560, 243, -0.025922060012817383
6, 0, 15, 550, 232, -0.02289290726184845
6, 0, 16, 545, 227, -0.020704029127955437
6, 0, 17, 571, 278, -0.022302236407995224
6, 0, 18, 560, 253, -0.025622405111789703
6, 0, 19, 552, 244, -0.021420391276478767
6, 0, 20, 546, 239, -0.017469346523284912
6, 1, 0, 0, 0, 0.0
6, 1, 1, 0, 0, 0.0
6, 1, 2, 0, 0, 0.0
6, 1, 3, 0, 0, 0.0
6, 1, 4, 0, 0, 0.0
6, 1, 5, 0, 0, 0.0
6, 1, 6, 0, 0, 0.0
6, 1, 7, 0, 0, 0.0
6, 1, 8, 0, 0, 0.0
6, 1, 9, 0, 0, 0.0
6, 1, 10, 0, 0, 0.0
6, 1, 11, 0, 0, 0.0
6, 1, 12, 0, 0, 0.0
6, 1, 13, 0, 0, 0.0
6, 1, 14, 0, 0, 0.0
6, 1, 15, 0, 0, 0.0
6, 1, 16, 0, 0, 0.0
6, 1, 17, 0, 0, 0.0
6, 1, 18, 0, 0, 0.0
6, 1, 19, 0, 0, 0.0
6, 1, 20, 0, 0, 0.0
7, 0, 0, 561, 261, -7.979042493388988e-08
7, 0, 1, 569, 247, -0.0018688822165131569
7, 0, 2, 564, 227, -0.002947499044239521
7, 0, 3, 553, 214, -0.005293663591146469
7, 0, 4, 540, 208, -0.007587692700326443
7, 0, 5, 556, 205, 0.001226947526447475
7, 0, 6, 542, 187, -0.0048059322871267796
7, 0, 7, 533, 182, -0.011362938210368156
7, 0, 8, 526, 179, -0.015603726729750633
7, 0, 9, 542, 207, -0.0021495246328413486
7, 0, 10, 525, 188, -0.004964364226907492
7, 0, 11, 514, 180, -0.010076778940856457
7, 0, 12, 504, 175, -0.014433450996875763
7, 0, 13, 530, 213, -0.006449520587921143
7, 0, 14, 510, 197, -0.010210242122411728
7, 0, 15, 499, 189, -0.013933388516306877
7, 0, 16, 490, 183, -0.017071684822440147
7, 0, 17, 518, 223, -0.01078888215124607
7, 0, 18, 499, 212, -0.01479437667876482
7, 0, 19, 488, 207, -0.014929131604731083
7, 0, 20, 479, 204, -0.014718630351126194
7, 1, 0, 0, 0, 0.0
7, 1, 1, 0, 0, 0.0
7, 1, 2, 0, 0, 0.0
7, 1, 3, 0, 0, 0.0
7, 1, 4, 0, 0, 0.0
7, 1, 5, 0, 0, 0.0
7, 1, 6, 0, 0, 0.0
7, 1, 7, 0, 0, 0.0
7, 1, 8, 0, 0, 0.0
7, 1, 9, 0, 0, 0.0
7, 1, 10, 0, 0, 0.0
7, 1, 11, 0, 0, 0.0
7, 1, 12, 0, 0, 0.0
7, 1, 13, 0, 0, 0.0
7, 1, 14, 0, 0, 0.0
7, 1, 15, 0, 0, 0.0
7, 1, 16, 0, 0, 0.0
7, 1, 17, 0, 0, 0.0
7, 1, 18, 0, 0, 0.0
7, 1, 19, 0, 0, 0.0
7, 1, 20, 0, 0, 0.0
8, 0, 0, 0, 0, 0.0
8, 0, 1, 0, 0, 0.0
8, 0, 2, 0, 0, 0.0
8, 0, 3, 0, 0, 0.0
8, 0, 4, 0, 0, 0.0
8, 0, 5, 0, 0, 0.0
8, 0, 6, 0, 0, 0.0
8, 0, 7, 0, 0, 0.0
8, 0, 8, 0, 0, 0.0
8, 0, 9, 0, 0, 0.0
8, 0, 10, 0, 0, 0.0
8, 0, 11, 0, 0, 0.0
8, 0, 12, 0, 0, 0.0
8, 0, 13, 0, 0, 0.0
8, 0, 14, 0, 0, 0.0
8, 0, 15, 0, 0, 0.0
8, 0, 16, 0, 0, 0.0
8, 0, 17, 0, 0, 0.0
8, 0, 18, 0, 0, 0.0
8, 0, 19, 0, 0, 0.0
8, 0, 20, 0, 0, 0.0
8, 1, 0, 0, 0, 0.0
8, 1, 1, 0, 0, 0.0
8, 1, 2, 0, 0, 0.0
8, 1, 3, 0, 0, 0.0
8, 1, 4, 0, 0, 0.0
8, 1, 5, 0, 0, 0.0
8, 1, 6, 0, 0, 0.0
8, 1, 7, 0, 0, 0.0
8, 1, 8, 0, 0, 0.0
8, 1, 9, 0, 0, 0.0
8, 1, 10, 0, 0, 0.0
8, 1, 11, 0, 0, 0.0
8, 1, 12, 0, 0, 0.0
8, 1, 13, 0, 0, 0.0
8, 1, 14, 0, 0, 0.0
8, 1, 15, 0, 0, 0.0
8, 1, 16, 0, 0, 0.0
8, 1, 17, 0, 0, 0.0
8, 1, 18, 0, 0, 0.0
8, 1, 19, 0, 0, 0.0
8, 1, 20, 0, 0, 0.0
9, 0, 0, 466, 248, -6.665223963864264e-07
9, 0, 1, 437, 233, -0.014585106633603573
9, 0, 2, 415, 202, -0.024537859484553337
9, 0, 3, 409, 178, -0.035604801028966904
9, 0, 4, 416, 161, -0.04431980103254318
9, 0, 5, 458, 150, -0.0007753444951958954
9, 0, 6, 432, 143, -0.027802733704447746
9, 0, 7, 420, 166, -0.0506582111120224
9, 0, 8, 419, 184, -0.0633421242237091
9, 0, 9, 478, 153, -0.004695912357419729
9, 0, 10, 447, 147, -0.027240416035056114
9, 0, 11, 433, 169, -0.038833536207675934
9, 0, 12, 430, 187, -0.043102145195007324
9, 0, 13, 494, 162, -0.012933534570038319
9, 0, 14, 461, 156, -0.03294343873858452
9, 0, 15, 447, 177, -0.031914327293634415
9, 0, 16, 443, 194, -0.02716299705207348
9, 0, 17, 507, 176, -0.02356002852320671
9, 0, 18, 477, 167, -0.03682853654026985
9, 0, 19, 463, 180, -0.033821649849414825
9, 0, 20, 459, 193, -0.027352314442396164
9, 1, 0, 0, 0, 0.0
9, 1, 1, 0, 0, 0.0
9, 1, 2, 0, 0, 0.0
9, 1, 3, 0, 0, 0.0
9, 1, 4, 0, 0, 0.0
9, 1, 5, 0, 0, 0.0
9, 1, 6, 0, 0, 0.0
9, 1, 7, 0, 0, 0.0
9, 1, 8, 0, 0, 0.0
9, 1, 9, 0, 0, 0.0
9, 1, 10, 0, 0, 0.0
9, 1, 11, 0, 0, 0.0
9, 1, 12, 0, 0, 0.0
9, 1, 13, 0, 0, 0.0
9, 1, 14, 0, 0, 0.0
9, 1, 15, 0, 0, 0.0
9, 1, 16, 0, 0, 0.0
9, 1, 17, 0, 0, 0.0
9, 1, 18, 0, 0, 0.0
9, 1, 19, 0, 0, 0.0
9, 1, 20, 0, 0, 0.0
10, 0, 0, 449, 260, -7.413221965180128e-07
10, 0, 1, 429, 243, -0.00894930213689804
10, 0, 2, 417, 215, -0.01348144095391035
10, 0, 3, 409, 193, -0.019451141357421875
10, 0, 4, 402, 178, -0.025806158781051636
10, 0, 5, 432, 164, 0.002768936799839139
10, 0, 6, 404, 164, -0.020149361342191696
10, 0, 7, 390, 194, -0.04120335727930069
10, 0, 8, 385, 221, -0.051216982305049896
10, 0, 9, 443, 159, -0.000698535586707294
10, 0, 10, 410, 166, -0.018796654418110847
10, 0, 11, 395, 196, -0.031565506011247635
10, 0, 12, 388, 225, -0.03572072833776474
10, 0, 13, 454, 161, -0.007027765735983849
10, 0, 14, 418, 173, -0.02349058911204338
10, 0, 15, 406, 201, -0.026583513244986534
10, 0, 16, 401, 227, -0.024241723120212555
10, 0, 17, 467, 170, -0.01475902833044529
10, 0, 18, 434, 176, -0.026726437732577324
10, 0, 19, 422, 199, -0.023351207375526428
10, 0, 20, 416, 219, -0.01600000448524952
10, 1, 0, 0, 0, 0.0
10, 1, 1, 0, 0, 0.0
10, 1, 2, 0, 0, 0.0
10, 1, 3, 0, 0, 0.0
10, 1, 4, 0, 0, 0.0
10, 1, 5, 0, 0, 0.0
10, 1, 6, 0, 0, 0.0
10, 1, 7, 0, 0, 0.0
10, 1, 8, 0, 0, 0.0
10, 1, 9, 0, 0, 0.0
10, 1, 10, 0, 0, 0.0
10, 1, 11, 0, 0, 0.0
10, 1, 12, 0, 0, 0.0
10, 1, 13, 0, 0, 0.0
10, 1, 14, 0, 0, 0.0
10, 1, 15, 0, 0, 0.0
10, 1, 16, 0, 0, 0.0
10, 1, 17, 0, 0, 0.0
10, 1, 18, 0, 0, 0.0
10, 1, 19, 0, 0, 0.0
10, 1, 20, 0, 0, 0.0
11, 0, 0, 219, 314, -2.1779025871637714e-07
11, 0, 1, 241, 295, -0.016831062734127045
11, 0, 2, 245, 269, -0.029960881918668747
11, 0, 3, 233, 248, -0.04294564947485924
11, 0, 4, 217, 234, -0.055987849831581116
11, 0, 5, 234, 227, -0.03620180860161781
11, 0, 6, 229, 190, -0.057417817413806915
11, 0, 7, 220, 164, -0.0691734179854393
11, 0, 8, 213, 142, -0.07757306843996048
11, 0, 9, 216, 230, -0.039727430790662766
11, 0, 10, 213, 227, -0.0740506649017334
11, 0, 11, 218, 250, -0.0843166708946228
11, 0, 12, 224, 268, -0.08615142107009888
11, 0, 13, 200, 242, -0.0438082329928875
11, 0, 14, 196, 236, -0.07561986893415451
11, 0, 15, 204, 254, -0.07477882504463196
11, 0, 16, 212, 272, -0.06811042875051498
11, 0, 17, 186, 258, -0.049019355326890945
11, 0, 18, 173, 236, -0.07351885735988617
11, 0, 19, 162, 220, -0.07779529690742493
11, 0, 20, 154, 207, -0.0768960565328598
11, 1, 0, 0, 0, 0.0
11, 1, 1, 0, 0, 0.0
11, 1, 2, 0, 0, 0.0
11, 1, 3, 0, 0, 0.0
11, 1, 4, 0, 0, 0.0
11, 1, 5, 0, 0, 0.0
11, 1, 6, 0, 0, 0.0
11, 1, 7, 0, 0, 0.0
11, 1, 8, 0, 0, 0.0
11, 1, 9, 0, 0, 0.0
11, 1, 10, 0, 0, 0.0
11, 1, 11, 0, 0, 0.0
11, 1, 12, 0, 0, 0.0
11, 1, 13, 0, 0, 0.0
11, 1, 14, 0, 0, 0.0
11, 1, 15, 0, 0, 0.0
11, 1, 16, 0, 0, 0.0
11, 1, 17, 0, 0, 0.0
11, 1, 18, 0, 0, 0.0
11, 1, 19, 0, 0, 0.0
11, 1, 20, 0, 0, 0.0
12, 0, 0, 373, 349, -9.765484065837882e-08
12, 0, 1, 350, 347, -0.013944508507847786
12, 0, 2, 331, 338, -0.028253449127078056
12, 0, 3, 319, 333, -0.044760849326848984
12, 0, 4, 312, 329, -0.06318981200456619
12, 0, 5, 323, 292, -0.019134875386953354
12, 0, 6, 316, 264, -0.040689099580049515
12, 0, 7, 311, 241, -0.05788902938365936
12, 0, 8, 305, 224, -0.06988025456666946
12, 0, 9, 340, 288, -0.025473935529589653
12, 0, 10, 329, 306, -0.060634516179561615
12, 0, 11, 323, 336, -0.07537772506475449
12, 0, 12, 322, 359, -0.0786193311214447
12, 0, 13, 357, 293, -0.03327593952417374
12, 0, 14, 345, 309, -0.06669420003890991
12, 0, 15, 342, 336, -0.06779243797063828
12, 0, 16, 341, 356, -0.05980035662651062
12, 0, 17, 374, 299, -0.04176751524209976
12, 0, 18, 361, 309, -0.06397050619125366
12, 0, 19, 358, 329, -0.05948871001601219
12, 0, 20, 358, 342, -0.049324143677949905
12, 1, 0, 222, 342, -3.718154175658128e-07
12, 1, 1, 249, 334, -0.01931518316268921
12, 1, 2, 264, 313, -0.03289393335580826
12, 1, 3, 257, 293, -0.0449843592941761
12, 1, 4, 241, 283, -0.056975822895765305
12, 1, 5, 258, 264, -0.041351765394210815
12, 1, 6, 253, 223, -0.05978021025657654
12, 1, 7, 247, 199, -0.06974171847105026
12, 1, 8, 242, 179, -0.07719460129737854
12, 1, 9, 237, 258, -0.04128367826342583
12, 1, 10, 227, 264, -0.06727131456136703
12, 1, 11, 227, 288, -0.07298917323350906
12, 1, 12, 230, 304, -0.07372333109378815
12, 1, 13, 216, 264, -0.04138670489192009
12, 1, 14, 209, 269, -0.06393146514892578
12, 1, 15, 211, 288, -0.05957098305225372
12, 1, 16, 215, 302, -0.0529804527759552
12, 1, 17, 197, 275, -0.04307815060019493
12, 1, 18, 188, 265, -0.05966156721115112
12, 1, 19, 182, 260, -0.05821868032217026
12, 1, 20, 178, 258, -0.05361926928162575
13, 0, 0, 366, 364, -1.3479100857693993e-07
13, 0, 1, 343, 366, -0.01939019002020359
13, 0, 2, 320, 363, -0.037800971418619156
13, 0, 3, 305, 361, -0.057100169360637665
13, 0, 4, 309, 353, -0.07723718136548996
13, 0, 5, 313, 308, -0.029289374127984047
13, 0, 6, 311, 280, -0.05285121500492096
13, 0, 7, 310, 260, -0.07028153538703918
13, 0, 8, 311, 243, -0.08199586719274521
13, 0, 9, 335, 298, -0.03156217560172081
13, 0, 10, 326, 327, -0.0650578960776329
13, 0, 11, 325, 357, -0.07429276406764984
13, 0, 12, 327, 376, -0.07336178421974182
13, 0, 13, 357, 301, -0.03554119914770126
13, 0, 14, 347, 334, -0.06234399974346161
13, 0, 15, 344, 355, -0.05709818750619888
13, 0, 16, 345, 368, -0.04599926993250847
13, 0, 17, 376, 311, -0.0417003370821476
13, 0, 18, 369, 331, -0.057525716722011566
13, 0, 19, 366, 346, -0.050565436482429504
13, 0, 20, 366, 355, -0.03884550929069519
13, 1, 0, 227, 361, -2.799151559429447e-07
13, 1, 1, 249, 357, -0.019036926329135895
13, 1, 2, 269, 346, -0.03628275915980339
13, 1, 3, 272, 335, -0.05456898733973503
13, 1, 4, 262, 323, -0.07263753563165665
13, 1, 5, 270, 294, -0.03877193108201027
13, 1, 6, 270, 260, -0.061602234840393066
13, 1, 7, 267, 240, -0.07567127794027328
13, 1, 8, 264, 223, -0.0844758152961731
13, 1, 9, 247, 286, -0.041242774575948715
13, 1, 10, 249, 307, -0.07310124486684799
13, 1, 11, 250, 334, -0.07960115373134613
13, 1, 12, 252, 351, -0.07853779941797256
13, 1, 13, 224, 288, -0.044409267604351044
13, 1, 14, 225, 309, -0.07003272324800491
13, 1, 15, 229, 332, -0.06159166246652603
13, 1, 16, 233, 347, -0.05019824579358101
13, 1, 17, 202, 292, -0.05002790316939354
13, 1, 18, 204, 302, -0.06446346640586853
13, 1, 19, 211, 320, -0.054639216512441635
13, 1, 20, 218, 334, -0.04237421974539757
14, 0, 0, 368, 361, -1.2815010563826945e-07
14, 0, 1, 344, 363, -0.0187029130756855
14, 0, 2, 320, 362, -0.03768426924943924
14, 0, 3, 305, 358, -0.057580843567848206
14, 0, 4, 314, 352, -0.07842052727937698
14, 0, 5, 314, 305, -0.030007077381014824
14, 0, 6, 312, 279, -0.05436746031045914
14, 0, 7, 313, 259, -0.07282011955976486
14, 0, 8, 314, 243, -0.08582161366939545
14, 0, 9, 337, 294, -0.032953161746263504
14, 0, 10, 329, 325, -0.06623060256242752
14, 0, 11, 326, 356, -0.07567029446363449
14, 0, 12, 328, 376, -0.07599031925201416
14, 0, 13, 360, 298, -0.03761414438486099
14, 0, 14, 350, 330, -0.06531184166669846
14, 0, 15, 345, 354, -0.061238713562488556
14, 0, 16, 343, 370, -0.05171198770403862
14, 0, 17, 381, 308, -0.04414300620555878
14, 0, 18, 372, 330, -0.06123891472816467
14, 0, 19, 366, 346, -0.056019071489572525
14, 0, 20, 364, 356, -0.04638658091425896
14, 1, 0, 225, 365, -1.64753714670951e-07
14, 1, 1, 250, 360, -0.016633106395602226
14, 1, 2, 271, 350, -0.031764909625053406
14, 1, 3, 276, 339, -0.0477035753428936
14, 1, 4, 266, 328, -0.06366707384586334
14, 1, 5, 271, 302, -0.03248367831110954
14, 1, 6, 274, 274, -0.05284787341952324
14, 1, 7, 273, 255, -0.06640847027301788
14, 1, 8, 271, 238, -0.07512310892343521
14, 1, 9, 249, 292, -0.03490452468395233
14, 1, 10, 249, 310, -0.06385229527950287
14, 1, 11, 247, 337, -0.07041774690151215
14, 1, 12, 246, 355, -0.06924441456794739
14, 1, 13, 227, 292, -0.037886086851358414
14, 1, 14, 227, 314, -0.060120824724435806
14, 1, 15, 229, 335, -0.0534471832215786
14, 1, 16, 231, 351, -0.043615490198135376
14, 1, 17, 206, 296, -0.04320340231060982
14, 1, 18, 205, 306, -0.05572403222322464
14, 1, 19, 211, 322, -0.047949980944395065
14, 1, 20, 218, 335, -0.03751308470964432
15, 0, 0, 369, 357, -1.1774963581956399e-07
15, 0, 1, 344, 358, -0.019337428733706474
15, 0, 2, 320, 355, -0.03811651095747948
15, 0, 3, 306, 350, -0.05757667496800423
15, 0, 4, 312, 343, -0.07786685228347778
15, 0, 5, 315, 299, -0.029437733814120293
15, 0, 6, 312, 273, -0.054045770317316055
15, 0, 7, 311, 253, -0.07368667423725128
15, 0, 8, 312, 237, -0.0877290889620781
15, 0, 9, 338, 288, -0.03240283951163292
15, 0, 10, 328, 317, -0.06590299308300018
15, 0, 11, 327, 349, -0.07559949159622192
15, 0, 12, 330, 369, -0.07632074505090714
15, 0, 13, 361, 292, -0.03731861710548401
15, 0, 14, 349, 322, -0.06514091044664383
15, 0, 15, 344, 346, -0.06082316115498543
15, 0, 16, 344, 363, -0.051470957696437836
15, 0, 17, 382, 304, -0.04425983875989914
15, 0, 18, 372, 322, -0.06256098300218582
15, 0, 19, 364, 339, -0.05783643573522568
15, 0, 20, 360, 350, -0.04874102771282196
15, 1, 0, 229, 358, -7.45444808103457e-08
15, 1, 1, 252, 355, -0.017739277333021164
15, 1, 2, 272, 346, -0.03343091905117035
15, 1, 3, 278, 335, -0.04904047027230263
15, 1, 4, 267, 326, -0.06481897085905075
15, 1, 5, 271, 298, -0.034616339951753616
15, 1, 6, 274, 271, -0.0564274825155735
15, 1, 7, 272, 252, -0.07172413915395737
15, 1, 8, 270, 235, -0.08167111873626709
15, 1, 9, 249, 288, -0.036123502999544144
15, 1, 10, 249, 305, -0.0668652132153511
15, 1, 11, 248, 333, -0.07415752112865448
15, 1, 12, 248, 352, -0.07318417727947235
15, 1, 13, 227, 289, -0.03815934434533119
15, 1, 14, 228, 306, -0.06125203147530556
15, 1, 15, 230, 329, -0.054513223469257355
15, 1, 16, 233, 346, -0.04448531195521355
15, 1, 17, 206, 294, -0.042441047728061676
15, 1, 18, 205, 301, -0.05670041963458061
15, 1, 19, 213, 317, -0.050150711089372635
15, 1, 20, 222, 331, -0.040410708636045456
16, 0, 0, 376, 355, -1.6307416217387072e-07
16, 0, 1, 351, 355, -0.01329761277884245
16, 0, 2, 327, 349, -0.028178410604596138
16, 0, 3, 312, 345, -0.04498141258955002
16, 0, 4, 311, 345, -0.06357033550739288
16, 0, 5, 321, 299, -0.026473773643374443
16, 0, 6, 316, 272, -0.048396121710538864
16, 0, 7, 314, 252, -0.06494685262441635
16, 0, 8, 313, 235, -0.07646247744560242
16, 0, 9, 342, 289, -0.031389545649290085
16, 0, 10, 332, 317, -0.0635143294930458
16, 0, 11, 327, 348, -0.07308744639158249
16, 0, 12, 327, 370, -0.07327637076377869
16, 0, 13, 364, 292, -0.0371946319937706
16, 0, 14, 352, 323, -0.06409745663404465
16, 0, 15, 346, 347, -0.06087023764848709
16, 0, 16, 343, 364, -0.05181541293859482
16, 0, 17, 384, 301, -0.04433685168623924
16, 0, 18, 376, 318, -0.060426052659749985
16, 0, 19, 372, 333, -0.05504617467522621
16, 0, 20, 371, 343, -0.045532189309597015
16, 1, 0, 222, 355, -6.312198763680499e-08
16, 1, 1, 246, 352, -0.01880480721592903
16, 1, 2, 266, 343, -0.03440278396010399
16, 1, 3, 272, 333, -0.05000175163149834
16, 1, 4, 265, 321, -0.0657641664147377
16, 1, 5, 267, 296, -0.031987350434064865
16, 1, 6, 271, 267, -0.0538034550845623
16, 1, 7, 269, 247, -0.06889611482620239
16, 1, 8, 266, 229, -0.0787583440542221
16, 1, 9, 246, 288, -0.03339233621954918
16, 1, 10, 246, 302, -0.06501543521881104
16, 1, 11, 243, 330, -0.07260570675134659
16, 1, 12, 242, 349, -0.07175806909799576
16, 1, 13, 223, 290, -0.03590226545929909
16, 1, 14, 226, 302, -0.0625433549284935
16, 1, 15, 227, 325, -0.05595023185014725
16, 1, 16, 228, 342, -0.045350272208452225
16, 1, 17, 201, 295, -0.04032580927014351
16, 1, 18, 201, 298, -0.05852476507425308
16, 1, 19, 208, 315, -0.05180927366018295
16, 1, 20, 216, 329, -0.0412316732108593
17, 0, 0, 391, 357, -1.0180086462696636e-07
17, 0, 1, 363, 356, -0.01270724181085825
17, 0, 2, 336, 351, -0.029391927644610405
17, 0, 3, 316, 356, -0.04852079972624779
17, 0, 4, 308, 367, -0.07037234306335449
17, 0, 5, 337, 305, -0.02995212934911251
17, 0, 6, 325, 278, -0.05272652208805084
17, 0, 7, 318, 256, -0.06918922811746597
17, 0, 8, 313, 238, -0.08081420511007309
17, 0, 9, 357, 300, -0.03798419609665871
17, 0, 10, 339, 320, -0.06920527666807175
17, 0, 11, 328, 347, -0.078010693192482
17, 0, 12, 324, 367, -0.07827698439359665
17, 0, 13, 379, 308, -0.04685182124376297
17, 0, 14, 361, 332, -0.07384981215000153
17, 0, 15, 352, 354, -0.07088521122932434
17, 0, 16, 349, 369, -0.0624353289604187
17, 0, 17, 399, 320, -0.05700170621275902
17, 0, 18, 385, 340, -0.07282702624797821
17, 0, 19, 377, 356, -0.06643670797348022
17, 0, 20, 374, 366, -0.05682957172393799
17, 1, 0, 200, 358, 4.386523073662829e-07
17, 1, 1, 226, 356, -0.02758934535086155
17, 1, 2, 245, 346, -0.04576963931322098
17, 1, 3, 252, 334, -0.06315954029560089
17, 1, 4, 259, 324, -0.08024945110082626
17, 1, 5, 241, 295, -0.03344114124774933
17, 1, 6, 250, 269, -0.060400303453207016
17, 1, 7, 254, 249, -0.07992707937955856
17, 1, 8, 257, 233, -0.0924154594540596
17, 1, 9, 221, 291, -0.03590395674109459
17, 1, 10, 231, 274, -0.06382748484611511
17, 1, 11, 236, 263, -0.07910450547933578
17, 1, 12, 239, 253, -0.08694711327552795
17, 1, 13, 200, 296, -0.04114431515336037
17, 1, 14, 212, 302, -0.07129255682229996
17, 1, 15, 215, 319, -0.07186777144670486
17, 1, 16, 215, 332, -0.06566250324249268
17, 1, 17, 180, 309, -0.04918832331895828
17, 1, 18, 191, 316, -0.06960345059633255
17, 1, 19, 195, 328, -0.06572317332029343
17, 1, 20, 196, 339, -0.05812651664018631
18, 0, 0, 398, 366, -1.1946710287702444e-07
18, 0, 1, 369, 362, -0.0088547607883811
18, 0, 2, 341, 361, -0.024542924016714096
18, 0, 3, 321, 373, -0.043655168265104294
18, 0, 4, 312, 388, -0.06582069396972656
18, 0, 5, 345, 321, -0.026227235794067383
18, 0, 6, 331, 299, -0.0425008200109005
18, 0, 7, 322, 284, -0.05533716455101967
18, 0, 8, 316, 272, -0.06653251498937607
18, 0, 9, 366, 322, -0.03675295412540436
18, 0, 10, 339, 354, -0.0597318634390831
18, 0, 11, 333, 380, -0.0660846084356308
18, 0, 12, 335, 392, -0.06858298927545547
18, 0, 13, 387, 333, -0.047628410160541534
18, 0, 14, 360, 364, -0.06839654594659805
18, 0, 15, 357, 383, -0.0638720914721489
18, 0, 16, 359, 393, -0.05818519741296768
18, 0, 17, 407, 349, -0.059547822922468185
18, 0, 18, 388, 374, -0.07540985196828842
18, 0, 19, 384, 389, -0.06894352287054062
18, 0, 20, 386, 396, -0.06059620901942253
18, 1, 0, 0, 0, 0.0
18, 1, 1, 0, 0, 0.0
18, 1, 2, 0, 0, 0.0
18, 1, 3, 0, 0, 0.0
18, 1, 4, 0, 0, 0.0
18, 1, 5, 0, 0, 0.0
18, 1, 6, 0, 0, 0.0
18, 1, 7, 0, 0, 0.0
18, 1, 8, 0, 0, 0.0
18, 1, 9, 0, 0, 0.0
18, 1, 10, 0, 0, 0.0
18, 1, 11, 0, 0, 0.0
18, 1, 12, 0, 0, 0.0
18, 1, 13, 0, 0, 0.0
18, 1, 14, 0, 0, 0.0
18, 1, 15, 0, 0, 0.0
18, 1, 16, 0, 0, 0.0
18, 1, 17, 0, 0, 0.0
18, 1, 18, 0, 0, 0.0
18, 1, 19, 0, 0, 0.0
18, 1, 20, 0, 0, 0.0
19, 0, 0, 0, 0, 0.0
19, 0, 1, 0, 0, 0.0
19, 0, 2, 0, 0, 0.0
19, 0, 3, 0, 0, 0.0
19, 0, 4, 0, 0, 0.0
19, 0, 5, 0, 0, 0.0
19, 0, 6, 0, 0, 0.0
19, 0, 7, 0, 0, 0.0
19, 0, 8, 0, 0, 0.0
19, 0, 9, 0, 0, 0.0
19, 0, 10, 0, 0, 0.0
19, 0, 11, 0, 0, 0.0
19, 0, 12, 0, 0, 0.0
19, 0, 13, 0, 0, 0.0
19, 0, 14, 0, 0, 0.0
19, 0, 15, 0, 0, 0.0
19, 0, 16, 0, 0, 0.0
19, 0, 17, 0, 0, 0.0
19, 0, 18, 0, 0, 0.0
19, 0, 19, 0, 0, 0.0
19, 0, 20, 0, 0, 0.0
19, 1, 0, 0, 0, 0.0
19, 1, 1, 0, 0, 0.0
19, 1, 2, 0, 0, 0.0
19, 1, 3, 0, 0, 0.0
19, 1, 4, 0, 0, 0.0
19, 1, 5, 0, 0, 0.0
19, 1, 6, 0, 0, 0.0
19, 1, 7, 0, 0, 0.0
19, 1, 8, 0, 0, 0.0
19, 1, 9, 0, 0, 0.0
19, 1, 10, 0, 0, 0.0
19, 1, 11, 0, 0, 0.0
19, 1, 12, 0, 0, 0.0
19, 1, 13, 0, 0, 0.0
19, 1, 14, 0, 0, 0.0
19, 1, 15, 0, 0, 0.0
19, 1, 16, 0, 0, 0.0
19, 1, 17, 0, 0, 0.0
19, 1, 18, 0, 0, 0.0
19, 1, 19, 0, 0, 0.0
19, 1, 20, 0, 0, 0.0
20, 0, 0, 473, 405, -2.095991220585347e-07
20, 0, 1, 433, 403, -0.0020018552895635366
20, 0, 2, 394, 410, -0.012153571471571922
20, 0, 3, 370, 426, -0.02348259836435318
20, 0, 4, 351, 437, -0.03710879012942314
20, 0, 5, 406, 373, -0.027632197365164757
20, 0, 6, 384, 376, -0.046396512538194656
20, 0, 7, 369, 379, -0.06066347286105156
20, 0, 8, 356, 381, -0.07179015874862671
20, 0, 9, 424, 382, -0.03901572898030281
20, 0, 10, 394, 417, -0.056775689125061035
20, 0, 11, 385, 439, -0.06587226688861847
20, 0, 12, 382, 452, -0.07480812072753906
20, 0, 13, 442, 399, -0.049523573368787766
20, 0, 14, 413, 435, -0.06876710057258606
20, 0, 15, 406, 448, -0.06969723850488663
20, 0, 16, 405, 453, -0.07025951892137527
20, 0, 17, 459, 419, -0.05920292064547539
20, 0, 18, 434, 447, -0.07706958800554276
20, 0, 19, 428, 457, -0.07704667001962662
20, 0, 20, 426, 459, -0.07564103603363037
20, 1, 0, 0, 0, 0.0
20, 1, 1, 0, 0, 0.0
20, 1, 2, 0, 0, 0.0
20, 1, 3, 0, 0, 0.0
20, 1, 4, 0, 0, 0.0
20, 1, 5, 0, 0, 0.0
20, 1, 6, 0, 0, 0.0
20, 1, 7, 0, 0, 0.0
20, 1, 8, 0, 0, 0.0
20, 1, 9, 0, 0, 0.0
20, 1, 10, 0, 0, 0.0
20, 1, 11, 0, 0, 0.0
20, 1, 12, 0, 0, 0.0
20, 1, 13, 0, 0, 0.0
20, 1, 14, 0, 0, 0.0
20, 1, 15, 0, 0, 0.0
20, 1, 16, 0, 0, 0.0
20, 1, 17, 0, 0, 0.0
20, 1, 18, 0, 0, 0.0
20, 1, 19, 0, 0, 0.0
20, 1, 20, 0, 0, 0.0
21, 0, 0, 483, 423, -2.3297339168948383e-07
21, 0, 1, 442, 420, -0.004533044528216124
21, 0, 2, 405, 427, -0.013556032441556454
21, 0, 3, 380, 440, -0.023178566247224808
21, 0, 4, 359, 449, -0.03481057286262512
21, 0, 5, 421, 391, -0.023748230189085007
21, 0, 6, 398, 397, -0.04180971533060074
21, 0, 7, 384, 408, -0.05613083764910698
21, 0, 8, 373, 420, -0.06636866927146912
21, 0, 9, 440, 403, -0.03304686024785042
21, 0, 10, 409, 429, -0.046045493334531784
21, 0, 11, 392, 449, -0.056187283247709274
21, 0, 12, 379, 465, -0.06709359586238861
21, 0, 13, 458, 421, -0.04222657531499863
21, 0, 14, 427, 448, -0.05639210343360901
21, 0, 15, 411, 463, -0.06063339114189148
21, 0, 16, 399, 473, -0.0651383027434349
21, 0, 17, 473, 442, -0.050909094512462616
21, 0, 18, 449, 465, -0.06513730436563492
21, 0, 19, 436, 474, -0.06644777953624725
21, 0, 20, 426, 478, -0.0671573355793953
21, 1, 0, 0, 0, 0.0
21, 1, 1, 0, 0, 0.0
21, 1, 2, 0, 0, 0.0
21, 1, 3, 0, 0, 0.0
21, 1, 4, 0, 0, 0.0
21, 1, 5, 0, 0, 0.0
21, 1, 6, 0, 0, 0.0
21, 1, 7, 0, 0, 0.0
21, 1, 8, 0, 0, 0.0
21, 1, 9, 0, 0, 0.0
21, 1, 10, 0, 0, 0.0
21, 1, 11, 0, 0, 0.0
21, 1, 12, 0, 0, 0.0
21, 1, 13, 0, 0, 0.0
21, 1, 14, 0, 0, 0.0
21, 1, 15, 0, 0, 0.0
21, 1, 16, 0, 0, 0.0
21, 1, 17, 0, 0, 0.0
21, 1, 18, 0, 0, 0.0
21, 1, 19, 0, 0, 0.0
21, 1, 20, 0, 0, 0.0
22, 0, 0, 483, 432, -2.55269213766951e-07
22, 0, 1, 444, 435, -0.014468781650066376
22, 0, 2, 409, 444, -0.029047096148133278
22, 0, 3, 382, 455, -0.0420549213886261
22, 0, 4, 358, 461, -0.057037219405174255
22, 0, 5, 425, 405, -0.0433691143989563
22, 0, 6, 400, 411, -0.06998546421527863
22, 0, 7, 386, 426, -0.08891363441944122
22, 0, 8, 379, 441, -0.10125934332609177
22, 0, 9, 443, 415, -0.048758573830127716
22, 0, 10, 409, 449, -0.07110107690095901
22, 0, 11, 392, 479, -0.08424411714076996
22, 0, 12, 383, 503, -0.09672078490257263
22, 0, 13, 461, 432, -0.05452103167772293
22, 0, 14, 428, 465, -0.07703705132007599
22, 0, 15, 412, 489, -0.08332916349172592
22, 0, 16, 403, 505, -0.08837465196847916
22, 0, 17, 477, 451, -0.060284145176410675
22, 0, 18, 451, 481, -0.08198289573192596
22, 0, 19, 437, 497, -0.08700285851955414
22, 0, 20, 429, 507, -0.08946402370929718
22, 1, 0, 0, 0, 0.0
22, 1, 1, 0, 0, 0.0
22, 1, 2, 0, 0, 0.0
22, 1, 3, 0, 0, 0.0
22, 1, 4, 0, 0, 0.0
22, 1, 5, 0, 0, 0.0
22, 1, 6, 0, 0, 0.0
22, 1, 7, 0, 0, 0.0
22, 1, 8, 0, 0, 0.0
22, 1, 9, 0, 0, 0.0
22, 1, 10, 0, 0, 0.0
22, 1, 11, 0, 0, 0.0
22, 1, 12, 0, 0, 0.0
22, 1, 13, 0, 0, 0.0
22, 1, 14, 0, 0, 0.0
22, 1, 15, 0, 0, 0.0
22, 1, 16, 0, 0, 0.0
22, 1, 17, 0, 0, 0.0
22, 1, 18, 0, 0, 0.0
22, 1, 19, 0, 0, 0.0
22, 1, 20, 0, 0, 0.0
23, 0, 0, 480, 435, -2.0703268432953337e-07
23, 0, 1, 444, 437, -0.013753283768892288
23, 0, 2, 411, 444, -0.027209673076868057
23, 0, 3, 384, 456, -0.038932908326387405
23, 0, 4, 361, 462, -0.05231234431266785
23, 0, 5, 424, 410, -0.04285756126046181
23, 0, 6, 402, 414, -0.06907209008932114
23, 0, 7, 387, 429, -0.08693616092205048
23, 0, 8, 376, 444, -0.09881841391324997
23, 0, 9, 443, 418, -0.04882388561964035
23, 0, 10, 411, 444, -0.07102584093809128
23, 0, 11, 394, 468, -0.08384285122156143
23, 0, 12, 381, 487, -0.09585131704807281
23, 0, 13, 461, 434, -0.055137358605861664
23, 0, 14, 431, 461, -0.07786641269922256
23, 0, 15, 413, 483, -0.08511476963758469
23, 0, 16, 399, 498, -0.09056013822555542
23, 0, 17, 477, 453, -0.061388224363327026
23, 0, 18, 454, 479, -0.08348477631807327
23, 0, 19, 439, 495, -0.09002669900655746
23, 0, 20, 428, 507, -0.09369693696498871
23, 1, 0, 0, 0, 0.0
23, 1, 1, 0, 0, 0.0
23, 1, 2, 0, 0, 0.0
23, 1, 3, 0, 0, 0.0
23, 1, 4, 0, 0, 0.0
23, 1, 5, 0, 0, 0.0
23, 1, 6, 0, 0, 0.0
23, 1, 7, 0, 0, 0.0
23, 1, 8, 0, 0, 0.0
23, 1, 9, 0, 0, 0.0
23, 1, 10, 0, 0, 0.0
23, 1, 11, 0, 0, 0.0
23, 1, 12, 0, 0, 0.0
23, 1, 13, 0, 0, 0.0
23, 1, 14, 0, 0, 0.0
23, 1, 15, 0, 0, 0.0
23, 1, 16, 0, 0, 0.0
23, 1, 17, 0, 0, 0.0
23, 1, 18, 0, 0, 0.0
23, 1, 19, 0, 0, 0.0
23, 1, 20, 0, 0, 0.0
24, 0, 0, 474, 439, -1.5064070169046317e-07
24, 0, 1, 439, 437, -0.01367716770619154
24, 0, 2, 405, 442, -0.028343845158815384
24, 0, 3, 379, 454, -0.04094978794455528
24, 0, 4, 356, 461, -0.055169928818941116
24, 0, 5, 421, 409, -0.0448203906416893
24, 0, 6, 399, 412, -0.0725296139717102
24, 0, 7, 383, 425, -0.09088771045207977
24, 0, 8, 373, 439, -0.10238625854253769
24, 0, 9, 439, 418, -0.05072345212101936
24, 0, 10, 404, 443, -0.07380137592554092
24, 0, 11, 385, 467, -0.08579812943935394
24, 0, 12, 373, 486, -0.09664075076580048
24, 0, 13, 456, 434, -0.05696161836385727
24, 0, 14, 424, 461, -0.07969485223293304
24, 0, 15, 404, 481, -0.08576138317584991
24, 0, 16, 390, 496, -0.08998128771781921
24, 0, 17, 471, 454, -0.06299357116222382
24, 0, 18, 446, 479, -0.08368285745382309
24, 0, 19, 430, 493, -0.088661327958107
24, 0, 20, 418, 503, -0.0912390947341919
24, 1, 0, 0, 0, 0.0
24, 1, 1, 0, 0, 0.0
24, 1, 2, 0, 0, 0.0
24, 1, 3, 0, 0, 0.0
24, 1, 4, 0, 0, 0.0
24, 1, 5, 0, 0, 0.0
24, 1, 6, 0, 0, 0.0
24, 1, 7, 0, 0, 0.0
24, 1, 8, 0, 0, 0.0
24, 1, 9, 0, 0, 0.0
24, 1, 10, 0, 0, 0.0
24, 1, 11, 0, 0, 0.0
24, 1, 12, 0, 0, 0.0
24, 1, 13, 0, 0, 0.0
24, 1, 14, 0, 0, 0.0
24, 1, 15, 0, 0, 0.0
24, 1, 16, 0, 0, 0.0
24, 1, 17, 0, 0, 0.0
24, 1, 18, 0, 0, 0.0
24, 1, 19, 0, 0, 0.0
24, 1, 20, 0, 0, 0.0
25, 0, 0, 469, 440, -1.8649014066340897e-07
25, 0, 1, 433, 437, -0.01671808958053589
25, 0, 2, 400, 442, -0.03254696726799011
25, 0, 3, 372, 453, -0.04591858386993408
25, 0, 4, 349, 461, -0.06060738489031792
25, 0, 5, 418, 408, -0.046676695346832275
25, 0, 6, 395, 409, -0.07493674755096436
25, 0, 7, 379, 423, -0.09318084269762039
25, 0, 8, 368, 438, -0.10449432581663132
25, 0, 9, 435, 418, -0.0507919080555439
25, 0, 10, 400, 442, -0.07498376071453094
25, 0, 11, 383, 468, -0.08557958155870438
25, 0, 12, 371, 487, -0.09509405493736267
25, 0, 13, 452, 435, -0.0558038055896759
25, 0, 14, 421, 459, -0.08008035272359848
25, 0, 15, 402, 479, -0.08488648384809494
25, 0, 16, 389, 494, -0.08761779963970184
25, 0, 17, 466, 454, -0.06091122701764107
25, 0, 18, 440, 477, -0.08273772895336151
25, 0, 19, 425, 491, -0.08727476745843887
25, 0, 20, 414, 501, -0.08905154466629028
25, 1, 0, 0, 0, 0.0
25, 1, 1, 0, 0, 0.0
25, 1, 2, 0, 0, 0.0
25, 1, 3, 0, 0, 0.0
25, 1, 4, 0, 0, 0.0
25, 1, 5, 0, 0, 0.0
25, 1, 6, 0, 0, 0.0
25, 1, 7, 0, 0, 0.0
25, 1, 8, 0, 0, 0.0
25, 1, 9, 0, 0, 0.0
25, 1, 10, 0, 0, 0.0
25, 1, 11, 0, 0, 0.0
25, 1, 12, 0, 0, 0.0
25, 1, 13, 0, 0, 0.0
25, 1, 14, 0, 0, 0.0
25, 1, 15, 0, 0, 0.0
25, 1, 16, 0, 0, 0.0
25, 1, 17, 0, 0, 0.0
25, 1, 18, 0, 0, 0.0
25, 1, 19, 0, 0, 0.0
25, 1, 20, 0, 0, 0.0
26, 0, 0, 465, 441, -2.35457605413103e-07
26, 0, 1, 428, 439, -0.017806733027100563
26, 0, 2, 396, 444, -0.034272704273462296
26, 0, 3, 368, 453, -0.04818153381347656
26, 0, 4, 344, 459, -0.06361031532287598
26, 0, 5, 413, 409, -0.05002439767122269
26, 0, 6, 393, 410, -0.07815846800804138
26, 0, 7, 376, 423, -0.09608929604291916
26, 0, 8, 363, 438, -0.10767225921154022
26, 0, 9, 432, 417, -0.054057519882917404
26, 0, 10, 397, 444, -0.08008123189210892
26, 0, 11, 380, 471, -0.09100630134344101
26, 0, 12, 369, 492, -0.10074914991855621
26, 0, 13, 449, 434, -0.05891135334968567
26, 0, 14, 416, 460, -0.08493481576442719
26, 0, 15, 398, 483, -0.09024454653263092
26, 0, 16, 388, 500, -0.09323443472385406
26, 0, 17, 464, 453, -0.06396535038948059
26, 0, 18, 436, 477, -0.08823784440755844
26, 0, 19, 419, 493, -0.09460333734750748
26, 0, 20, 408, 504, -0.09746117889881134
26, 1, 0, 0, 0, 0.0
26, 1, 1, 0, 0, 0.0
26, 1, 2, 0, 0, 0.0
26, 1, 3, 0, 0, 0.0
26, 1, 4, 0, 0, 0.0
26, 1, 5, 0, 0, 0.0
26, 1, 6, 0, 0, 0.0
26, 1, 7, 0, 0, 0.0
26, 1, 8, 0, 0, 0.0
26, 1, 9, 0, 0, 0.0
26, 1, 10, 0, 0, 0.0
26, 1, 11, 0, 0, 0.0
26, 1, 12, 0, 0, 0.0
26, 1, 13, 0, 0, 0.0
26, 1, 14, 0, 0, 0.0
26, 1, 15, 0, 0, 0.0
26, 1, 16, 0, 0, 0.0
26, 1, 17, 0, 0, 0.0
26, 1, 18, 0, 0, 0.0
26, 1, 19, 0, 0, 0.0
26, 1, 20, 0, 0, 0.0
27, 0, 0, 465, 442, -2.0603143013886438e-07
27, 0, 1, 429, 440, -0.01654931716620922
27, 0, 2, 396, 443, -0.03256838768720627
27, 0, 3, 369, 454, -0.04672548919916153
27, 0, 4, 346, 460, -0.062435541301965714
27, 0, 5, 413, 409, -0.04485667124390602
27, 0, 6, 393, 412, -0.07241271436214447
27, 0, 7, 376, 425, -0.09120643883943558
27, 0, 8, 363, 439, -0.10340075939893723
27, 0, 9, 431, 419, -0.04969913139939308
27, 0, 10, 399, 442, -0.0732857957482338
27, 0, 11, 379, 465, -0.08474382013082504
27, 0, 12, 366, 483, -0.09532272815704346
27, 0, 13, 448, 435, -0.055502574890851974
27, 0, 14, 417, 460, -0.07876800745725632
27, 0, 15, 399, 479, -0.08362719416618347
27, 0, 16, 386, 494, -0.08698036521673203
27, 0, 17, 462, 453, -0.061742063611745834
27, 0, 18, 437, 478, -0.0832170620560646
27, 0, 19, 421, 492, -0.08805688470602036
27, 0, 20, 409, 502, -0.09030978381633759
27, 1, 0, 0, 0, 0.0
27, 1, 1, 0, 0, 0.0
27, 1, 2, 0, 0, 0.0
27, 1, 3, 0, 0, 0.0
27, 1, 4, 0, 0, 0.0
27, 1, 5, 0, 0, 0.0
27, 1, 6, 0, 0, 0.0
27, 1, 7, 0, 0, 0.0
27, 1, 8, 0, 0, 0.0
27, 1, 9, 0, 0, 0.0
27, 1, 10, 0, 0, 0.0
27, 1, 11, 0, 0, 0.0
27, 1, 12, 0, 0, 0.0
27, 1, 13, 0, 0, 0.0
27, 1, 14, 0, 0, 0.0
27, 1, 15, 0, 0, 0.0
27, 1, 16, 0, 0, 0.0
27, 1, 17, 0, 0, 0.0
27, 1, 18, 0, 0, 0.0
27, 1, 19, 0, 0, 0.0
27, 1, 20, 0, 0, 0.0
28, 0, 0, 462, 442, -2.2667515509056102e-07
28, 0, 1, 427, 440, -0.0181353148072958
28, 0, 2, 395, 445, -0.035545241087675095
28, 0, 3, 368, 456, -0.05034095421433449
28, 0, 4, 344, 463, -0.06707795709371567
28, 0, 5, 412, 411, -0.05116717889904976
28, 0, 6, 391, 415, -0.07985612750053406
28, 0, 7, 374, 428, -0.09865695238113403
28, 0, 8, 362, 442, -0.1109229251742363
28, 0, 9, 430, 421, -0.05517443269491196
28, 0, 10, 395, 449, -0.08130551129579544
28, 0, 11, 378, 477, -0.0926084816455841
28, 0, 12, 368, 498, -0.10260964930057526
28, 0, 13, 446, 438, -0.059916552156209946
28, 0, 14, 415, 465, -0.08555270731449127
28, 0, 15, 398, 487, -0.09074828773736954
28, 0, 16, 388, 503, -0.09388197958469391
28, 0, 17, 461, 456, -0.06495606899261475
28, 0, 18, 436, 481, -0.08873078972101212
28, 0, 19, 420, 496, -0.09454736113548279
28, 0, 20, 410, 507, -0.09714712202548981
28, 1, 0, 0, 0, 0.0
28, 1, 1, 0, 0, 0.0
28, 1, 2, 0, 0, 0.0
28, 1, 3, 0, 0, 0.0
28, 1, 4, 0, 0, 0.0
28, 1, 5, 0, 0, 0.0
28, 1, 6, 0, 0, 0.0
28, 1, 7, 0, 0, 0.0
28, 1, 8, 0, 0, 0.0
28, 1, 9, 0, 0, 0.0
28, 1, 10, 0, 0, 0.0
28, 1, 11, 0, 0, 0.0
28, 1, 12, 0, 0, 0.0
28, 1, 13, 0, 0, 0.0
28, 1, 14, 0, 0, 0.0
28, 1, 15, 0, 0, 0.0
28, 1, 16, 0, 0, 0.0
28, 1, 17, 0, 0, 0.0
28, 1, 18, 0, 0, 0.0
28, 1, 19, 0, 0, 0.0
28, 1, 20, 0, 0, 0.0
29, 0, 0, 461, 441, -2.1175983988541702e-07
29, 0, 1, 425, 439, -0.017584051936864853
29, 0, 2, 393, 445, -0.03429592028260231
29, 0, 3, 366, 457, -0.0485992431640625
29, 0, 4, 343, 464, -0.06479829549789429
29, 0, 5, 411, 412, -0.04838735610246658
29, 0, 6, 391, 416, -0.07662466168403625
29, 0, 7, 374, 429, -0.09549617767333984
29, 0, 8, 362, 442, -0.1078849732875824
29, 0, 9, 429, 422, -0.05252007022500038
29, 0, 10, 395, 450, -0.07768882811069489
29, 0, 11, 378, 477, -0.0890444964170456
29, 0, 12, 368, 497, -0.09923519194126129
29, 0, 13, 446, 439, -0.05749788135290146
29, 0, 14, 415, 465, -0.08239375799894333
29, 0, 15, 398, 486, -0.08747725188732147
29, 0, 16, 386, 501, -0.09057381004095078
29, 0, 17, 460, 457, -0.06275364011526108
29, 0, 18, 436, 481, -0.08577938377857208
29, 0, 19, 420, 496, -0.0912119671702385
29, 0, 20, 410, 506, -0.09356347471475601
29, 1, 0, 0, 0, 0.0
29, 1, 1, 0, 0, 0.0
29, 1, 2, 0, 0, 0.0
29, 1, 3, 0, 0, 0.0
29, 1, 4, 0, 0, 0.0
29, 1, 5, 0, 0, 0.0
29, 1, 6, 0, 0, 0.0
29, 1, 7, 0, 0, 0.0
29, 1, 8, 0, 0, 0.0
29, 1, 9, 0, 0, 0.0
29, 1, 10, 0, 0, 0.0
29, 1, 11, 0, 0, 0.0
29, 1, 12, 0, 0, 0.0
29, 1, 13, 0, 0, 0.0
29, 1, 14, 0, 0, 0.0
29, 1, 15, 0, 0, 0.0
29, 1, 16, 0, 0, 0.0
29, 1, 17, 0, 0, 0.0
29, 1, 18, 0, 0, 0.0
29, 1, 19, 0, 0, 0.0
29, 1, 20, 0, 0, 0.0
30, 0, 0, 461, 441, -1.961295623686965e-07
30, 0, 1, 426, 440, -0.0171155147254467
30, 0, 2, 394, 446, -0.033382292836904526
30, 0, 3, 367, 458, -0.04736630246043205
30, 0, 4, 344, 466, -0.0629555955529213
30, 0, 5, 410, 413, -0.04739074781537056
30, 0, 6, 390, 416, -0.07534424960613251
30, 0, 7, 373, 429, -0.09378310292959213
30, 0, 8, 361, 443, -0.1058465838432312
30, 0, 9, 428, 422, -0.051930952817201614
30, 0, 10, 397, 446, -0.07687237113714218
30, 0, 11, 379, 471, -0.08811969310045242
30, 0, 12, 368, 490, -0.09829562157392502
30, 0, 13, 446, 438, -0.057302575558423996
30, 0, 14, 417, 463, -0.08227737993001938
30, 0, 15, 399, 484, -0.08751180768013
30, 0, 16, 387, 499, -0.09075921028852463
30, 0, 17, 461, 456, -0.06298068910837173
30, 0, 18, 437, 480, -0.08660201728343964
30, 0, 19, 422, 496, -0.0925978422164917
30, 0, 20, 411, 507, -0.09535074234008789
30, 1, 0, 0, 0, 0.0
30, 1, 1, 0, 0, 0.0
30, 1, 2, 0, 0, 0.0
30, 1, 3, 0, 0, 0.0
30, 1, 4, 0, 0, 0.0
30, 1, 5, 0, 0, 0.0
30, 1, 6, 0, 0, 0.0
30, 1, 7, 0, 0, 0.0
30, 1, 8, 0, 0, 0.0
30, 1, 9, 0, 0, 0.0
30, 1, 10, 0, 0, 0.0
30, 1, 11, 0, 0, 0.0
30, 1, 12, 0, 0, 0.0
30, 1, 13, 0, 0, 0.0
30, 1, 14, 0, 0, 0.0
30, 1, 15, 0, 0, 0.0
30, 1, 16, 0, 0, 0.0
30, 1, 17, 0, 0, 0.0
30, 1, 18, 0, 0, 0.0
30, 1, 19, 0, 0, 0.0
30, 1, 20, 0, 0, 0.0
31, 0, 0, 460, 442, -1.624841843295144e-07
31, 0, 1, 425, 442, -0.01725214533507824
31, 0, 2, 394, 448, -0.03347053751349449
31, 0, 3, 367, 460, -0.047450609505176544
31, 0, 4, 344, 467, -0.06292040646076202
31, 0, 5, 410, 413, -0.04638739675283432
31, 0, 6, 390, 416, -0.07415742427110672
31, 0, 7, 373, 429, -0.09275902807712555
31, 0, 8, 361, 442, -0.10494232922792435
31, 0, 9, 429, 422, -0.05100991949439049
31, 0, 10, 398, 445, -0.07583579421043396
31, 0, 11, 380, 467, -0.08770771324634552
31, 0, 12, 369, 484, -0.09812333434820175
31, 0, 13, 446, 437, -0.05639571323990822
31, 0, 14, 417, 462, -0.08108199387788773
31, 0, 15, 400, 482, -0.08609922975301743
31, 0, 16, 389, 496, -0.08897675573825836
31, 0, 17, 461, 455, -0.06212330237030983
31, 0, 18, 438, 479, -0.08513449877500534
31, 0, 19, 424, 494, -0.09034901857376099
31, 0, 20, 413, 505, -0.09241517633199692
31, 1, 0, 0, 0, 0.0
31, 1, 1, 0, 0, 0.0
31, 1, 2, 0, 0, 0.0
31, 1, 3, 0, 0, 0.0
31, 1, 4, 0, 0, 0.0
31, 1, 5, 0, 0, 0.0
31, 1, 6, 0, 0, 0.0
31, 1, 7, 0, 0, 0.0
31, 1, 8, 0, 0, 0.0
31, 1, 9, 0, 0, 0.0
31, 1, 10, 0, 0, 0.0
31, 1, 11, 0, 0, 0.0
31, 1, 12, 0, 0, 0.0
31, 1, 13, 0, 0, 0.0
31, 1, 14, 0, 0, 0.0
31, 1, 15, 0, 0, 0.0
31, 1, 16, 0, 0, 0.0
31, 1, 17, 0, 0, 0.0
31, 1, 18, 0, 0, 0.0
31, 1, 19, 0, 0, 0.0
31, 1, 20, 0, 0, 0.0
32, 0, 0, 461, 443, -2.0100593189908977e-07
32, 0, 1, 425, 443, -0.01786147803068161
32, 0, 2, 394, 448, -0.03513030335307121
32, 0, 3, 368, 459, -0.05017383024096489
32, 0, 4, 345, 466, -0.06701662391424179
32, 0, 5, 411, 414, -0.04947824403643608
32, 0, 6, 391, 417, -0.07883959263563156
32, 0, 7, 375, 429, -0.09831707924604416
32, 0, 8, 362, 444, -0.11082759499549866
32, 0, 9, 429, 423, -0.053814664483070374
32, 0, 10, 397, 449, -0.07934585213661194
32, 0, 11, 379, 475, -0.09069322794675827
32, 0, 12, 368, 495, -0.10095228254795074
32, 0, 13, 447, 439, -0.05911482125520706
32, 0, 14, 418, 466, -0.08474166691303253
32, 0, 15, 400, 488, -0.08974380791187286
32, 0, 16, 390, 504, -0.0927097275853157
32, 0, 17, 463, 456, -0.06482996046543121
32, 0, 18, 439, 481, -0.08857768774032593
32, 0, 19, 425, 497, -0.09407112747430801
32, 0, 20, 415, 509, -0.09638731926679611
32, 1, 0, 0, 0, 0.0
32, 1, 1, 0, 0, 0.0
32, 1, 2, 0, 0, 0.0
32, 1, 3, 0, 0, 0.0
32, 1, 4, 0, 0, 0.0
32, 1, 5, 0, 0, 0.0
32, 1, 6, 0, 0, 0.0
32, 1, 7, 0, 0, 0.0
32, 1, 8, 0, 0, 0.0
32, 1, 9, 0, 0, 0.0
32, 1, 10, 0, 0, 0.0
32, 1, 11, 0, 0, 0.0
32, 1, 12, 0, 0, 0.0
32, 1, 13, 0, 0, 0.0
32, 1, 14, 0, 0, 0.0
32, 1, 15, 0, 0, 0.0
32, 1, 16, 0, 0, 0.0
32, 1, 17, 0, 0, 0.0
32, 1, 18, 0, 0, 0.0
32, 1, 19, 0, 0, 0.0
32, 1, 20, 0, 0, 0.0
33, 0, 0, 461, 443, -2.0457945026919333e-07
33, 0, 1, 425, 442, -0.016269827261567116
33, 0, 2, 394, 447, -0.031831294298172
33, 0, 3, 369, 459, -0.045710980892181396
33, 0, 4, 345, 466, -0.06140410155057907
33, 0, 5, 412, 414, -0.04403839632868767
33, 0, 6, 392, 417, -0.07093691825866699
33, 0, 7, 376, 429, -0.0890720784664154
33, 0, 8, 364, 443, -0.10081936419010162
33, 0, 9, 431, 423, -0.0486484132707119
33, 0, 10, 399, 449, -0.07213952392339706
33, 0, 11, 382, 472, -0.08344236016273499
33, 0, 12, 371, 489, -0.09377581626176834
33, 0, 13, 448, 439, -0.05414401367306709
33, 0, 14, 419, 466, -0.07797066867351532
33, 0, 15, 402, 486, -0.08267811685800552
33, 0, 16, 392, 500, -0.08551603555679321
33, 0, 17, 463, 457, -0.059985291212797165
33, 0, 18, 438, 482, -0.08218012005090714
33, 0, 19, 424, 496, -0.08675859123468399
33, 0, 20, 415, 508, -0.08847823739051819
33, 1, 0, 0, 0, 0.0
33, 1, 1, 0, 0, 0.0
33, 1, 2, 0, 0, 0.0
33, 1, 3, 0, 0, 0.0
33, 1, 4, 0, 0, 0.0
33, 1, 5, 0, 0, 0.0
33, 1, 6, 0, 0, 0.0
33, 1, 7, 0, 0, 0.0
33, 1, 8, 0, 0, 0.0
33, 1, 9, 0, 0, 0.0
33, 1, 10, 0, 0, 0.0
33, 1, 11, 0, 0, 0.0
33, 1, 12, 0, 0, 0.0
33, 1, 13, 0, 0, 0.0
33, 1, 14, 0, 0, 0.0
33, 1, 15, 0, 0, 0.0
33, 1, 16, 0, 0, 0.0
33, 1, 17, 0, 0, 0.0
33, 1, 18, 0, 0, 0.0
33, 1, 19, 0, 0, 0.0
33, 1, 20, 0, 0, 0.0
34, 0, 0, 462, 443, -1.745264057717577e-07
34, 0, 1, 426, 443, -0.017664611339569092
34, 0, 2, 395, 449, -0.03361738100647926
34, 0, 3, 369, 460, -0.04757321625947952
34, 0, 4, 345, 467, -0.0631941705942154
34, 0, 5, 412, 414, -0.04499414563179016
34, 0, 6, 393, 416, -0.07241620868444443
34, 0, 7, 377, 429, -0.09092912077903748
34, 0, 8, 365, 442, -0.10301410406827927
34, 0, 9, 431, 422, -0.04951714351773262
34, 0, 10, 401, 446, -0.07368785887956619
34, 0, 11, 385, 467, -0.08509980142116547
34, 0, 12, 375, 483, -0.09519323706626892
34, 0, 13, 448, 438, -0.055063646286726
34, 0, 14, 421, 463, -0.07950931042432785
34, 0, 15, 406, 482, -0.08409480005502701
34, 0, 16, 396, 495, -0.08666044473648071
34, 0, 17, 464, 455, -0.06113167852163315
34, 0, 18, 442, 480, -0.0840950757265091
34, 0, 19, 429, 494, -0.08881572633981705
34, 0, 20, 421, 504, -0.09046915918588638
34, 1, 0, 0, 0, 0.0
34, 1, 1, 0, 0, 0.0
34, 1, 2, 0, 0, 0.0
34, 1, 3, 0, 0, 0.0
34, 1, 4, 0, 0, 0.0
34, 1, 5, 0, 0, 0.0
34, 1, 6, 0, 0, 0.0
34, 1, 7, 0, 0, 0.0
34, 1, 8, 0, 0, 0.0
34, 1, 9, 0, 0, 0.0
34, 1, 10, 0, 0, 0.0
34, 1, 11, 0, 0, 0.0
34, 1, 12, 0, 0, 0.0
34, 1, 13, 0, 0, 0.0
34, 1, 14, 0, 0, 0.0
34, 1, 15, 0, 0, 0.0
34, 1, 16, 0, 0, 0.0
34, 1, 17, 0, 0, 0.0
34, 1, 18, 0, 0, 0.0
34, 1, 19, 0, 0, 0.0
34, 1, 20, 0, 0, 0.0
35, 0, 0, 461, 443, -1.9308811260998482e-07
35, 0, 1, 425, 443, -0.016810134053230286
35, 0, 2, 394, 448, -0.031757403165102005
35, 0, 3, 368, 460, -0.04493065923452377
35, 0, 4, 345, 467, -0.05986348167061806
35, 0, 5, 412, 414, -0.04278511181473732
35, 0, 6, 393, 416, -0.06868335604667664
35, 0, 7, 377, 429, -0.08615356683731079
35, 0, 8, 364, 443, -0.09778200834989548
35, 0, 9, 430, 423, -0.04701584577560425
35, 0, 10, 401, 447, -0.06980955600738525
35, 0, 11, 384, 469, -0.08094041049480438
35, 0, 12, 374, 486, -0.09113471955060959
35, 0, 13, 448, 438, -0.05220227316021919
35, 0, 14, 421, 465, -0.07532787322998047
35, 0, 15, 406, 483, -0.0801575556397438
35, 0, 16, 396, 496, -0.08330508321523666
35, 0, 17, 463, 455, -0.05786442011594772
35, 0, 18, 443, 479, -0.07988845556974411
35, 0, 19, 430, 493, -0.08479712903499603
35, 0, 20, 422, 503, -0.08685310930013657
35, 1, 0, 0, 0, 0.0
35, 1, 1, 0, 0, 0.0
35, 1, 2, 0, 0, 0.0
35, 1, 3, 0, 0, 0.0
35, 1, 4, 0, 0, 0.0
35, 1, 5, 0, 0, 0.0
35, 1, 6, 0, 0, 0.0
35, 1, 7, 0, 0, 0.0
35, 1, 8, 0, 0, 0.0
35, 1, 9, 0, 0, 0.0
35, 1, 10, 0, 0, 0.0
35, 1, 11, 0, 0, 0.0
35, 1, 12, 0, 0, 0.0
35, 1, 13, 0, 0, 0.0
35, 1, 14, 0, 0, 0.0
35, 1, 15, 0, 0, 0.0
35, 1, 16, 0, 0, 0.0
35, 1, 17, 0, 0, 0.0
35, 1, 18, 0, 0, 0.0
35, 1, 19, 0, 0, 0.0
35, 1, 20, 0, 0, 0.0
36, 0, 0, 460, 446, -2.0413720847045624e-07
36, 0, 1, 425, 444, -0.0175237488001585
36, 0, 2, 394, 449, -0.03304688632488251
36, 0, 3, 369, 460, -0.04655876010656357
36, 0, 4, 346, 466, -0.06186044588685036
36, 0, 5, 411, 414, -0.044868819415569305
36, 0, 6, 392, 417, -0.07132575660943985
36, 0, 7, 376, 429, -0.08914637565612793
36, 0, 8, 363, 443, -0.10103777796030045
36, 0, 9, 430, 423, -0.048951406031847
36, 0, 10, 399, 448, -0.07189749926328659
36, 0, 11, 382, 471, -0.08311142772436142
36, 0, 12, 370, 489, -0.09356487542390823
36, 0, 13, 448, 438, -0.05400627478957176
36, 0, 14, 420, 466, -0.07749047875404358
36, 0, 15, 404, 486, -0.08248493820428848
36, 0, 16, 394, 500, -0.0858374834060669
36, 0, 17, 463, 455, -0.059608280658721924
36, 0, 18, 442, 481, -0.08250671625137329
36, 0, 19, 428, 496, -0.08803898096084595
36, 0, 20, 419, 507, -0.09048023074865341
36, 1, 0, 0, 0, 0.0
36, 1, 1, 0, 0, 0.0
36, 1, 2, 0, 0, 0.0
36, 1, 3, 0, 0, 0.0
36, 1, 4, 0, 0, 0.0
36, 1, 5, 0, 0, 0.0
36, 1, 6, 0, 0, 0.0
36, 1, 7, 0, 0, 0.0
36, 1, 8, 0, 0, 0.0
36, 1, 9, 0, 0, 0.0
36, 1, 10, 0, 0, 0.0
36, 1, 11, 0, 0, 0.0
36, 1, 12, 0, 0, 0.0
36, 1, 13, 0, 0, 0.0
36, 1, 14, 0, 0, 0.0
36, 1, 15, 0, 0, 0.0
36, 1, 16, 0, 0, 0.0
36, 1, 17, 0, 0, 0.0
36, 1, 18, 0, 0, 0.0
36, 1, 19, 0, 0, 0.0
36, 1, 20, 0, 0, 0.0
37, 0, 0, 461, 446, -2.021523073381104e-07
37, 0, 1, 424, 446, -0.01832057721912861
37, 0, 2, 393, 450, -0.03482934832572937
37, 0, 3, 368, 460, -0.049515947699546814
37, 0, 4, 344, 466, -0.06584662199020386
37, 0, 5, 412, 415, -0.045725274831056595
37, 0, 6, 393, 416, -0.07336700707674026
37, 0, 7, 376, 429, -0.09221839159727097
37, 0, 8, 364, 443, -0.10468170046806335
37, 0, 9, 432, 423, -0.05007730796933174
37, 0, 10, 402, 446, -0.07524469494819641
37, 0, 11, 385, 468, -0.08730954676866531
37, 0, 12, 374, 484, -0.09781651943922043
37, 0, 13, 449, 438, -0.0554623156785965
37, 0, 14, 421, 464, -0.08046399056911469
37, 0, 15, 405, 483, -0.08522620797157288
37, 0, 16, 395, 497, -0.08808816224336624
37, 0, 17, 464, 454, -0.061527542769908905
37, 0, 18, 442, 479, -0.08520510047674179
37, 0, 19, 429, 493, -0.09024998545646667
37, 0, 20, 420, 504, -0.09211423248052597
37, 1, 0, 0, 0, 0.0
37, 1, 1, 0, 0, 0.0
37, 1, 2, 0, 0, 0.0
37, 1, 3, 0, 0, 0.0
37, 1, 4, 0, 0, 0.0
37, 1, 5, 0, 0, 0.0
37, 1, 6, 0, 0, 0.0
37, 1, 7, 0, 0, 0.0
37, 1, 8, 0, 0, 0.0
37, 1, 9, 0, 0, 0.0
37, 1, 10, 0, 0, 0.0
37, 1, 11, 0, 0, 0.0
37, 1, 12, 0, 0, 0.0
37, 1, 13, 0, 0, 0.0
37, 1, 14, 0, 0, 0.0
37, 1, 15, 0, 0, 0.0
37, 1, 16, 0, 0, 0.0
37, 1, 17, 0, 0, 0.0
37, 1, 18, 0, 0, 0.0
37, 1, 19, 0, 0, 0.0
37, 1, 20, 0, 0, 0.0
38, 0, 0, 461, 445, -2.1026428953518916e-07
38, 0, 1, 424, 445, -0.017234133556485176
38, 0, 2, 394, 449, -0.03331739827990532
38, 0, 3, 368, 459, -0.04776192829012871
38, 0, 4, 345, 466, -0.0640585795044899
38, 0, 5, 412, 414, -0.04417089745402336
38, 0, 6, 392, 416, -0.07115956395864487
38, 0, 7, 376, 429, -0.08953613042831421
38, 0, 8, 363, 443, -0.1016852930188179
38, 0, 9, 432, 423, -0.048648133873939514
38, 0, 10, 402, 447, -0.0733141154050827
38, 0, 11, 386, 469, -0.08501192927360535
38, 0, 12, 376, 485, -0.09513397514820099
38, 0, 13, 449, 438, -0.0540078729391098
38, 0, 14, 421, 464, -0.07878977805376053
38, 0, 15, 406, 484, -0.0832514539361
38, 0, 16, 397, 499, -0.0857868567109108
38, 0, 17, 464, 454, -0.05992881581187248
38, 0, 18, 443, 479, -0.08346464484930038
38, 0, 19, 431, 493, -0.08814781159162521
38, 0, 20, 423, 504, -0.08957602828741074
38, 1, 0, 0, 0, 0.0
38, 1, 1, 0, 0, 0.0
38, 1, 2, 0, 0, 0.0
38, 1, 3, 0, 0, 0.0
38, 1, 4, 0, 0, 0.0
38, 1, 5, 0, 0, 0.0
38, 1, 6, 0, 0, 0.0
38, 1, 7, 0, 0, 0.0
38, 1, 8, 0, 0, 0.0
38, 1, 9, 0, 0, 0.0
38, 1, 10, 0, 0, 0.0
38, 1, 11, 0, 0, 0.0
38, 1, 12, 0, 0, 0.0
38, 1, 13, 0, 0, 0.0
38, 1, 14, 0, 0, 0.0
38, 1, 15, 0, 0, 0.0
38, 1, 16, 0, 0, 0.0
38, 1, 17, 0, 0, 0.0
38, 1, 18, 0, 0, 0.0
38, 1, 19, 0, 0, 0.0
38, 1, 20, 0, 0, 0.0
39, 0, 0, 461, 446, -1.966054838931086e-07
39, 0, 1, 425, 445, -0.0164500679820776
39, 0, 2, 395, 449, -0.03177415207028389
39, 0, 3, 369, 459, -0.04547407478094101
39, 0, 4, 346, 466, -0.060922566801309586
39, 0, 5, 412, 415, -0.04274783656001091
39, 0, 6, 392, 417, -0.0686347559094429
39, 0, 7, 376, 429, -0.08636096119880676
39, 0, 8, 364, 443, -0.09811066091060638
39, 0, 9, 431, 423, -0.047410748898983
39, 0, 10, 403, 445, -0.0709066316485405
39, 0, 11, 386, 465, -0.08230661600828171
39, 0, 12, 375, 480, -0.0922752097249031
39, 0, 13, 449, 438, -0.05286460742354393
39, 0, 14, 423, 463, -0.07620085775852203
39, 0, 15, 407, 481, -0.08076149225234985
39, 0, 16, 396, 495, -0.0836041271686554
39, 0, 17, 463, 454, -0.05883590877056122
39, 0, 18, 444, 479, -0.08116871118545532
39, 0, 19, 432, 493, -0.08563107252120972
39, 0, 20, 423, 503, -0.08712099492549896
39, 1, 0, 0, 0, 0.0
39, 1, 1, 0, 0, 0.0
39, 1, 2, 0, 0, 0.0
39, 1, 3, 0, 0, 0.0
39, 1, 4, 0, 0, 0.0
39, 1, 5, 0, 0, 0.0
39, 1, 6, 0, 0, 0.0
39, 1, 7, 0, 0, 0.0
39, 1, 8, 0, 0, 0.0
39, 1, 9, 0, 0, 0.0
39, 1, 10, 0, 0, 0.0
39, 1, 11, 0, 0, 0.0
39, 1, 12, 0, 0, 0.0
39, 1, 13, 0, 0, 0.0
39, 1, 14, 0, 0, 0.0
39, 1, 15, 0, 0, 0.0
39, 1, 16, 0, 0, 0.0
39, 1, 17, 0, 0, 0.0
39, 1, 18, 0, 0, 0.0
39, 1, 19, 0, 0, 0.0
39, 1, 20, 0, 0, 0.0
40, 0, 0, 460, 447, -2.0397823163875728e-07
40, 0, 1, 424, 445, -0.01865447126328945
40, 0, 2, 394, 448, -0.036466334015131
40, 0, 3, 368, 458, -0.052058812230825424
40, 0, 4, 345, 466, -0.06954437494277954
40, 0, 5, 411, 416, -0.05076547712087631
40, 0, 6, 391, 417, -0.08050443232059479
40, 0, 7, 375, 430, -0.10020480304956436
40, 0, 8, 363, 444, -0.11297088861465454
40, 0, 9, 431, 424, -0.05535396188497543
40, 0, 10, 402, 447, -0.08269210159778595
40, 0, 11, 386, 470, -0.09400918334722519
40, 0, 12, 377, 487, -0.10342911630868912
40, 0, 13, 449, 439, -0.06079473719000816
40, 0, 14, 422, 464, -0.08740895241498947
40, 0, 15, 407, 484, -0.09103827178478241
40, 0, 16, 398, 499, -0.09280012547969818
40, 0, 17, 464, 455, -0.06685570627450943
40, 0, 18, 444, 480, -0.09144041687250137
40, 0, 19, 432, 494, -0.09565724432468414
40, 0, 20, 425, 505, -0.09666388481855392
40, 1, 0, 0, 0, 0.0
40, 1, 1, 0, 0, 0.0
40, 1, 2, 0, 0, 0.0
40, 1, 3, 0, 0, 0.0
40, 1, 4, 0, 0, 0.0
40, 1, 5, 0, 0, 0.0
40, 1, 6, 0, 0, 0.0
40, 1, 7, 0, 0, 0.0
40, 1, 8, 0, 0, 0.0
40, 1, 9, 0, 0, 0.0
40, 1, 10, 0, 0, 0.0
40, 1, 11, 0, 0, 0.0
40, 1, 12, 0, 0, 0.0
40, 1, 13, 0, 0, 0.0
40, 1, 14, 0, 0, 0.0
40, 1, 15, 0, 0, 0.0
40, 1, 16, 0, 0, 0.0
40, 1, 17, 0, 0, 0.0
40, 1, 18, 0, 0, 0.0
40, 1, 19, 0, 0, 0.0
40, 1, 20, 0, 0, 0.0
41, 0, 0, 461, 446, -2.179294256166031e-07
41, 0, 1, 424, 446, -0.017635686323046684
41, 0, 2, 393, 449, -0.0335041806101799
41, 0, 3, 367, 459, -0.04752192273736
41, 0, 4, 344, 466, -0.06345954537391663
41, 0, 5, 411, 416, -0.04611008241772652
41, 0, 6, 391, 417, -0.0732489675283432
41, 0, 7, 374, 430, -0.09124572575092316
41, 0, 8, 362, 445, -0.10308893024921417
41, 0, 9, 430, 424, -0.05037745460867882
41, 0, 10, 401, 447, -0.07519567757844925
41, 0, 11, 386, 470, -0.08610783517360687
41, 0, 12, 377, 486, -0.09562256932258606
41, 0, 13, 448, 439, -0.055520713329315186
41, 0, 14, 422, 464, -0.08052723109722137
41, 0, 15, 408, 485, -0.08466169238090515
41, 0, 16, 400, 500, -0.08701682835817337
41, 0, 17, 464, 454, -0.061235830187797546
41, 0, 18, 445, 478, -0.08542045950889587
41, 0, 19, 435, 493, -0.09026632457971573
41, 0, 20, 428, 504, -0.09173958748579025
41, 1, 0, 0, 0, 0.0
41, 1, 1, 0, 0, 0.0
41, 1, 2, 0, 0, 0.0
41, 1, 3, 0, 0, 0.0
41, 1, 4, 0, 0, 0.0
41, 1, 5, 0, 0, 0.0
41, 1, 6, 0, 0, 0.0
41, 1, 7, 0, 0, 0.0
41, 1, 8, 0, 0, 0.0
41, 1, 9, 0, 0, 0.0
41, 1, 10, 0, 0, 0.0
41, 1, 11, 0, 0, 0.0
41, 1, 12, 0, 0, 0.0
41, 1, 13, 0, 0, 0.0
41, 1, 14, 0, 0, 0.0
41, 1, 15, 0, 0, 0.0
41, 1, 16, 0, 0, 0.0
41, 1, 17, 0, 0, 0.0
41, 1, 18, 0, 0, 0.0
41, 1, 19, 0, 0, 0.0
41, 1, 20, 0, 0, 0.0
42, 0, 0, 460, 448, -2.4352499394808547e-07
42, 0, 1, 422, 449, -0.017752323299646378
42, 0, 2, 391, 451, -0.03373545780777931
42, 0, 3, 366, 460, -0.04774704575538635
42, 0, 4, 343, 468, -0.06375328451395035
42, 0, 5, 409, 417, -0.047824677079916
42, 0, 6, 390, 418, -0.07509076595306396
42, 0, 7, 374, 432, -0.09333855658769608
42, 0, 8, 361, 446, -0.10561150312423706
42, 0, 9, 429, 425, -0.05213377997279167
42, 0, 10, 399, 451, -0.076739102602005
42, 0, 11, 382, 476, -0.08817927539348602
42, 0, 12, 372, 495, -0.098780557513237
42, 0, 13, 447, 439, -0.05728575587272644
42, 0, 14, 419, 467, -0.08230572193861008
42, 0, 15, 404, 489, -0.08740966767072678
42, 0, 16, 396, 505, -0.09088330715894699
42, 0, 17, 463, 455, -0.06295158714056015
42, 0, 18, 442, 481, -0.08740102499723434
42, 0, 19, 429, 497, -0.09315654635429382
42, 0, 20, 422, 509, -0.09566888213157654
42, 1, 0, 0, 0, 0.0
42, 1, 1, 0, 0, 0.0
42, 1, 2, 0, 0, 0.0
42, 1, 3, 0, 0, 0.0
42, 1, 4, 0, 0, 0.0
42, 1, 5, 0, 0, 0.0
42, 1, 6, 0, 0, 0.0
42, 1, 7, 0, 0, 0.0
42, 1, 8, 0, 0, 0.0
42, 1, 9, 0, 0, 0.0
42, 1, 10, 0, 0, 0.0
42, 1, 11, 0, 0, 0.0
42, 1, 12, 0, 0, 0.0
42, 1, 13, 0, 0, 0.0
42, 1, 14, 0, 0, 0.0
42, 1, 15, 0, 0, 0.0
42, 1, 16, 0, 0, 0.0
42, 1, 17, 0, 0, 0.0
42, 1, 18, 0, 0, 0.0
42, 1, 19, 0, 0, 0.0
42, 1, 20, 0, 0, 0.0
