0, 0, 0, 0, 0, 0.0
0, 0, 1, 0, 0, 0.0
0, 0, 2, 0, 0, 0.0
0, 0, 3, 0, 0, 0.0
0, 0, 4, 0, 0, 0.0
0, 0, 5, 0, 0, 0.0
0, 0, 6, 0, 0, 0.0
0, 0, 7, 0, 0, 0.0
0, 0, 8, 0, 0, 0.0
0, 0, 9, 0, 0, 0.0
0, 0, 10, 0, 0, 0.0
0, 0, 11, 0, 0, 0.0
0, 0, 12, 0, 0, 0.0
0, 0, 13, 0, 0, 0.0
0, 0, 14, 0, 0, 0.0
0, 0, 15, 0, 0, 0.0
0, 0, 16, 0, 0, 0.0
0, 0, 17, 0, 0, 0.0
0, 0, 18, 0, 0, 0.0
0, 0, 19, 0, 0, 0.0
0, 0, 20, 0, 0, 0.0
0, 1, 0, 0, 0, 0.0
0, 1, 1, 0, 0, 0.0
0, 1, 2, 0, 0, 0.0
0, 1, 3, 0, 0, 0.0
0, 1, 4, 0, 0, 0.0
0, 1, 5, 0, 0, 0.0
0, 1, 6, 0, 0, 0.0
0, 1, 7, 0, 0, 0.0
0, 1, 8, 0, 0, 0.0
0, 1, 9, 0, 0, 0.0
0, 1, 10, 0, 0, 0.0
0, 1, 11, 0, 0, 0.0
0, 1, 12, 0, 0, 0.0
0, 1, 13, 0, 0, 0.0
0, 1, 14, 0, 0, 0.0
0, 1, 15, 0, 0, 0.0
0, 1, 16, 0, 0, 0.0
0, 1, 17, 0, 0, 0.0
0, 1, 18, 0, 0, 0.0
0, 1, 19, 0, 0, 0.0
0, 1, 20, 0, 0, 0.0
1, 0, 0, 0, 0, 0.0
1, 0, 1, 0, 0, 0.0
1, 0, 2, 0, 0, 0.0
1, 0, 3, 0, 0, 0.0
1, 0, 4, 0, 0, 0.0
1, 0, 5, 0, 0, 0.0
1, 0, 6, 0, 0, 0.0
1, 0, 7, 0, 0, 0.0
1, 0, 8, 0, 0, 0.0
1, 0, 9, 0, 0, 0.0
1, 0, 10, 0, 0, 0.0
1, 0, 11, 0, 0, 0.0
1, 0, 12, 0, 0, 0.0
1, 0, 13, 0, 0, 0.0
1, 0, 14, 0, 0, 0.0
1, 0, 15, 0, 0, 0.0
1, 0, 16, 0, 0, 0.0
1, 0, 17, 0, 0, 0.0
1, 0, 18, 0, 0, 0.0
1, 0, 19, 0, 0, 0.0
1, 0, 20, 0, 0, 0.0
1, 1, 0, 0, 0, 0.0
1, 1, 1, 0, 0, 0.0
1, 1, 2, 0, 0, 0.0
1, 1, 3, 0, 0, 0.0
1, 1, 4, 0, 0, 0.0
1, 1, 5, 0, 0, 0.0
1, 1, 6, 0, 0, 0.0
1, 1, 7, 0, 0, 0.0
1, 1, 8, 0, 0, 0.0
1, 1, 9, 0, 0, 0.0
1, 1, 10, 0, 0, 0.0
1, 1, 11, 0, 0, 0.0
1, 1, 12, 0, 0, 0.0
1, 1, 13, 0, 0, 0.0
1, 1, 14, 0, 0, 0.0
1, 1, 15, 0, 0, 0.0
1, 1, 16, 0, 0, 0.0
1, 1, 17, 0, 0, 0.0
1, 1, 18, 0, 0, 0.0
1, 1, 19, 0, 0, 0.0
1, 1, 20, 0, 0, 0.0
2, 0, 0, 0, 0, 0.0
2, 0, 1, 0, 0, 0.0
2, 0, 2, 0, 0, 0.0
2, 0, 3, 0, 0, 0.0
2, 0, 4, 0, 0, 0.0
2, 0, 5, 0, 0, 0.0
2, 0, 6, 0, 0, 0.0
2, 0, 7, 0, 0, 0.0
2, 0, 8, 0, 0, 0.0
2, 0, 9, 0, 0, 0.0
2, 0, 10, 0, 0, 0.0
2, 0, 11, 0, 0, 0.0
2, 0, 12, 0, 0, 0.0
2, 0, 13, 0, 0, 0.0
2, 0, 14, 0, 0, 0.0
2, 0, 15, 0, 0, 0.0
2, 0, 16, 0, 0, 0.0
2, 0, 17, 0, 0, 0.0
2, 0, 18, 0, 0, 0.0
2, 0, 19, 0, 0, 0.0
2, 0, 20, 0, 0, 0.0
2, 1, 0, 0, 0, 0.0
2, 1, 1, 0, 0, 0.0
2, 1, 2, 0, 0, 0.0
2, 1, 3, 0, 0, 0.0
2, 1, 4, 0, 0, 0.0
2, 1, 5, 0, 0, 0.0
2, 1, 6, 0, 0, 0.0
2, 1, 7, 0, 0, 0.0
2, 1, 8, 0, 0, 0.0
2, 1, 9, 0, 0, 0.0
2, 1, 10, 0, 0, 0.0
2, 1, 11, 0, 0, 0.0
2, 1, 12, 0, 0, 0.0
2, 1, 13, 0, 0, 0.0
2, 1, 14, 0, 0, 0.0
2, 1, 15, 0, 0, 0.0
2, 1, 16, 0, 0, 0.0
2, 1, 17, 0, 0, 0.0
2, 1, 18, 0, 0, 0.0
2, 1, 19, 0, 0, 0.0
2, 1, 20, 0, 0, 0.0
3, 0, 0, 0, 0, 0.0
3, 0, 1, 0, 0, 0.0
3, 0, 2, 0, 0, 0.0
3, 0, 3, 0, 0, 0.0
3, 0, 4, 0, 0, 0.0
3, 0, 5, 0, 0, 0.0
3, 0, 6, 0, 0, 0.0
3, 0, 7, 0, 0, 0.0
3, 0, 8, 0, 0, 0.0
3, 0, 9, 0, 0, 0.0
3, 0, 10, 0, 0, 0.0
3, 0, 11, 0, 0, 0.0
3, 0, 12, 0, 0, 0.0
3, 0, 13, 0, 0, 0.0
3, 0, 14, 0, 0, 0.0
3, 0, 15, 0, 0, 0.0
3, 0, 16, 0, 0, 0.0
3, 0, 17, 0, 0, 0.0
3, 0, 18, 0, 0, 0.0
3, 0, 19, 0, 0, 0.0
3, 0, 20, 0, 0, 0.0
3, 1, 0, 0, 0, 0.0
3, 1, 1, 0, 0, 0.0
3, 1, 2, 0, 0, 0.0
3, 1, 3, 0, 0, 0.0
3, 1, 4, 0, 0, 0.0
3, 1, 5, 0, 0, 0.0
3, 1, 6, 0, 0, 0.0
3, 1, 7, 0, 0, 0.0
3, 1, 8, 0, 0, 0.0
3, 1, 9, 0, 0, 0.0
3, 1, 10, 0, 0, 0.0
3, 1, 11, 0, 0, 0.0
3, 1, 12, 0, 0, 0.0
3, 1, 13, 0, 0, 0.0
3, 1, 14, 0, 0, 0.0
3, 1, 15, 0, 0, 0.0
3, 1, 16, 0, 0, 0.0
3, 1, 17, 0, 0, 0.0
3, 1, 18, 0, 0, 0.0
3, 1, 19, 0, 0, 0.0
3, 1, 20, 0, 0, 0.0
4, 0, 0, 0, 0, 0.0
4, 0, 1, 0, 0, 0.0
4, 0, 2, 0, 0, 0.0
4, 0, 3, 0, 0, 0.0
4, 0, 4, 0, 0, 0.0
4, 0, 5, 0, 0, 0.0
4, 0, 6, 0, 0, 0.0
4, 0, 7, 0, 0, 0.0
4, 0, 8, 0, 0, 0.0
4, 0, 9, 0, 0, 0.0
4, 0, 10, 0, 0, 0.0
4, 0, 11, 0, 0, 0.0
4, 0, 12, 0, 0, 0.0
4, 0, 13, 0, 0, 0.0
4, 0, 14, 0, 0, 0.0
4, 0, 15, 0, 0, 0.0
4, 0, 16, 0, 0, 0.0
4, 0, 17, 0, 0, 0.0
4, 0, 18, 0, 0, 0.0
4, 0, 19, 0, 0, 0.0
4, 0, 20, 0, 0, 0.0
4, 1, 0, 0, 0, 0.0
4, 1, 1, 0, 0, 0.0
4, 1, 2, 0, 0, 0.0
4, 1, 3, 0, 0, 0.0
4, 1, 4, 0, 0, 0.0
4, 1, 5, 0, 0, 0.0
4, 1, 6, 0, 0, 0.0
4, 1, 7, 0, 0, 0.0
4, 1, 8, 0, 0, 0.0
4, 1, 9, 0, 0, 0.0
4, 1, 10, 0, 0, 0.0
4, 1, 11, 0, 0, 0.0
4, 1, 12, 0, 0, 0.0
4, 1, 13, 0, 0, 0.0
4, 1, 14, 0, 0, 0.0
4, 1, 15, 0, 0, 0.0
4, 1, 16, 0, 0, 0.0
4, 1, 17, 0, 0, 0.0
4, 1, 18, 0, 0, 0.0
4, 1, 19, 0, 0, 0.0
4, 1, 20, 0, 0, 0.0
5, 0, 0, 0, 0, 0.0
5, 0, 1, 0, 0, 0.0
5, 0, 2, 0, 0, 0.0
5, 0, 3, 0, 0, 0.0
5, 0, 4, 0, 0, 0.0
5, 0, 5, 0, 0, 0.0
5, 0, 6, 0, 0, 0.0
5, 0, 7, 0, 0, 0.0
5, 0, 8, 0, 0, 0.0
5, 0, 9, 0, 0, 0.0
5, 0, 10, 0, 0, 0.0
5, 0, 11, 0, 0, 0.0
5, 0, 12, 0, 0, 0.0
5, 0, 13, 0, 0, 0.0
5, 0, 14, 0, 0, 0.0
5, 0, 15, 0, 0, 0.0
5, 0, 16, 0, 0, 0.0
5, 0, 17, 0, 0, 0.0
5, 0, 18, 0, 0, 0.0
5, 0, 19, 0, 0, 0.0
5, 0, 20, 0, 0, 0.0
5, 1, 0, 0, 0, 0.0
5, 1, 1, 0, 0, 0.0
5, 1, 2, 0, 0, 0.0
5, 1, 3, 0, 0, 0.0
5, 1, 4, 0, 0, 0.0
5, 1, 5, 0, 0, 0.0
5, 1, 6, 0, 0, 0.0
5, 1, 7, 0, 0, 0.0
5, 1, 8, 0, 0, 0.0
5, 1, 9, 0, 0, 0.0
5, 1, 10, 0, 0, 0.0
5, 1, 11, 0, 0, 0.0
5, 1, 12, 0, 0, 0.0
5, 1, 13, 0, 0, 0.0
5, 1, 14, 0, 0, 0.0
5, 1, 15, 0, 0, 0.0
5, 1, 16, 0, 0, 0.0
5, 1, 17, 0, 0, 0.0
5, 1, 18, 0, 0, 0.0
5, 1, 19, 0, 0, 0.0
5, 1, 20, 0, 0, 0.0
6, 0, 0, 0, 0, 0.0
6, 0, 1, 0, 0, 0.0
6, 0, 2, 0, 0, 0.0
6, 0, 3, 0, 0, 0.0
6, 0, 4, 0, 0, 0.0
6, 0, 5, 0, 0, 0.0
6, 0, 6, 0, 0, 0.0
6, 0, 7, 0, 0, 0.0
6, 0, 8, 0, 0, 0.0
6, 0, 9, 0, 0, 0.0
6, 0, 10, 0, 0, 0.0
6, 0, 11, 0, 0, 0.0
6, 0, 12, 0, 0, 0.0
6, 0, 13, 0, 0, 0.0
6, 0, 14, 0, 0, 0.0
6, 0, 15, 0, 0, 0.0
6, 0, 16, 0, 0, 0.0
6, 0, 17, 0, 0, 0.0
6, 0, 18, 0, 0, 0.0
6, 0, 19, 0, 0, 0.0
6, 0, 20, 0, 0, 0.0
6, 1, 0, 0, 0, 0.0
6, 1, 1, 0, 0, 0.0
6, 1, 2, 0, 0, 0.0
6, 1, 3, 0, 0, 0.0
6, 1, 4, 0, 0, 0.0
6, 1, 5, 0, 0, 0.0
6, 1, 6, 0, 0, 0.0
6, 1, 7, 0, 0, 0.0
6, 1, 8, 0, 0, 0.0
6, 1, 9, 0, 0, 0.0
6, 1, 10, 0, 0, 0.0
6, 1, 11, 0, 0, 0.0
6, 1, 12, 0, 0, 0.0
6, 1, 13, 0, 0, 0.0
6, 1, 14, 0, 0, 0.0
6, 1, 15, 0, 0, 0.0
6, 1, 16, 0, 0, 0.0
6, 1, 17, 0, 0, 0.0
6, 1, 18, 0, 0, 0.0
6, 1, 19, 0, 0, 0.0
6, 1, 20, 0, 0, 0.0
7, 0, 0, 0, 0, 0.0
7, 0, 1, 0, 0, 0.0
7, 0, 2, 0, 0, 0.0
7, 0, 3, 0, 0, 0.0
7, 0, 4, 0, 0, 0.0
7, 0, 5, 0, 0, 0.0
7, 0, 6, 0, 0, 0.0
7, 0, 7, 0, 0, 0.0
7, 0, 8, 0, 0, 0.0
7, 0, 9, 0, 0, 0.0
7, 0, 10, 0, 0, 0.0
7, 0, 11, 0, 0, 0.0
7, 0, 12, 0, 0, 0.0
7, 0, 13, 0, 0, 0.0
7, 0, 14, 0, 0, 0.0
7, 0, 15, 0, 0, 0.0
7, 0, 16, 0, 0, 0.0
7, 0, 17, 0, 0, 0.0
7, 0, 18, 0, 0, 0.0
7, 0, 19, 0, 0, 0.0
7, 0, 20, 0, 0, 0.0
7, 1, 0, 0, 0, 0.0
7, 1, 1, 0, 0, 0.0
7, 1, 2, 0, 0, 0.0
7, 1, 3, 0, 0, 0.0
7, 1, 4, 0, 0, 0.0
7, 1, 5, 0, 0, 0.0
7, 1, 6, 0, 0, 0.0
7, 1, 7, 0, 0, 0.0
7, 1, 8, 0, 0, 0.0
7, 1, 9, 0, 0, 0.0
7, 1, 10, 0, 0, 0.0
7, 1, 11, 0, 0, 0.0
7, 1, 12, 0, 0, 0.0
7, 1, 13, 0, 0, 0.0
7, 1, 14, 0, 0, 0.0
7, 1, 15, 0, 0, 0.0
7, 1, 16, 0, 0, 0.0
7, 1, 17, 0, 0, 0.0
7, 1, 18, 0, 0, 0.0
7, 1, 19, 0, 0, 0.0
7, 1, 20, 0, 0, 0.0
8, 0, 0, 0, 0, 0.0
8, 0, 1, 0, 0, 0.0
8, 0, 2, 0, 0, 0.0
8, 0, 3, 0, 0, 0.0
8, 0, 4, 0, 0, 0.0
8, 0, 5, 0, 0, 0.0
8, 0, 6, 0, 0, 0.0
8, 0, 7, 0, 0, 0.0
8, 0, 8, 0, 0, 0.0
8, 0, 9, 0, 0, 0.0
8, 0, 10, 0, 0, 0.0
8, 0, 11, 0, 0, 0.0
8, 0, 12, 0, 0, 0.0
8, 0, 13, 0, 0, 0.0
8, 0, 14, 0, 0, 0.0
8, 0, 15, 0, 0, 0.0
8, 0, 16, 0, 0, 0.0
8, 0, 17, 0, 0, 0.0
8, 0, 18, 0, 0, 0.0
8, 0, 19, 0, 0, 0.0
8, 0, 20, 0, 0, 0.0
8, 1, 0, 0, 0, 0.0
8, 1, 1, 0, 0, 0.0
8, 1, 2, 0, 0, 0.0
8, 1, 3, 0, 0, 0.0
8, 1, 4, 0, 0, 0.0
8, 1, 5, 0, 0, 0.0
8, 1, 6, 0, 0, 0.0
8, 1, 7, 0, 0, 0.0
8, 1, 8, 0, 0, 0.0
8, 1, 9, 0, 0, 0.0
8, 1, 10, 0, 0, 0.0
8, 1, 11, 0, 0, 0.0
8, 1, 12, 0, 0, 0.0
8, 1, 13, 0, 0, 0.0
8, 1, 14, 0, 0, 0.0
8, 1, 15, 0, 0, 0.0
8, 1, 16, 0, 0, 0.0
8, 1, 17, 0, 0, 0.0
8, 1, 18, 0, 0, 0.0
8, 1, 19, 0, 0, 0.0
8, 1, 20, 0, 0, 0.0
9, 0, 0, 0, 0, 0.0
9, 0, 1, 0, 0, 0.0
9, 0, 2, 0, 0, 0.0
9, 0, 3, 0, 0, 0.0
9, 0, 4, 0, 0, 0.0
9, 0, 5, 0, 0, 0.0
9, 0, 6, 0, 0, 0.0
9, 0, 7, 0, 0, 0.0
9, 0, 8, 0, 0, 0.0
9, 0, 9, 0, 0, 0.0
9, 0, 10, 0, 0, 0.0
9, 0, 11, 0, 0, 0.0
9, 0, 12, 0, 0, 0.0
9, 0, 13, 0, 0, 0.0
9, 0, 14, 0, 0, 0.0
9, 0, 15, 0, 0, 0.0
9, 0, 16, 0, 0, 0.0
9, 0, 17, 0, 0, 0.0
9, 0, 18, 0, 0, 0.0
9, 0, 19, 0, 0, 0.0
9, 0, 20, 0, 0, 0.0
9, 1, 0, 0, 0, 0.0
9, 1, 1, 0, 0, 0.0
9, 1, 2, 0, 0, 0.0
9, 1, 3, 0, 0, 0.0
9, 1, 4, 0, 0, 0.0
9, 1, 5, 0, 0, 0.0
9, 1, 6, 0, 0, 0.0
9, 1, 7, 0, 0, 0.0
9, 1, 8, 0, 0, 0.0
9, 1, 9, 0, 0, 0.0
9, 1, 10, 0, 0, 0.0
9, 1, 11, 0, 0, 0.0
9, 1, 12, 0, 0, 0.0
9, 1, 13, 0, 0, 0.0
9, 1, 14, 0, 0, 0.0
9, 1, 15, 0, 0, 0.0
9, 1, 16, 0, 0, 0.0
9, 1, 17, 0, 0, 0.0
9, 1, 18, 0, 0, 0.0
9, 1, 19, 0, 0, 0.0
9, 1, 20, 0, 0, 0.0
10, 0, 0, 0, 0, 0.0
10, 0, 1, 0, 0, 0.0
10, 0, 2, 0, 0, 0.0
10, 0, 3, 0, 0, 0.0
10, 0, 4, 0, 0, 0.0
10, 0, 5, 0, 0, 0.0
10, 0, 6, 0, 0, 0.0
10, 0, 7, 0, 0, 0.0
10, 0, 8, 0, 0, 0.0
10, 0, 9, 0, 0, 0.0
10, 0, 10, 0, 0, 0.0
10, 0, 11, 0, 0, 0.0
10, 0, 12, 0, 0, 0.0
10, 0, 13, 0, 0, 0.0
10, 0, 14, 0, 0, 0.0
10, 0, 15, 0, 0, 0.0
10, 0, 16, 0, 0, 0.0
10, 0, 17, 0, 0, 0.0
10, 0, 18, 0, 0, 0.0
10, 0, 19, 0, 0, 0.0
10, 0, 20, 0, 0, 0.0
10, 1, 0, 0, 0, 0.0
10, 1, 1, 0, 0, 0.0
10, 1, 2, 0, 0, 0.0
10, 1, 3, 0, 0, 0.0
10, 1, 4, 0, 0, 0.0
10, 1, 5, 0, 0, 0.0
10, 1, 6, 0, 0, 0.0
10, 1, 7, 0, 0, 0.0
10, 1, 8, 0, 0, 0.0
10, 1, 9, 0, 0, 0.0
10, 1, 10, 0, 0, 0.0
10, 1, 11, 0, 0, 0.0
10, 1, 12, 0, 0, 0.0
10, 1, 13, 0, 0, 0.0
10, 1, 14, 0, 0, 0.0
10, 1, 15, 0, 0, 0.0
10, 1, 16, 0, 0, 0.0
10, 1, 17, 0, 0, 0.0
10, 1, 18, 0, 0, 0.0
10, 1, 19, 0, 0, 0.0
10, 1, 20, 0, 0, 0.0
11, 0, 0, 0, 0, 0.0
11, 0, 1, 0, 0, 0.0
11, 0, 2, 0, 0, 0.0
11, 0, 3, 0, 0, 0.0
11, 0, 4, 0, 0, 0.0
11, 0, 5, 0, 0, 0.0
11, 0, 6, 0, 0, 0.0
11, 0, 7, 0, 0, 0.0
11, 0, 8, 0, 0, 0.0
11, 0, 9, 0, 0, 0.0
11, 0, 10, 0, 0, 0.0
11, 0, 11, 0, 0, 0.0
11, 0, 12, 0, 0, 0.0
11, 0, 13, 0, 0, 0.0
11, 0, 14, 0, 0, 0.0
11, 0, 15, 0, 0, 0.0
11, 0, 16, 0, 0, 0.0
11, 0, 17, 0, 0, 0.0
11, 0, 18, 0, 0, 0.0
11, 0, 19, 0, 0, 0.0
11, 0, 20, 0, 0, 0.0
11, 1, 0, 0, 0, 0.0
11, 1, 1, 0, 0, 0.0
11, 1, 2, 0, 0, 0.0
11, 1, 3, 0, 0, 0.0
11, 1, 4, 0, 0, 0.0
11, 1, 5, 0, 0, 0.0
11, 1, 6, 0, 0, 0.0
11, 1, 7, 0, 0, 0.0
11, 1, 8, 0, 0, 0.0
11, 1, 9, 0, 0, 0.0
11, 1, 10, 0, 0, 0.0
11, 1, 11, 0, 0, 0.0
11, 1, 12, 0, 0, 0.0
11, 1, 13, 0, 0, 0.0
11, 1, 14, 0, 0, 0.0
11, 1, 15, 0, 0, 0.0
11, 1, 16, 0, 0, 0.0
11, 1, 17, 0, 0, 0.0
11, 1, 18, 0, 0, 0.0
11, 1, 19, 0, 0, 0.0
11, 1, 20, 0, 0, 0.0
12, 0, 0, 0, 0, 0.0
12, 0, 1, 0, 0, 0.0
12, 0, 2, 0, 0, 0.0
12, 0, 3, 0, 0, 0.0
12, 0, 4, 0, 0, 0.0
12, 0, 5, 0, 0, 0.0
12, 0, 6, 0, 0, 0.0
12, 0, 7, 0, 0, 0.0
12, 0, 8, 0, 0, 0.0
12, 0, 9, 0, 0, 0.0
12, 0, 10, 0, 0, 0.0
12, 0, 11, 0, 0, 0.0
12, 0, 12, 0, 0, 0.0
12, 0, 13, 0, 0, 0.0
12, 0, 14, 0, 0, 0.0
12, 0, 15, 0, 0, 0.0
12, 0, 16, 0, 0, 0.0
12, 0, 17, 0, 0, 0.0
12, 0, 18, 0, 0, 0.0
12, 0, 19, 0, 0, 0.0
12, 0, 20, 0, 0, 0.0
12, 1, 0, 0, 0, 0.0
12, 1, 1, 0, 0, 0.0
12, 1, 2, 0, 0, 0.0
12, 1, 3, 0, 0, 0.0
12, 1, 4, 0, 0, 0.0
12, 1, 5, 0, 0, 0.0
12, 1, 6, 0, 0, 0.0
12, 1, 7, 0, 0, 0.0
12, 1, 8, 0, 0, 0.0
12, 1, 9, 0, 0, 0.0
12, 1, 10, 0, 0, 0.0
12, 1, 11, 0, 0, 0.0
12, 1, 12, 0, 0, 0.0
12, 1, 13, 0, 0, 0.0
12, 1, 14, 0, 0, 0.0
12, 1, 15, 0, 0, 0.0
12, 1, 16, 0, 0, 0.0
12, 1, 17, 0, 0, 0.0
12, 1, 18, 0, 0, 0.0
12, 1, 19, 0, 0, 0.0
12, 1, 20, 0, 0, 0.0
13, 0, 0, 0, 0, 0.0
13, 0, 1, 0, 0, 0.0
13, 0, 2, 0, 0, 0.0
13, 0, 3, 0, 0, 0.0
13, 0, 4, 0, 0, 0.0
13, 0, 5, 0, 0, 0.0
13, 0, 6, 0, 0, 0.0
13, 0, 7, 0, 0, 0.0
13, 0, 8, 0, 0, 0.0
13, 0, 9, 0, 0, 0.0
13, 0, 10, 0, 0, 0.0
13, 0, 11, 0, 0, 0.0
13, 0, 12, 0, 0, 0.0
13, 0, 13, 0, 0, 0.0
13, 0, 14, 0, 0, 0.0
13, 0, 15, 0, 0, 0.0
13, 0, 16, 0, 0, 0.0
13, 0, 17, 0, 0, 0.0
13, 0, 18, 0, 0, 0.0
13, 0, 19, 0, 0, 0.0
13, 0, 20, 0, 0, 0.0
13, 1, 0, 0, 0, 0.0
13, 1, 1, 0, 0, 0.0
13, 1, 2, 0, 0, 0.0
13, 1, 3, 0, 0, 0.0
13, 1, 4, 0, 0, 0.0
13, 1, 5, 0, 0, 0.0
13, 1, 6, 0, 0, 0.0
13, 1, 7, 0, 0, 0.0
13, 1, 8, 0, 0, 0.0
13, 1, 9, 0, 0, 0.0
13, 1, 10, 0, 0, 0.0
13, 1, 11, 0, 0, 0.0
13, 1, 12, 0, 0, 0.0
13, 1, 13, 0, 0, 0.0
13, 1, 14, 0, 0, 0.0
13, 1, 15, 0, 0, 0.0
13, 1, 16, 0, 0, 0.0
13, 1, 17, 0, 0, 0.0
13, 1, 18, 0, 0, 0.0
13, 1, 19, 0, 0, 0.0
13, 1, 20, 0, 0, 0.0
14, 0, 0, 0, 0, 0.0
14, 0, 1, 0, 0, 0.0
14, 0, 2, 0, 0, 0.0
14, 0, 3, 0, 0, 0.0
14, 0, 4, 0, 0, 0.0
14, 0, 5, 0, 0, 0.0
14, 0, 6, 0, 0, 0.0
14, 0, 7, 0, 0, 0.0
14, 0, 8, 0, 0, 0.0
14, 0, 9, 0, 0, 0.0
14, 0, 10, 0, 0, 0.0
14, 0, 11, 0, 0, 0.0
14, 0, 12, 0, 0, 0.0
14, 0, 13, 0, 0, 0.0
14, 0, 14, 0, 0, 0.0
14, 0, 15, 0, 0, 0.0
14, 0, 16, 0, 0, 0.0
14, 0, 17, 0, 0, 0.0
14, 0, 18, 0, 0, 0.0
14, 0, 19, 0, 0, 0.0
14, 0, 20, 0, 0, 0.0
14, 1, 0, 0, 0, 0.0
14, 1, 1, 0, 0, 0.0
14, 1, 2, 0, 0, 0.0
14, 1, 3, 0, 0, 0.0
14, 1, 4, 0, 0, 0.0
14, 1, 5, 0, 0, 0.0
14, 1, 6, 0, 0, 0.0
14, 1, 7, 0, 0, 0.0
14, 1, 8, 0, 0, 0.0
14, 1, 9, 0, 0, 0.0
14, 1, 10, 0, 0, 0.0
14, 1, 11, 0, 0, 0.0
14, 1, 12, 0, 0, 0.0
14, 1, 13, 0, 0, 0.0
14, 1, 14, 0, 0, 0.0
14, 1, 15, 0, 0, 0.0
14, 1, 16, 0, 0, 0.0
14, 1, 17, 0, 0, 0.0
14, 1, 18, 0, 0, 0.0
14, 1, 19, 0, 0, 0.0
14, 1, 20, 0, 0, 0.0
15, 0, 0, 0, 0, 0.0
15, 0, 1, 0, 0, 0.0
15, 0, 2, 0, 0, 0.0
15, 0, 3, 0, 0, 0.0
15, 0, 4, 0, 0, 0.0
15, 0, 5, 0, 0, 0.0
15, 0, 6, 0, 0, 0.0
15, 0, 7, 0, 0, 0.0
15, 0, 8, 0, 0, 0.0
15, 0, 9, 0, 0, 0.0
15, 0, 10, 0, 0, 0.0
15, 0, 11, 0, 0, 0.0
15, 0, 12, 0, 0, 0.0
15, 0, 13, 0, 0, 0.0
15, 0, 14, 0, 0, 0.0
15, 0, 15, 0, 0, 0.0
15, 0, 16, 0, 0, 0.0
15, 0, 17, 0, 0, 0.0
15, 0, 18, 0, 0, 0.0
15, 0, 19, 0, 0, 0.0
15, 0, 20, 0, 0, 0.0
15, 1, 0, 0, 0, 0.0
15, 1, 1, 0, 0, 0.0
15, 1, 2, 0, 0, 0.0
15, 1, 3, 0, 0, 0.0
15, 1, 4, 0, 0, 0.0
15, 1, 5, 0, 0, 0.0
15, 1, 6, 0, 0, 0.0
15, 1, 7, 0, 0, 0.0
15, 1, 8, 0, 0, 0.0
15, 1, 9, 0, 0, 0.0
15, 1, 10, 0, 0, 0.0
15, 1, 11, 0, 0, 0.0
15, 1, 12, 0, 0, 0.0
15, 1, 13, 0, 0, 0.0
15, 1, 14, 0, 0, 0.0
15, 1, 15, 0, 0, 0.0
15, 1, 16, 0, 0, 0.0
15, 1, 17, 0, 0, 0.0
15, 1, 18, 0, 0, 0.0
15, 1, 19, 0, 0, 0.0
15, 1, 20, 0, 0, 0.0
16, 0, 0, 0, 0, 0.0
16, 0, 1, 0, 0, 0.0
16, 0, 2, 0, 0, 0.0
16, 0, 3, 0, 0, 0.0
16, 0, 4, 0, 0, 0.0
16, 0, 5, 0, 0, 0.0
16, 0, 6, 0, 0, 0.0
16, 0, 7, 0, 0, 0.0
16, 0, 8, 0, 0, 0.0
16, 0, 9, 0, 0, 0.0
16, 0, 10, 0, 0, 0.0
16, 0, 11, 0, 0, 0.0
16, 0, 12, 0, 0, 0.0
16, 0, 13, 0, 0, 0.0
16, 0, 14, 0, 0, 0.0
16, 0, 15, 0, 0, 0.0
16, 0, 16, 0, 0, 0.0
16, 0, 17, 0, 0, 0.0
16, 0, 18, 0, 0, 0.0
16, 0, 19, 0, 0, 0.0
16, 0, 20, 0, 0, 0.0
16, 1, 0, 0, 0, 0.0
16, 1, 1, 0, 0, 0.0
16, 1, 2, 0, 0, 0.0
16, 1, 3, 0, 0, 0.0
16, 1, 4, 0, 0, 0.0
16, 1, 5, 0, 0, 0.0
16, 1, 6, 0, 0, 0.0
16, 1, 7, 0, 0, 0.0
16, 1, 8, 0, 0, 0.0
16, 1, 9, 0, 0, 0.0
16, 1, 10, 0, 0, 0.0
16, 1, 11, 0, 0, 0.0
16, 1, 12, 0, 0, 0.0
16, 1, 13, 0, 0, 0.0
16, 1, 14, 0, 0, 0.0
16, 1, 15, 0, 0, 0.0
16, 1, 16, 0, 0, 0.0
16, 1, 17, 0, 0, 0.0
16, 1, 18, 0, 0, 0.0
16, 1, 19, 0, 0, 0.0
16, 1, 20, 0, 0, 0.0
17, 0, 0, 0, 0, 0.0
17, 0, 1, 0, 0, 0.0
17, 0, 2, 0, 0, 0.0
17, 0, 3, 0, 0, 0.0
17, 0, 4, 0, 0, 0.0
17, 0, 5, 0, 0, 0.0
17, 0, 6, 0, 0, 0.0
17, 0, 7, 0, 0, 0.0
17, 0, 8, 0, 0, 0.0
17, 0, 9, 0, 0, 0.0
17, 0, 10, 0, 0, 0.0
17, 0, 11, 0, 0, 0.0
17, 0, 12, 0, 0, 0.0
17, 0, 13, 0, 0, 0.0
17, 0, 14, 0, 0, 0.0
17, 0, 15, 0, 0, 0.0
17, 0, 16, 0, 0, 0.0
17, 0, 17, 0, 0, 0.0
17, 0, 18, 0, 0, 0.0
17, 0, 19, 0, 0, 0.0
17, 0, 20, 0, 0, 0.0
17, 1, 0, 0, 0, 0.0
17, 1, 1, 0, 0, 0.0
17, 1, 2, 0, 0, 0.0
17, 1, 3, 0, 0, 0.0
17, 1, 4, 0, 0, 0.0
17, 1, 5, 0, 0, 0.0
17, 1, 6, 0, 0, 0.0
17, 1, 7, 0, 0, 0.0
17, 1, 8, 0, 0, 0.0
17, 1, 9, 0, 0, 0.0
17, 1, 10, 0, 0, 0.0
17, 1, 11, 0, 0, 0.0
17, 1, 12, 0, 0, 0.0
17, 1, 13, 0, 0, 0.0
17, 1, 14, 0, 0, 0.0
17, 1, 15, 0, 0, 0.0
17, 1, 16, 0, 0, 0.0
17, 1, 17, 0, 0, 0.0
17, 1, 18, 0, 0, 0.0
17, 1, 19, 0, 0, 0.0
17, 1, 20, 0, 0, 0.0
18, 0, 0, 0, 0, 0.0
18, 0, 1, 0, 0, 0.0
18, 0, 2, 0, 0, 0.0
18, 0, 3, 0, 0, 0.0
18, 0, 4, 0, 0, 0.0
18, 0, 5, 0, 0, 0.0
18, 0, 6, 0, 0, 0.0
18, 0, 7, 0, 0, 0.0
18, 0, 8, 0, 0, 0.0
18, 0, 9, 0, 0, 0.0
18, 0, 10, 0, 0, 0.0
18, 0, 11, 0, 0, 0.0
18, 0, 12, 0, 0, 0.0
18, 0, 13, 0, 0, 0.0
18, 0, 14, 0, 0, 0.0
18, 0, 15, 0, 0, 0.0
18, 0, 16, 0, 0, 0.0
18, 0, 17, 0, 0, 0.0
18, 0, 18, 0, 0, 0.0
18, 0, 19, 0, 0, 0.0
18, 0, 20, 0, 0, 0.0
18, 1, 0, 0, 0, 0.0
18, 1, 1, 0, 0, 0.0
18, 1, 2, 0, 0, 0.0
18, 1, 3, 0, 0, 0.0
18, 1, 4, 0, 0, 0.0
18, 1, 5, 0, 0, 0.0
18, 1, 6, 0, 0, 0.0
18, 1, 7, 0, 0, 0.0
18, 1, 8, 0, 0, 0.0
18, 1, 9, 0, 0, 0.0
18, 1, 10, 0, 0, 0.0
18, 1, 11, 0, 0, 0.0
18, 1, 12, 0, 0, 0.0
18, 1, 13, 0, 0, 0.0
18, 1, 14, 0, 0, 0.0
18, 1, 15, 0, 0, 0.0
18, 1, 16, 0, 0, 0.0
18, 1, 17, 0, 0, 0.0
18, 1, 18, 0, 0, 0.0
18, 1, 19, 0, 0, 0.0
18, 1, 20, 0, 0, 0.0
19, 0, 0, 0, 0, 0.0
19, 0, 1, 0, 0, 0.0
19, 0, 2, 0, 0, 0.0
19, 0, 3, 0, 0, 0.0
19, 0, 4, 0, 0, 0.0
19, 0, 5, 0, 0, 0.0
19, 0, 6, 0, 0, 0.0
19, 0, 7, 0, 0, 0.0
19, 0, 8, 0, 0, 0.0
19, 0, 9, 0, 0, 0.0
19, 0, 10, 0, 0, 0.0
19, 0, 11, 0, 0, 0.0
19, 0, 12, 0, 0, 0.0
19, 0, 13, 0, 0, 0.0
19, 0, 14, 0, 0, 0.0
19, 0, 15, 0, 0, 0.0
19, 0, 16, 0, 0, 0.0
19, 0, 17, 0, 0, 0.0
19, 0, 18, 0, 0, 0.0
19, 0, 19, 0, 0, 0.0
19, 0, 20, 0, 0, 0.0
19, 1, 0, 0, 0, 0.0
19, 1, 1, 0, 0, 0.0
19, 1, 2, 0, 0, 0.0
19, 1, 3, 0, 0, 0.0
19, 1, 4, 0, 0, 0.0
19, 1, 5, 0, 0, 0.0
19, 1, 6, 0, 0, 0.0
19, 1, 7, 0, 0, 0.0
19, 1, 8, 0, 0, 0.0
19, 1, 9, 0, 0, 0.0
19, 1, 10, 0, 0, 0.0
19, 1, 11, 0, 0, 0.0
19, 1, 12, 0, 0, 0.0
19, 1, 13, 0, 0, 0.0
19, 1, 14, 0, 0, 0.0
19, 1, 15, 0, 0, 0.0
19, 1, 16, 0, 0, 0.0
19, 1, 17, 0, 0, 0.0
19, 1, 18, 0, 0, 0.0
19, 1, 19, 0, 0, 0.0
19, 1, 20, 0, 0, 0.0
20, 0, 0, 0, 0, 0.0
20, 0, 1, 0, 0, 0.0
20, 0, 2, 0, 0, 0.0
20, 0, 3, 0, 0, 0.0
20, 0, 4, 0, 0, 0.0
20, 0, 5, 0, 0, 0.0
20, 0, 6, 0, 0, 0.0
20, 0, 7, 0, 0, 0.0
20, 0, 8, 0, 0, 0.0
20, 0, 9, 0, 0, 0.0
20, 0, 10, 0, 0, 0.0
20, 0, 11, 0, 0, 0.0
20, 0, 12, 0, 0, 0.0
20, 0, 13, 0, 0, 0.0
20, 0, 14, 0, 0, 0.0
20, 0, 15, 0, 0, 0.0
20, 0, 16, 0, 0, 0.0
20, 0, 17, 0, 0, 0.0
20, 0, 18, 0, 0, 0.0
20, 0, 19, 0, 0, 0.0
20, 0, 20, 0, 0, 0.0
20, 1, 0, 0, 0, 0.0
20, 1, 1, 0, 0, 0.0
20, 1, 2, 0, 0, 0.0
20, 1, 3, 0, 0, 0.0
20, 1, 4, 0, 0, 0.0
20, 1, 5, 0, 0, 0.0
20, 1, 6, 0, 0, 0.0
20, 1, 7, 0, 0, 0.0
20, 1, 8, 0, 0, 0.0
20, 1, 9, 0, 0, 0.0
20, 1, 10, 0, 0, 0.0
20, 1, 11, 0, 0, 0.0
20, 1, 12, 0, 0, 0.0
20, 1, 13, 0, 0, 0.0
20, 1, 14, 0, 0, 0.0
20, 1, 15, 0, 0, 0.0
20, 1, 16, 0, 0, 0.0
20, 1, 17, 0, 0, 0.0
20, 1, 18, 0, 0, 0.0
20, 1, 19, 0, 0, 0.0
20, 1, 20, 0, 0, 0.0
21, 0, 0, 497, 336, -3.721657719779614e-07
21, 0, 1, 471, 322, -0.0053651174530386925
21, 0, 2, 453, 290, -0.009393706917762756
21, 0, 3, 448, 266, -0.016864275559782982
21, 0, 4, 453, 250, -0.023083079606294632
21, 0, 5, 478, 254, 0.003667885670438409
21, 0, 6, 472, 228, -0.017655551433563232
21, 0, 7, 459, 236, -0.035024866461753845
21, 0, 8, 453, 250, -0.04398154467344284
21, 0, 9, 496, 255, -0.00406983494758606
21, 0, 10, 489, 226, -0.02322172187268734
21, 0, 11, 473, 235, -0.0344734713435173
21, 0, 12, 465, 252, -0.03777565434575081
21, 0, 13, 514, 261, -0.0147476801648736
21, 0, 14, 505, 233, -0.031012561172246933
21, 0, 15, 486, 244, -0.032571569085121155
21, 0, 16, 477, 261, -0.029632121324539185
21, 0, 17, 529, 273, -0.026544181630015373
21, 0, 18, 517, 252, -0.038131676614284515
21, 0, 19, 499, 256, -0.03715873137116432
21, 0, 20, 488, 267, -0.03314966335892677
21, 1, 0, 0, 0, 0.0
21, 1, 1, 0, 0, 0.0
21, 1, 2, 0, 0, 0.0
21, 1, 3, 0, 0, 0.0
21, 1, 4, 0, 0, 0.0
21, 1, 5, 0, 0, 0.0
21, 1, 6, 0, 0, 0.0
21, 1, 7, 0, 0, 0.0
21, 1, 8, 0, 0, 0.0
21, 1, 9, 0, 0, 0.0
21, 1, 10, 0, 0, 0.0
21, 1, 11, 0, 0, 0.0
21, 1, 12, 0, 0, 0.0
21, 1, 13, 0, 0, 0.0
21, 1, 14, 0, 0, 0.0
21, 1, 15, 0, 0, 0.0
21, 1, 16, 0, 0, 0.0
21, 1, 17, 0, 0, 0.0
21, 1, 18, 0, 0, 0.0
21, 1, 19, 0, 0, 0.0
21, 1, 20, 0, 0, 0.0
22, 0, 0, 494, 317, -2.4686866595402535e-07
22, 0, 1, 468, 296, -0.004005060996860266
22, 0, 2, 453, 265, -0.007189583033323288
22, 0, 3, 447, 242, -0.014446471817791462
22, 0, 4, 448, 224, -0.019732575863599777
22, 0, 5, 479, 233, 0.013090203516185284
22, 0, 6, 475, 204, -0.006787491030991077
22, 0, 7, 457, 206, -0.023633353412151337
22, 0, 8, 447, 216, -0.03199243173003197
22, 0, 9, 494, 233, 0.005233229603618383
22, 0, 10, 489, 201, -0.01274961419403553
22, 0, 11, 468, 204, -0.024454474449157715
22, 0, 12, 457, 218, -0.028016366064548492
22, 0, 13, 509, 238, -0.006376249250024557
22, 0, 14, 504, 207, -0.020228436216711998
22, 0, 15, 483, 211, -0.023835787549614906
22, 0, 16, 470, 223, -0.022496236488223076
22, 0, 17, 524, 247, -0.01939350739121437
22, 0, 18, 516, 223, -0.028350425884127617
22, 0, 19, 498, 222, -0.02881433069705963
22, 0, 20, 484, 229, -0.026304906234145164
22, 1, 0, 0, 0, 0.0
22, 1, 1, 0, 0, 0.0
22, 1, 2, 0, 0, 0.0
22, 1, 3, 0, 0, 0.0
22, 1, 4, 0, 0, 0.0
22, 1, 5, 0, 0, 0.0
22, 1, 6, 0, 0, 0.0
22, 1, 7, 0, 0, 0.0
22, 1, 8, 0, 0, 0.0
22, 1, 9, 0, 0, 0.0
22, 1, 10, 0, 0, 0.0
22, 1, 11, 0, 0, 0.0
22, 1, 12, 0, 0, 0.0
22, 1, 13, 0, 0, 0.0
22, 1, 14, 0, 0, 0.0
22, 1, 15, 0, 0, 0.0
22, 1, 16, 0, 0, 0.0
22, 1, 17, 0, 0, 0.0
22, 1, 18, 0, 0, 0.0
22, 1, 19, 0, 0, 0.0
22, 1, 20, 0, 0, 0.0
23, 0, 0, 492, 298, -3.057818673823931e-07
23, 0, 1, 467, 278, -0.0025696265511214733
23, 0, 2, 452, 246, -0.004422888159751892
23, 0, 3, 446, 223, -0.01095898263156414
23, 0, 4, 444, 204, -0.015848837792873383
23, 0, 5, 481, 216, 0.01769336126744747
23, 0, 6, 477, 187, -0.0007666406454518437
23, 0, 7, 459, 188, -0.016970550641417503
23, 0, 8, 448, 197, -0.02520378679037094
23, 0, 9, 494, 215, 0.00916619598865509
23, 0, 10, 489, 181, -0.00987770315259695
23, 0, 11, 468, 185, -0.02366296760737896
23, 0, 12, 455, 198, -0.028268856927752495
23, 0, 13, 507, 218, -0.0030745011754333973
23, 0, 14, 503, 185, -0.018131805583834648
23, 0, 15, 481, 189, -0.024591414257884026
23, 0, 16, 467, 201, -0.024828210473060608
23, 0, 17, 521, 225, -0.016397522762417793
23, 0, 18, 513, 198, -0.02504708617925644
23, 0, 19, 495, 199, -0.026165764778852463
23, 0, 20, 482, 208, -0.024415798485279083
23, 1, 0, 0, 0, 0.0
23, 1, 1, 0, 0, 0.0
23, 1, 2, 0, 0, 0.0
23, 1, 3, 0, 0, 0.0
23, 1, 4, 0, 0, 0.0
23, 1, 5, 0, 0, 0.0
23, 1, 6, 0, 0, 0.0
23, 1, 7, 0, 0, 0.0
23, 1, 8, 0, 0, 0.0
23, 1, 9, 0, 0, 0.0
23, 1, 10, 0, 0, 0.0
23, 1, 11, 0, 0, 0.0
23, 1, 12, 0, 0, 0.0
23, 1, 13, 0, 0, 0.0
23, 1, 14, 0, 0, 0.0
23, 1, 15, 0, 0, 0.0
23, 1, 16, 0, 0, 0.0
23, 1, 17, 0, 0, 0.0
23, 1, 18, 0, 0, 0.0
23, 1, 19, 0, 0, 0.0
23, 1, 20, 0, 0, 0.0
24, 0, 0, 491, 286, -3.3700604262776324e-07
24, 0, 1, 466, 267, -0.0032474747858941555
24, 0, 2, 450, 236, -0.005252582486718893
24, 0, 3, 442, 213, -0.01194722019135952
24, 0, 4, 440, 193, -0.016836727038025856
24, 0, 5, 479, 206, 0.01686704345047474
24, 0, 6, 475, 175, -0.002386095467954874
24, 0, 7, 457, 175, -0.017975173890590668
24, 0, 8, 445, 183, -0.025472799316048622
24, 0, 9, 491, 206, 0.008475790731608868
24, 0, 10, 487, 168, -0.012098063714802265
24, 0, 11, 465, 172, -0.024947842583060265
24, 0, 12, 453, 185, -0.02814854308962822
24, 0, 13, 503, 208, -0.003793168580159545
24, 0, 14, 500, 172, -0.0204160176217556
24, 0, 15, 478, 177, -0.026114381849765778
24, 0, 16, 465, 189, -0.024912366643548012
24, 0, 17, 517, 215, -0.017252013087272644
24, 0, 18, 510, 186, -0.026996897533535957
24, 0, 19, 491, 186, -0.028390610590577126
24, 0, 20, 478, 194, -0.026415998116135597
24, 1, 0, 0, 0, 0.0
24, 1, 1, 0, 0, 0.0
24, 1, 2, 0, 0, 0.0
24, 1, 3, 0, 0, 0.0
24, 1, 4, 0, 0, 0.0
24, 1, 5, 0, 0, 0.0
24, 1, 6, 0, 0, 0.0
24, 1, 7, 0, 0, 0.0
24, 1, 8, 0, 0, 0.0
24, 1, 9, 0, 0, 0.0
24, 1, 10, 0, 0, 0.0
24, 1, 11, 0, 0, 0.0
24, 1, 12, 0, 0, 0.0
24, 1, 13, 0, 0, 0.0
24, 1, 14, 0, 0, 0.0
24, 1, 15, 0, 0, 0.0
24, 1, 16, 0, 0, 0.0
24, 1, 17, 0, 0, 0.0
24, 1, 18, 0, 0, 0.0
24, 1, 19, 0, 0, 0.0
24, 1, 20, 0, 0, 0.0
25, 0, 0, 490, 281, -3.887124933044106e-07
25, 0, 1, 463, 261, -0.0024054504465311766
25, 0, 2, 447, 229, -0.004231566097587347
25, 0, 3, 439, 206, -0.011219511739909649
25, 0, 4, 437, 186, -0.01646416075527668
25, 0, 5, 475, 201, 0.019435960799455643
25, 0, 6, 471, 170, -0.0006512605468742549
25, 0, 7, 453, 170, -0.01722034253180027
25, 0, 8, 440, 179, -0.025403175503015518
25, 0, 9, 487, 200, 0.010390629060566425
25, 0, 10, 482, 163, -0.010892562568187714
25, 0, 11, 460, 167, -0.02492324635386467
25, 0, 12, 446, 180, -0.029371587559580803
25, 0, 13, 499, 202, -0.0027289942372590303
25, 0, 14, 497, 164, -0.020442897453904152
25, 0, 15, 473, 169, -0.027490422129631042
25, 0, 16, 458, 181, -0.02747924067080021
25, 0, 17, 514, 208, -0.016930710524320602
25, 0, 18, 506, 179, -0.02775113843381405
25, 0, 19, 486, 178, -0.030462214723229408
25, 0, 20, 472, 185, -0.02967381663620472
25, 1, 0, 0, 0, 0.0
25, 1, 1, 0, 0, 0.0
25, 1, 2, 0, 0, 0.0
25, 1, 3, 0, 0, 0.0
25, 1, 4, 0, 0, 0.0
25, 1, 5, 0, 0, 0.0
25, 1, 6, 0, 0, 0.0
25, 1, 7, 0, 0, 0.0
25, 1, 8, 0, 0, 0.0
25, 1, 9, 0, 0, 0.0
25, 1, 10, 0, 0, 0.0
25, 1, 11, 0, 0, 0.0
25, 1, 12, 0, 0, 0.0
25, 1, 13, 0, 0, 0.0
25, 1, 14, 0, 0, 0.0
25, 1, 15, 0, 0, 0.0
25, 1, 16, 0, 0, 0.0
25, 1, 17, 0, 0, 0.0
25, 1, 18, 0, 0, 0.0
25, 1, 19, 0, 0, 0.0
25, 1, 20, 0, 0, 0.0
26, 0, 0, 488, 277, -3.797980525632738e-07
26, 0, 1, 461, 258, -0.0018758896039798856
26, 0, 2, 444, 227, -0.0034128623083233833
26, 0, 3, 436, 203, -0.010207168757915497
26, 0, 4, 434, 183, -0.015134268440306187
26, 0, 5, 472, 198, 0.02176736667752266
26, 0, 6, 469, 168, 0.0022283776197582483
26, 0, 7, 450, 168, -0.014478633180260658
26, 0, 8, 437, 175, -0.023031342774629593
26, 0, 9, 484, 197, 0.012323939241468906
26, 0, 10, 481, 160, -0.008678460493683815
26, 0, 11, 458, 163, -0.02300041727721691
26, 0, 12, 444, 176, -0.027888866141438484
26, 0, 13, 497, 198, -0.0012835748493671417
26, 0, 14, 495, 160, -0.018848758190870285
26, 0, 15, 471, 164, -0.026313355192542076
26, 0, 16, 456, 176, -0.026744335889816284
26, 0, 17, 511, 204, -0.01598983071744442
26, 0, 18, 503, 175, -0.026663213968276978
26, 0, 19, 484, 174, -0.029691968113183975
26, 0, 20, 469, 182, -0.029333507642149925
26, 1, 0, 0, 0, 0.0
26, 1, 1, 0, 0, 0.0
26, 1, 2, 0, 0, 0.0
26, 1, 3, 0, 0, 0.0
26, 1, 4, 0, 0, 0.0
26, 1, 5, 0, 0, 0.0
26, 1, 6, 0, 0, 0.0
26, 1, 7, 0, 0, 0.0
26, 1, 8, 0, 0, 0.0
26, 1, 9, 0, 0, 0.0
26, 1, 10, 0, 0, 0.0
26, 1, 11, 0, 0, 0.0
26, 1, 12, 0, 0, 0.0
26, 1, 13, 0, 0, 0.0
26, 1, 14, 0, 0, 0.0
26, 1, 15, 0, 0, 0.0
26, 1, 16, 0, 0, 0.0
26, 1, 17, 0, 0, 0.0
26, 1, 18, 0, 0, 0.0
26, 1, 19, 0, 0, 0.0
26, 1, 20, 0, 0, 0.0
27, 0, 0, 487, 277, -3.9401081153300765e-07
27, 0, 1, 459, 258, -0.002680390141904354
27, 0, 2, 442, 227, -0.0047589740715920925
27, 0, 3, 433, 203, -0.012115552090108395
27, 0, 4, 430, 183, -0.017607249319553375
27, 0, 5, 469, 198, 0.02160530909895897
27, 0, 6, 465, 168, 0.0015488244825974107
27, 0, 7, 446, 168, -0.015716521069407463
27, 0, 8, 433, 175, -0.024707240983843803
27, 0, 9, 481, 197, 0.012146072462201118
27, 0, 10, 476, 160, -0.009965422563254833
27, 0, 11, 453, 163, -0.025392048060894012
27, 0, 12, 439, 175, -0.030925048515200615
27, 0, 13, 493, 198, -0.0015959147131070495
27, 0, 14, 491, 160, -0.020303385332226753
27, 0, 15, 467, 164, -0.028923191130161285
27, 0, 16, 451, 176, -0.02991287037730217
27, 0, 17, 508, 202, -0.016454989090561867
27, 0, 18, 500, 174, -0.028013993054628372
27, 0, 19, 480, 174, -0.03155304118990898
27, 0, 20, 466, 182, -0.031416576355695724
27, 1, 0, 0, 0, 0.0
27, 1, 1, 0, 0, 0.0
27, 1, 2, 0, 0, 0.0
27, 1, 3, 0, 0, 0.0
27, 1, 4, 0, 0, 0.0
27, 1, 5, 0, 0, 0.0
27, 1, 6, 0, 0, 0.0
27, 1, 7, 0, 0, 0.0
27, 1, 8, 0, 0, 0.0
27, 1, 9, 0, 0, 0.0
27, 1, 10, 0, 0, 0.0
27, 1, 11, 0, 0, 0.0
27, 1, 12, 0, 0, 0.0
27, 1, 13, 0, 0, 0.0
27, 1, 14, 0, 0, 0.0
27, 1, 15, 0, 0, 0.0
27, 1, 16, 0, 0, 0.0
27, 1, 17, 0, 0, 0.0
27, 1, 18, 0, 0, 0.0
27, 1, 19, 0, 0, 0.0
27, 1, 20, 0, 0, 0.0
28, 0, 0, 483, 276, -3.3221903095181915e-07
28, 0, 1, 455, 257, -9.116294677369297e-05
28, 0, 2, 439, 226, -0.0013407787773758173
28, 0, 3, 431, 201, -0.008257410489022732
28, 0, 4, 428, 180, -0.014022684656083584
28, 0, 5, 467, 197, 0.021915320307016373
28, 0, 6, 464, 165, 0.0028189157601445913
28, 0, 7, 446, 162, -0.01439511589705944
28, 0, 8, 431, 168, -0.02353501319885254
28, 0, 9, 478, 196, 0.010821467265486717
28, 0, 10, 472, 162, -0.008230740204453468
28, 0, 11, 450, 161, -0.023141521960496902
28, 0, 12, 434, 169, -0.029755955561995506
28, 0, 13, 491, 199, -0.004308753646910191
28, 0, 14, 481, 164, -0.022136101499199867
28, 0, 15, 458, 168, -0.029815655201673508
28, 0, 16, 443, 180, -0.031072719022631645
28, 0, 17, 505, 204, -0.020265065133571625
28, 0, 18, 491, 178, -0.032360345125198364
28, 0, 19, 474, 183, -0.03387533500790596
28, 0, 20, 463, 196, -0.032420482486486435
28, 1, 0, 0, 0, 0.0
28, 1, 1, 0, 0, 0.0
28, 1, 2, 0, 0, 0.0
28, 1, 3, 0, 0, 0.0
28, 1, 4, 0, 0, 0.0
28, 1, 5, 0, 0, 0.0
28, 1, 6, 0, 0, 0.0
28, 1, 7, 0, 0, 0.0
28, 1, 8, 0, 0, 0.0
28, 1, 9, 0, 0, 0.0
28, 1, 10, 0, 0, 0.0
28, 1, 11, 0, 0, 0.0
28, 1, 12, 0, 0, 0.0
28, 1, 13, 0, 0, 0.0
28, 1, 14, 0, 0, 0.0
28, 1, 15, 0, 0, 0.0
28, 1, 16, 0, 0, 0.0
28, 1, 17, 0, 0, 0.0
28, 1, 18, 0, 0, 0.0
28, 1, 19, 0, 0, 0.0
28, 1, 20, 0, 0, 0.0
29, 0, 0, 478, 274, 4.318664181823806e-08
29, 0, 1, 451, 260, -0.006011911667883396
29, 0, 2, 436, 232, -0.010054412297904491
29, 0, 3, 435, 207, -0.018081149086356163
29, 0, 4, 435, 185, -0.024882197380065918
29, 0, 5, 459, 195, 0.0077202050015330315
29, 0, 6, 449, 173, -0.008782333694398403
29, 0, 7, 438, 161, -0.020731506869196892
29, 0, 8, 426, 152, -0.02719947136938572
29, 0, 9, 476, 191, -0.0013819215819239616
29, 0, 10, 469, 157, -0.01883397437632084
29, 0, 11, 460, 138, -0.029696254059672356
29, 0, 12, 451, 123, -0.033451881259679794
29, 0, 13, 492, 195, -0.013256950303912163
29, 0, 14, 471, 181, -0.040471550077199936
29, 0, 15, 460, 202, -0.043546825647354126
29, 0, 16, 456, 220, -0.0367235504090786
29, 0, 17, 506, 206, -0.025684252381324768
29, 0, 18, 480, 202, -0.04449542239308357
29, 0, 19, 463, 216, -0.04305562749505043
29, 0, 20, 453, 228, -0.03670765832066536
29, 1, 0, 0, 0, 0.0
29, 1, 1, 0, 0, 0.0
29, 1, 2, 0, 0, 0.0
29, 1, 3, 0, 0, 0.0
29, 1, 4, 0, 0, 0.0
29, 1, 5, 0, 0, 0.0
29, 1, 6, 0, 0, 0.0
29, 1, 7, 0, 0, 0.0
29, 1, 8, 0, 0, 0.0
29, 1, 9, 0, 0, 0.0
29, 1, 10, 0, 0, 0.0
29, 1, 11, 0, 0, 0.0
29, 1, 12, 0, 0, 0.0
29, 1, 13, 0, 0, 0.0
29, 1, 14, 0, 0, 0.0
29, 1, 15, 0, 0, 0.0
29, 1, 16, 0, 0, 0.0
29, 1, 17, 0, 0, 0.0
29, 1, 18, 0, 0, 0.0
29, 1, 19, 0, 0, 0.0
29, 1, 20, 0, 0, 0.0
30, 0, 0, 472, 279, 7.062997298135087e-08
30, 0, 1, 446, 260, -0.009720133617520332
30, 0, 2, 437, 230, -0.015776120126247406
30, 0, 3, 439, 205, -0.024274902418255806
30, 0, 4, 440, 182, -0.03217528015375137
30, 0, 5, 463, 195, -0.007464595139026642
30, 0, 6, 464, 157, -0.022376643493771553
30, 0, 7, 464, 133, -0.03157545626163483
30, 0, 8, 465, 113, -0.03757544234395027
30, 0, 9, 479, 194, -0.01378685049712658
30, 0, 10, 460, 172, -0.03573381528258324
30, 0, 11, 439, 157, -0.04868379607796669
30, 0, 12, 422, 145, -0.05452116206288338
30, 0, 13, 492, 200, -0.02157294750213623
30, 0, 14, 458, 199, -0.047484707087278366
30, 0, 15, 438, 216, -0.0522991307079792
30, 0, 16, 426, 230, -0.04912732169032097
30, 0, 17, 502, 211, -0.030452389270067215
30, 0, 18, 468, 218, -0.049991425126791
30, 0, 19, 451, 235, -0.05106538161635399
30, 0, 20, 441, 248, -0.04683816060423851
30, 1, 0, 0, 0, 0.0
30, 1, 1, 0, 0, 0.0
30, 1, 2, 0, 0, 0.0
30, 1, 3, 0, 0, 0.0
30, 1, 4, 0, 0, 0.0
30, 1, 5, 0, 0, 0.0
30, 1, 6, 0, 0, 0.0
30, 1, 7, 0, 0, 0.0
30, 1, 8, 0, 0, 0.0
30, 1, 9, 0, 0, 0.0
30, 1, 10, 0, 0, 0.0
30, 1, 11, 0, 0, 0.0
30, 1, 12, 0, 0, 0.0
30, 1, 13, 0, 0, 0.0
30, 1, 14, 0, 0, 0.0
30, 1, 15, 0, 0, 0.0
30, 1, 16, 0, 0, 0.0
30, 1, 17, 0, 0, 0.0
30, 1, 18, 0, 0, 0.0
30, 1, 19, 0, 0, 0.0
30, 1, 20, 0, 0, 0.0
31, 0, 0, 471, 283, 3.4157480399699125e-08
31, 0, 1, 444, 264, -0.013092362321913242
31, 0, 2, 438, 233, -0.020385844632983208
31, 0, 3, 442, 208, -0.03004864603281021
31, 0, 4, 442, 185, -0.03916894271969795
31, 0, 5, 464, 196, -0.007354278117418289
31, 0, 6, 466, 158, -0.024749599397182465
31, 0, 7, 467, 135, -0.03559296950697899
31, 0, 8, 469, 115, -0.04241780564188957
31, 0, 9, 480, 196, -0.01241821888834238
31, 0, 10, 459, 175, -0.04098280519247055
31, 0, 11, 436, 162, -0.05679036304354668
31, 0, 12, 419, 151, -0.06254860013723373
31, 0, 13, 493, 202, -0.01939399540424347
31, 0, 14, 455, 204, -0.05102133750915527
31, 0, 15, 434, 226, -0.05445876717567444
31, 0, 16, 421, 243, -0.04813200980424881
31, 0, 17, 501, 213, -0.027898943051695824
31, 0, 18, 465, 222, -0.05016676336526871
31, 0, 19, 450, 242, -0.050101879984140396
31, 0, 20, 442, 257, -0.04375012591481209
31, 1, 0, 0, 0, 0.0
31, 1, 1, 0, 0, 0.0
31, 1, 2, 0, 0, 0.0
31, 1, 3, 0, 0, 0.0
31, 1, 4, 0, 0, 0.0
31, 1, 5, 0, 0, 0.0
31, 1, 6, 0, 0, 0.0
31, 1, 7, 0, 0, 0.0
31, 1, 8, 0, 0, 0.0
31, 1, 9, 0, 0, 0.0
31, 1, 10, 0, 0, 0.0
31, 1, 11, 0, 0, 0.0
31, 1, 12, 0, 0, 0.0
31, 1, 13, 0, 0, 0.0
31, 1, 14, 0, 0, 0.0
31, 1, 15, 0, 0, 0.0
31, 1, 16, 0, 0, 0.0
31, 1, 17, 0, 0, 0.0
31, 1, 18, 0, 0, 0.0
31, 1, 19, 0, 0, 0.0
31, 1, 20, 0, 0, 0.0
32, 0, 0, 471, 286, 4.6430415068243747e-08
32, 0, 1, 443, 267, -0.015356258489191532
32, 0, 2, 437, 235, -0.02314574457705021
32, 0, 3, 441, 210, -0.03290190547704697
32, 0, 4, 443, 187, -0.04197143018245697
32, 0, 5, 462, 198, -0.008909662254154682
32, 0, 6, 464, 160, -0.02704903669655323
32, 0, 7, 466, 137, -0.038207489997148514
32, 0, 8, 469, 117, -0.045285195112228394
32, 0, 9, 479, 199, -0.013031370006501675
32, 0, 10, 458, 177, -0.04339993745088577
32, 0, 11, 436, 164, -0.060193270444869995
32, 0, 12, 419, 153, -0.06626217812299728
32, 0, 13, 492, 205, -0.01926572434604168
32, 0, 14, 456, 206, -0.05291824787855148
32, 0, 15, 434, 228, -0.05717528611421585
32, 0, 16, 420, 245, -0.050940293818712234
32, 0, 17, 502, 216, -0.027111217379570007
32, 0, 18, 466, 225, -0.051064543426036835
32, 0, 19, 451, 245, -0.05170932784676552
32, 0, 20, 444, 259, -0.04554131254553795
32, 1, 0, 0, 0, 0.0
32, 1, 1, 0, 0, 0.0
32, 1, 2, 0, 0, 0.0
32, 1, 3, 0, 0, 0.0
32, 1, 4, 0, 0, 0.0
32, 1, 5, 0, 0, 0.0
32, 1, 6, 0, 0, 0.0
32, 1, 7, 0, 0, 0.0
32, 1, 8, 0, 0, 0.0
32, 1, 9, 0, 0, 0.0
32, 1, 10, 0, 0, 0.0
32, 1, 11, 0, 0, 0.0
32, 1, 12, 0, 0, 0.0
32, 1, 13, 0, 0, 0.0
32, 1, 14, 0, 0, 0.0
32, 1, 15, 0, 0, 0.0
32, 1, 16, 0, 0, 0.0
32, 1, 17, 0, 0, 0.0
32, 1, 18, 0, 0, 0.0
32, 1, 19, 0, 0, 0.0
32, 1, 20, 0, 0, 0.0
33, 0, 0, 470, 289, 5.685996740112387e-08
33, 0, 1, 442, 270, -0.015053798444569111
33, 0, 2, 436, 237, -0.02229277975857258
33, 0, 3, 441, 211, -0.03162827342748642
33, 0, 4, 442, 187, -0.040244996547698975
33, 0, 5, 461, 200, -0.006577725522220135
33, 0, 6, 462, 163, -0.02372748591005802
33, 0, 7, 465, 139, -0.03464639186859131
33, 0, 8, 468, 120, -0.04181452840566635
33, 0, 9, 478, 201, -0.010804785415530205
33, 0, 10, 457, 179, -0.04048153758049011
33, 0, 11, 435, 166, -0.05763968452811241
33, 0, 12, 418, 155, -0.06428099423646927
33, 0, 13, 492, 207, -0.017188390716910362
33, 0, 14, 455, 207, -0.050226833671331406
33, 0, 15, 432, 230, -0.054471034556627274
33, 0, 16, 419, 247, -0.04847508668899536
33, 0, 17, 502, 218, -0.025206606835126877
33, 0, 18, 465, 226, -0.0488426648080349
33, 0, 19, 450, 246, -0.049464285373687744
33, 0, 20, 444, 261, -0.04344100505113602
33, 1, 0, 0, 0, 0.0
33, 1, 1, 0, 0, 0.0
33, 1, 2, 0, 0, 0.0
33, 1, 3, 0, 0, 0.0
33, 1, 4, 0, 0, 0.0
33, 1, 5, 0, 0, 0.0
33, 1, 6, 0, 0, 0.0
33, 1, 7, 0, 0, 0.0
33, 1, 8, 0, 0, 0.0
33, 1, 9, 0, 0, 0.0
33, 1, 10, 0, 0, 0.0
33, 1, 11, 0, 0, 0.0
33, 1, 12, 0, 0, 0.0
33, 1, 13, 0, 0, 0.0
33, 1, 14, 0, 0, 0.0
33, 1, 15, 0, 0, 0.0
33, 1, 16, 0, 0, 0.0
33, 1, 17, 0, 0, 0.0
33, 1, 18, 0, 0, 0.0
33, 1, 19, 0, 0, 0.0
33, 1, 20, 0, 0, 0.0
34, 0, 0, 470, 290, 6.745224112592041e-08
34, 0, 1, 442, 271, -0.014614897780120373
34, 0, 2, 436, 238, -0.02171085588634014
34, 0, 3, 441, 212, -0.030938364565372467
34, 0, 4, 441, 187, -0.03954615443944931
34, 0, 5, 461, 201, -0.006994521711021662
34, 0, 6, 462, 163, -0.0245753675699234
34, 0, 7, 464, 139, -0.03552524745464325
34, 0, 8, 467, 119, -0.042536523193120956
34, 0, 9, 478, 202, -0.011476493440568447
34, 0, 10, 457, 180, -0.04208964481949806
34, 0, 11, 434, 167, -0.05943475291132927
34, 0, 12, 417, 156, -0.06592535227537155
34, 0, 13, 491, 208, -0.018067101016640663
34, 0, 14, 453, 208, -0.052343130111694336
34, 0, 15, 430, 230, -0.05725497007369995
34, 0, 16, 416, 247, -0.05127708241343498
34, 0, 17, 500, 219, -0.026132706552743912
34, 0, 18, 464, 227, -0.05031715705990791
34, 0, 19, 448, 247, -0.05126195400953293
34, 0, 20, 442, 262, -0.04536616802215576
34, 1, 0, 0, 0, 0.0
34, 1, 1, 0, 0, 0.0
34, 1, 2, 0, 0, 0.0
34, 1, 3, 0, 0, 0.0
34, 1, 4, 0, 0, 0.0
34, 1, 5, 0, 0, 0.0
34, 1, 6, 0, 0, 0.0
34, 1, 7, 0, 0, 0.0
34, 1, 8, 0, 0, 0.0
34, 1, 9, 0, 0, 0.0
34, 1, 10, 0, 0, 0.0
34, 1, 11, 0, 0, 0.0
34, 1, 12, 0, 0, 0.0
34, 1, 13, 0, 0, 0.0
34, 1, 14, 0, 0, 0.0
34, 1, 15, 0, 0, 0.0
34, 1, 16, 0, 0, 0.0
34, 1, 17, 0, 0, 0.0
34, 1, 18, 0, 0, 0.0
34, 1, 19, 0, 0, 0.0
34, 1, 20, 0, 0, 0.0
35, 0, 0, 470, 292, 5.845869566201145e-08
35, 0, 1, 441, 272, -0.014210191555321217
35, 0, 2, 436, 239, -0.02113569714128971
35, 0, 3, 440, 213, -0.03031991422176361
35, 0, 4, 440, 188, -0.03891618549823761
35, 0, 5, 461, 202, -0.005964412819594145
35, 0, 6, 462, 164, -0.0234087947756052
35, 0, 7, 464, 140, -0.03432347998023033
35, 0, 8, 466, 119, -0.041308317333459854
35, 0, 9, 478, 202, -0.01067990530282259
35, 0, 10, 456, 181, -0.040942635387182236
35, 0, 11, 433, 168, -0.0580882802605629
35, 0, 12, 415, 157, -0.06455320864915848
35, 0, 13, 491, 208, -0.01760382205247879
35, 0, 14, 452, 208, -0.05226481333374977
35, 0, 15, 428, 230, -0.05767287313938141
35, 0, 16, 415, 247, -0.05197622999548912
35, 0, 17, 500, 219, -0.025903886184096336
35, 0, 18, 463, 227, -0.050577014684677124
35, 0, 19, 447, 247, -0.051781103014945984
35, 0, 20, 441, 262, -0.04600338265299797
35, 1, 0, 0, 0, 0.0
35, 1, 1, 0, 0, 0.0
35, 1, 2, 0, 0, 0.0
35, 1, 3, 0, 0, 0.0
35, 1, 4, 0, 0, 0.0
35, 1, 5, 0, 0, 0.0
35, 1, 6, 0, 0, 0.0
35, 1, 7, 0, 0, 0.0
35, 1, 8, 0, 0, 0.0
35, 1, 9, 0, 0, 0.0
35, 1, 10, 0, 0, 0.0
35, 1, 11, 0, 0, 0.0
35, 1, 12, 0, 0, 0.0
35, 1, 13, 0, 0, 0.0
35, 1, 14, 0, 0, 0.0
35, 1, 15, 0, 0, 0.0
35, 1, 16, 0, 0, 0.0
35, 1, 17, 0, 0, 0.0
35, 1, 18, 0, 0, 0.0
35, 1, 19, 0, 0, 0.0
35, 1, 20, 0, 0, 0.0
36, 0, 0, 470, 292, 4.4760241735275486e-08
36, 0, 1, 440, 272, -0.014373084530234337
36, 0, 2, 435, 239, -0.021215148270130157
36, 0, 3, 438, 213, -0.030274320393800735
36, 0, 4, 439, 189, -0.03874042257666588
36, 0, 5, 460, 202, -0.006072700023651123
36, 0, 6, 460, 164, -0.023329848423600197
36, 0, 7, 462, 140, -0.034167204052209854
36, 0, 8, 464, 120, -0.04117966443300247
36, 0, 9, 477, 202, -0.010583617724478245
36, 0, 10, 455, 181, -0.04043612256646156
36, 0, 11, 431, 169, -0.05711860582232475
36, 0, 12, 413, 158, -0.06331660598516464
36, 0, 13, 490, 209, -0.017354978248476982
36, 0, 14, 452, 209, -0.0516124852001667
36, 0, 15, 428, 231, -0.05683993920683861
36, 0, 16, 414, 248, -0.051173217594623566
36, 0, 17, 499, 220, -0.025536738336086273
36, 0, 18, 462, 227, -0.05007876083254814
36, 0, 19, 447, 248, -0.05138475075364113
36, 0, 20, 440, 262, -0.045735228806734085
36, 1, 0, 0, 0, 0.0
36, 1, 1, 0, 0, 0.0
36, 1, 2, 0, 0, 0.0
36, 1, 3, 0, 0, 0.0
36, 1, 4, 0, 0, 0.0
36, 1, 5, 0, 0, 0.0
36, 1, 6, 0, 0, 0.0
36, 1, 7, 0, 0, 0.0
36, 1, 8, 0, 0, 0.0
36, 1, 9, 0, 0, 0.0
36, 1, 10, 0, 0, 0.0
36, 1, 11, 0, 0, 0.0
36, 1, 12, 0, 0, 0.0
36, 1, 13, 0, 0, 0.0
36, 1, 14, 0, 0, 0.0
36, 1, 15, 0, 0, 0.0
36, 1, 16, 0, 0, 0.0
36, 1, 17, 0, 0, 0.0
36, 1, 18, 0, 0, 0.0
36, 1, 19, 0, 0, 0.0
36, 1, 20, 0, 0, 0.0
37, 0, 0, 469, 295, 4.558148702926701e-08
37, 0, 1, 440, 275, -0.014845253899693489
37, 0, 2, 434, 242, -0.022107349708676338
37, 0, 3, 437, 216, -0.03148678317666054
37, 0, 4, 438, 192, -0.04016398638486862
37, 0, 5, 459, 204, -0.006651096977293491
37, 0, 6, 459, 166, -0.02381301112473011
37, 0, 7, 460, 142, -0.03452093154191971
37, 0, 8, 462, 122, -0.04144001752138138
37, 0, 9, 475, 204, -0.010878296568989754
37, 0, 10, 454, 182, -0.04058384150266647
37, 0, 11, 430, 170, -0.05717013403773308
37, 0, 12, 412, 160, -0.06319361925125122
37, 0, 13, 489, 210, -0.017294656485319138
37, 0, 14, 451, 210, -0.05103160813450813
37, 0, 15, 427, 233, -0.05575418844819069
37, 0, 16, 414, 251, -0.04971875250339508
37, 0, 17, 499, 221, -0.025206703692674637
37, 0, 18, 462, 229, -0.04919872805476189
37, 0, 19, 447, 249, -0.05006667971611023
37, 0, 20, 441, 264, -0.04405828192830086
37, 1, 0, 0, 0, 0.0
37, 1, 1, 0, 0, 0.0
37, 1, 2, 0, 0, 0.0
37, 1, 3, 0, 0, 0.0
37, 1, 4, 0, 0, 0.0
37, 1, 5, 0, 0, 0.0
37, 1, 6, 0, 0, 0.0
37, 1, 7, 0, 0, 0.0
37, 1, 8, 0, 0, 0.0
37, 1, 9, 0, 0, 0.0
37, 1, 10, 0, 0, 0.0
37, 1, 11, 0, 0, 0.0
37, 1, 12, 0, 0, 0.0
37, 1, 13, 0, 0, 0.0
37, 1, 14, 0, 0, 0.0
37, 1, 15, 0, 0, 0.0
37, 1, 16, 0, 0, 0.0
37, 1, 17, 0, 0, 0.0
37, 1, 18, 0, 0, 0.0
37, 1, 19, 0, 0, 0.0
37, 1, 20, 0, 0, 0.0
38, 0, 0, 470, 299, 3.6752183518729e-08
38, 0, 1, 441, 278, -0.013963575474917889
38, 0, 2, 434, 246, -0.02175053581595421
38, 0, 3, 436, 221, -0.031923599541187286
38, 0, 4, 435, 197, -0.041340913623571396
38, 0, 5, 458, 207, -0.007944655604660511
38, 0, 6, 458, 169, -0.02676672302186489
38, 0, 7, 458, 145, -0.038574349135160446
38, 0, 8, 458, 125, -0.045852284878492355
38, 0, 9, 474, 207, -0.013132717460393906
38, 0, 10, 452, 186, -0.04380359873175621
38, 0, 11, 429, 174, -0.06044240668416023
38, 0, 12, 410, 164, -0.06604843586683273
38, 0, 13, 488, 213, -0.020332807675004005
38, 0, 14, 450, 215, -0.05398368835449219
38, 0, 15, 427, 238, -0.057422440499067307
38, 0, 16, 414, 256, -0.050175219774246216
38, 0, 17, 498, 226, -0.02904956042766571
38, 0, 18, 462, 233, -0.05181068181991577
38, 0, 19, 447, 253, -0.050839997828006744
38, 0, 20, 441, 268, -0.043291568756103516
38, 1, 0, 0, 0, 0.0
38, 1, 1, 0, 0, 0.0
38, 1, 2, 0, 0, 0.0
38, 1, 3, 0, 0, 0.0
38, 1, 4, 0, 0, 0.0
38, 1, 5, 0, 0, 0.0
38, 1, 6, 0, 0, 0.0
38, 1, 7, 0, 0, 0.0
38, 1, 8, 0, 0, 0.0
38, 1, 9, 0, 0, 0.0
38, 1, 10, 0, 0, 0.0
38, 1, 11, 0, 0, 0.0
38, 1, 12, 0, 0, 0.0
38, 1, 13, 0, 0, 0.0
38, 1, 14, 0, 0, 0.0
38, 1, 15, 0, 0, 0.0
38, 1, 16, 0, 0, 0.0
38, 1, 17, 0, 0, 0.0
38, 1, 18, 0, 0, 0.0
38, 1, 19, 0, 0, 0.0
38, 1, 20, 0, 0, 0.0
39, 0, 0, 471, 307, -2.7450120398953004e-08
39, 0, 1, 442, 285, -0.010181676596403122
39, 0, 2, 433, 253, -0.015973426401615143
39, 0, 3, 434, 227, -0.025211863219738007
39, 0, 4, 431, 204, -0.03425208106637001
39, 0, 5, 456, 211, -0.004968201741576195
39, 0, 6, 455, 174, -0.023780567571520805
39, 0, 7, 454, 149, -0.03589745983481407
39, 0, 8, 452, 129, -0.0431145578622818
39, 0, 9, 473, 213, -0.012302977964282036
39, 0, 10, 450, 192, -0.04223674535751343
39, 0, 11, 425, 182, -0.05774519965052605
39, 0, 12, 406, 174, -0.062086138874292374
39, 0, 13, 487, 220, -0.021544452756643295
39, 0, 14, 449, 221, -0.05526072159409523
39, 0, 15, 427, 245, -0.059004828333854675
39, 0, 16, 414, 263, -0.0514829196035862
39, 0, 17, 497, 234, -0.03192416951060295
39, 0, 18, 463, 240, -0.05488365888595581
39, 0, 19, 448, 259, -0.05374294891953468
39, 0, 20, 441, 275, -0.045701250433921814
39, 1, 0, 0, 0, 0.0
39, 1, 1, 0, 0, 0.0
39, 1, 2, 0, 0, 0.0
39, 1, 3, 0, 0, 0.0
39, 1, 4, 0, 0, 0.0
39, 1, 5, 0, 0, 0.0
39, 1, 6, 0, 0, 0.0
39, 1, 7, 0, 0, 0.0
39, 1, 8, 0, 0, 0.0
39, 1, 9, 0, 0, 0.0
39, 1, 10, 0, 0, 0.0
39, 1, 11, 0, 0, 0.0
39, 1, 12, 0, 0, 0.0
39, 1, 13, 0, 0, 0.0
39, 1, 14, 0, 0, 0.0
39, 1, 15, 0, 0, 0.0
39, 1, 16, 0, 0, 0.0
39, 1, 17, 0, 0, 0.0
39, 1, 18, 0, 0, 0.0
39, 1, 19, 0, 0, 0.0
39, 1, 20, 0, 0, 0.0
40, 0, 0, 474, 322, -1.5752567605886725e-07
40, 0, 1, 444, 300, -0.00996664259582758
40, 0, 2, 429, 266, -0.015820078551769257
40, 0, 3, 428, 239, -0.025280166417360306
40, 0, 4, 427, 216, -0.03445854410529137
40, 0, 5, 452, 220, -0.004752359353005886
40, 0, 6, 448, 186, -0.02406519651412964
40, 0, 7, 445, 163, -0.03773297742009163
40, 0, 8, 439, 144, -0.04643756523728371
40, 0, 9, 470, 221, -0.012496770359575748
40, 0, 10, 446, 206, -0.0414084754884243
40, 0, 11, 422, 200, -0.05637761205434799
40, 0, 12, 401, 197, -0.06109657883644104
40, 0, 13, 487, 231, -0.02238789014518261
40, 0, 14, 451, 233, -0.055211104452610016
40, 0, 15, 430, 257, -0.058673277497291565
40, 0, 16, 416, 278, -0.051490768790245056
40, 0, 17, 500, 247, -0.033473215997219086
40, 0, 18, 468, 253, -0.05644888058304787
40, 0, 19, 452, 270, -0.0559086799621582
40, 0, 20, 443, 286, -0.048429396003484726
40, 1, 0, 0, 0, 0.0
40, 1, 1, 0, 0, 0.0
40, 1, 2, 0, 0, 0.0
40, 1, 3, 0, 0, 0.0
40, 1, 4, 0, 0, 0.0
40, 1, 5, 0, 0, 0.0
40, 1, 6, 0, 0, 0.0
40, 1, 7, 0, 0, 0.0
40, 1, 8, 0, 0, 0.0
40, 1, 9, 0, 0, 0.0
40, 1, 10, 0, 0, 0.0
40, 1, 11, 0, 0, 0.0
40, 1, 12, 0, 0, 0.0
40, 1, 13, 0, 0, 0.0
40, 1, 14, 0, 0, 0.0
40, 1, 15, 0, 0, 0.0
40, 1, 16, 0, 0, 0.0
40, 1, 17, 0, 0, 0.0
40, 1, 18, 0, 0, 0.0
40, 1, 19, 0, 0, 0.0
40, 1, 20, 0, 0, 0.0
41, 0, 0, 479, 343, -1.7973411559069064e-07
41, 0, 1, 448, 324, -0.004866877105087042
41, 0, 2, 426, 293, -0.010880299843847752
41, 0, 3, 418, 267, -0.021580271422863007
41, 0, 4, 411, 251, -0.03243935480713844
41, 0, 5, 449, 242, -0.0048789274878799915
41, 0, 6, 443, 207, -0.023312967270612717
41, 0, 7, 436, 185, -0.035287290811538696
41, 0, 8, 428, 166, -0.04289272427558899
41, 0, 9, 469, 241, -0.015343097038567066
41, 0, 10, 448, 231, -0.040846087038517
41, 0, 11, 435, 233, -0.05044464021921158
41, 0, 12, 425, 234, -0.051515381783246994
41, 0, 13, 487, 249, -0.027368750423192978
41, 0, 14, 452, 262, -0.05385797098278999
41, 0, 15, 436, 287, -0.05176706612110138
41, 0, 16, 427, 306, -0.04248229041695595
41, 0, 17, 501, 265, -0.0406942144036293
41, 0, 18, 471, 278, -0.055343594402074814
41, 0, 19, 457, 296, -0.049851465970277786
41, 0, 20, 450, 310, -0.04061522334814072
41, 1, 0, 0, 0, 0.0
41, 1, 1, 0, 0, 0.0
41, 1, 2, 0, 0, 0.0
41, 1, 3, 0, 0, 0.0
41, 1, 4, 0, 0, 0.0
41, 1, 5, 0, 0, 0.0
41, 1, 6, 0, 0, 0.0
41, 1, 7, 0, 0, 0.0
41, 1, 8, 0, 0, 0.0
41, 1, 9, 0, 0, 0.0
41, 1, 10, 0, 0, 0.0
41, 1, 11, 0, 0, 0.0
41, 1, 12, 0, 0, 0.0
41, 1, 13, 0, 0, 0.0
41, 1, 14, 0, 0, 0.0
41, 1, 15, 0, 0, 0.0
41, 1, 16, 0, 0, 0.0
41, 1, 17, 0, 0, 0.0
41, 1, 18, 0, 0, 0.0
41, 1, 19, 0, 0, 0.0
41, 1, 20, 0, 0, 0.0
42, 0, 0, 488, 367, -6.544942721120606e-07
42, 0, 1, 453, 350, -0.004628485534340143
42, 0, 2, 427, 317, -0.01152051705867052
42, 0, 3, 414, 290, -0.022213967517018318
42, 0, 4, 406, 268, -0.03398705646395683
42, 0, 5, 455, 267, -0.0070689646527171135
42, 0, 6, 441, 235, -0.026227261871099472
42, 0, 7, 429, 219, -0.04033429175615311
42, 0, 8, 419, 210, -0.04949324578046799
42, 0, 9, 478, 269, -0.016930490732192993
42, 0, 10, 446, 273, -0.04617077112197876
42, 0, 11, 429, 301, -0.05571388453245163
42, 0, 12, 424, 326, -0.056224532425403595
42, 0, 13, 495, 281, -0.02834688499569893
42, 0, 14, 460, 289, -0.057576775550842285
42, 0, 15, 443, 316, -0.055220119655132294
42, 0, 16, 435, 340, -0.04660103842616081
42, 0, 17, 509, 299, -0.04005537927150726
42, 0, 18, 475, 305, -0.05994892865419388
42, 0, 19, 457, 324, -0.05561386048793793
42, 0, 20, 448, 343, -0.04676338657736778
42, 1, 0, 0, 0, 0.0
42, 1, 1, 0, 0, 0.0
42, 1, 2, 0, 0, 0.0
42, 1, 3, 0, 0, 0.0
42, 1, 4, 0, 0, 0.0
42, 1, 5, 0, 0, 0.0
42, 1, 6, 0, 0, 0.0
42, 1, 7, 0, 0, 0.0
42, 1, 8, 0, 0, 0.0
42, 1, 9, 0, 0, 0.0
42, 1, 10, 0, 0, 0.0
42, 1, 11, 0, 0, 0.0
42, 1, 12, 0, 0, 0.0
42, 1, 13, 0, 0, 0.0
42, 1, 14, 0, 0, 0.0
42, 1, 15, 0, 0, 0.0
42, 1, 16, 0, 0, 0.0
42, 1, 17, 0, 0, 0.0
42, 1, 18, 0, 0, 0.0
42, 1, 19, 0, 0, 0.0
42, 1, 20, 0, 0, 0.0
43, 0, 0, 0, 0, 0.0
43, 0, 1, 0, 0, 0.0
43, 0, 2, 0, 0, 0.0
43, 0, 3, 0, 0, 0.0
43, 0, 4, 0, 0, 0.0
43, 0, 5, 0, 0, 0.0
43, 0, 6, 0, 0, 0.0
43, 0, 7, 0, 0, 0.0
43, 0, 8, 0, 0, 0.0
43, 0, 9, 0, 0, 0.0
43, 0, 10, 0, 0, 0.0
43, 0, 11, 0, 0, 0.0
43, 0, 12, 0, 0, 0.0
43, 0, 13, 0, 0, 0.0
43, 0, 14, 0, 0, 0.0
43, 0, 15, 0, 0, 0.0
43, 0, 16, 0, 0, 0.0
43, 0, 17, 0, 0, 0.0
43, 0, 18, 0, 0, 0.0
43, 0, 19, 0, 0, 0.0
43, 0, 20, 0, 0, 0.0
43, 1, 0, 0, 0, 0.0
43, 1, 1, 0, 0, 0.0
43, 1, 2, 0, 0, 0.0
43, 1, 3, 0, 0, 0.0
43, 1, 4, 0, 0, 0.0
43, 1, 5, 0, 0, 0.0
43, 1, 6, 0, 0, 0.0
43, 1, 7, 0, 0, 0.0
43, 1, 8, 0, 0, 0.0
43, 1, 9, 0, 0, 0.0
43, 1, 10, 0, 0, 0.0
43, 1, 11, 0, 0, 0.0
43, 1, 12, 0, 0, 0.0
43, 1, 13, 0, 0, 0.0
43, 1, 14, 0, 0, 0.0
43, 1, 15, 0, 0, 0.0
43, 1, 16, 0, 0, 0.0
43, 1, 17, 0, 0, 0.0
43, 1, 18, 0, 0, 0.0
43, 1, 19, 0, 0, 0.0
43, 1, 20, 0, 0, 0.0
44, 0, 0, 0, 0, 0.0
44, 0, 1, 0, 0, 0.0
44, 0, 2, 0, 0, 0.0
44, 0, 3, 0, 0, 0.0
44, 0, 4, 0, 0, 0.0
44, 0, 5, 0, 0, 0.0
44, 0, 6, 0, 0, 0.0
44, 0, 7, 0, 0, 0.0
44, 0, 8, 0, 0, 0.0
44, 0, 9, 0, 0, 0.0
44, 0, 10, 0, 0, 0.0
44, 0, 11, 0, 0, 0.0
44, 0, 12, 0, 0, 0.0
44, 0, 13, 0, 0, 0.0
44, 0, 14, 0, 0, 0.0
44, 0, 15, 0, 0, 0.0
44, 0, 16, 0, 0, 0.0
44, 0, 17, 0, 0, 0.0
44, 0, 18, 0, 0, 0.0
44, 0, 19, 0, 0, 0.0
44, 0, 20, 0, 0, 0.0
44, 1, 0, 0, 0, 0.0
44, 1, 1, 0, 0, 0.0
44, 1, 2, 0, 0, 0.0
44, 1, 3, 0, 0, 0.0
44, 1, 4, 0, 0, 0.0
44, 1, 5, 0, 0, 0.0
44, 1, 6, 0, 0, 0.0
44, 1, 7, 0, 0, 0.0
44, 1, 8, 0, 0, 0.0
44, 1, 9, 0, 0, 0.0
44, 1, 10, 0, 0, 0.0
44, 1, 11, 0, 0, 0.0
44, 1, 12, 0, 0, 0.0
44, 1, 13, 0, 0, 0.0
44, 1, 14, 0, 0, 0.0
44, 1, 15, 0, 0, 0.0
44, 1, 16, 0, 0, 0.0
44, 1, 17, 0, 0, 0.0
44, 1, 18, 0, 0, 0.0
44, 1, 19, 0, 0, 0.0
44, 1, 20, 0, 0, 0.0
45, 0, 0, 0, 0, 0.0
45, 0, 1, 0, 0, 0.0
45, 0, 2, 0, 0, 0.0
45, 0, 3, 0, 0, 0.0
45, 0, 4, 0, 0, 0.0
45, 0, 5, 0, 0, 0.0
45, 0, 6, 0, 0, 0.0
45, 0, 7, 0, 0, 0.0
45, 0, 8, 0, 0, 0.0
45, 0, 9, 0, 0, 0.0
45, 0, 10, 0, 0, 0.0
45, 0, 11, 0, 0, 0.0
45, 0, 12, 0, 0, 0.0
45, 0, 13, 0, 0, 0.0
45, 0, 14, 0, 0, 0.0
45, 0, 15, 0, 0, 0.0
45, 0, 16, 0, 0, 0.0
45, 0, 17, 0, 0, 0.0
45, 0, 18, 0, 0, 0.0
45, 0, 19, 0, 0, 0.0
45, 0, 20, 0, 0, 0.0
45, 1, 0, 0, 0, 0.0
45, 1, 1, 0, 0, 0.0
45, 1, 2, 0, 0, 0.0
45, 1, 3, 0, 0, 0.0
45, 1, 4, 0, 0, 0.0
45, 1, 5, 0, 0, 0.0
45, 1, 6, 0, 0, 0.0
45, 1, 7, 0, 0, 0.0
45, 1, 8, 0, 0, 0.0
45, 1, 9, 0, 0, 0.0
45, 1, 10, 0, 0, 0.0
45, 1, 11, 0, 0, 0.0
45, 1, 12, 0, 0, 0.0
45, 1, 13, 0, 0, 0.0
45, 1, 14, 0, 0, 0.0
45, 1, 15, 0, 0, 0.0
45, 1, 16, 0, 0, 0.0
45, 1, 17, 0, 0, 0.0
45, 1, 18, 0, 0, 0.0
45, 1, 19, 0, 0, 0.0
45, 1, 20, 0, 0, 0.0
46, 0, 0, 0, 0, 0.0
46, 0, 1, 0, 0, 0.0
46, 0, 2, 0, 0, 0.0
46, 0, 3, 0, 0, 0.0
46, 0, 4, 0, 0, 0.0
46, 0, 5, 0, 0, 0.0
46, 0, 6, 0, 0, 0.0
46, 0, 7, 0, 0, 0.0
46, 0, 8, 0, 0, 0.0
46, 0, 9, 0, 0, 0.0
46, 0, 10, 0, 0, 0.0
46, 0, 11, 0, 0, 0.0
46, 0, 12, 0, 0, 0.0
46, 0, 13, 0, 0, 0.0
46, 0, 14, 0, 0, 0.0
46, 0, 15, 0, 0, 0.0
46, 0, 16, 0, 0, 0.0
46, 0, 17, 0, 0, 0.0
46, 0, 18, 0, 0, 0.0
46, 0, 19, 0, 0, 0.0
46, 0, 20, 0, 0, 0.0
46, 1, 0, 0, 0, 0.0
46, 1, 1, 0, 0, 0.0
46, 1, 2, 0, 0, 0.0
46, 1, 3, 0, 0, 0.0
46, 1, 4, 0, 0, 0.0
46, 1, 5, 0, 0, 0.0
46, 1, 6, 0, 0, 0.0
46, 1, 7, 0, 0, 0.0
46, 1, 8, 0, 0, 0.0
46, 1, 9, 0, 0, 0.0
46, 1, 10, 0, 0, 0.0
46, 1, 11, 0, 0, 0.0
46, 1, 12, 0, 0, 0.0
46, 1, 13, 0, 0, 0.0
46, 1, 14, 0, 0, 0.0
46, 1, 15, 0, 0, 0.0
46, 1, 16, 0, 0, 0.0
46, 1, 17, 0, 0, 0.0
46, 1, 18, 0, 0, 0.0
46, 1, 19, 0, 0, 0.0
46, 1, 20, 0, 0, 0.0
47, 0, 0, 0, 0, 0.0
47, 0, 1, 0, 0, 0.0
47, 0, 2, 0, 0, 0.0
47, 0, 3, 0, 0, 0.0
47, 0, 4, 0, 0, 0.0
47, 0, 5, 0, 0, 0.0
47, 0, 6, 0, 0, 0.0
47, 0, 7, 0, 0, 0.0
47, 0, 8, 0, 0, 0.0
47, 0, 9, 0, 0, 0.0
47, 0, 10, 0, 0, 0.0
47, 0, 11, 0, 0, 0.0
47, 0, 12, 0, 0, 0.0
47, 0, 13, 0, 0, 0.0
47, 0, 14, 0, 0, 0.0
47, 0, 15, 0, 0, 0.0
47, 0, 16, 0, 0, 0.0
47, 0, 17, 0, 0, 0.0
47, 0, 18, 0, 0, 0.0
47, 0, 19, 0, 0, 0.0
47, 0, 20, 0, 0, 0.0
47, 1, 0, 0, 0, 0.0
47, 1, 1, 0, 0, 0.0
47, 1, 2, 0, 0, 0.0
47, 1, 3, 0, 0, 0.0
47, 1, 4, 0, 0, 0.0
47, 1, 5, 0, 0, 0.0
47, 1, 6, 0, 0, 0.0
47, 1, 7, 0, 0, 0.0
47, 1, 8, 0, 0, 0.0
47, 1, 9, 0, 0, 0.0
47, 1, 10, 0, 0, 0.0
47, 1, 11, 0, 0, 0.0
47, 1, 12, 0, 0, 0.0
47, 1, 13, 0, 0, 0.0
47, 1, 14, 0, 0, 0.0
47, 1, 15, 0, 0, 0.0
47, 1, 16, 0, 0, 0.0
47, 1, 17, 0, 0, 0.0
47, 1, 18, 0, 0, 0.0
47, 1, 19, 0, 0, 0.0
47, 1, 20, 0, 0, 0.0
48, 0, 0, 0, 0, 0.0
48, 0, 1, 0, 0, 0.0
48, 0, 2, 0, 0, 0.0
48, 0, 3, 0, 0, 0.0
48, 0, 4, 0, 0, 0.0
48, 0, 5, 0, 0, 0.0
48, 0, 6, 0, 0, 0.0
48, 0, 7, 0, 0, 0.0
48, 0, 8, 0, 0, 0.0
48, 0, 9, 0, 0, 0.0
48, 0, 10, 0, 0, 0.0
48, 0, 11, 0, 0, 0.0
48, 0, 12, 0, 0, 0.0
48, 0, 13, 0, 0, 0.0
48, 0, 14, 0, 0, 0.0
48, 0, 15, 0, 0, 0.0
48, 0, 16, 0, 0, 0.0
48, 0, 17, 0, 0, 0.0
48, 0, 18, 0, 0, 0.0
48, 0, 19, 0, 0, 0.0
48, 0, 20, 0, 0, 0.0
48, 1, 0, 0, 0, 0.0
48, 1, 1, 0, 0, 0.0
48, 1, 2, 0, 0, 0.0
48, 1, 3, 0, 0, 0.0
48, 1, 4, 0, 0, 0.0
48, 1, 5, 0, 0, 0.0
48, 1, 6, 0, 0, 0.0
48, 1, 7, 0, 0, 0.0
48, 1, 8, 0, 0, 0.0
48, 1, 9, 0, 0, 0.0
48, 1, 10, 0, 0, 0.0
48, 1, 11, 0, 0, 0.0
48, 1, 12, 0, 0, 0.0
48, 1, 13, 0, 0, 0.0
48, 1, 14, 0, 0, 0.0
48, 1, 15, 0, 0, 0.0
48, 1, 16, 0, 0, 0.0
48, 1, 17, 0, 0, 0.0
48, 1, 18, 0, 0, 0.0
48, 1, 19, 0, 0, 0.0
48, 1, 20, 0, 0, 0.0
49, 0, 0, 0, 0, 0.0
49, 0, 1, 0, 0, 0.0
49, 0, 2, 0, 0, 0.0
49, 0, 3, 0, 0, 0.0
49, 0, 4, 0, 0, 0.0
49, 0, 5, 0, 0, 0.0
49, 0, 6, 0, 0, 0.0
49, 0, 7, 0, 0, 0.0
49, 0, 8, 0, 0, 0.0
49, 0, 9, 0, 0, 0.0
49, 0, 10, 0, 0, 0.0
49, 0, 11, 0, 0, 0.0
49, 0, 12, 0, 0, 0.0
49, 0, 13, 0, 0, 0.0
49, 0, 14, 0, 0, 0.0
49, 0, 15, 0, 0, 0.0
49, 0, 16, 0, 0, 0.0
49, 0, 17, 0, 0, 0.0
49, 0, 18, 0, 0, 0.0
49, 0, 19, 0, 0, 0.0
49, 0, 20, 0, 0, 0.0
49, 1, 0, 0, 0, 0.0
49, 1, 1, 0, 0, 0.0
49, 1, 2, 0, 0, 0.0
49, 1, 3, 0, 0, 0.0
49, 1, 4, 0, 0, 0.0
49, 1, 5, 0, 0, 0.0
49, 1, 6, 0, 0, 0.0
49, 1, 7, 0, 0, 0.0
49, 1, 8, 0, 0, 0.0
49, 1, 9, 0, 0, 0.0
49, 1, 10, 0, 0, 0.0
49, 1, 11, 0, 0, 0.0
49, 1, 12, 0, 0, 0.0
49, 1, 13, 0, 0, 0.0
49, 1, 14, 0, 0, 0.0
49, 1, 15, 0, 0, 0.0
49, 1, 16, 0, 0, 0.0
49, 1, 17, 0, 0, 0.0
49, 1, 18, 0, 0, 0.0
49, 1, 19, 0, 0, 0.0
49, 1, 20, 0, 0, 0.0
50, 0, 0, 0, 0, 0.0
50, 0, 1, 0, 0, 0.0
50, 0, 2, 0, 0, 0.0
50, 0, 3, 0, 0, 0.0
50, 0, 4, 0, 0, 0.0
50, 0, 5, 0, 0, 0.0
50, 0, 6, 0, 0, 0.0
50, 0, 7, 0, 0, 0.0
50, 0, 8, 0, 0, 0.0
50, 0, 9, 0, 0, 0.0
50, 0, 10, 0, 0, 0.0
50, 0, 11, 0, 0, 0.0
50, 0, 12, 0, 0, 0.0
50, 0, 13, 0, 0, 0.0
50, 0, 14, 0, 0, 0.0
50, 0, 15, 0, 0, 0.0
50, 0, 16, 0, 0, 0.0
50, 0, 17, 0, 0, 0.0
50, 0, 18, 0, 0, 0.0
50, 0, 19, 0, 0, 0.0
50, 0, 20, 0, 0, 0.0
50, 1, 0, 0, 0, 0.0
50, 1, 1, 0, 0, 0.0
50, 1, 2, 0, 0, 0.0
50, 1, 3, 0, 0, 0.0
50, 1, 4, 0, 0, 0.0
50, 1, 5, 0, 0, 0.0
50, 1, 6, 0, 0, 0.0
50, 1, 7, 0, 0, 0.0
50, 1, 8, 0, 0, 0.0
50, 1, 9, 0, 0, 0.0
50, 1, 10, 0, 0, 0.0
50, 1, 11, 0, 0, 0.0
50, 1, 12, 0, 0, 0.0
50, 1, 13, 0, 0, 0.0
50, 1, 14, 0, 0, 0.0
50, 1, 15, 0, 0, 0.0
50, 1, 16, 0, 0, 0.0
50, 1, 17, 0, 0, 0.0
50, 1, 18, 0, 0, 0.0
50, 1, 19, 0, 0, 0.0
50, 1, 20, 0, 0, 0.0
51, 0, 0, 0, 0, 0.0
51, 0, 1, 0, 0, 0.0
51, 0, 2, 0, 0, 0.0
51, 0, 3, 0, 0, 0.0
51, 0, 4, 0, 0, 0.0
51, 0, 5, 0, 0, 0.0
51, 0, 6, 0, 0, 0.0
51, 0, 7, 0, 0, 0.0
51, 0, 8, 0, 0, 0.0
51, 0, 9, 0, 0, 0.0
51, 0, 10, 0, 0, 0.0
51, 0, 11, 0, 0, 0.0
51, 0, 12, 0, 0, 0.0
51, 0, 13, 0, 0, 0.0
51, 0, 14, 0, 0, 0.0
51, 0, 15, 0, 0, 0.0
51, 0, 16, 0, 0, 0.0
51, 0, 17, 0, 0, 0.0
51, 0, 18, 0, 0, 0.0
51, 0, 19, 0, 0, 0.0
51, 0, 20, 0, 0, 0.0
51, 1, 0, 0, 0, 0.0
51, 1, 1, 0, 0, 0.0
51, 1, 2, 0, 0, 0.0
51, 1, 3, 0, 0, 0.0
51, 1, 4, 0, 0, 0.0
51, 1, 5, 0, 0, 0.0
51, 1, 6, 0, 0, 0.0
51, 1, 7, 0, 0, 0.0
51, 1, 8, 0, 0, 0.0
51, 1, 9, 0, 0, 0.0
51, 1, 10, 0, 0, 0.0
51, 1, 11, 0, 0, 0.0
51, 1, 12, 0, 0, 0.0
51, 1, 13, 0, 0, 0.0
51, 1, 14, 0, 0, 0.0
51, 1, 15, 0, 0, 0.0
51, 1, 16, 0, 0, 0.0
51, 1, 17, 0, 0, 0.0
51, 1, 18, 0, 0, 0.0
51, 1, 19, 0, 0, 0.0
51, 1, 20, 0, 0, 0.0
52, 0, 0, 0, 0, 0.0
52, 0, 1, 0, 0, 0.0
52, 0, 2, 0, 0, 0.0
52, 0, 3, 0, 0, 0.0
52, 0, 4, 0, 0, 0.0
52, 0, 5, 0, 0, 0.0
52, 0, 6, 0, 0, 0.0
52, 0, 7, 0, 0, 0.0
52, 0, 8, 0, 0, 0.0
52, 0, 9, 0, 0, 0.0
52, 0, 10, 0, 0, 0.0
52, 0, 11, 0, 0, 0.0
52, 0, 12, 0, 0, 0.0
52, 0, 13, 0, 0, 0.0
52, 0, 14, 0, 0, 0.0
52, 0, 15, 0, 0, 0.0
52, 0, 16, 0, 0, 0.0
52, 0, 17, 0, 0, 0.0
52, 0, 18, 0, 0, 0.0
52, 0, 19, 0, 0, 0.0
52, 0, 20, 0, 0, 0.0
52, 1, 0, 0, 0, 0.0
52, 1, 1, 0, 0, 0.0
52, 1, 2, 0, 0, 0.0
52, 1, 3, 0, 0, 0.0
52, 1, 4, 0, 0, 0.0
52, 1, 5, 0, 0, 0.0
52, 1, 6, 0, 0, 0.0
52, 1, 7, 0, 0, 0.0
52, 1, 8, 0, 0, 0.0
52, 1, 9, 0, 0, 0.0
52, 1, 10, 0, 0, 0.0
52, 1, 11, 0, 0, 0.0
52, 1, 12, 0, 0, 0.0
52, 1, 13, 0, 0, 0.0
52, 1, 14, 0, 0, 0.0
52, 1, 15, 0, 0, 0.0
52, 1, 16, 0, 0, 0.0
52, 1, 17, 0, 0, 0.0
52, 1, 18, 0, 0, 0.0
52, 1, 19, 0, 0, 0.0
52, 1, 20, 0, 0, 0.0
53, 0, 0, 0, 0, 0.0
53, 0, 1, 0, 0, 0.0
53, 0, 2, 0, 0, 0.0
53, 0, 3, 0, 0, 0.0
53, 0, 4, 0, 0, 0.0
53, 0, 5, 0, 0, 0.0
53, 0, 6, 0, 0, 0.0
53, 0, 7, 0, 0, 0.0
53, 0, 8, 0, 0, 0.0
53, 0, 9, 0, 0, 0.0
53, 0, 10, 0, 0, 0.0
53, 0, 11, 0, 0, 0.0
53, 0, 12, 0, 0, 0.0
53, 0, 13, 0, 0, 0.0
53, 0, 14, 0, 0, 0.0
53, 0, 15, 0, 0, 0.0
53, 0, 16, 0, 0, 0.0
53, 0, 17, 0, 0, 0.0
53, 0, 18, 0, 0, 0.0
53, 0, 19, 0, 0, 0.0
53, 0, 20, 0, 0, 0.0
53, 1, 0, 0, 0, 0.0
53, 1, 1, 0, 0, 0.0
53, 1, 2, 0, 0, 0.0
53, 1, 3, 0, 0, 0.0
53, 1, 4, 0, 0, 0.0
53, 1, 5, 0, 0, 0.0
53, 1, 6, 0, 0, 0.0
53, 1, 7, 0, 0, 0.0
53, 1, 8, 0, 0, 0.0
53, 1, 9, 0, 0, 0.0
53, 1, 10, 0, 0, 0.0
53, 1, 11, 0, 0, 0.0
53, 1, 12, 0, 0, 0.0
53, 1, 13, 0, 0, 0.0
53, 1, 14, 0, 0, 0.0
53, 1, 15, 0, 0, 0.0
53, 1, 16, 0, 0, 0.0
53, 1, 17, 0, 0, 0.0
53, 1, 18, 0, 0, 0.0
53, 1, 19, 0, 0, 0.0
53, 1, 20, 0, 0, 0.0
54, 0, 0, 0, 0, 0.0
54, 0, 1, 0, 0, 0.0
54, 0, 2, 0, 0, 0.0
54, 0, 3, 0, 0, 0.0
54, 0, 4, 0, 0, 0.0
54, 0, 5, 0, 0, 0.0
54, 0, 6, 0, 0, 0.0
54, 0, 7, 0, 0, 0.0
54, 0, 8, 0, 0, 0.0
54, 0, 9, 0, 0, 0.0
54, 0, 10, 0, 0, 0.0
54, 0, 11, 0, 0, 0.0
54, 0, 12, 0, 0, 0.0
54, 0, 13, 0, 0, 0.0
54, 0, 14, 0, 0, 0.0
54, 0, 15, 0, 0, 0.0
54, 0, 16, 0, 0, 0.0
54, 0, 17, 0, 0, 0.0
54, 0, 18, 0, 0, 0.0
54, 0, 19, 0, 0, 0.0
54, 0, 20, 0, 0, 0.0
54, 1, 0, 0, 0, 0.0
54, 1, 1, 0, 0, 0.0
54, 1, 2, 0, 0, 0.0
54, 1, 3, 0, 0, 0.0
54, 1, 4, 0, 0, 0.0
54, 1, 5, 0, 0, 0.0
54, 1, 6, 0, 0, 0.0
54, 1, 7, 0, 0, 0.0
54, 1, 8, 0, 0, 0.0
54, 1, 9, 0, 0, 0.0
54, 1, 10, 0, 0, 0.0
54, 1, 11, 0, 0, 0.0
54, 1, 12, 0, 0, 0.0
54, 1, 13, 0, 0, 0.0
54, 1, 14, 0, 0, 0.0
54, 1, 15, 0, 0, 0.0
54, 1, 16, 0, 0, 0.0
54, 1, 17, 0, 0, 0.0
54, 1, 18, 0, 0, 0.0
54, 1, 19, 0, 0, 0.0
54, 1, 20, 0, 0, 0.0
55, 0, 0, 0, 0, 0.0
55, 0, 1, 0, 0, 0.0
55, 0, 2, 0, 0, 0.0
55, 0, 3, 0, 0, 0.0
55, 0, 4, 0, 0, 0.0
55, 0, 5, 0, 0, 0.0
55, 0, 6, 0, 0, 0.0
55, 0, 7, 0, 0, 0.0
55, 0, 8, 0, 0, 0.0
55, 0, 9, 0, 0, 0.0
55, 0, 10, 0, 0, 0.0
55, 0, 11, 0, 0, 0.0
55, 0, 12, 0, 0, 0.0
55, 0, 13, 0, 0, 0.0
55, 0, 14, 0, 0, 0.0
55, 0, 15, 0, 0, 0.0
55, 0, 16, 0, 0, 0.0
55, 0, 17, 0, 0, 0.0
55, 0, 18, 0, 0, 0.0
55, 0, 19, 0, 0, 0.0
55, 0, 20, 0, 0, 0.0
55, 1, 0, 0, 0, 0.0
55, 1, 1, 0, 0, 0.0
55, 1, 2, 0, 0, 0.0
55, 1, 3, 0, 0, 0.0
55, 1, 4, 0, 0, 0.0
55, 1, 5, 0, 0, 0.0
55, 1, 6, 0, 0, 0.0
55, 1, 7, 0, 0, 0.0
55, 1, 8, 0, 0, 0.0
55, 1, 9, 0, 0, 0.0
55, 1, 10, 0, 0, 0.0
55, 1, 11, 0, 0, 0.0
55, 1, 12, 0, 0, 0.0
55, 1, 13, 0, 0, 0.0
55, 1, 14, 0, 0, 0.0
55, 1, 15, 0, 0, 0.0
55, 1, 16, 0, 0, 0.0
55, 1, 17, 0, 0, 0.0
55, 1, 18, 0, 0, 0.0
55, 1, 19, 0, 0, 0.0
55, 1, 20, 0, 0, 0.0
56, 0, 0, 0, 0, 0.0
56, 0, 1, 0, 0, 0.0
56, 0, 2, 0, 0, 0.0
56, 0, 3, 0, 0, 0.0
56, 0, 4, 0, 0, 0.0
56, 0, 5, 0, 0, 0.0
56, 0, 6, 0, 0, 0.0
56, 0, 7, 0, 0, 0.0
56, 0, 8, 0, 0, 0.0
56, 0, 9, 0, 0, 0.0
56, 0, 10, 0, 0, 0.0
56, 0, 11, 0, 0, 0.0
56, 0, 12, 0, 0, 0.0
56, 0, 13, 0, 0, 0.0
56, 0, 14, 0, 0, 0.0
56, 0, 15, 0, 0, 0.0
56, 0, 16, 0, 0, 0.0
56, 0, 17, 0, 0, 0.0
56, 0, 18, 0, 0, 0.0
56, 0, 19, 0, 0, 0.0
56, 0, 20, 0, 0, 0.0
56, 1, 0, 0, 0, 0.0
56, 1, 1, 0, 0, 0.0
56, 1, 2, 0, 0, 0.0
56, 1, 3, 0, 0, 0.0
56, 1, 4, 0, 0, 0.0
56, 1, 5, 0, 0, 0.0
56, 1, 6, 0, 0, 0.0
56, 1, 7, 0, 0, 0.0
56, 1, 8, 0, 0, 0.0
56, 1, 9, 0, 0, 0.0
56, 1, 10, 0, 0, 0.0
56, 1, 11, 0, 0, 0.0
56, 1, 12, 0, 0, 0.0
56, 1, 13, 0, 0, 0.0
56, 1, 14, 0, 0, 0.0
56, 1, 15, 0, 0, 0.0
56, 1, 16, 0, 0, 0.0
56, 1, 17, 0, 0, 0.0
56, 1, 18, 0, 0, 0.0
56, 1, 19, 0, 0, 0.0
56, 1, 20, 0, 0, 0.0
57, 0, 0, 0, 0, 0.0
57, 0, 1, 0, 0, 0.0
57, 0, 2, 0, 0, 0.0
57, 0, 3, 0, 0, 0.0
57, 0, 4, 0, 0, 0.0
57, 0, 5, 0, 0, 0.0
57, 0, 6, 0, 0, 0.0
57, 0, 7, 0, 0, 0.0
57, 0, 8, 0, 0, 0.0
57, 0, 9, 0, 0, 0.0
57, 0, 10, 0, 0, 0.0
57, 0, 11, 0, 0, 0.0
57, 0, 12, 0, 0, 0.0
57, 0, 13, 0, 0, 0.0
57, 0, 14, 0, 0, 0.0
57, 0, 15, 0, 0, 0.0
57, 0, 16, 0, 0, 0.0
57, 0, 17, 0, 0, 0.0
57, 0, 18, 0, 0, 0.0
57, 0, 19, 0, 0, 0.0
57, 0, 20, 0, 0, 0.0
57, 1, 0, 0, 0, 0.0
57, 1, 1, 0, 0, 0.0
57, 1, 2, 0, 0, 0.0
57, 1, 3, 0, 0, 0.0
57, 1, 4, 0, 0, 0.0
57, 1, 5, 0, 0, 0.0
57, 1, 6, 0, 0, 0.0
57, 1, 7, 0, 0, 0.0
57, 1, 8, 0, 0, 0.0
57, 1, 9, 0, 0, 0.0
57, 1, 10, 0, 0, 0.0
57, 1, 11, 0, 0, 0.0
57, 1, 12, 0, 0, 0.0
57, 1, 13, 0, 0, 0.0
57, 1, 14, 0, 0, 0.0
57, 1, 15, 0, 0, 0.0
57, 1, 16, 0, 0, 0.0
57, 1, 17, 0, 0, 0.0
57, 1, 18, 0, 0, 0.0
57, 1, 19, 0, 0, 0.0
57, 1, 20, 0, 0, 0.0
58, 0, 0, 0, 0, 0.0
58, 0, 1, 0, 0, 0.0
58, 0, 2, 0, 0, 0.0
58, 0, 3, 0, 0, 0.0
58, 0, 4, 0, 0, 0.0
58, 0, 5, 0, 0, 0.0
58, 0, 6, 0, 0, 0.0
58, 0, 7, 0, 0, 0.0
58, 0, 8, 0, 0, 0.0
58, 0, 9, 0, 0, 0.0
58, 0, 10, 0, 0, 0.0
58, 0, 11, 0, 0, 0.0
58, 0, 12, 0, 0, 0.0
58, 0, 13, 0, 0, 0.0
58, 0, 14, 0, 0, 0.0
58, 0, 15, 0, 0, 0.0
58, 0, 16, 0, 0, 0.0
58, 0, 17, 0, 0, 0.0
58, 0, 18, 0, 0, 0.0
58, 0, 19, 0, 0, 0.0
58, 0, 20, 0, 0, 0.0
58, 1, 0, 0, 0, 0.0
58, 1, 1, 0, 0, 0.0
58, 1, 2, 0, 0, 0.0
58, 1, 3, 0, 0, 0.0
58, 1, 4, 0, 0, 0.0
58, 1, 5, 0, 0, 0.0
58, 1, 6, 0, 0, 0.0
58, 1, 7, 0, 0, 0.0
58, 1, 8, 0, 0, 0.0
58, 1, 9, 0, 0, 0.0
58, 1, 10, 0, 0, 0.0
58, 1, 11, 0, 0, 0.0
58, 1, 12, 0, 0, 0.0
58, 1, 13, 0, 0, 0.0
58, 1, 14, 0, 0, 0.0
58, 1, 15, 0, 0, 0.0
58, 1, 16, 0, 0, 0.0
58, 1, 17, 0, 0, 0.0
58, 1, 18, 0, 0, 0.0
58, 1, 19, 0, 0, 0.0
58, 1, 20, 0, 0, 0.0
59, 0, 0, 0, 0, 0.0
59, 0, 1, 0, 0, 0.0
59, 0, 2, 0, 0, 0.0
59, 0, 3, 0, 0, 0.0
59, 0, 4, 0, 0, 0.0
59, 0, 5, 0, 0, 0.0
59, 0, 6, 0, 0, 0.0
59, 0, 7, 0, 0, 0.0
59, 0, 8, 0, 0, 0.0
59, 0, 9, 0, 0, 0.0
59, 0, 10, 0, 0, 0.0
59, 0, 11, 0, 0, 0.0
59, 0, 12, 0, 0, 0.0
59, 0, 13, 0, 0, 0.0
59, 0, 14, 0, 0, 0.0
59, 0, 15, 0, 0, 0.0
59, 0, 16, 0, 0, 0.0
59, 0, 17, 0, 0, 0.0
59, 0, 18, 0, 0, 0.0
59, 0, 19, 0, 0, 0.0
59, 0, 20, 0, 0, 0.0
59, 1, 0, 0, 0, 0.0
59, 1, 1, 0, 0, 0.0
59, 1, 2, 0, 0, 0.0
59, 1, 3, 0, 0, 0.0
59, 1, 4, 0, 0, 0.0
59, 1, 5, 0, 0, 0.0
59, 1, 6, 0, 0, 0.0
59, 1, 7, 0, 0, 0.0
59, 1, 8, 0, 0, 0.0
59, 1, 9, 0, 0, 0.0
59, 1, 10, 0, 0, 0.0
59, 1, 11, 0, 0, 0.0
59, 1, 12, 0, 0, 0.0
59, 1, 13, 0, 0, 0.0
59, 1, 14, 0, 0, 0.0
59, 1, 15, 0, 0, 0.0
59, 1, 16, 0, 0, 0.0
59, 1, 17, 0, 0, 0.0
59, 1, 18, 0, 0, 0.0
59, 1, 19, 0, 0, 0.0
59, 1, 20, 0, 0, 0.0
