0, 0, 0, 0, 0, 0.0
0, 0, 1, 0, 0, 0.0
0, 0, 2, 0, 0, 0.0
0, 0, 3, 0, 0, 0.0
0, 0, 4, 0, 0, 0.0
0, 0, 5, 0, 0, 0.0
0, 0, 6, 0, 0, 0.0
0, 0, 7, 0, 0, 0.0
0, 0, 8, 0, 0, 0.0
0, 0, 9, 0, 0, 0.0
0, 0, 10, 0, 0, 0.0
0, 0, 11, 0, 0, 0.0
0, 0, 12, 0, 0, 0.0
0, 0, 13, 0, 0, 0.0
0, 0, 14, 0, 0, 0.0
0, 0, 15, 0, 0, 0.0
0, 0, 16, 0, 0, 0.0
0, 0, 17, 0, 0, 0.0
0, 0, 18, 0, 0, 0.0
0, 0, 19, 0, 0, 0.0
0, 0, 20, 0, 0, 0.0
0, 1, 0, 0, 0, 0.0
0, 1, 1, 0, 0, 0.0
0, 1, 2, 0, 0, 0.0
0, 1, 3, 0, 0, 0.0
0, 1, 4, 0, 0, 0.0
0, 1, 5, 0, 0, 0.0
0, 1, 6, 0, 0, 0.0
0, 1, 7, 0, 0, 0.0
0, 1, 8, 0, 0, 0.0
0, 1, 9, 0, 0, 0.0
0, 1, 10, 0, 0, 0.0
0, 1, 11, 0, 0, 0.0
0, 1, 12, 0, 0, 0.0
0, 1, 13, 0, 0, 0.0
0, 1, 14, 0, 0, 0.0
0, 1, 15, 0, 0, 0.0
0, 1, 16, 0, 0, 0.0
0, 1, 17, 0, 0, 0.0
0, 1, 18, 0, 0, 0.0
0, 1, 19, 0, 0, 0.0
0, 1, 20, 0, 0, 0.0
1, 0, 0, 0, 0, 0.0
1, 0, 1, 0, 0, 0.0
1, 0, 2, 0, 0, 0.0
1, 0, 3, 0, 0, 0.0
1, 0, 4, 0, 0, 0.0
1, 0, 5, 0, 0, 0.0
1, 0, 6, 0, 0, 0.0
1, 0, 7, 0, 0, 0.0
1, 0, 8, 0, 0, 0.0
1, 0, 9, 0, 0, 0.0
1, 0, 10, 0, 0, 0.0
1, 0, 11, 0, 0, 0.0
1, 0, 12, 0, 0, 0.0
1, 0, 13, 0, 0, 0.0
1, 0, 14, 0, 0, 0.0
1, 0, 15, 0, 0, 0.0
1, 0, 16, 0, 0, 0.0
1, 0, 17, 0, 0, 0.0
1, 0, 18, 0, 0, 0.0
1, 0, 19, 0, 0, 0.0
1, 0, 20, 0, 0, 0.0
1, 1, 0, 0, 0, 0.0
1, 1, 1, 0, 0, 0.0
1, 1, 2, 0, 0, 0.0
1, 1, 3, 0, 0, 0.0
1, 1, 4, 0, 0, 0.0
1, 1, 5, 0, 0, 0.0
1, 1, 6, 0, 0, 0.0
1, 1, 7, 0, 0, 0.0
1, 1, 8, 0, 0, 0.0
1, 1, 9, 0, 0, 0.0
1, 1, 10, 0, 0, 0.0
1, 1, 11, 0, 0, 0.0
1, 1, 12, 0, 0, 0.0
1, 1, 13, 0, 0, 0.0
1, 1, 14, 0, 0, 0.0
1, 1, 15, 0, 0, 0.0
1, 1, 16, 0, 0, 0.0
1, 1, 17, 0, 0, 0.0
1, 1, 18, 0, 0, 0.0
1, 1, 19, 0, 0, 0.0
1, 1, 20, 0, 0, 0.0
2, 0, 0, 0, 0, 0.0
2, 0, 1, 0, 0, 0.0
2, 0, 2, 0, 0, 0.0
2, 0, 3, 0, 0, 0.0
2, 0, 4, 0, 0, 0.0
2, 0, 5, 0, 0, 0.0
2, 0, 6, 0, 0, 0.0
2, 0, 7, 0, 0, 0.0
2, 0, 8, 0, 0, 0.0
2, 0, 9, 0, 0, 0.0
2, 0, 10, 0, 0, 0.0
2, 0, 11, 0, 0, 0.0
2, 0, 12, 0, 0, 0.0
2, 0, 13, 0, 0, 0.0
2, 0, 14, 0, 0, 0.0
2, 0, 15, 0, 0, 0.0
2, 0, 16, 0, 0, 0.0
2, 0, 17, 0, 0, 0.0
2, 0, 18, 0, 0, 0.0
2, 0, 19, 0, 0, 0.0
2, 0, 20, 0, 0, 0.0
2, 1, 0, 0, 0, 0.0
2, 1, 1, 0, 0, 0.0
2, 1, 2, 0, 0, 0.0
2, 1, 3, 0, 0, 0.0
2, 1, 4, 0, 0, 0.0
2, 1, 5, 0, 0, 0.0
2, 1, 6, 0, 0, 0.0
2, 1, 7, 0, 0, 0.0
2, 1, 8, 0, 0, 0.0
2, 1, 9, 0, 0, 0.0
2, 1, 10, 0, 0, 0.0
2, 1, 11, 0, 0, 0.0
2, 1, 12, 0, 0, 0.0
2, 1, 13, 0, 0, 0.0
2, 1, 14, 0, 0, 0.0
2, 1, 15, 0, 0, 0.0
2, 1, 16, 0, 0, 0.0
2, 1, 17, 0, 0, 0.0
2, 1, 18, 0, 0, 0.0
2, 1, 19, 0, 0, 0.0
2, 1, 20, 0, 0, 0.0
3, 0, 0, 0, 0, 0.0
3, 0, 1, 0, 0, 0.0
3, 0, 2, 0, 0, 0.0
3, 0, 3, 0, 0, 0.0
3, 0, 4, 0, 0, 0.0
3, 0, 5, 0, 0, 0.0
3, 0, 6, 0, 0, 0.0
3, 0, 7, 0, 0, 0.0
3, 0, 8, 0, 0, 0.0
3, 0, 9, 0, 0, 0.0
3, 0, 10, 0, 0, 0.0
3, 0, 11, 0, 0, 0.0
3, 0, 12, 0, 0, 0.0
3, 0, 13, 0, 0, 0.0
3, 0, 14, 0, 0, 0.0
3, 0, 15, 0, 0, 0.0
3, 0, 16, 0, 0, 0.0
3, 0, 17, 0, 0, 0.0
3, 0, 18, 0, 0, 0.0
3, 0, 19, 0, 0, 0.0
3, 0, 20, 0, 0, 0.0
3, 1, 0, 0, 0, 0.0
3, 1, 1, 0, 0, 0.0
3, 1, 2, 0, 0, 0.0
3, 1, 3, 0, 0, 0.0
3, 1, 4, 0, 0, 0.0
3, 1, 5, 0, 0, 0.0
3, 1, 6, 0, 0, 0.0
3, 1, 7, 0, 0, 0.0
3, 1, 8, 0, 0, 0.0
3, 1, 9, 0, 0, 0.0
3, 1, 10, 0, 0, 0.0
3, 1, 11, 0, 0, 0.0
3, 1, 12, 0, 0, 0.0
3, 1, 13, 0, 0, 0.0
3, 1, 14, 0, 0, 0.0
3, 1, 15, 0, 0, 0.0
3, 1, 16, 0, 0, 0.0
3, 1, 17, 0, 0, 0.0
3, 1, 18, 0, 0, 0.0
3, 1, 19, 0, 0, 0.0
3, 1, 20, 0, 0, 0.0
4, 0, 0, 0, 0, 0.0
4, 0, 1, 0, 0, 0.0
4, 0, 2, 0, 0, 0.0
4, 0, 3, 0, 0, 0.0
4, 0, 4, 0, 0, 0.0
4, 0, 5, 0, 0, 0.0
4, 0, 6, 0, 0, 0.0
4, 0, 7, 0, 0, 0.0
4, 0, 8, 0, 0, 0.0
4, 0, 9, 0, 0, 0.0
4, 0, 10, 0, 0, 0.0
4, 0, 11, 0, 0, 0.0
4, 0, 12, 0, 0, 0.0
4, 0, 13, 0, 0, 0.0
4, 0, 14, 0, 0, 0.0
4, 0, 15, 0, 0, 0.0
4, 0, 16, 0, 0, 0.0
4, 0, 17, 0, 0, 0.0
4, 0, 18, 0, 0, 0.0
4, 0, 19, 0, 0, 0.0
4, 0, 20, 0, 0, 0.0
4, 1, 0, 0, 0, 0.0
4, 1, 1, 0, 0, 0.0
4, 1, 2, 0, 0, 0.0
4, 1, 3, 0, 0, 0.0
4, 1, 4, 0, 0, 0.0
4, 1, 5, 0, 0, 0.0
4, 1, 6, 0, 0, 0.0
4, 1, 7, 0, 0, 0.0
4, 1, 8, 0, 0, 0.0
4, 1, 9, 0, 0, 0.0
4, 1, 10, 0, 0, 0.0
4, 1, 11, 0, 0, 0.0
4, 1, 12, 0, 0, 0.0
4, 1, 13, 0, 0, 0.0
4, 1, 14, 0, 0, 0.0
4, 1, 15, 0, 0, 0.0
4, 1, 16, 0, 0, 0.0
4, 1, 17, 0, 0, 0.0
4, 1, 18, 0, 0, 0.0
4, 1, 19, 0, 0, 0.0
4, 1, 20, 0, 0, 0.0
5, 0, 0, 0, 0, 0.0
5, 0, 1, 0, 0, 0.0
5, 0, 2, 0, 0, 0.0
5, 0, 3, 0, 0, 0.0
5, 0, 4, 0, 0, 0.0
5, 0, 5, 0, 0, 0.0
5, 0, 6, 0, 0, 0.0
5, 0, 7, 0, 0, 0.0
5, 0, 8, 0, 0, 0.0
5, 0, 9, 0, 0, 0.0
5, 0, 10, 0, 0, 0.0
5, 0, 11, 0, 0, 0.0
5, 0, 12, 0, 0, 0.0
5, 0, 13, 0, 0, 0.0
5, 0, 14, 0, 0, 0.0
5, 0, 15, 0, 0, 0.0
5, 0, 16, 0, 0, 0.0
5, 0, 17, 0, 0, 0.0
5, 0, 18, 0, 0, 0.0
5, 0, 19, 0, 0, 0.0
5, 0, 20, 0, 0, 0.0
5, 1, 0, 0, 0, 0.0
5, 1, 1, 0, 0, 0.0
5, 1, 2, 0, 0, 0.0
5, 1, 3, 0, 0, 0.0
5, 1, 4, 0, 0, 0.0
5, 1, 5, 0, 0, 0.0
5, 1, 6, 0, 0, 0.0
5, 1, 7, 0, 0, 0.0
5, 1, 8, 0, 0, 0.0
5, 1, 9, 0, 0, 0.0
5, 1, 10, 0, 0, 0.0
5, 1, 11, 0, 0, 0.0
5, 1, 12, 0, 0, 0.0
5, 1, 13, 0, 0, 0.0
5, 1, 14, 0, 0, 0.0
5, 1, 15, 0, 0, 0.0
5, 1, 16, 0, 0, 0.0
5, 1, 17, 0, 0, 0.0
5, 1, 18, 0, 0, 0.0
5, 1, 19, 0, 0, 0.0
5, 1, 20, 0, 0, 0.0
6, 0, 0, 0, 0, 0.0
6, 0, 1, 0, 0, 0.0
6, 0, 2, 0, 0, 0.0
6, 0, 3, 0, 0, 0.0
6, 0, 4, 0, 0, 0.0
6, 0, 5, 0, 0, 0.0
6, 0, 6, 0, 0, 0.0
6, 0, 7, 0, 0, 0.0
6, 0, 8, 0, 0, 0.0
6, 0, 9, 0, 0, 0.0
6, 0, 10, 0, 0, 0.0
6, 0, 11, 0, 0, 0.0
6, 0, 12, 0, 0, 0.0
6, 0, 13, 0, 0, 0.0
6, 0, 14, 0, 0, 0.0
6, 0, 15, 0, 0, 0.0
6, 0, 16, 0, 0, 0.0
6, 0, 17, 0, 0, 0.0
6, 0, 18, 0, 0, 0.0
6, 0, 19, 0, 0, 0.0
6, 0, 20, 0, 0, 0.0
6, 1, 0, 0, 0, 0.0
6, 1, 1, 0, 0, 0.0
6, 1, 2, 0, 0, 0.0
6, 1, 3, 0, 0, 0.0
6, 1, 4, 0, 0, 0.0
6, 1, 5, 0, 0, 0.0
6, 1, 6, 0, 0, 0.0
6, 1, 7, 0, 0, 0.0
6, 1, 8, 0, 0, 0.0
6, 1, 9, 0, 0, 0.0
6, 1, 10, 0, 0, 0.0
6, 1, 11, 0, 0, 0.0
6, 1, 12, 0, 0, 0.0
6, 1, 13, 0, 0, 0.0
6, 1, 14, 0, 0, 0.0
6, 1, 15, 0, 0, 0.0
6, 1, 16, 0, 0, 0.0
6, 1, 17, 0, 0, 0.0
6, 1, 18, 0, 0, 0.0
6, 1, 19, 0, 0, 0.0
6, 1, 20, 0, 0, 0.0
7, 0, 0, 0, 0, 0.0
7, 0, 1, 0, 0, 0.0
7, 0, 2, 0, 0, 0.0
7, 0, 3, 0, 0, 0.0
7, 0, 4, 0, 0, 0.0
7, 0, 5, 0, 0, 0.0
7, 0, 6, 0, 0, 0.0
7, 0, 7, 0, 0, 0.0
7, 0, 8, 0, 0, 0.0
7, 0, 9, 0, 0, 0.0
7, 0, 10, 0, 0, 0.0
7, 0, 11, 0, 0, 0.0
7, 0, 12, 0, 0, 0.0
7, 0, 13, 0, 0, 0.0
7, 0, 14, 0, 0, 0.0
7, 0, 15, 0, 0, 0.0
7, 0, 16, 0, 0, 0.0
7, 0, 17, 0, 0, 0.0
7, 0, 18, 0, 0, 0.0
7, 0, 19, 0, 0, 0.0
7, 0, 20, 0, 0, 0.0
7, 1, 0, 0, 0, 0.0
7, 1, 1, 0, 0, 0.0
7, 1, 2, 0, 0, 0.0
7, 1, 3, 0, 0, 0.0
7, 1, 4, 0, 0, 0.0
7, 1, 5, 0, 0, 0.0
7, 1, 6, 0, 0, 0.0
7, 1, 7, 0, 0, 0.0
7, 1, 8, 0, 0, 0.0
7, 1, 9, 0, 0, 0.0
7, 1, 10, 0, 0, 0.0
7, 1, 11, 0, 0, 0.0
7, 1, 12, 0, 0, 0.0
7, 1, 13, 0, 0, 0.0
7, 1, 14, 0, 0, 0.0
7, 1, 15, 0, 0, 0.0
7, 1, 16, 0, 0, 0.0
7, 1, 17, 0, 0, 0.0
7, 1, 18, 0, 0, 0.0
7, 1, 19, 0, 0, 0.0
7, 1, 20, 0, 0, 0.0
8, 0, 0, 0, 0, 0.0
8, 0, 1, 0, 0, 0.0
8, 0, 2, 0, 0, 0.0
8, 0, 3, 0, 0, 0.0
8, 0, 4, 0, 0, 0.0
8, 0, 5, 0, 0, 0.0
8, 0, 6, 0, 0, 0.0
8, 0, 7, 0, 0, 0.0
8, 0, 8, 0, 0, 0.0
8, 0, 9, 0, 0, 0.0
8, 0, 10, 0, 0, 0.0
8, 0, 11, 0, 0, 0.0
8, 0, 12, 0, 0, 0.0
8, 0, 13, 0, 0, 0.0
8, 0, 14, 0, 0, 0.0
8, 0, 15, 0, 0, 0.0
8, 0, 16, 0, 0, 0.0
8, 0, 17, 0, 0, 0.0
8, 0, 18, 0, 0, 0.0
8, 0, 19, 0, 0, 0.0
8, 0, 20, 0, 0, 0.0
8, 1, 0, 0, 0, 0.0
8, 1, 1, 0, 0, 0.0
8, 1, 2, 0, 0, 0.0
8, 1, 3, 0, 0, 0.0
8, 1, 4, 0, 0, 0.0
8, 1, 5, 0, 0, 0.0
8, 1, 6, 0, 0, 0.0
8, 1, 7, 0, 0, 0.0
8, 1, 8, 0, 0, 0.0
8, 1, 9, 0, 0, 0.0
8, 1, 10, 0, 0, 0.0
8, 1, 11, 0, 0, 0.0
8, 1, 12, 0, 0, 0.0
8, 1, 13, 0, 0, 0.0
8, 1, 14, 0, 0, 0.0
8, 1, 15, 0, 0, 0.0
8, 1, 16, 0, 0, 0.0
8, 1, 17, 0, 0, 0.0
8, 1, 18, 0, 0, 0.0
8, 1, 19, 0, 0, 0.0
8, 1, 20, 0, 0, 0.0
9, 0, 0, 0, 0, 0.0
9, 0, 1, 0, 0, 0.0
9, 0, 2, 0, 0, 0.0
9, 0, 3, 0, 0, 0.0
9, 0, 4, 0, 0, 0.0
9, 0, 5, 0, 0, 0.0
9, 0, 6, 0, 0, 0.0
9, 0, 7, 0, 0, 0.0
9, 0, 8, 0, 0, 0.0
9, 0, 9, 0, 0, 0.0
9, 0, 10, 0, 0, 0.0
9, 0, 11, 0, 0, 0.0
9, 0, 12, 0, 0, 0.0
9, 0, 13, 0, 0, 0.0
9, 0, 14, 0, 0, 0.0
9, 0, 15, 0, 0, 0.0
9, 0, 16, 0, 0, 0.0
9, 0, 17, 0, 0, 0.0
9, 0, 18, 0, 0, 0.0
9, 0, 19, 0, 0, 0.0
9, 0, 20, 0, 0, 0.0
9, 1, 0, 0, 0, 0.0
9, 1, 1, 0, 0, 0.0
9, 1, 2, 0, 0, 0.0
9, 1, 3, 0, 0, 0.0
9, 1, 4, 0, 0, 0.0
9, 1, 5, 0, 0, 0.0
9, 1, 6, 0, 0, 0.0
9, 1, 7, 0, 0, 0.0
9, 1, 8, 0, 0, 0.0
9, 1, 9, 0, 0, 0.0
9, 1, 10, 0, 0, 0.0
9, 1, 11, 0, 0, 0.0
9, 1, 12, 0, 0, 0.0
9, 1, 13, 0, 0, 0.0
9, 1, 14, 0, 0, 0.0
9, 1, 15, 0, 0, 0.0
9, 1, 16, 0, 0, 0.0
9, 1, 17, 0, 0, 0.0
9, 1, 18, 0, 0, 0.0
9, 1, 19, 0, 0, 0.0
9, 1, 20, 0, 0, 0.0
10, 0, 0, 0, 0, 0.0
10, 0, 1, 0, 0, 0.0
10, 0, 2, 0, 0, 0.0
10, 0, 3, 0, 0, 0.0
10, 0, 4, 0, 0, 0.0
10, 0, 5, 0, 0, 0.0
10, 0, 6, 0, 0, 0.0
10, 0, 7, 0, 0, 0.0
10, 0, 8, 0, 0, 0.0
10, 0, 9, 0, 0, 0.0
10, 0, 10, 0, 0, 0.0
10, 0, 11, 0, 0, 0.0
10, 0, 12, 0, 0, 0.0
10, 0, 13, 0, 0, 0.0
10, 0, 14, 0, 0, 0.0
10, 0, 15, 0, 0, 0.0
10, 0, 16, 0, 0, 0.0
10, 0, 17, 0, 0, 0.0
10, 0, 18, 0, 0, 0.0
10, 0, 19, 0, 0, 0.0
10, 0, 20, 0, 0, 0.0
10, 1, 0, 0, 0, 0.0
10, 1, 1, 0, 0, 0.0
10, 1, 2, 0, 0, 0.0
10, 1, 3, 0, 0, 0.0
10, 1, 4, 0, 0, 0.0
10, 1, 5, 0, 0, 0.0
10, 1, 6, 0, 0, 0.0
10, 1, 7, 0, 0, 0.0
10, 1, 8, 0, 0, 0.0
10, 1, 9, 0, 0, 0.0
10, 1, 10, 0, 0, 0.0
10, 1, 11, 0, 0, 0.0
10, 1, 12, 0, 0, 0.0
10, 1, 13, 0, 0, 0.0
10, 1, 14, 0, 0, 0.0
10, 1, 15, 0, 0, 0.0
10, 1, 16, 0, 0, 0.0
10, 1, 17, 0, 0, 0.0
10, 1, 18, 0, 0, 0.0
10, 1, 19, 0, 0, 0.0
10, 1, 20, 0, 0, 0.0
11, 0, 0, 0, 0, 0.0
11, 0, 1, 0, 0, 0.0
11, 0, 2, 0, 0, 0.0
11, 0, 3, 0, 0, 0.0
11, 0, 4, 0, 0, 0.0
11, 0, 5, 0, 0, 0.0
11, 0, 6, 0, 0, 0.0
11, 0, 7, 0, 0, 0.0
11, 0, 8, 0, 0, 0.0
11, 0, 9, 0, 0, 0.0
11, 0, 10, 0, 0, 0.0
11, 0, 11, 0, 0, 0.0
11, 0, 12, 0, 0, 0.0
11, 0, 13, 0, 0, 0.0
11, 0, 14, 0, 0, 0.0
11, 0, 15, 0, 0, 0.0
11, 0, 16, 0, 0, 0.0
11, 0, 17, 0, 0, 0.0
11, 0, 18, 0, 0, 0.0
11, 0, 19, 0, 0, 0.0
11, 0, 20, 0, 0, 0.0
11, 1, 0, 0, 0, 0.0
11, 1, 1, 0, 0, 0.0
11, 1, 2, 0, 0, 0.0
11, 1, 3, 0, 0, 0.0
11, 1, 4, 0, 0, 0.0
11, 1, 5, 0, 0, 0.0
11, 1, 6, 0, 0, 0.0
11, 1, 7, 0, 0, 0.0
11, 1, 8, 0, 0, 0.0
11, 1, 9, 0, 0, 0.0
11, 1, 10, 0, 0, 0.0
11, 1, 11, 0, 0, 0.0
11, 1, 12, 0, 0, 0.0
11, 1, 13, 0, 0, 0.0
11, 1, 14, 0, 0, 0.0
11, 1, 15, 0, 0, 0.0
11, 1, 16, 0, 0, 0.0
11, 1, 17, 0, 0, 0.0
11, 1, 18, 0, 0, 0.0
11, 1, 19, 0, 0, 0.0
11, 1, 20, 0, 0, 0.0
12, 0, 0, 0, 0, 0.0
12, 0, 1, 0, 0, 0.0
12, 0, 2, 0, 0, 0.0
12, 0, 3, 0, 0, 0.0
12, 0, 4, 0, 0, 0.0
12, 0, 5, 0, 0, 0.0
12, 0, 6, 0, 0, 0.0
12, 0, 7, 0, 0, 0.0
12, 0, 8, 0, 0, 0.0
12, 0, 9, 0, 0, 0.0
12, 0, 10, 0, 0, 0.0
12, 0, 11, 0, 0, 0.0
12, 0, 12, 0, 0, 0.0
12, 0, 13, 0, 0, 0.0
12, 0, 14, 0, 0, 0.0
12, 0, 15, 0, 0, 0.0
12, 0, 16, 0, 0, 0.0
12, 0, 17, 0, 0, 0.0
12, 0, 18, 0, 0, 0.0
12, 0, 19, 0, 0, 0.0
12, 0, 20, 0, 0, 0.0
12, 1, 0, 0, 0, 0.0
12, 1, 1, 0, 0, 0.0
12, 1, 2, 0, 0, 0.0
12, 1, 3, 0, 0, 0.0
12, 1, 4, 0, 0, 0.0
12, 1, 5, 0, 0, 0.0
12, 1, 6, 0, 0, 0.0
12, 1, 7, 0, 0, 0.0
12, 1, 8, 0, 0, 0.0
12, 1, 9, 0, 0, 0.0
12, 1, 10, 0, 0, 0.0
12, 1, 11, 0, 0, 0.0
12, 1, 12, 0, 0, 0.0
12, 1, 13, 0, 0, 0.0
12, 1, 14, 0, 0, 0.0
12, 1, 15, 0, 0, 0.0
12, 1, 16, 0, 0, 0.0
12, 1, 17, 0, 0, 0.0
12, 1, 18, 0, 0, 0.0
12, 1, 19, 0, 0, 0.0
12, 1, 20, 0, 0, 0.0
13, 0, 0, 0, 0, 0.0
13, 0, 1, 0, 0, 0.0
13, 0, 2, 0, 0, 0.0
13, 0, 3, 0, 0, 0.0
13, 0, 4, 0, 0, 0.0
13, 0, 5, 0, 0, 0.0
13, 0, 6, 0, 0, 0.0
13, 0, 7, 0, 0, 0.0
13, 0, 8, 0, 0, 0.0
13, 0, 9, 0, 0, 0.0
13, 0, 10, 0, 0, 0.0
13, 0, 11, 0, 0, 0.0
13, 0, 12, 0, 0, 0.0
13, 0, 13, 0, 0, 0.0
13, 0, 14, 0, 0, 0.0
13, 0, 15, 0, 0, 0.0
13, 0, 16, 0, 0, 0.0
13, 0, 17, 0, 0, 0.0
13, 0, 18, 0, 0, 0.0
13, 0, 19, 0, 0, 0.0
13, 0, 20, 0, 0, 0.0
13, 1, 0, 0, 0, 0.0
13, 1, 1, 0, 0, 0.0
13, 1, 2, 0, 0, 0.0
13, 1, 3, 0, 0, 0.0
13, 1, 4, 0, 0, 0.0
13, 1, 5, 0, 0, 0.0
13, 1, 6, 0, 0, 0.0
13, 1, 7, 0, 0, 0.0
13, 1, 8, 0, 0, 0.0
13, 1, 9, 0, 0, 0.0
13, 1, 10, 0, 0, 0.0
13, 1, 11, 0, 0, 0.0
13, 1, 12, 0, 0, 0.0
13, 1, 13, 0, 0, 0.0
13, 1, 14, 0, 0, 0.0
13, 1, 15, 0, 0, 0.0
13, 1, 16, 0, 0, 0.0
13, 1, 17, 0, 0, 0.0
13, 1, 18, 0, 0, 0.0
13, 1, 19, 0, 0, 0.0
13, 1, 20, 0, 0, 0.0
14, 0, 0, 0, 0, 0.0
14, 0, 1, 0, 0, 0.0
14, 0, 2, 0, 0, 0.0
14, 0, 3, 0, 0, 0.0
14, 0, 4, 0, 0, 0.0
14, 0, 5, 0, 0, 0.0
14, 0, 6, 0, 0, 0.0
14, 0, 7, 0, 0, 0.0
14, 0, 8, 0, 0, 0.0
14, 0, 9, 0, 0, 0.0
14, 0, 10, 0, 0, 0.0
14, 0, 11, 0, 0, 0.0
14, 0, 12, 0, 0, 0.0
14, 0, 13, 0, 0, 0.0
14, 0, 14, 0, 0, 0.0
14, 0, 15, 0, 0, 0.0
14, 0, 16, 0, 0, 0.0
14, 0, 17, 0, 0, 0.0
14, 0, 18, 0, 0, 0.0
14, 0, 19, 0, 0, 0.0
14, 0, 20, 0, 0, 0.0
14, 1, 0, 0, 0, 0.0
14, 1, 1, 0, 0, 0.0
14, 1, 2, 0, 0, 0.0
14, 1, 3, 0, 0, 0.0
14, 1, 4, 0, 0, 0.0
14, 1, 5, 0, 0, 0.0
14, 1, 6, 0, 0, 0.0
14, 1, 7, 0, 0, 0.0
14, 1, 8, 0, 0, 0.0
14, 1, 9, 0, 0, 0.0
14, 1, 10, 0, 0, 0.0
14, 1, 11, 0, 0, 0.0
14, 1, 12, 0, 0, 0.0
14, 1, 13, 0, 0, 0.0
14, 1, 14, 0, 0, 0.0
14, 1, 15, 0, 0, 0.0
14, 1, 16, 0, 0, 0.0
14, 1, 17, 0, 0, 0.0
14, 1, 18, 0, 0, 0.0
14, 1, 19, 0, 0, 0.0
14, 1, 20, 0, 0, 0.0
15, 0, 0, 0, 0, 0.0
15, 0, 1, 0, 0, 0.0
15, 0, 2, 0, 0, 0.0
15, 0, 3, 0, 0, 0.0
15, 0, 4, 0, 0, 0.0
15, 0, 5, 0, 0, 0.0
15, 0, 6, 0, 0, 0.0
15, 0, 7, 0, 0, 0.0
15, 0, 8, 0, 0, 0.0
15, 0, 9, 0, 0, 0.0
15, 0, 10, 0, 0, 0.0
15, 0, 11, 0, 0, 0.0
15, 0, 12, 0, 0, 0.0
15, 0, 13, 0, 0, 0.0
15, 0, 14, 0, 0, 0.0
15, 0, 15, 0, 0, 0.0
15, 0, 16, 0, 0, 0.0
15, 0, 17, 0, 0, 0.0
15, 0, 18, 0, 0, 0.0
15, 0, 19, 0, 0, 0.0
15, 0, 20, 0, 0, 0.0
15, 1, 0, 0, 0, 0.0
15, 1, 1, 0, 0, 0.0
15, 1, 2, 0, 0, 0.0
15, 1, 3, 0, 0, 0.0
15, 1, 4, 0, 0, 0.0
15, 1, 5, 0, 0, 0.0
15, 1, 6, 0, 0, 0.0
15, 1, 7, 0, 0, 0.0
15, 1, 8, 0, 0, 0.0
15, 1, 9, 0, 0, 0.0
15, 1, 10, 0, 0, 0.0
15, 1, 11, 0, 0, 0.0
15, 1, 12, 0, 0, 0.0
15, 1, 13, 0, 0, 0.0
15, 1, 14, 0, 0, 0.0
15, 1, 15, 0, 0, 0.0
15, 1, 16, 0, 0, 0.0
15, 1, 17, 0, 0, 0.0
15, 1, 18, 0, 0, 0.0
15, 1, 19, 0, 0, 0.0
15, 1, 20, 0, 0, 0.0
16, 0, 0, 0, 0, 0.0
16, 0, 1, 0, 0, 0.0
16, 0, 2, 0, 0, 0.0
16, 0, 3, 0, 0, 0.0
16, 0, 4, 0, 0, 0.0
16, 0, 5, 0, 0, 0.0
16, 0, 6, 0, 0, 0.0
16, 0, 7, 0, 0, 0.0
16, 0, 8, 0, 0, 0.0
16, 0, 9, 0, 0, 0.0
16, 0, 10, 0, 0, 0.0
16, 0, 11, 0, 0, 0.0
16, 0, 12, 0, 0, 0.0
16, 0, 13, 0, 0, 0.0
16, 0, 14, 0, 0, 0.0
16, 0, 15, 0, 0, 0.0
16, 0, 16, 0, 0, 0.0
16, 0, 17, 0, 0, 0.0
16, 0, 18, 0, 0, 0.0
16, 0, 19, 0, 0, 0.0
16, 0, 20, 0, 0, 0.0
16, 1, 0, 0, 0, 0.0
16, 1, 1, 0, 0, 0.0
16, 1, 2, 0, 0, 0.0
16, 1, 3, 0, 0, 0.0
16, 1, 4, 0, 0, 0.0
16, 1, 5, 0, 0, 0.0
16, 1, 6, 0, 0, 0.0
16, 1, 7, 0, 0, 0.0
16, 1, 8, 0, 0, 0.0
16, 1, 9, 0, 0, 0.0
16, 1, 10, 0, 0, 0.0
16, 1, 11, 0, 0, 0.0
16, 1, 12, 0, 0, 0.0
16, 1, 13, 0, 0, 0.0
16, 1, 14, 0, 0, 0.0
16, 1, 15, 0, 0, 0.0
16, 1, 16, 0, 0, 0.0
16, 1, 17, 0, 0, 0.0
16, 1, 18, 0, 0, 0.0
16, 1, 19, 0, 0, 0.0
16, 1, 20, 0, 0, 0.0
17, 0, 0, 0, 0, 0.0
17, 0, 1, 0, 0, 0.0
17, 0, 2, 0, 0, 0.0
17, 0, 3, 0, 0, 0.0
17, 0, 4, 0, 0, 0.0
17, 0, 5, 0, 0, 0.0
17, 0, 6, 0, 0, 0.0
17, 0, 7, 0, 0, 0.0
17, 0, 8, 0, 0, 0.0
17, 0, 9, 0, 0, 0.0
17, 0, 10, 0, 0, 0.0
17, 0, 11, 0, 0, 0.0
17, 0, 12, 0, 0, 0.0
17, 0, 13, 0, 0, 0.0
17, 0, 14, 0, 0, 0.0
17, 0, 15, 0, 0, 0.0
17, 0, 16, 0, 0, 0.0
17, 0, 17, 0, 0, 0.0
17, 0, 18, 0, 0, 0.0
17, 0, 19, 0, 0, 0.0
17, 0, 20, 0, 0, 0.0
17, 1, 0, 0, 0, 0.0
17, 1, 1, 0, 0, 0.0
17, 1, 2, 0, 0, 0.0
17, 1, 3, 0, 0, 0.0
17, 1, 4, 0, 0, 0.0
17, 1, 5, 0, 0, 0.0
17, 1, 6, 0, 0, 0.0
17, 1, 7, 0, 0, 0.0
17, 1, 8, 0, 0, 0.0
17, 1, 9, 0, 0, 0.0
17, 1, 10, 0, 0, 0.0
17, 1, 11, 0, 0, 0.0
17, 1, 12, 0, 0, 0.0
17, 1, 13, 0, 0, 0.0
17, 1, 14, 0, 0, 0.0
17, 1, 15, 0, 0, 0.0
17, 1, 16, 0, 0, 0.0
17, 1, 17, 0, 0, 0.0
17, 1, 18, 0, 0, 0.0
17, 1, 19, 0, 0, 0.0
17, 1, 20, 0, 0, 0.0
18, 0, 0, 0, 0, 0.0
18, 0, 1, 0, 0, 0.0
18, 0, 2, 0, 0, 0.0
18, 0, 3, 0, 0, 0.0
18, 0, 4, 0, 0, 0.0
18, 0, 5, 0, 0, 0.0
18, 0, 6, 0, 0, 0.0
18, 0, 7, 0, 0, 0.0
18, 0, 8, 0, 0, 0.0
18, 0, 9, 0, 0, 0.0
18, 0, 10, 0, 0, 0.0
18, 0, 11, 0, 0, 0.0
18, 0, 12, 0, 0, 0.0
18, 0, 13, 0, 0, 0.0
18, 0, 14, 0, 0, 0.0
18, 0, 15, 0, 0, 0.0
18, 0, 16, 0, 0, 0.0
18, 0, 17, 0, 0, 0.0
18, 0, 18, 0, 0, 0.0
18, 0, 19, 0, 0, 0.0
18, 0, 20, 0, 0, 0.0
18, 1, 0, 0, 0, 0.0
18, 1, 1, 0, 0, 0.0
18, 1, 2, 0, 0, 0.0
18, 1, 3, 0, 0, 0.0
18, 1, 4, 0, 0, 0.0
18, 1, 5, 0, 0, 0.0
18, 1, 6, 0, 0, 0.0
18, 1, 7, 0, 0, 0.0
18, 1, 8, 0, 0, 0.0
18, 1, 9, 0, 0, 0.0
18, 1, 10, 0, 0, 0.0
18, 1, 11, 0, 0, 0.0
18, 1, 12, 0, 0, 0.0
18, 1, 13, 0, 0, 0.0
18, 1, 14, 0, 0, 0.0
18, 1, 15, 0, 0, 0.0
18, 1, 16, 0, 0, 0.0
18, 1, 17, 0, 0, 0.0
18, 1, 18, 0, 0, 0.0
18, 1, 19, 0, 0, 0.0
18, 1, 20, 0, 0, 0.0
19, 0, 0, 0, 0, 0.0
19, 0, 1, 0, 0, 0.0
19, 0, 2, 0, 0, 0.0
19, 0, 3, 0, 0, 0.0
19, 0, 4, 0, 0, 0.0
19, 0, 5, 0, 0, 0.0
19, 0, 6, 0, 0, 0.0
19, 0, 7, 0, 0, 0.0
19, 0, 8, 0, 0, 0.0
19, 0, 9, 0, 0, 0.0
19, 0, 10, 0, 0, 0.0
19, 0, 11, 0, 0, 0.0
19, 0, 12, 0, 0, 0.0
19, 0, 13, 0, 0, 0.0
19, 0, 14, 0, 0, 0.0
19, 0, 15, 0, 0, 0.0
19, 0, 16, 0, 0, 0.0
19, 0, 17, 0, 0, 0.0
19, 0, 18, 0, 0, 0.0
19, 0, 19, 0, 0, 0.0
19, 0, 20, 0, 0, 0.0
19, 1, 0, 0, 0, 0.0
19, 1, 1, 0, 0, 0.0
19, 1, 2, 0, 0, 0.0
19, 1, 3, 0, 0, 0.0
19, 1, 4, 0, 0, 0.0
19, 1, 5, 0, 0, 0.0
19, 1, 6, 0, 0, 0.0
19, 1, 7, 0, 0, 0.0
19, 1, 8, 0, 0, 0.0
19, 1, 9, 0, 0, 0.0
19, 1, 10, 0, 0, 0.0
19, 1, 11, 0, 0, 0.0
19, 1, 12, 0, 0, 0.0
19, 1, 13, 0, 0, 0.0
19, 1, 14, 0, 0, 0.0
19, 1, 15, 0, 0, 0.0
19, 1, 16, 0, 0, 0.0
19, 1, 17, 0, 0, 0.0
19, 1, 18, 0, 0, 0.0
19, 1, 19, 0, 0, 0.0
19, 1, 20, 0, 0, 0.0
20, 0, 0, 0, 0, 0.0
20, 0, 1, 0, 0, 0.0
20, 0, 2, 0, 0, 0.0
20, 0, 3, 0, 0, 0.0
20, 0, 4, 0, 0, 0.0
20, 0, 5, 0, 0, 0.0
20, 0, 6, 0, 0, 0.0
20, 0, 7, 0, 0, 0.0
20, 0, 8, 0, 0, 0.0
20, 0, 9, 0, 0, 0.0
20, 0, 10, 0, 0, 0.0
20, 0, 11, 0, 0, 0.0
20, 0, 12, 0, 0, 0.0
20, 0, 13, 0, 0, 0.0
20, 0, 14, 0, 0, 0.0
20, 0, 15, 0, 0, 0.0
20, 0, 16, 0, 0, 0.0
20, 0, 17, 0, 0, 0.0
20, 0, 18, 0, 0, 0.0
20, 0, 19, 0, 0, 0.0
20, 0, 20, 0, 0, 0.0
20, 1, 0, 0, 0, 0.0
20, 1, 1, 0, 0, 0.0
20, 1, 2, 0, 0, 0.0
20, 1, 3, 0, 0, 0.0
20, 1, 4, 0, 0, 0.0
20, 1, 5, 0, 0, 0.0
20, 1, 6, 0, 0, 0.0
20, 1, 7, 0, 0, 0.0
20, 1, 8, 0, 0, 0.0
20, 1, 9, 0, 0, 0.0
20, 1, 10, 0, 0, 0.0
20, 1, 11, 0, 0, 0.0
20, 1, 12, 0, 0, 0.0
20, 1, 13, 0, 0, 0.0
20, 1, 14, 0, 0, 0.0
20, 1, 15, 0, 0, 0.0
20, 1, 16, 0, 0, 0.0
20, 1, 17, 0, 0, 0.0
20, 1, 18, 0, 0, 0.0
20, 1, 19, 0, 0, 0.0
20, 1, 20, 0, 0, 0.0
21, 0, 0, 0, 0, 0.0
21, 0, 1, 0, 0, 0.0
21, 0, 2, 0, 0, 0.0
21, 0, 3, 0, 0, 0.0
21, 0, 4, 0, 0, 0.0
21, 0, 5, 0, 0, 0.0
21, 0, 6, 0, 0, 0.0
21, 0, 7, 0, 0, 0.0
21, 0, 8, 0, 0, 0.0
21, 0, 9, 0, 0, 0.0
21, 0, 10, 0, 0, 0.0
21, 0, 11, 0, 0, 0.0
21, 0, 12, 0, 0, 0.0
21, 0, 13, 0, 0, 0.0
21, 0, 14, 0, 0, 0.0
21, 0, 15, 0, 0, 0.0
21, 0, 16, 0, 0, 0.0
21, 0, 17, 0, 0, 0.0
21, 0, 18, 0, 0, 0.0
21, 0, 19, 0, 0, 0.0
21, 0, 20, 0, 0, 0.0
21, 1, 0, 0, 0, 0.0
21, 1, 1, 0, 0, 0.0
21, 1, 2, 0, 0, 0.0
21, 1, 3, 0, 0, 0.0
21, 1, 4, 0, 0, 0.0
21, 1, 5, 0, 0, 0.0
21, 1, 6, 0, 0, 0.0
21, 1, 7, 0, 0, 0.0
21, 1, 8, 0, 0, 0.0
21, 1, 9, 0, 0, 0.0
21, 1, 10, 0, 0, 0.0
21, 1, 11, 0, 0, 0.0
21, 1, 12, 0, 0, 0.0
21, 1, 13, 0, 0, 0.0
21, 1, 14, 0, 0, 0.0
21, 1, 15, 0, 0, 0.0
21, 1, 16, 0, 0, 0.0
21, 1, 17, 0, 0, 0.0
21, 1, 18, 0, 0, 0.0
21, 1, 19, 0, 0, 0.0
21, 1, 20, 0, 0, 0.0
22, 0, 0, 0, 0, 0.0
22, 0, 1, 0, 0, 0.0
22, 0, 2, 0, 0, 0.0
22, 0, 3, 0, 0, 0.0
22, 0, 4, 0, 0, 0.0
22, 0, 5, 0, 0, 0.0
22, 0, 6, 0, 0, 0.0
22, 0, 7, 0, 0, 0.0
22, 0, 8, 0, 0, 0.0
22, 0, 9, 0, 0, 0.0
22, 0, 10, 0, 0, 0.0
22, 0, 11, 0, 0, 0.0
22, 0, 12, 0, 0, 0.0
22, 0, 13, 0, 0, 0.0
22, 0, 14, 0, 0, 0.0
22, 0, 15, 0, 0, 0.0
22, 0, 16, 0, 0, 0.0
22, 0, 17, 0, 0, 0.0
22, 0, 18, 0, 0, 0.0
22, 0, 19, 0, 0, 0.0
22, 0, 20, 0, 0, 0.0
22, 1, 0, 0, 0, 0.0
22, 1, 1, 0, 0, 0.0
22, 1, 2, 0, 0, 0.0
22, 1, 3, 0, 0, 0.0
22, 1, 4, 0, 0, 0.0
22, 1, 5, 0, 0, 0.0
22, 1, 6, 0, 0, 0.0
22, 1, 7, 0, 0, 0.0
22, 1, 8, 0, 0, 0.0
22, 1, 9, 0, 0, 0.0
22, 1, 10, 0, 0, 0.0
22, 1, 11, 0, 0, 0.0
22, 1, 12, 0, 0, 0.0
22, 1, 13, 0, 0, 0.0
22, 1, 14, 0, 0, 0.0
22, 1, 15, 0, 0, 0.0
22, 1, 16, 0, 0, 0.0
22, 1, 17, 0, 0, 0.0
22, 1, 18, 0, 0, 0.0
22, 1, 19, 0, 0, 0.0
22, 1, 20, 0, 0, 0.0
23, 0, 0, 0, 0, 0.0
23, 0, 1, 0, 0, 0.0
23, 0, 2, 0, 0, 0.0
23, 0, 3, 0, 0, 0.0
23, 0, 4, 0, 0, 0.0
23, 0, 5, 0, 0, 0.0
23, 0, 6, 0, 0, 0.0
23, 0, 7, 0, 0, 0.0
23, 0, 8, 0, 0, 0.0
23, 0, 9, 0, 0, 0.0
23, 0, 10, 0, 0, 0.0
23, 0, 11, 0, 0, 0.0
23, 0, 12, 0, 0, 0.0
23, 0, 13, 0, 0, 0.0
23, 0, 14, 0, 0, 0.0
23, 0, 15, 0, 0, 0.0
23, 0, 16, 0, 0, 0.0
23, 0, 17, 0, 0, 0.0
23, 0, 18, 0, 0, 0.0
23, 0, 19, 0, 0, 0.0
23, 0, 20, 0, 0, 0.0
23, 1, 0, 0, 0, 0.0
23, 1, 1, 0, 0, 0.0
23, 1, 2, 0, 0, 0.0
23, 1, 3, 0, 0, 0.0
23, 1, 4, 0, 0, 0.0
23, 1, 5, 0, 0, 0.0
23, 1, 6, 0, 0, 0.0
23, 1, 7, 0, 0, 0.0
23, 1, 8, 0, 0, 0.0
23, 1, 9, 0, 0, 0.0
23, 1, 10, 0, 0, 0.0
23, 1, 11, 0, 0, 0.0
23, 1, 12, 0, 0, 0.0
23, 1, 13, 0, 0, 0.0
23, 1, 14, 0, 0, 0.0
23, 1, 15, 0, 0, 0.0
23, 1, 16, 0, 0, 0.0
23, 1, 17, 0, 0, 0.0
23, 1, 18, 0, 0, 0.0
23, 1, 19, 0, 0, 0.0
23, 1, 20, 0, 0, 0.0
24, 0, 0, 0, 0, 0.0
24, 0, 1, 0, 0, 0.0
24, 0, 2, 0, 0, 0.0
24, 0, 3, 0, 0, 0.0
24, 0, 4, 0, 0, 0.0
24, 0, 5, 0, 0, 0.0
24, 0, 6, 0, 0, 0.0
24, 0, 7, 0, 0, 0.0
24, 0, 8, 0, 0, 0.0
24, 0, 9, 0, 0, 0.0
24, 0, 10, 0, 0, 0.0
24, 0, 11, 0, 0, 0.0
24, 0, 12, 0, 0, 0.0
24, 0, 13, 0, 0, 0.0
24, 0, 14, 0, 0, 0.0
24, 0, 15, 0, 0, 0.0
24, 0, 16, 0, 0, 0.0
24, 0, 17, 0, 0, 0.0
24, 0, 18, 0, 0, 0.0
24, 0, 19, 0, 0, 0.0
24, 0, 20, 0, 0, 0.0
24, 1, 0, 0, 0, 0.0
24, 1, 1, 0, 0, 0.0
24, 1, 2, 0, 0, 0.0
24, 1, 3, 0, 0, 0.0
24, 1, 4, 0, 0, 0.0
24, 1, 5, 0, 0, 0.0
24, 1, 6, 0, 0, 0.0
24, 1, 7, 0, 0, 0.0
24, 1, 8, 0, 0, 0.0
24, 1, 9, 0, 0, 0.0
24, 1, 10, 0, 0, 0.0
24, 1, 11, 0, 0, 0.0
24, 1, 12, 0, 0, 0.0
24, 1, 13, 0, 0, 0.0
24, 1, 14, 0, 0, 0.0
24, 1, 15, 0, 0, 0.0
24, 1, 16, 0, 0, 0.0
24, 1, 17, 0, 0, 0.0
24, 1, 18, 0, 0, 0.0
24, 1, 19, 0, 0, 0.0
24, 1, 20, 0, 0, 0.0
25, 0, 0, 0, 0, 0.0
25, 0, 1, 0, 0, 0.0
25, 0, 2, 0, 0, 0.0
25, 0, 3, 0, 0, 0.0
25, 0, 4, 0, 0, 0.0
25, 0, 5, 0, 0, 0.0
25, 0, 6, 0, 0, 0.0
25, 0, 7, 0, 0, 0.0
25, 0, 8, 0, 0, 0.0
25, 0, 9, 0, 0, 0.0
25, 0, 10, 0, 0, 0.0
25, 0, 11, 0, 0, 0.0
25, 0, 12, 0, 0, 0.0
25, 0, 13, 0, 0, 0.0
25, 0, 14, 0, 0, 0.0
25, 0, 15, 0, 0, 0.0
25, 0, 16, 0, 0, 0.0
25, 0, 17, 0, 0, 0.0
25, 0, 18, 0, 0, 0.0
25, 0, 19, 0, 0, 0.0
25, 0, 20, 0, 0, 0.0
25, 1, 0, 0, 0, 0.0
25, 1, 1, 0, 0, 0.0
25, 1, 2, 0, 0, 0.0
25, 1, 3, 0, 0, 0.0
25, 1, 4, 0, 0, 0.0
25, 1, 5, 0, 0, 0.0
25, 1, 6, 0, 0, 0.0
25, 1, 7, 0, 0, 0.0
25, 1, 8, 0, 0, 0.0
25, 1, 9, 0, 0, 0.0
25, 1, 10, 0, 0, 0.0
25, 1, 11, 0, 0, 0.0
25, 1, 12, 0, 0, 0.0
25, 1, 13, 0, 0, 0.0
25, 1, 14, 0, 0, 0.0
25, 1, 15, 0, 0, 0.0
25, 1, 16, 0, 0, 0.0
25, 1, 17, 0, 0, 0.0
25, 1, 18, 0, 0, 0.0
25, 1, 19, 0, 0, 0.0
25, 1, 20, 0, 0, 0.0
26, 0, 0, 0, 0, 0.0
26, 0, 1, 0, 0, 0.0
26, 0, 2, 0, 0, 0.0
26, 0, 3, 0, 0, 0.0
26, 0, 4, 0, 0, 0.0
26, 0, 5, 0, 0, 0.0
26, 0, 6, 0, 0, 0.0
26, 0, 7, 0, 0, 0.0
26, 0, 8, 0, 0, 0.0
26, 0, 9, 0, 0, 0.0
26, 0, 10, 0, 0, 0.0
26, 0, 11, 0, 0, 0.0
26, 0, 12, 0, 0, 0.0
26, 0, 13, 0, 0, 0.0
26, 0, 14, 0, 0, 0.0
26, 0, 15, 0, 0, 0.0
26, 0, 16, 0, 0, 0.0
26, 0, 17, 0, 0, 0.0
26, 0, 18, 0, 0, 0.0
26, 0, 19, 0, 0, 0.0
26, 0, 20, 0, 0, 0.0
26, 1, 0, 0, 0, 0.0
26, 1, 1, 0, 0, 0.0
26, 1, 2, 0, 0, 0.0
26, 1, 3, 0, 0, 0.0
26, 1, 4, 0, 0, 0.0
26, 1, 5, 0, 0, 0.0
26, 1, 6, 0, 0, 0.0
26, 1, 7, 0, 0, 0.0
26, 1, 8, 0, 0, 0.0
26, 1, 9, 0, 0, 0.0
26, 1, 10, 0, 0, 0.0
26, 1, 11, 0, 0, 0.0
26, 1, 12, 0, 0, 0.0
26, 1, 13, 0, 0, 0.0
26, 1, 14, 0, 0, 0.0
26, 1, 15, 0, 0, 0.0
26, 1, 16, 0, 0, 0.0
26, 1, 17, 0, 0, 0.0
26, 1, 18, 0, 0, 0.0
26, 1, 19, 0, 0, 0.0
26, 1, 20, 0, 0, 0.0
27, 0, 0, 0, 0, 0.0
27, 0, 1, 0, 0, 0.0
27, 0, 2, 0, 0, 0.0
27, 0, 3, 0, 0, 0.0
27, 0, 4, 0, 0, 0.0
27, 0, 5, 0, 0, 0.0
27, 0, 6, 0, 0, 0.0
27, 0, 7, 0, 0, 0.0
27, 0, 8, 0, 0, 0.0
27, 0, 9, 0, 0, 0.0
27, 0, 10, 0, 0, 0.0
27, 0, 11, 0, 0, 0.0
27, 0, 12, 0, 0, 0.0
27, 0, 13, 0, 0, 0.0
27, 0, 14, 0, 0, 0.0
27, 0, 15, 0, 0, 0.0
27, 0, 16, 0, 0, 0.0
27, 0, 17, 0, 0, 0.0
27, 0, 18, 0, 0, 0.0
27, 0, 19, 0, 0, 0.0
27, 0, 20, 0, 0, 0.0
27, 1, 0, 0, 0, 0.0
27, 1, 1, 0, 0, 0.0
27, 1, 2, 0, 0, 0.0
27, 1, 3, 0, 0, 0.0
27, 1, 4, 0, 0, 0.0
27, 1, 5, 0, 0, 0.0
27, 1, 6, 0, 0, 0.0
27, 1, 7, 0, 0, 0.0
27, 1, 8, 0, 0, 0.0
27, 1, 9, 0, 0, 0.0
27, 1, 10, 0, 0, 0.0
27, 1, 11, 0, 0, 0.0
27, 1, 12, 0, 0, 0.0
27, 1, 13, 0, 0, 0.0
27, 1, 14, 0, 0, 0.0
27, 1, 15, 0, 0, 0.0
27, 1, 16, 0, 0, 0.0
27, 1, 17, 0, 0, 0.0
27, 1, 18, 0, 0, 0.0
27, 1, 19, 0, 0, 0.0
27, 1, 20, 0, 0, 0.0
28, 0, 0, 0, 0, 0.0
28, 0, 1, 0, 0, 0.0
28, 0, 2, 0, 0, 0.0
28, 0, 3, 0, 0, 0.0
28, 0, 4, 0, 0, 0.0
28, 0, 5, 0, 0, 0.0
28, 0, 6, 0, 0, 0.0
28, 0, 7, 0, 0, 0.0
28, 0, 8, 0, 0, 0.0
28, 0, 9, 0, 0, 0.0
28, 0, 10, 0, 0, 0.0
28, 0, 11, 0, 0, 0.0
28, 0, 12, 0, 0, 0.0
28, 0, 13, 0, 0, 0.0
28, 0, 14, 0, 0, 0.0
28, 0, 15, 0, 0, 0.0
28, 0, 16, 0, 0, 0.0
28, 0, 17, 0, 0, 0.0
28, 0, 18, 0, 0, 0.0
28, 0, 19, 0, 0, 0.0
28, 0, 20, 0, 0, 0.0
28, 1, 0, 0, 0, 0.0
28, 1, 1, 0, 0, 0.0
28, 1, 2, 0, 0, 0.0
28, 1, 3, 0, 0, 0.0
28, 1, 4, 0, 0, 0.0
28, 1, 5, 0, 0, 0.0
28, 1, 6, 0, 0, 0.0
28, 1, 7, 0, 0, 0.0
28, 1, 8, 0, 0, 0.0
28, 1, 9, 0, 0, 0.0
28, 1, 10, 0, 0, 0.0
28, 1, 11, 0, 0, 0.0
28, 1, 12, 0, 0, 0.0
28, 1, 13, 0, 0, 0.0
28, 1, 14, 0, 0, 0.0
28, 1, 15, 0, 0, 0.0
28, 1, 16, 0, 0, 0.0
28, 1, 17, 0, 0, 0.0
28, 1, 18, 0, 0, 0.0
28, 1, 19, 0, 0, 0.0
28, 1, 20, 0, 0, 0.0
29, 0, 0, 0, 0, 0.0
29, 0, 1, 0, 0, 0.0
29, 0, 2, 0, 0, 0.0
29, 0, 3, 0, 0, 0.0
29, 0, 4, 0, 0, 0.0
29, 0, 5, 0, 0, 0.0
29, 0, 6, 0, 0, 0.0
29, 0, 7, 0, 0, 0.0
29, 0, 8, 0, 0, 0.0
29, 0, 9, 0, 0, 0.0
29, 0, 10, 0, 0, 0.0
29, 0, 11, 0, 0, 0.0
29, 0, 12, 0, 0, 0.0
29, 0, 13, 0, 0, 0.0
29, 0, 14, 0, 0, 0.0
29, 0, 15, 0, 0, 0.0
29, 0, 16, 0, 0, 0.0
29, 0, 17, 0, 0, 0.0
29, 0, 18, 0, 0, 0.0
29, 0, 19, 0, 0, 0.0
29, 0, 20, 0, 0, 0.0
29, 1, 0, 0, 0, 0.0
29, 1, 1, 0, 0, 0.0
29, 1, 2, 0, 0, 0.0
29, 1, 3, 0, 0, 0.0
29, 1, 4, 0, 0, 0.0
29, 1, 5, 0, 0, 0.0
29, 1, 6, 0, 0, 0.0
29, 1, 7, 0, 0, 0.0
29, 1, 8, 0, 0, 0.0
29, 1, 9, 0, 0, 0.0
29, 1, 10, 0, 0, 0.0
29, 1, 11, 0, 0, 0.0
29, 1, 12, 0, 0, 0.0
29, 1, 13, 0, 0, 0.0
29, 1, 14, 0, 0, 0.0
29, 1, 15, 0, 0, 0.0
29, 1, 16, 0, 0, 0.0
29, 1, 17, 0, 0, 0.0
29, 1, 18, 0, 0, 0.0
29, 1, 19, 0, 0, 0.0
29, 1, 20, 0, 0, 0.0
30, 0, 0, 132, 435, 3.8364490251296957e-07
30, 0, 1, 167, 431, -0.018420858308672905
30, 0, 2, 207, 418, -0.030751701444387436
30, 0, 3, 240, 414, -0.043220266699790955
30, 0, 4, 267, 416, -0.0572802908718586
30, 0, 5, 202, 380, -0.02041207253932953
30, 0, 6, 231, 357, -0.03832944855093956
30, 0, 7, 250, 347, -0.0527501180768013
30, 0, 8, 266, 341, -0.06257836520671844
30, 0, 9, 184, 372, -0.024309365078806877
30, 0, 10, 205, 344, -0.03973618894815445
30, 0, 11, 220, 333, -0.051594119518995285
30, 0, 12, 235, 328, -0.06041876599192619
30, 0, 13, 163, 368, -0.03094220720231533
30, 0, 14, 183, 342, -0.04645760729908943
30, 0, 15, 197, 331, -0.052302997559309006
30, 0, 16, 210, 326, -0.05605459585785866
30, 0, 17, 141, 370, -0.03955615311861038
30, 0, 18, 158, 347, -0.05268888175487518
30, 0, 19, 170, 339, -0.05474239960312843
30, 0, 20, 181, 334, -0.05547098070383072
30, 1, 0, 0, 0, 0.0
30, 1, 1, 0, 0, 0.0
30, 1, 2, 0, 0, 0.0
30, 1, 3, 0, 0, 0.0
30, 1, 4, 0, 0, 0.0
30, 1, 5, 0, 0, 0.0
30, 1, 6, 0, 0, 0.0
30, 1, 7, 0, 0, 0.0
30, 1, 8, 0, 0, 0.0
30, 1, 9, 0, 0, 0.0
30, 1, 10, 0, 0, 0.0
30, 1, 11, 0, 0, 0.0
30, 1, 12, 0, 0, 0.0
30, 1, 13, 0, 0, 0.0
30, 1, 14, 0, 0, 0.0
30, 1, 15, 0, 0, 0.0
30, 1, 16, 0, 0, 0.0
30, 1, 17, 0, 0, 0.0
30, 1, 18, 0, 0, 0.0
30, 1, 19, 0, 0, 0.0
30, 1, 20, 0, 0, 0.0
31, 0, 0, 144, 408, 6.689455744890438e-07
31, 0, 1, 188, 402, -0.011917142197489738
31, 0, 2, 223, 393, -0.02891574241220951
31, 0, 3, 252, 393, -0.04842488467693329
31, 0, 4, 280, 395, -0.07145798206329346
31, 0, 5, 219, 350, -0.029064146801829338
31, 0, 6, 246, 333, -0.06125182285904884
31, 0, 7, 267, 328, -0.08691511303186417
31, 0, 8, 289, 328, -0.10385724902153015
31, 0, 9, 202, 345, -0.0414549857378006
31, 0, 10, 224, 321, -0.06982628256082535
31, 0, 11, 244, 309, -0.09326160699129105
31, 0, 12, 266, 303, -0.11064790189266205
31, 0, 13, 181, 346, -0.0558529756963253
31, 0, 14, 196, 321, -0.08485009521245956
31, 0, 15, 210, 311, -0.10231485217809677
31, 0, 16, 228, 307, -0.11378204077482224
31, 0, 17, 158, 353, -0.07082130014896393
31, 0, 18, 164, 332, -0.09717629104852676
31, 0, 19, 172, 323, -0.1087067574262619
31, 0, 20, 184, 318, -0.11577179282903671
31, 1, 0, 0, 0, 0.0
31, 1, 1, 0, 0, 0.0
31, 1, 2, 0, 0, 0.0
31, 1, 3, 0, 0, 0.0
31, 1, 4, 0, 0, 0.0
31, 1, 5, 0, 0, 0.0
31, 1, 6, 0, 0, 0.0
31, 1, 7, 0, 0, 0.0
31, 1, 8, 0, 0, 0.0
31, 1, 9, 0, 0, 0.0
31, 1, 10, 0, 0, 0.0
31, 1, 11, 0, 0, 0.0
31, 1, 12, 0, 0, 0.0
31, 1, 13, 0, 0, 0.0
31, 1, 14, 0, 0, 0.0
31, 1, 15, 0, 0, 0.0
31, 1, 16, 0, 0, 0.0
31, 1, 17, 0, 0, 0.0
31, 1, 18, 0, 0, 0.0
31, 1, 19, 0, 0, 0.0
31, 1, 20, 0, 0, 0.0
32, 0, 0, 159, 389, 6.547070370288566e-07
32, 0, 1, 203, 386, -0.009632295928895473
32, 0, 2, 239, 381, -0.022554362192749977
32, 0, 3, 267, 383, -0.03834926709532738
32, 0, 4, 292, 390, -0.056096527725458145
32, 0, 5, 237, 335, -0.013261319138109684
32, 0, 6, 268, 323, -0.03709080442786217
32, 0, 7, 290, 319, -0.05726325884461403
32, 0, 8, 311, 318, -0.07075506448745728
32, 0, 9, 224, 327, -0.02437499910593033
32, 0, 10, 248, 302, -0.04535865783691406
32, 0, 11, 270, 293, -0.06349492818117142
32, 0, 12, 291, 290, -0.07644191384315491
32, 0, 13, 206, 325, -0.03785614296793938
32, 0, 14, 224, 298, -0.060952428728342056
32, 0, 15, 244, 294, -0.0748591423034668
32, 0, 16, 263, 295, -0.08286889642477036
32, 0, 17, 185, 329, -0.05218193680047989
32, 0, 18, 195, 308, -0.07327676564455032
32, 0, 19, 210, 304, -0.08137249201536179
32, 0, 20, 225, 308, -0.08522513508796692
32, 1, 0, 0, 0, 0.0
32, 1, 1, 0, 0, 0.0
32, 1, 2, 0, 0, 0.0
32, 1, 3, 0, 0, 0.0
32, 1, 4, 0, 0, 0.0
32, 1, 5, 0, 0, 0.0
32, 1, 6, 0, 0, 0.0
32, 1, 7, 0, 0, 0.0
32, 1, 8, 0, 0, 0.0
32, 1, 9, 0, 0, 0.0
32, 1, 10, 0, 0, 0.0
32, 1, 11, 0, 0, 0.0
32, 1, 12, 0, 0, 0.0
32, 1, 13, 0, 0, 0.0
32, 1, 14, 0, 0, 0.0
32, 1, 15, 0, 0, 0.0
32, 1, 16, 0, 0, 0.0
32, 1, 17, 0, 0, 0.0
32, 1, 18, 0, 0, 0.0
32, 1, 19, 0, 0, 0.0
32, 1, 20, 0, 0, 0.0
33, 0, 0, 174, 379, 5.463803631755582e-07
33, 0, 1, 213, 383, -0.012164267711341381
33, 0, 2, 247, 381, -0.02519771084189415
33, 0, 3, 274, 385, -0.03988885506987572
33, 0, 4, 297, 393, -0.05576634779572487
33, 0, 5, 251, 333, -0.01814640499651432
33, 0, 6, 281, 321, -0.0400816984474659
33, 0, 7, 303, 320, -0.05716759338974953
33, 0, 8, 322, 321, -0.06826722621917725
33, 0, 9, 237, 323, -0.027370786294341087
33, 0, 10, 261, 294, -0.04651498422026634
33, 0, 11, 282, 289, -0.059628382325172424
33, 0, 12, 302, 290, -0.06863801181316376
33, 0, 13, 219, 321, -0.03901789337396622
33, 0, 14, 237, 292, -0.06086736172437668
33, 0, 15, 258, 290, -0.07176053524017334
33, 0, 16, 278, 294, -0.07729966938495636
33, 0, 17, 200, 325, -0.05179222673177719
33, 0, 18, 213, 303, -0.07175196707248688
33, 0, 19, 230, 301, -0.07847916334867477
33, 0, 20, 246, 306, -0.08133037388324738
33, 1, 0, 0, 0, 0.0
33, 1, 1, 0, 0, 0.0
33, 1, 2, 0, 0, 0.0
33, 1, 3, 0, 0, 0.0
33, 1, 4, 0, 0, 0.0
33, 1, 5, 0, 0, 0.0
33, 1, 6, 0, 0, 0.0
33, 1, 7, 0, 0, 0.0
33, 1, 8, 0, 0, 0.0
33, 1, 9, 0, 0, 0.0
33, 1, 10, 0, 0, 0.0
33, 1, 11, 0, 0, 0.0
33, 1, 12, 0, 0, 0.0
33, 1, 13, 0, 0, 0.0
33, 1, 14, 0, 0, 0.0
33, 1, 15, 0, 0, 0.0
33, 1, 16, 0, 0, 0.0
33, 1, 17, 0, 0, 0.0
33, 1, 18, 0, 0, 0.0
33, 1, 19, 0, 0, 0.0
33, 1, 20, 0, 0, 0.0
34, 0, 0, 178, 379, 5.027357019571355e-07
34, 0, 1, 214, 383, -0.013223555870354176
34, 0, 2, 247, 380, -0.025961264967918396
34, 0, 3, 273, 385, -0.040268417447805405
34, 0, 4, 297, 393, -0.05595002323389053
34, 0, 5, 251, 334, -0.018398743122816086
34, 0, 6, 282, 322, -0.04015195742249489
34, 0, 7, 303, 319, -0.057216204702854156
34, 0, 8, 322, 321, -0.0686035007238388
34, 0, 9, 238, 324, -0.02689056470990181
34, 0, 10, 262, 296, -0.0465451143682003
34, 0, 11, 283, 290, -0.060838066041469574
34, 0, 12, 303, 290, -0.0708315297961235
34, 0, 13, 220, 321, -0.0378243662416935
34, 0, 14, 239, 293, -0.06000370904803276
34, 0, 15, 260, 291, -0.0716712474822998
34, 0, 16, 279, 295, -0.07789149135351181
34, 0, 17, 201, 324, -0.04992234706878662
34, 0, 18, 215, 303, -0.0704931989312172
34, 0, 19, 231, 302, -0.07800408452749252
34, 0, 20, 247, 307, -0.08153357356786728
34, 1, 0, 0, 0, 0.0
34, 1, 1, 0, 0, 0.0
34, 1, 2, 0, 0, 0.0
34, 1, 3, 0, 0, 0.0
34, 1, 4, 0, 0, 0.0
34, 1, 5, 0, 0, 0.0
34, 1, 6, 0, 0, 0.0
34, 1, 7, 0, 0, 0.0
34, 1, 8, 0, 0, 0.0
34, 1, 9, 0, 0, 0.0
34, 1, 10, 0, 0, 0.0
34, 1, 11, 0, 0, 0.0
34, 1, 12, 0, 0, 0.0
34, 1, 13, 0, 0, 0.0
34, 1, 14, 0, 0, 0.0
34, 1, 15, 0, 0, 0.0
34, 1, 16, 0, 0, 0.0
34, 1, 17, 0, 0, 0.0
34, 1, 18, 0, 0, 0.0
34, 1, 19, 0, 0, 0.0
34, 1, 20, 0, 0, 0.0
35, 0, 0, 180, 381, 4.772946908815356e-07
35, 0, 1, 212, 387, -0.014106991700828075
35, 0, 2, 247, 386, -0.026813151314854622
35, 0, 3, 275, 391, -0.040489137172698975
35, 0, 4, 297, 400, -0.05550612881779671
35, 0, 5, 255, 339, -0.020622428506612778
35, 0, 6, 286, 329, -0.0407191626727581
35, 0, 7, 307, 328, -0.05673220381140709
35, 0, 8, 325, 330, -0.06756111979484558
35, 0, 9, 243, 329, -0.02788246050477028
35, 0, 10, 267, 301, -0.045268502086400986
35, 0, 11, 288, 296, -0.05844034627079964
35, 0, 12, 307, 296, -0.06806318461894989
35, 0, 13, 226, 325, -0.03729216754436493
35, 0, 14, 246, 297, -0.058593787252902985
35, 0, 15, 267, 297, -0.07031773030757904
35, 0, 16, 286, 304, -0.07662513852119446
35, 0, 17, 206, 328, -0.04775993898510933
35, 0, 18, 221, 306, -0.06836854666471481
35, 0, 19, 237, 307, -0.07582350075244904
35, 0, 20, 250, 315, -0.07921183854341507
35, 1, 0, 0, 0, 0.0
35, 1, 1, 0, 0, 0.0
35, 1, 2, 0, 0, 0.0
35, 1, 3, 0, 0, 0.0
35, 1, 4, 0, 0, 0.0
35, 1, 5, 0, 0, 0.0
35, 1, 6, 0, 0, 0.0
35, 1, 7, 0, 0, 0.0
35, 1, 8, 0, 0, 0.0
35, 1, 9, 0, 0, 0.0
35, 1, 10, 0, 0, 0.0
35, 1, 11, 0, 0, 0.0
35, 1, 12, 0, 0, 0.0
35, 1, 13, 0, 0, 0.0
35, 1, 14, 0, 0, 0.0
35, 1, 15, 0, 0, 0.0
35, 1, 16, 0, 0, 0.0
35, 1, 17, 0, 0, 0.0
35, 1, 18, 0, 0, 0.0
35, 1, 19, 0, 0, 0.0
35, 1, 20, 0, 0, 0.0
36, 0, 0, 178, 387, 4.5142181193114084e-07
36, 0, 1, 211, 392, -0.012557190842926502
36, 0, 2, 246, 389, -0.024175595492124557
36, 0, 3, 273, 393, -0.03734173625707626
36, 0, 4, 296, 402, -0.05156576633453369
36, 0, 5, 251, 343, -0.016534537076950073
36, 0, 6, 280, 335, -0.03760474547743797
36, 0, 7, 301, 334, -0.055044520646333694
36, 0, 8, 319, 336, -0.06657259911298752
36, 0, 9, 239, 334, -0.02457544021308422
36, 0, 10, 264, 311, -0.04220856353640556
36, 0, 11, 287, 304, -0.056362513452768326
36, 0, 12, 306, 302, -0.06646368652582169
36, 0, 13, 222, 332, -0.035034578293561935
36, 0, 14, 243, 310, -0.0547134093940258
36, 0, 15, 263, 308, -0.06566490232944489
36, 0, 16, 280, 309, -0.07182488590478897
36, 0, 17, 203, 335, -0.0466512106359005
36, 0, 18, 219, 321, -0.06454523652791977
36, 0, 19, 234, 318, -0.07067789137363434
36, 0, 20, 247, 318, -0.07348741590976715
36, 1, 0, 0, 0, 0.0
36, 1, 1, 0, 0, 0.0
36, 1, 2, 0, 0, 0.0
36, 1, 3, 0, 0, 0.0
36, 1, 4, 0, 0, 0.0
36, 1, 5, 0, 0, 0.0
36, 1, 6, 0, 0, 0.0
36, 1, 7, 0, 0, 0.0
36, 1, 8, 0, 0, 0.0
36, 1, 9, 0, 0, 0.0
36, 1, 10, 0, 0, 0.0
36, 1, 11, 0, 0, 0.0
36, 1, 12, 0, 0, 0.0
36, 1, 13, 0, 0, 0.0
36, 1, 14, 0, 0, 0.0
36, 1, 15, 0, 0, 0.0
36, 1, 16, 0, 0, 0.0
36, 1, 17, 0, 0, 0.0
36, 1, 18, 0, 0, 0.0
36, 1, 19, 0, 0, 0.0
36, 1, 20, 0, 0, 0.0
37, 0, 0, 173, 368, 3.9990229083741724e-07
37, 0, 1, 208, 341, 0.006135842762887478
37, 0, 2, 246, 329, -0.0015782304108142853
37, 0, 3, 274, 328, -0.011898471042513847
37, 0, 4, 296, 339, -0.022888073697686195
37, 0, 5, 246, 325, -0.024865884333848953
37, 0, 6, 280, 318, -0.04399682953953743
37, 0, 7, 304, 324, -0.05514449626207352
37, 0, 8, 318, 335, -0.062008775770664215
37, 0, 9, 238, 340, -0.03899376466870308
37, 0, 10, 274, 345, -0.05728452652692795
37, 0, 11, 293, 357, -0.06339597702026367
37, 0, 12, 303, 369, -0.06736257672309875
37, 0, 13, 228, 359, -0.05162237957119942
37, 0, 14, 261, 373, -0.067252017557621
37, 0, 15, 279, 386, -0.06946088373661041
37, 0, 16, 289, 398, -0.07025828212499619
37, 0, 17, 216, 380, -0.06343305855989456
37, 0, 18, 240, 397, -0.07323778420686722
37, 0, 19, 256, 409, -0.07376134395599365
37, 0, 20, 267, 419, -0.07342950999736786
37, 1, 0, 0, 0, 0.0
37, 1, 1, 0, 0, 0.0
37, 1, 2, 0, 0, 0.0
37, 1, 3, 0, 0, 0.0
37, 1, 4, 0, 0, 0.0
37, 1, 5, 0, 0, 0.0
37, 1, 6, 0, 0, 0.0
37, 1, 7, 0, 0, 0.0
37, 1, 8, 0, 0, 0.0
37, 1, 9, 0, 0, 0.0
37, 1, 10, 0, 0, 0.0
37, 1, 11, 0, 0, 0.0
37, 1, 12, 0, 0, 0.0
37, 1, 13, 0, 0, 0.0
37, 1, 14, 0, 0, 0.0
37, 1, 15, 0, 0, 0.0
37, 1, 16, 0, 0, 0.0
37, 1, 17, 0, 0, 0.0
37, 1, 18, 0, 0, 0.0
37, 1, 19, 0, 0, 0.0
37, 1, 20, 0, 0, 0.0
38, 0, 0, 156, 372, 2.9187634709160193e-07
38, 0, 1, 193, 350, -0.009600309655070305
38, 0, 2, 238, 338, -0.018271323293447495
38, 0, 3, 269, 327, -0.024165887385606766
38, 0, 4, 285, 310, -0.03006792813539505
38, 0, 5, 225, 342, -0.03694826737046242
38, 0, 6, 251, 350, -0.05516493692994118
38, 0, 7, 270, 357, -0.06543733179569244
38, 0, 8, 287, 364, -0.07190191745758057
38, 0, 9, 213, 365, -0.04135958105325699
38, 0, 10, 250, 385, -0.056114546954631805
38, 0, 11, 274, 400, -0.062246859073638916
38, 0, 12, 295, 414, -0.0687662661075592
38, 0, 13, 202, 386, -0.04522404074668884
38, 0, 14, 239, 405, -0.060596153140068054
38, 0, 15, 264, 417, -0.06443716585636139
38, 0, 16, 284, 426, -0.06718603521585464
38, 0, 17, 193, 405, -0.04891270399093628
38, 0, 18, 226, 417, -0.05780356377363205
38, 0, 19, 247, 423, -0.05836775153875351
38, 0, 20, 266, 428, -0.05967326834797859
38, 1, 0, 0, 0, 0.0
38, 1, 1, 0, 0, 0.0
38, 1, 2, 0, 0, 0.0
38, 1, 3, 0, 0, 0.0
38, 1, 4, 0, 0, 0.0
38, 1, 5, 0, 0, 0.0
38, 1, 6, 0, 0, 0.0
38, 1, 7, 0, 0, 0.0
38, 1, 8, 0, 0, 0.0
38, 1, 9, 0, 0, 0.0
38, 1, 10, 0, 0, 0.0
38, 1, 11, 0, 0, 0.0
38, 1, 12, 0, 0, 0.0
38, 1, 13, 0, 0, 0.0
38, 1, 14, 0, 0, 0.0
38, 1, 15, 0, 0, 0.0
38, 1, 16, 0, 0, 0.0
38, 1, 17, 0, 0, 0.0
38, 1, 18, 0, 0, 0.0
38, 1, 19, 0, 0, 0.0
38, 1, 20, 0, 0, 0.0
39, 0, 0, 156, 368, 4.027728266464692e-07
39, 0, 1, 195, 356, -0.008279051631689072
39, 0, 2, 240, 355, -0.019800910726189613
39, 0, 3, 275, 358, -0.028784897178411484
39, 0, 4, 301, 357, -0.037427183240652084
39, 0, 5, 229, 344, -0.05046038702130318
39, 0, 6, 260, 348, -0.07434742897748947
39, 0, 7, 282, 353, -0.08618393540382385
39, 0, 8, 300, 357, -0.093449167907238
39, 0, 9, 215, 358, -0.05781808868050575
39, 0, 10, 249, 378, -0.08115827292203903
39, 0, 11, 271, 394, -0.0876009464263916
39, 0, 12, 289, 407, -0.09245650470256805
39, 0, 13, 201, 376, -0.06413207948207855
39, 0, 14, 233, 407, -0.08605895936489105
39, 0, 15, 255, 425, -0.08943996578454971
39, 0, 16, 272, 437, -0.09075963497161865
39, 0, 17, 186, 396, -0.07023360580205917
39, 0, 18, 212, 423, -0.08636976033449173
39, 0, 19, 228, 437, -0.0895264595746994
39, 0, 20, 243, 446, -0.09113222360610962
39, 1, 0, 0, 0, 0.0
39, 1, 1, 0, 0, 0.0
39, 1, 2, 0, 0, 0.0
39, 1, 3, 0, 0, 0.0
39, 1, 4, 0, 0, 0.0
39, 1, 5, 0, 0, 0.0
39, 1, 6, 0, 0, 0.0
39, 1, 7, 0, 0, 0.0
39, 1, 8, 0, 0, 0.0
39, 1, 9, 0, 0, 0.0
39, 1, 10, 0, 0, 0.0
39, 1, 11, 0, 0, 0.0
39, 1, 12, 0, 0, 0.0
39, 1, 13, 0, 0, 0.0
39, 1, 14, 0, 0, 0.0
39, 1, 15, 0, 0, 0.0
39, 1, 16, 0, 0, 0.0
39, 1, 17, 0, 0, 0.0
39, 1, 18, 0, 0, 0.0
39, 1, 19, 0, 0, 0.0
39, 1, 20, 0, 0, 0.0
40, 0, 0, 153, 381, 3.854147792026197e-07
40, 0, 1, 198, 388, -0.015386746264994144
40, 0, 2, 239, 388, -0.03361176326870918
40, 0, 3, 268, 389, -0.05066001042723656
40, 0, 4, 296, 391, -0.06756298243999481
40, 0, 5, 226, 353, -0.06511783599853516
40, 0, 6, 260, 349, -0.10122346878051758
40, 0, 7, 282, 352, -0.12241944670677185
40, 0, 8, 302, 356, -0.13676805794239044
40, 0, 9, 211, 354, -0.07485879212617874
40, 0, 10, 234, 352, -0.11763530969619751
40, 0, 11, 253, 358, -0.1373874694108963
40, 0, 12, 268, 366, -0.15106840431690216
40, 0, 13, 194, 364, -0.08443307876586914
40, 0, 14, 211, 376, -0.12845630943775177
40, 0, 15, 228, 389, -0.14653104543685913
40, 0, 16, 243, 400, -0.15610334277153015
40, 0, 17, 178, 380, -0.09396763145923615
40, 0, 18, 196, 404, -0.1303425282239914
40, 0, 19, 209, 422, -0.1478278934955597
40, 0, 20, 220, 439, -0.15913018584251404
40, 1, 0, 0, 0, 0.0
40, 1, 1, 0, 0, 0.0
40, 1, 2, 0, 0, 0.0
40, 1, 3, 0, 0, 0.0
40, 1, 4, 0, 0, 0.0
40, 1, 5, 0, 0, 0.0
40, 1, 6, 0, 0, 0.0
40, 1, 7, 0, 0, 0.0
40, 1, 8, 0, 0, 0.0
40, 1, 9, 0, 0, 0.0
40, 1, 10, 0, 0, 0.0
40, 1, 11, 0, 0, 0.0
40, 1, 12, 0, 0, 0.0
40, 1, 13, 0, 0, 0.0
40, 1, 14, 0, 0, 0.0
40, 1, 15, 0, 0, 0.0
40, 1, 16, 0, 0, 0.0
40, 1, 17, 0, 0, 0.0
40, 1, 18, 0, 0, 0.0
40, 1, 19, 0, 0, 0.0
40, 1, 20, 0, 0, 0.0
41, 0, 0, 153, 369, 3.0475308676614077e-07
41, 0, 1, 196, 362, -0.006051467265933752
41, 0, 2, 238, 361, -0.018254030495882034
41, 0, 3, 268, 364, -0.030773598700761795
41, 0, 4, 292, 368, -0.043477773666381836
41, 0, 5, 226, 350, -0.04026709496974945
41, 0, 6, 251, 357, -0.06354687362909317
41, 0, 7, 272, 365, -0.07706327736377716
41, 0, 8, 290, 374, -0.08686237782239914
41, 0, 9, 210, 358, -0.050485119223594666
41, 0, 10, 227, 391, -0.07798513770103455
41, 0, 11, 240, 412, -0.087041474878788
41, 0, 12, 251, 429, -0.09367207437753677
41, 0, 13, 193, 372, -0.060178399085998535
41, 0, 14, 211, 407, -0.08962155878543854
41, 0, 15, 229, 428, -0.09625497460365295
41, 0, 16, 244, 444, -0.09845907241106033
41, 0, 17, 177, 389, -0.06955911964178085
41, 0, 18, 199, 419, -0.09228625893592834
41, 0, 19, 213, 437, -0.09820948541164398
41, 0, 20, 226, 451, -0.10091913491487503
41, 1, 0, 0, 0, 0.0
41, 1, 1, 0, 0, 0.0
41, 1, 2, 0, 0, 0.0
41, 1, 3, 0, 0, 0.0
41, 1, 4, 0, 0, 0.0
41, 1, 5, 0, 0, 0.0
41, 1, 6, 0, 0, 0.0
41, 1, 7, 0, 0, 0.0
41, 1, 8, 0, 0, 0.0
41, 1, 9, 0, 0, 0.0
41, 1, 10, 0, 0, 0.0
41, 1, 11, 0, 0, 0.0
41, 1, 12, 0, 0, 0.0
41, 1, 13, 0, 0, 0.0
41, 1, 14, 0, 0, 0.0
41, 1, 15, 0, 0, 0.0
41, 1, 16, 0, 0, 0.0
41, 1, 17, 0, 0, 0.0
41, 1, 18, 0, 0, 0.0
41, 1, 19, 0, 0, 0.0
41, 1, 20, 0, 0, 0.0
42, 0, 0, 150, 366, 2.713024400691211e-07
42, 0, 1, 189, 358, -0.007226718124002218
42, 0, 2, 236, 358, -0.014140664599835873
42, 0, 3, 270, 356, -0.018931251019239426
42, 0, 4, 294, 347, -0.023355776444077492
42, 0, 5, 223, 350, -0.03584230691194534
42, 0, 6, 245, 358, -0.052169833332300186
42, 0, 7, 262, 365, -0.05982372537255287
42, 0, 8, 279, 372, -0.06541246175765991
42, 0, 9, 206, 362, -0.04148976877331734
42, 0, 10, 231, 385, -0.05863983929157257
42, 0, 11, 246, 404, -0.06399424374103546
42, 0, 12, 259, 421, -0.06903819739818573
42, 0, 13, 191, 377, -0.04650253802537918
42, 0, 14, 216, 407, -0.06519876420497894
42, 0, 15, 234, 428, -0.07033680379390717
42, 0, 16, 250, 445, -0.07331497967243195
42, 0, 17, 178, 395, -0.05107875540852547
42, 0, 18, 201, 422, -0.0642576515674591
42, 0, 19, 216, 437, -0.06831846386194229
42, 0, 20, 232, 450, -0.07149474322795868
42, 1, 0, 0, 0, 0.0
42, 1, 1, 0, 0, 0.0
42, 1, 2, 0, 0, 0.0
42, 1, 3, 0, 0, 0.0
42, 1, 4, 0, 0, 0.0
42, 1, 5, 0, 0, 0.0
42, 1, 6, 0, 0, 0.0
42, 1, 7, 0, 0, 0.0
42, 1, 8, 0, 0, 0.0
42, 1, 9, 0, 0, 0.0
42, 1, 10, 0, 0, 0.0
42, 1, 11, 0, 0, 0.0
42, 1, 12, 0, 0, 0.0
42, 1, 13, 0, 0, 0.0
42, 1, 14, 0, 0, 0.0
42, 1, 15, 0, 0, 0.0
42, 1, 16, 0, 0, 0.0
42, 1, 17, 0, 0, 0.0
42, 1, 18, 0, 0, 0.0
42, 1, 19, 0, 0, 0.0
42, 1, 20, 0, 0, 0.0
43, 0, 0, 151, 382, 3.0324196131914505e-07
43, 0, 1, 196, 389, -0.00967800710350275
43, 0, 2, 238, 392, -0.020972685888409615
43, 0, 3, 269, 396, -0.03209216892719269
43, 0, 4, 295, 397, -0.04269096627831459
43, 0, 5, 228, 353, -0.041698481887578964
43, 0, 6, 260, 346, -0.06499096751213074
43, 0, 7, 280, 350, -0.0781220868229866
43, 0, 8, 297, 355, -0.0871683657169342
43, 0, 9, 212, 352, -0.05063324421644211
43, 0, 10, 238, 349, -0.07812165468931198
43, 0, 11, 258, 355, -0.09021531790494919
43, 0, 12, 272, 362, -0.09887053817510605
43, 0, 13, 194, 361, -0.0598096139729023
43, 0, 14, 215, 377, -0.09026539325714111
43, 0, 15, 232, 393, -0.10270022600889206
43, 0, 16, 244, 407, -0.10901247709989548
43, 0, 17, 176, 377, -0.06896816194057465
43, 0, 18, 196, 403, -0.0955326110124588
43, 0, 19, 210, 422, -0.10840114951133728
43, 0, 20, 222, 437, -0.11623796820640564
43, 1, 0, 0, 0, 0.0
43, 1, 1, 0, 0, 0.0
43, 1, 2, 0, 0, 0.0
43, 1, 3, 0, 0, 0.0
43, 1, 4, 0, 0, 0.0
43, 1, 5, 0, 0, 0.0
43, 1, 6, 0, 0, 0.0
43, 1, 7, 0, 0, 0.0
43, 1, 8, 0, 0, 0.0
43, 1, 9, 0, 0, 0.0
43, 1, 10, 0, 0, 0.0
43, 1, 11, 0, 0, 0.0
43, 1, 12, 0, 0, 0.0
43, 1, 13, 0, 0, 0.0
43, 1, 14, 0, 0, 0.0
43, 1, 15, 0, 0, 0.0
43, 1, 16, 0, 0, 0.0
43, 1, 17, 0, 0, 0.0
43, 1, 18, 0, 0, 0.0
43, 1, 19, 0, 0, 0.0
43, 1, 20, 0, 0, 0.0
44, 0, 0, 161, 370, 3.5142639376317675e-07
44, 0, 1, 205, 363, -0.0035642797593027353
44, 0, 2, 249, 364, -0.017558028921484947
44, 0, 3, 280, 370, -0.031518712639808655
44, 0, 4, 302, 378, -0.04579194262623787
44, 0, 5, 237, 346, -0.045636843889951706
44, 0, 6, 260, 344, -0.07138905674219131
44, 0, 7, 278, 354, -0.0873650386929512
44, 0, 8, 293, 364, -0.09811908006668091
44, 0, 9, 218, 353, -0.058452751487493515
44, 0, 10, 242, 383, -0.08770793676376343
44, 0, 11, 255, 401, -0.09749791771173477
44, 0, 12, 265, 411, -0.10400617122650146
44, 0, 13, 199, 367, -0.07003843784332275
44, 0, 14, 224, 403, -0.10030855238437653
44, 0, 15, 243, 423, -0.1066613495349884
44, 0, 16, 260, 437, -0.10829415917396545
44, 0, 17, 181, 386, -0.080767922103405
44, 0, 18, 208, 417, -0.10213189572095871
44, 0, 19, 224, 434, -0.10503529012203217
44, 0, 20, 239, 446, -0.10552752763032913
44, 1, 0, 0, 0, 0.0
44, 1, 1, 0, 0, 0.0
44, 1, 2, 0, 0, 0.0
44, 1, 3, 0, 0, 0.0
44, 1, 4, 0, 0, 0.0
44, 1, 5, 0, 0, 0.0
44, 1, 6, 0, 0, 0.0
44, 1, 7, 0, 0, 0.0
44, 1, 8, 0, 0, 0.0
44, 1, 9, 0, 0, 0.0
44, 1, 10, 0, 0, 0.0
44, 1, 11, 0, 0, 0.0
44, 1, 12, 0, 0, 0.0
44, 1, 13, 0, 0, 0.0
44, 1, 14, 0, 0, 0.0
44, 1, 15, 0, 0, 0.0
44, 1, 16, 0, 0, 0.0
44, 1, 17, 0, 0, 0.0
44, 1, 18, 0, 0, 0.0
44, 1, 19, 0, 0, 0.0
44, 1, 20, 0, 0, 0.0
45, 0, 0, 161, 371, 3.039887985778478e-07
45, 0, 1, 205, 364, -0.002092992654070258
45, 0, 2, 249, 366, -0.013811834156513214
45, 0, 3, 279, 372, -0.025568190962076187
45, 0, 4, 300, 381, -0.0375848188996315
45, 0, 5, 236, 347, -0.042777612805366516
45, 0, 6, 257, 347, -0.0652909055352211
45, 0, 7, 275, 351, -0.07762894779443741
45, 0, 8, 292, 358, -0.08626328408718109
45, 0, 9, 217, 355, -0.05482115224003792
45, 0, 10, 240, 381, -0.08082064986228943
45, 0, 11, 254, 399, -0.0881945788860321
45, 0, 12, 265, 412, -0.09309745579957962
45, 0, 13, 198, 369, -0.06545676290988922
45, 0, 14, 224, 401, -0.0926557406783104
45, 0, 15, 244, 423, -0.09757207334041595
45, 0, 16, 260, 439, -0.09850986301898956
45, 0, 17, 182, 387, -0.07517801225185394
45, 0, 18, 208, 417, -0.09420876204967499
45, 0, 19, 225, 434, -0.09756184369325638
45, 0, 20, 241, 447, -0.09884408861398697
45, 1, 0, 0, 0, 0.0
45, 1, 1, 0, 0, 0.0
45, 1, 2, 0, 0, 0.0
45, 1, 3, 0, 0, 0.0
45, 1, 4, 0, 0, 0.0
45, 1, 5, 0, 0, 0.0
45, 1, 6, 0, 0, 0.0
45, 1, 7, 0, 0, 0.0
45, 1, 8, 0, 0, 0.0
45, 1, 9, 0, 0, 0.0
45, 1, 10, 0, 0, 0.0
45, 1, 11, 0, 0, 0.0
45, 1, 12, 0, 0, 0.0
45, 1, 13, 0, 0, 0.0
45, 1, 14, 0, 0, 0.0
45, 1, 15, 0, 0, 0.0
45, 1, 16, 0, 0, 0.0
45, 1, 17, 0, 0, 0.0
45, 1, 18, 0, 0, 0.0
45, 1, 19, 0, 0, 0.0
45, 1, 20, 0, 0, 0.0
46, 0, 0, 161, 370, 3.1889859997136227e-07
46, 0, 1, 201, 365, -0.004795639775693417
46, 0, 2, 246, 365, -0.01646411046385765
46, 0, 3, 279, 366, -0.027447190135717392
46, 0, 4, 304, 364, -0.038991231471300125
46, 0, 5, 235, 348, -0.046861063688993454
46, 0, 6, 258, 348, -0.07084853202104568
46, 0, 7, 276, 353, -0.08371748775243759
46, 0, 8, 293, 361, -0.09250258654356003
46, 0, 9, 216, 354, -0.058065786957740784
46, 0, 10, 242, 375, -0.08521244674921036
46, 0, 11, 257, 393, -0.09315451979637146
46, 0, 12, 268, 408, -0.09878568351268768
46, 0, 13, 197, 369, -0.06820765882730484
46, 0, 14, 224, 397, -0.09656181931495667
46, 0, 15, 244, 419, -0.10240255296230316
46, 0, 16, 259, 436, -0.10450362414121628
46, 0, 17, 181, 387, -0.07753414660692215
46, 0, 18, 208, 415, -0.09890615195035934
46, 0, 19, 225, 433, -0.10419046878814697
46, 0, 20, 240, 447, -0.1071641743183136
46, 1, 0, 0, 0, 0.0
46, 1, 1, 0, 0, 0.0
46, 1, 2, 0, 0, 0.0
46, 1, 3, 0, 0, 0.0
46, 1, 4, 0, 0, 0.0
46, 1, 5, 0, 0, 0.0
46, 1, 6, 0, 0, 0.0
46, 1, 7, 0, 0, 0.0
46, 1, 8, 0, 0, 0.0
46, 1, 9, 0, 0, 0.0
46, 1, 10, 0, 0, 0.0
46, 1, 11, 0, 0, 0.0
46, 1, 12, 0, 0, 0.0
46, 1, 13, 0, 0, 0.0
46, 1, 14, 0, 0, 0.0
46, 1, 15, 0, 0, 0.0
46, 1, 16, 0, 0, 0.0
46, 1, 17, 0, 0, 0.0
46, 1, 18, 0, 0, 0.0
46, 1, 19, 0, 0, 0.0
46, 1, 20, 0, 0, 0.0
47, 0, 0, 159, 375, 3.5206559800826653e-07
47, 0, 1, 200, 371, -0.005681110080331564
47, 0, 2, 244, 371, -0.0173292588442564
47, 0, 3, 276, 372, -0.028453746810555458
47, 0, 4, 300, 372, -0.03940238803625107
47, 0, 5, 234, 350, -0.04825444519519806
47, 0, 6, 262, 345, -0.07518719881772995
47, 0, 7, 282, 353, -0.08968257904052734
47, 0, 8, 298, 364, -0.09846282750368118
47, 0, 9, 215, 356, -0.059724241495132446
47, 0, 10, 244, 367, -0.09129800647497177
47, 0, 11, 262, 383, -0.10210206359624863
47, 0, 12, 275, 399, -0.10831727087497711
47, 0, 13, 196, 370, -0.07043536007404327
47, 0, 14, 224, 397, -0.10247708112001419
47, 0, 15, 244, 419, -0.1110619530081749
47, 0, 16, 259, 436, -0.11356610804796219
47, 0, 17, 180, 389, -0.08033154904842377
47, 0, 18, 209, 417, -0.10415011644363403
47, 0, 19, 226, 435, -0.11102994531393051
47, 0, 20, 242, 449, -0.11413668841123581
47, 1, 0, 0, 0, 0.0
47, 1, 1, 0, 0, 0.0
47, 1, 2, 0, 0, 0.0
47, 1, 3, 0, 0, 0.0
47, 1, 4, 0, 0, 0.0
47, 1, 5, 0, 0, 0.0
47, 1, 6, 0, 0, 0.0
47, 1, 7, 0, 0, 0.0
47, 1, 8, 0, 0, 0.0
47, 1, 9, 0, 0, 0.0
47, 1, 10, 0, 0, 0.0
47, 1, 11, 0, 0, 0.0
47, 1, 12, 0, 0, 0.0
47, 1, 13, 0, 0, 0.0
47, 1, 14, 0, 0, 0.0
47, 1, 15, 0, 0, 0.0
47, 1, 16, 0, 0, 0.0
47, 1, 17, 0, 0, 0.0
47, 1, 18, 0, 0, 0.0
47, 1, 19, 0, 0, 0.0
47, 1, 20, 0, 0, 0.0
48, 0, 0, 158, 374, 3.5317754054631223e-07
48, 0, 1, 198, 368, -0.009440441615879536
48, 0, 2, 244, 368, -0.020996199920773506
48, 0, 3, 278, 368, -0.031047238036990166
48, 0, 4, 302, 365, -0.04072045162320137
48, 0, 5, 229, 352, -0.0503261424601078
48, 0, 6, 258, 350, -0.07612166553735733
48, 0, 7, 278, 359, -0.09003334492444992
48, 0, 8, 295, 370, -0.0988498255610466
48, 0, 9, 211, 359, -0.059383705258369446
48, 0, 10, 237, 370, -0.09004627168178558
48, 0, 11, 257, 384, -0.10155604034662247
48, 0, 12, 271, 399, -0.10896304249763489
48, 0, 13, 195, 375, -0.06782763451337814
48, 0, 14, 221, 400, -0.09880656749010086
48, 0, 15, 242, 421, -0.10802284628152847
48, 0, 16, 259, 438, -0.11159741878509521
48, 0, 17, 180, 394, -0.0759023055434227
48, 0, 18, 207, 420, -0.09981410205364227
48, 0, 19, 224, 437, -0.10779289156198502
48, 0, 20, 239, 452, -0.11196780204772949
48, 1, 0, 0, 0, 0.0
48, 1, 1, 0, 0, 0.0
48, 1, 2, 0, 0, 0.0
48, 1, 3, 0, 0, 0.0
48, 1, 4, 0, 0, 0.0
48, 1, 5, 0, 0, 0.0
48, 1, 6, 0, 0, 0.0
48, 1, 7, 0, 0, 0.0
48, 1, 8, 0, 0, 0.0
48, 1, 9, 0, 0, 0.0
48, 1, 10, 0, 0, 0.0
48, 1, 11, 0, 0, 0.0
48, 1, 12, 0, 0, 0.0
48, 1, 13, 0, 0, 0.0
48, 1, 14, 0, 0, 0.0
48, 1, 15, 0, 0, 0.0
48, 1, 16, 0, 0, 0.0
48, 1, 17, 0, 0, 0.0
48, 1, 18, 0, 0, 0.0
48, 1, 19, 0, 0, 0.0
48, 1, 20, 0, 0, 0.0
49, 0, 0, 155, 394, 2.9748721885880514e-07
49, 0, 1, 195, 397, -0.004252290353178978
49, 0, 2, 233, 396, -0.016883835196495056
49, 0, 3, 260, 398, -0.030950650572776794
49, 0, 4, 281, 397, -0.045482002198696136
49, 0, 5, 235, 367, -0.04583315551280975
49, 0, 6, 264, 364, -0.07557875663042068
49, 0, 7, 283, 374, -0.09353765845298767
49, 0, 8, 298, 386, -0.10462146252393723
49, 0, 9, 218, 367, -0.05877149477601051
49, 0, 10, 243, 375, -0.09303557127714157
49, 0, 11, 255, 395, -0.1049211248755455
49, 0, 12, 259, 416, -0.11108804494142532
49, 0, 13, 199, 375, -0.07112517207860947
49, 0, 14, 218, 397, -0.10494910180568695
49, 0, 15, 232, 424, -0.11301355808973312
49, 0, 16, 239, 447, -0.11466817557811737
49, 0, 17, 180, 391, -0.0830945074558258
49, 0, 18, 202, 418, -0.10987505316734314
49, 0, 19, 216, 440, -0.11804083734750748
49, 0, 20, 227, 460, -0.12116865813732147
49, 1, 0, 0, 0, 0.0
49, 1, 1, 0, 0, 0.0
49, 1, 2, 0, 0, 0.0
49, 1, 3, 0, 0, 0.0
49, 1, 4, 0, 0, 0.0
49, 1, 5, 0, 0, 0.0
49, 1, 6, 0, 0, 0.0
49, 1, 7, 0, 0, 0.0
49, 1, 8, 0, 0, 0.0
49, 1, 9, 0, 0, 0.0
49, 1, 10, 0, 0, 0.0
49, 1, 11, 0, 0, 0.0
49, 1, 12, 0, 0, 0.0
49, 1, 13, 0, 0, 0.0
49, 1, 14, 0, 0, 0.0
49, 1, 15, 0, 0, 0.0
49, 1, 16, 0, 0, 0.0
49, 1, 17, 0, 0, 0.0
49, 1, 18, 0, 0, 0.0
49, 1, 19, 0, 0, 0.0
49, 1, 20, 0, 0, 0.0
50, 0, 0, 0, 0, 0.0
50, 0, 1, 0, 0, 0.0
50, 0, 2, 0, 0, 0.0
50, 0, 3, 0, 0, 0.0
50, 0, 4, 0, 0, 0.0
50, 0, 5, 0, 0, 0.0
50, 0, 6, 0, 0, 0.0
50, 0, 7, 0, 0, 0.0
50, 0, 8, 0, 0, 0.0
50, 0, 9, 0, 0, 0.0
50, 0, 10, 0, 0, 0.0
50, 0, 11, 0, 0, 0.0
50, 0, 12, 0, 0, 0.0
50, 0, 13, 0, 0, 0.0
50, 0, 14, 0, 0, 0.0
50, 0, 15, 0, 0, 0.0
50, 0, 16, 0, 0, 0.0
50, 0, 17, 0, 0, 0.0
50, 0, 18, 0, 0, 0.0
50, 0, 19, 0, 0, 0.0
50, 0, 20, 0, 0, 0.0
50, 1, 0, 0, 0, 0.0
50, 1, 1, 0, 0, 0.0
50, 1, 2, 0, 0, 0.0
50, 1, 3, 0, 0, 0.0
50, 1, 4, 0, 0, 0.0
50, 1, 5, 0, 0, 0.0
50, 1, 6, 0, 0, 0.0
50, 1, 7, 0, 0, 0.0
50, 1, 8, 0, 0, 0.0
50, 1, 9, 0, 0, 0.0
50, 1, 10, 0, 0, 0.0
50, 1, 11, 0, 0, 0.0
50, 1, 12, 0, 0, 0.0
50, 1, 13, 0, 0, 0.0
50, 1, 14, 0, 0, 0.0
50, 1, 15, 0, 0, 0.0
50, 1, 16, 0, 0, 0.0
50, 1, 17, 0, 0, 0.0
50, 1, 18, 0, 0, 0.0
50, 1, 19, 0, 0, 0.0
50, 1, 20, 0, 0, 0.0
51, 0, 0, 0, 0, 0.0
51, 0, 1, 0, 0, 0.0
51, 0, 2, 0, 0, 0.0
51, 0, 3, 0, 0, 0.0
51, 0, 4, 0, 0, 0.0
51, 0, 5, 0, 0, 0.0
51, 0, 6, 0, 0, 0.0
51, 0, 7, 0, 0, 0.0
51, 0, 8, 0, 0, 0.0
51, 0, 9, 0, 0, 0.0
51, 0, 10, 0, 0, 0.0
51, 0, 11, 0, 0, 0.0
51, 0, 12, 0, 0, 0.0
51, 0, 13, 0, 0, 0.0
51, 0, 14, 0, 0, 0.0
51, 0, 15, 0, 0, 0.0
51, 0, 16, 0, 0, 0.0
51, 0, 17, 0, 0, 0.0
51, 0, 18, 0, 0, 0.0
51, 0, 19, 0, 0, 0.0
51, 0, 20, 0, 0, 0.0
51, 1, 0, 0, 0, 0.0
51, 1, 1, 0, 0, 0.0
51, 1, 2, 0, 0, 0.0
51, 1, 3, 0, 0, 0.0
51, 1, 4, 0, 0, 0.0
51, 1, 5, 0, 0, 0.0
51, 1, 6, 0, 0, 0.0
51, 1, 7, 0, 0, 0.0
51, 1, 8, 0, 0, 0.0
51, 1, 9, 0, 0, 0.0
51, 1, 10, 0, 0, 0.0
51, 1, 11, 0, 0, 0.0
51, 1, 12, 0, 0, 0.0
51, 1, 13, 0, 0, 0.0
51, 1, 14, 0, 0, 0.0
51, 1, 15, 0, 0, 0.0
51, 1, 16, 0, 0, 0.0
51, 1, 17, 0, 0, 0.0
51, 1, 18, 0, 0, 0.0
51, 1, 19, 0, 0, 0.0
51, 1, 20, 0, 0, 0.0
52, 0, 0, 0, 0, 0.0
52, 0, 1, 0, 0, 0.0
52, 0, 2, 0, 0, 0.0
52, 0, 3, 0, 0, 0.0
52, 0, 4, 0, 0, 0.0
52, 0, 5, 0, 0, 0.0
52, 0, 6, 0, 0, 0.0
52, 0, 7, 0, 0, 0.0
52, 0, 8, 0, 0, 0.0
52, 0, 9, 0, 0, 0.0
52, 0, 10, 0, 0, 0.0
52, 0, 11, 0, 0, 0.0
52, 0, 12, 0, 0, 0.0
52, 0, 13, 0, 0, 0.0
52, 0, 14, 0, 0, 0.0
52, 0, 15, 0, 0, 0.0
52, 0, 16, 0, 0, 0.0
52, 0, 17, 0, 0, 0.0
52, 0, 18, 0, 0, 0.0
52, 0, 19, 0, 0, 0.0
52, 0, 20, 0, 0, 0.0
52, 1, 0, 0, 0, 0.0
52, 1, 1, 0, 0, 0.0
52, 1, 2, 0, 0, 0.0
52, 1, 3, 0, 0, 0.0
52, 1, 4, 0, 0, 0.0
52, 1, 5, 0, 0, 0.0
52, 1, 6, 0, 0, 0.0
52, 1, 7, 0, 0, 0.0
52, 1, 8, 0, 0, 0.0
52, 1, 9, 0, 0, 0.0
52, 1, 10, 0, 0, 0.0
52, 1, 11, 0, 0, 0.0
52, 1, 12, 0, 0, 0.0
52, 1, 13, 0, 0, 0.0
52, 1, 14, 0, 0, 0.0
52, 1, 15, 0, 0, 0.0
52, 1, 16, 0, 0, 0.0
52, 1, 17, 0, 0, 0.0
52, 1, 18, 0, 0, 0.0
52, 1, 19, 0, 0, 0.0
52, 1, 20, 0, 0, 0.0
53, 0, 0, 0, 0, 0.0
53, 0, 1, 0, 0, 0.0
53, 0, 2, 0, 0, 0.0
53, 0, 3, 0, 0, 0.0
53, 0, 4, 0, 0, 0.0
53, 0, 5, 0, 0, 0.0
53, 0, 6, 0, 0, 0.0
53, 0, 7, 0, 0, 0.0
53, 0, 8, 0, 0, 0.0
53, 0, 9, 0, 0, 0.0
53, 0, 10, 0, 0, 0.0
53, 0, 11, 0, 0, 0.0
53, 0, 12, 0, 0, 0.0
53, 0, 13, 0, 0, 0.0
53, 0, 14, 0, 0, 0.0
53, 0, 15, 0, 0, 0.0
53, 0, 16, 0, 0, 0.0
53, 0, 17, 0, 0, 0.0
53, 0, 18, 0, 0, 0.0
53, 0, 19, 0, 0, 0.0
53, 0, 20, 0, 0, 0.0
53, 1, 0, 0, 0, 0.0
53, 1, 1, 0, 0, 0.0
53, 1, 2, 0, 0, 0.0
53, 1, 3, 0, 0, 0.0
53, 1, 4, 0, 0, 0.0
53, 1, 5, 0, 0, 0.0
53, 1, 6, 0, 0, 0.0
53, 1, 7, 0, 0, 0.0
53, 1, 8, 0, 0, 0.0
53, 1, 9, 0, 0, 0.0
53, 1, 10, 0, 0, 0.0
53, 1, 11, 0, 0, 0.0
53, 1, 12, 0, 0, 0.0
53, 1, 13, 0, 0, 0.0
53, 1, 14, 0, 0, 0.0
53, 1, 15, 0, 0, 0.0
53, 1, 16, 0, 0, 0.0
53, 1, 17, 0, 0, 0.0
53, 1, 18, 0, 0, 0.0
53, 1, 19, 0, 0, 0.0
53, 1, 20, 0, 0, 0.0
54, 0, 0, 0, 0, 0.0
54, 0, 1, 0, 0, 0.0
54, 0, 2, 0, 0, 0.0
54, 0, 3, 0, 0, 0.0
54, 0, 4, 0, 0, 0.0
54, 0, 5, 0, 0, 0.0
54, 0, 6, 0, 0, 0.0
54, 0, 7, 0, 0, 0.0
54, 0, 8, 0, 0, 0.0
54, 0, 9, 0, 0, 0.0
54, 0, 10, 0, 0, 0.0
54, 0, 11, 0, 0, 0.0
54, 0, 12, 0, 0, 0.0
54, 0, 13, 0, 0, 0.0
54, 0, 14, 0, 0, 0.0
54, 0, 15, 0, 0, 0.0
54, 0, 16, 0, 0, 0.0
54, 0, 17, 0, 0, 0.0
54, 0, 18, 0, 0, 0.0
54, 0, 19, 0, 0, 0.0
54, 0, 20, 0, 0, 0.0
54, 1, 0, 0, 0, 0.0
54, 1, 1, 0, 0, 0.0
54, 1, 2, 0, 0, 0.0
54, 1, 3, 0, 0, 0.0
54, 1, 4, 0, 0, 0.0
54, 1, 5, 0, 0, 0.0
54, 1, 6, 0, 0, 0.0
54, 1, 7, 0, 0, 0.0
54, 1, 8, 0, 0, 0.0
54, 1, 9, 0, 0, 0.0
54, 1, 10, 0, 0, 0.0
54, 1, 11, 0, 0, 0.0
54, 1, 12, 0, 0, 0.0
54, 1, 13, 0, 0, 0.0
54, 1, 14, 0, 0, 0.0
54, 1, 15, 0, 0, 0.0
54, 1, 16, 0, 0, 0.0
54, 1, 17, 0, 0, 0.0
54, 1, 18, 0, 0, 0.0
54, 1, 19, 0, 0, 0.0
54, 1, 20, 0, 0, 0.0
55, 0, 0, 0, 0, 0.0
55, 0, 1, 0, 0, 0.0
55, 0, 2, 0, 0, 0.0
55, 0, 3, 0, 0, 0.0
55, 0, 4, 0, 0, 0.0
55, 0, 5, 0, 0, 0.0
55, 0, 6, 0, 0, 0.0
55, 0, 7, 0, 0, 0.0
55, 0, 8, 0, 0, 0.0
55, 0, 9, 0, 0, 0.0
55, 0, 10, 0, 0, 0.0
55, 0, 11, 0, 0, 0.0
55, 0, 12, 0, 0, 0.0
55, 0, 13, 0, 0, 0.0
55, 0, 14, 0, 0, 0.0
55, 0, 15, 0, 0, 0.0
55, 0, 16, 0, 0, 0.0
55, 0, 17, 0, 0, 0.0
55, 0, 18, 0, 0, 0.0
55, 0, 19, 0, 0, 0.0
55, 0, 20, 0, 0, 0.0
55, 1, 0, 0, 0, 0.0
55, 1, 1, 0, 0, 0.0
55, 1, 2, 0, 0, 0.0
55, 1, 3, 0, 0, 0.0
55, 1, 4, 0, 0, 0.0
55, 1, 5, 0, 0, 0.0
55, 1, 6, 0, 0, 0.0
55, 1, 7, 0, 0, 0.0
55, 1, 8, 0, 0, 0.0
55, 1, 9, 0, 0, 0.0
55, 1, 10, 0, 0, 0.0
55, 1, 11, 0, 0, 0.0
55, 1, 12, 0, 0, 0.0
55, 1, 13, 0, 0, 0.0
55, 1, 14, 0, 0, 0.0
55, 1, 15, 0, 0, 0.0
55, 1, 16, 0, 0, 0.0
55, 1, 17, 0, 0, 0.0
55, 1, 18, 0, 0, 0.0
55, 1, 19, 0, 0, 0.0
55, 1, 20, 0, 0, 0.0
56, 0, 0, 0, 0, 0.0
56, 0, 1, 0, 0, 0.0
56, 0, 2, 0, 0, 0.0
56, 0, 3, 0, 0, 0.0
56, 0, 4, 0, 0, 0.0
56, 0, 5, 0, 0, 0.0
56, 0, 6, 0, 0, 0.0
56, 0, 7, 0, 0, 0.0
56, 0, 8, 0, 0, 0.0
56, 0, 9, 0, 0, 0.0
56, 0, 10, 0, 0, 0.0
56, 0, 11, 0, 0, 0.0
56, 0, 12, 0, 0, 0.0
56, 0, 13, 0, 0, 0.0
56, 0, 14, 0, 0, 0.0
56, 0, 15, 0, 0, 0.0
56, 0, 16, 0, 0, 0.0
56, 0, 17, 0, 0, 0.0
56, 0, 18, 0, 0, 0.0
56, 0, 19, 0, 0, 0.0
56, 0, 20, 0, 0, 0.0
56, 1, 0, 0, 0, 0.0
56, 1, 1, 0, 0, 0.0
56, 1, 2, 0, 0, 0.0
56, 1, 3, 0, 0, 0.0
56, 1, 4, 0, 0, 0.0
56, 1, 5, 0, 0, 0.0
56, 1, 6, 0, 0, 0.0
56, 1, 7, 0, 0, 0.0
56, 1, 8, 0, 0, 0.0
56, 1, 9, 0, 0, 0.0
56, 1, 10, 0, 0, 0.0
56, 1, 11, 0, 0, 0.0
56, 1, 12, 0, 0, 0.0
56, 1, 13, 0, 0, 0.0
56, 1, 14, 0, 0, 0.0
56, 1, 15, 0, 0, 0.0
56, 1, 16, 0, 0, 0.0
56, 1, 17, 0, 0, 0.0
56, 1, 18, 0, 0, 0.0
56, 1, 19, 0, 0, 0.0
56, 1, 20, 0, 0, 0.0
57, 0, 0, 0, 0, 0.0
57, 0, 1, 0, 0, 0.0
57, 0, 2, 0, 0, 0.0
57, 0, 3, 0, 0, 0.0
57, 0, 4, 0, 0, 0.0
57, 0, 5, 0, 0, 0.0
57, 0, 6, 0, 0, 0.0
57, 0, 7, 0, 0, 0.0
57, 0, 8, 0, 0, 0.0
57, 0, 9, 0, 0, 0.0
57, 0, 10, 0, 0, 0.0
57, 0, 11, 0, 0, 0.0
57, 0, 12, 0, 0, 0.0
57, 0, 13, 0, 0, 0.0
57, 0, 14, 0, 0, 0.0
57, 0, 15, 0, 0, 0.0
57, 0, 16, 0, 0, 0.0
57, 0, 17, 0, 0, 0.0
57, 0, 18, 0, 0, 0.0
57, 0, 19, 0, 0, 0.0
57, 0, 20, 0, 0, 0.0
57, 1, 0, 0, 0, 0.0
57, 1, 1, 0, 0, 0.0
57, 1, 2, 0, 0, 0.0
57, 1, 3, 0, 0, 0.0
57, 1, 4, 0, 0, 0.0
57, 1, 5, 0, 0, 0.0
57, 1, 6, 0, 0, 0.0
57, 1, 7, 0, 0, 0.0
57, 1, 8, 0, 0, 0.0
57, 1, 9, 0, 0, 0.0
57, 1, 10, 0, 0, 0.0
57, 1, 11, 0, 0, 0.0
57, 1, 12, 0, 0, 0.0
57, 1, 13, 0, 0, 0.0
57, 1, 14, 0, 0, 0.0
57, 1, 15, 0, 0, 0.0
57, 1, 16, 0, 0, 0.0
57, 1, 17, 0, 0, 0.0
57, 1, 18, 0, 0, 0.0
57, 1, 19, 0, 0, 0.0
57, 1, 20, 0, 0, 0.0
58, 0, 0, 0, 0, 0.0
58, 0, 1, 0, 0, 0.0
58, 0, 2, 0, 0, 0.0
58, 0, 3, 0, 0, 0.0
58, 0, 4, 0, 0, 0.0
58, 0, 5, 0, 0, 0.0
58, 0, 6, 0, 0, 0.0
58, 0, 7, 0, 0, 0.0
58, 0, 8, 0, 0, 0.0
58, 0, 9, 0, 0, 0.0
58, 0, 10, 0, 0, 0.0
58, 0, 11, 0, 0, 0.0
58, 0, 12, 0, 0, 0.0
58, 0, 13, 0, 0, 0.0
58, 0, 14, 0, 0, 0.0
58, 0, 15, 0, 0, 0.0
58, 0, 16, 0, 0, 0.0
58, 0, 17, 0, 0, 0.0
58, 0, 18, 0, 0, 0.0
58, 0, 19, 0, 0, 0.0
58, 0, 20, 0, 0, 0.0
58, 1, 0, 0, 0, 0.0
58, 1, 1, 0, 0, 0.0
58, 1, 2, 0, 0, 0.0
58, 1, 3, 0, 0, 0.0
58, 1, 4, 0, 0, 0.0
58, 1, 5, 0, 0, 0.0
58, 1, 6, 0, 0, 0.0
58, 1, 7, 0, 0, 0.0
58, 1, 8, 0, 0, 0.0
58, 1, 9, 0, 0, 0.0
58, 1, 10, 0, 0, 0.0
58, 1, 11, 0, 0, 0.0
58, 1, 12, 0, 0, 0.0
58, 1, 13, 0, 0, 0.0
58, 1, 14, 0, 0, 0.0
58, 1, 15, 0, 0, 0.0
58, 1, 16, 0, 0, 0.0
58, 1, 17, 0, 0, 0.0
58, 1, 18, 0, 0, 0.0
58, 1, 19, 0, 0, 0.0
58, 1, 20, 0, 0, 0.0
59, 0, 0, 0, 0, 0.0
59, 0, 1, 0, 0, 0.0
59, 0, 2, 0, 0, 0.0
59, 0, 3, 0, 0, 0.0
59, 0, 4, 0, 0, 0.0
59, 0, 5, 0, 0, 0.0
59, 0, 6, 0, 0, 0.0
59, 0, 7, 0, 0, 0.0
59, 0, 8, 0, 0, 0.0
59, 0, 9, 0, 0, 0.0
59, 0, 10, 0, 0, 0.0
59, 0, 11, 0, 0, 0.0
59, 0, 12, 0, 0, 0.0
59, 0, 13, 0, 0, 0.0
59, 0, 14, 0, 0, 0.0
59, 0, 15, 0, 0, 0.0
59, 0, 16, 0, 0, 0.0
59, 0, 17, 0, 0, 0.0
59, 0, 18, 0, 0, 0.0
59, 0, 19, 0, 0, 0.0
59, 0, 20, 0, 0, 0.0
59, 1, 0, 0, 0, 0.0
59, 1, 1, 0, 0, 0.0
59, 1, 2, 0, 0, 0.0
59, 1, 3, 0, 0, 0.0
59, 1, 4, 0, 0, 0.0
59, 1, 5, 0, 0, 0.0
59, 1, 6, 0, 0, 0.0
59, 1, 7, 0, 0, 0.0
59, 1, 8, 0, 0, 0.0
59, 1, 9, 0, 0, 0.0
59, 1, 10, 0, 0, 0.0
59, 1, 11, 0, 0, 0.0
59, 1, 12, 0, 0, 0.0
59, 1, 13, 0, 0, 0.0
59, 1, 14, 0, 0, 0.0
59, 1, 15, 0, 0, 0.0
59, 1, 16, 0, 0, 0.0
59, 1, 17, 0, 0, 0.0
59, 1, 18, 0, 0, 0.0
59, 1, 19, 0, 0, 0.0
59, 1, 20, 0, 0, 0.0
60, 0, 0, 0, 0, 0.0
60, 0, 1, 0, 0, 0.0
60, 0, 2, 0, 0, 0.0
60, 0, 3, 0, 0, 0.0
60, 0, 4, 0, 0, 0.0
60, 0, 5, 0, 0, 0.0
60, 0, 6, 0, 0, 0.0
60, 0, 7, 0, 0, 0.0
60, 0, 8, 0, 0, 0.0
60, 0, 9, 0, 0, 0.0
60, 0, 10, 0, 0, 0.0
60, 0, 11, 0, 0, 0.0
60, 0, 12, 0, 0, 0.0
60, 0, 13, 0, 0, 0.0
60, 0, 14, 0, 0, 0.0
60, 0, 15, 0, 0, 0.0
60, 0, 16, 0, 0, 0.0
60, 0, 17, 0, 0, 0.0
60, 0, 18, 0, 0, 0.0
60, 0, 19, 0, 0, 0.0
60, 0, 20, 0, 0, 0.0
60, 1, 0, 0, 0, 0.0
60, 1, 1, 0, 0, 0.0
60, 1, 2, 0, 0, 0.0
60, 1, 3, 0, 0, 0.0
60, 1, 4, 0, 0, 0.0
60, 1, 5, 0, 0, 0.0
60, 1, 6, 0, 0, 0.0
60, 1, 7, 0, 0, 0.0
60, 1, 8, 0, 0, 0.0
60, 1, 9, 0, 0, 0.0
60, 1, 10, 0, 0, 0.0
60, 1, 11, 0, 0, 0.0
60, 1, 12, 0, 0, 0.0
60, 1, 13, 0, 0, 0.0
60, 1, 14, 0, 0, 0.0
60, 1, 15, 0, 0, 0.0
60, 1, 16, 0, 0, 0.0
60, 1, 17, 0, 0, 0.0
60, 1, 18, 0, 0, 0.0
60, 1, 19, 0, 0, 0.0
60, 1, 20, 0, 0, 0.0
61, 0, 0, 0, 0, 0.0
61, 0, 1, 0, 0, 0.0
61, 0, 2, 0, 0, 0.0
61, 0, 3, 0, 0, 0.0
61, 0, 4, 0, 0, 0.0
61, 0, 5, 0, 0, 0.0
61, 0, 6, 0, 0, 0.0
61, 0, 7, 0, 0, 0.0
61, 0, 8, 0, 0, 0.0
61, 0, 9, 0, 0, 0.0
61, 0, 10, 0, 0, 0.0
61, 0, 11, 0, 0, 0.0
61, 0, 12, 0, 0, 0.0
61, 0, 13, 0, 0, 0.0
61, 0, 14, 0, 0, 0.0
61, 0, 15, 0, 0, 0.0
61, 0, 16, 0, 0, 0.0
61, 0, 17, 0, 0, 0.0
61, 0, 18, 0, 0, 0.0
61, 0, 19, 0, 0, 0.0
61, 0, 20, 0, 0, 0.0
61, 1, 0, 0, 0, 0.0
61, 1, 1, 0, 0, 0.0
61, 1, 2, 0, 0, 0.0
61, 1, 3, 0, 0, 0.0
61, 1, 4, 0, 0, 0.0
61, 1, 5, 0, 0, 0.0
61, 1, 6, 0, 0, 0.0
61, 1, 7, 0, 0, 0.0
61, 1, 8, 0, 0, 0.0
61, 1, 9, 0, 0, 0.0
61, 1, 10, 0, 0, 0.0
61, 1, 11, 0, 0, 0.0
61, 1, 12, 0, 0, 0.0
61, 1, 13, 0, 0, 0.0
61, 1, 14, 0, 0, 0.0
61, 1, 15, 0, 0, 0.0
61, 1, 16, 0, 0, 0.0
61, 1, 17, 0, 0, 0.0
61, 1, 18, 0, 0, 0.0
61, 1, 19, 0, 0, 0.0
61, 1, 20, 0, 0, 0.0
62, 0, 0, 0, 0, 0.0
62, 0, 1, 0, 0, 0.0
62, 0, 2, 0, 0, 0.0
62, 0, 3, 0, 0, 0.0
62, 0, 4, 0, 0, 0.0
62, 0, 5, 0, 0, 0.0
62, 0, 6, 0, 0, 0.0
62, 0, 7, 0, 0, 0.0
62, 0, 8, 0, 0, 0.0
62, 0, 9, 0, 0, 0.0
62, 0, 10, 0, 0, 0.0
62, 0, 11, 0, 0, 0.0
62, 0, 12, 0, 0, 0.0
62, 0, 13, 0, 0, 0.0
62, 0, 14, 0, 0, 0.0
62, 0, 15, 0, 0, 0.0
62, 0, 16, 0, 0, 0.0
62, 0, 17, 0, 0, 0.0
62, 0, 18, 0, 0, 0.0
62, 0, 19, 0, 0, 0.0
62, 0, 20, 0, 0, 0.0
62, 1, 0, 0, 0, 0.0
62, 1, 1, 0, 0, 0.0
62, 1, 2, 0, 0, 0.0
62, 1, 3, 0, 0, 0.0
62, 1, 4, 0, 0, 0.0
62, 1, 5, 0, 0, 0.0
62, 1, 6, 0, 0, 0.0
62, 1, 7, 0, 0, 0.0
62, 1, 8, 0, 0, 0.0
62, 1, 9, 0, 0, 0.0
62, 1, 10, 0, 0, 0.0
62, 1, 11, 0, 0, 0.0
62, 1, 12, 0, 0, 0.0
62, 1, 13, 0, 0, 0.0
62, 1, 14, 0, 0, 0.0
62, 1, 15, 0, 0, 0.0
62, 1, 16, 0, 0, 0.0
62, 1, 17, 0, 0, 0.0
62, 1, 18, 0, 0, 0.0
62, 1, 19, 0, 0, 0.0
62, 1, 20, 0, 0, 0.0
