0, 0, 0, 0, 0, 0.0
0, 0, 1, 0, 0, 0.0
0, 0, 2, 0, 0, 0.0
0, 0, 3, 0, 0, 0.0
0, 0, 4, 0, 0, 0.0
0, 0, 5, 0, 0, 0.0
0, 0, 6, 0, 0, 0.0
0, 0, 7, 0, 0, 0.0
0, 0, 8, 0, 0, 0.0
0, 0, 9, 0, 0, 0.0
0, 0, 10, 0, 0, 0.0
0, 0, 11, 0, 0, 0.0
0, 0, 12, 0, 0, 0.0
0, 0, 13, 0, 0, 0.0
0, 0, 14, 0, 0, 0.0
0, 0, 15, 0, 0, 0.0
0, 0, 16, 0, 0, 0.0
0, 0, 17, 0, 0, 0.0
0, 0, 18, 0, 0, 0.0
0, 0, 19, 0, 0, 0.0
0, 0, 20, 0, 0, 0.0
0, 1, 0, 0, 0, 0.0
0, 1, 1, 0, 0, 0.0
0, 1, 2, 0, 0, 0.0
0, 1, 3, 0, 0, 0.0
0, 1, 4, 0, 0, 0.0
0, 1, 5, 0, 0, 0.0
0, 1, 6, 0, 0, 0.0
0, 1, 7, 0, 0, 0.0
0, 1, 8, 0, 0, 0.0
0, 1, 9, 0, 0, 0.0
0, 1, 10, 0, 0, 0.0
0, 1, 11, 0, 0, 0.0
0, 1, 12, 0, 0, 0.0
0, 1, 13, 0, 0, 0.0
0, 1, 14, 0, 0, 0.0
0, 1, 15, 0, 0, 0.0
0, 1, 16, 0, 0, 0.0
0, 1, 17, 0, 0, 0.0
0, 1, 18, 0, 0, 0.0
0, 1, 19, 0, 0, 0.0
0, 1, 20, 0, 0, 0.0
1, 0, 0, 0, 0, 0.0
1, 0, 1, 0, 0, 0.0
1, 0, 2, 0, 0, 0.0
1, 0, 3, 0, 0, 0.0
1, 0, 4, 0, 0, 0.0
1, 0, 5, 0, 0, 0.0
1, 0, 6, 0, 0, 0.0
1, 0, 7, 0, 0, 0.0
1, 0, 8, 0, 0, 0.0
1, 0, 9, 0, 0, 0.0
1, 0, 10, 0, 0, 0.0
1, 0, 11, 0, 0, 0.0
1, 0, 12, 0, 0, 0.0
1, 0, 13, 0, 0, 0.0
1, 0, 14, 0, 0, 0.0
1, 0, 15, 0, 0, 0.0
1, 0, 16, 0, 0, 0.0
1, 0, 17, 0, 0, 0.0
1, 0, 18, 0, 0, 0.0
1, 0, 19, 0, 0, 0.0
1, 0, 20, 0, 0, 0.0
1, 1, 0, 0, 0, 0.0
1, 1, 1, 0, 0, 0.0
1, 1, 2, 0, 0, 0.0
1, 1, 3, 0, 0, 0.0
1, 1, 4, 0, 0, 0.0
1, 1, 5, 0, 0, 0.0
1, 1, 6, 0, 0, 0.0
1, 1, 7, 0, 0, 0.0
1, 1, 8, 0, 0, 0.0
1, 1, 9, 0, 0, 0.0
1, 1, 10, 0, 0, 0.0
1, 1, 11, 0, 0, 0.0
1, 1, 12, 0, 0, 0.0
1, 1, 13, 0, 0, 0.0
1, 1, 14, 0, 0, 0.0
1, 1, 15, 0, 0, 0.0
1, 1, 16, 0, 0, 0.0
1, 1, 17, 0, 0, 0.0
1, 1, 18, 0, 0, 0.0
1, 1, 19, 0, 0, 0.0
1, 1, 20, 0, 0, 0.0
2, 0, 0, 0, 0, 0.0
2, 0, 1, 0, 0, 0.0
2, 0, 2, 0, 0, 0.0
2, 0, 3, 0, 0, 0.0
2, 0, 4, 0, 0, 0.0
2, 0, 5, 0, 0, 0.0
2, 0, 6, 0, 0, 0.0
2, 0, 7, 0, 0, 0.0
2, 0, 8, 0, 0, 0.0
2, 0, 9, 0, 0, 0.0
2, 0, 10, 0, 0, 0.0
2, 0, 11, 0, 0, 0.0
2, 0, 12, 0, 0, 0.0
2, 0, 13, 0, 0, 0.0
2, 0, 14, 0, 0, 0.0
2, 0, 15, 0, 0, 0.0
2, 0, 16, 0, 0, 0.0
2, 0, 17, 0, 0, 0.0
2, 0, 18, 0, 0, 0.0
2, 0, 19, 0, 0, 0.0
2, 0, 20, 0, 0, 0.0
2, 1, 0, 0, 0, 0.0
2, 1, 1, 0, 0, 0.0
2, 1, 2, 0, 0, 0.0
2, 1, 3, 0, 0, 0.0
2, 1, 4, 0, 0, 0.0
2, 1, 5, 0, 0, 0.0
2, 1, 6, 0, 0, 0.0
2, 1, 7, 0, 0, 0.0
2, 1, 8, 0, 0, 0.0
2, 1, 9, 0, 0, 0.0
2, 1, 10, 0, 0, 0.0
2, 1, 11, 0, 0, 0.0
2, 1, 12, 0, 0, 0.0
2, 1, 13, 0, 0, 0.0
2, 1, 14, 0, 0, 0.0
2, 1, 15, 0, 0, 0.0
2, 1, 16, 0, 0, 0.0
2, 1, 17, 0, 0, 0.0
2, 1, 18, 0, 0, 0.0
2, 1, 19, 0, 0, 0.0
2, 1, 20, 0, 0, 0.0
3, 0, 0, 0, 0, 0.0
3, 0, 1, 0, 0, 0.0
3, 0, 2, 0, 0, 0.0
3, 0, 3, 0, 0, 0.0
3, 0, 4, 0, 0, 0.0
3, 0, 5, 0, 0, 0.0
3, 0, 6, 0, 0, 0.0
3, 0, 7, 0, 0, 0.0
3, 0, 8, 0, 0, 0.0
3, 0, 9, 0, 0, 0.0
3, 0, 10, 0, 0, 0.0
3, 0, 11, 0, 0, 0.0
3, 0, 12, 0, 0, 0.0
3, 0, 13, 0, 0, 0.0
3, 0, 14, 0, 0, 0.0
3, 0, 15, 0, 0, 0.0
3, 0, 16, 0, 0, 0.0
3, 0, 17, 0, 0, 0.0
3, 0, 18, 0, 0, 0.0
3, 0, 19, 0, 0, 0.0
3, 0, 20, 0, 0, 0.0
3, 1, 0, 0, 0, 0.0
3, 1, 1, 0, 0, 0.0
3, 1, 2, 0, 0, 0.0
3, 1, 3, 0, 0, 0.0
3, 1, 4, 0, 0, 0.0
3, 1, 5, 0, 0, 0.0
3, 1, 6, 0, 0, 0.0
3, 1, 7, 0, 0, 0.0
3, 1, 8, 0, 0, 0.0
3, 1, 9, 0, 0, 0.0
3, 1, 10, 0, 0, 0.0
3, 1, 11, 0, 0, 0.0
3, 1, 12, 0, 0, 0.0
3, 1, 13, 0, 0, 0.0
3, 1, 14, 0, 0, 0.0
3, 1, 15, 0, 0, 0.0
3, 1, 16, 0, 0, 0.0
3, 1, 17, 0, 0, 0.0
3, 1, 18, 0, 0, 0.0
3, 1, 19, 0, 0, 0.0
3, 1, 20, 0, 0, 0.0
4, 0, 0, 0, 0, 0.0
4, 0, 1, 0, 0, 0.0
4, 0, 2, 0, 0, 0.0
4, 0, 3, 0, 0, 0.0
4, 0, 4, 0, 0, 0.0
4, 0, 5, 0, 0, 0.0
4, 0, 6, 0, 0, 0.0
4, 0, 7, 0, 0, 0.0
4, 0, 8, 0, 0, 0.0
4, 0, 9, 0, 0, 0.0
4, 0, 10, 0, 0, 0.0
4, 0, 11, 0, 0, 0.0
4, 0, 12, 0, 0, 0.0
4, 0, 13, 0, 0, 0.0
4, 0, 14, 0, 0, 0.0
4, 0, 15, 0, 0, 0.0
4, 0, 16, 0, 0, 0.0
4, 0, 17, 0, 0, 0.0
4, 0, 18, 0, 0, 0.0
4, 0, 19, 0, 0, 0.0
4, 0, 20, 0, 0, 0.0
4, 1, 0, 0, 0, 0.0
4, 1, 1, 0, 0, 0.0
4, 1, 2, 0, 0, 0.0
4, 1, 3, 0, 0, 0.0
4, 1, 4, 0, 0, 0.0
4, 1, 5, 0, 0, 0.0
4, 1, 6, 0, 0, 0.0
4, 1, 7, 0, 0, 0.0
4, 1, 8, 0, 0, 0.0
4, 1, 9, 0, 0, 0.0
4, 1, 10, 0, 0, 0.0
4, 1, 11, 0, 0, 0.0
4, 1, 12, 0, 0, 0.0
4, 1, 13, 0, 0, 0.0
4, 1, 14, 0, 0, 0.0
4, 1, 15, 0, 0, 0.0
4, 1, 16, 0, 0, 0.0
4, 1, 17, 0, 0, 0.0
4, 1, 18, 0, 0, 0.0
4, 1, 19, 0, 0, 0.0
4, 1, 20, 0, 0, 0.0
5, 0, 0, 0, 0, 0.0
5, 0, 1, 0, 0, 0.0
5, 0, 2, 0, 0, 0.0
5, 0, 3, 0, 0, 0.0
5, 0, 4, 0, 0, 0.0
5, 0, 5, 0, 0, 0.0
5, 0, 6, 0, 0, 0.0
5, 0, 7, 0, 0, 0.0
5, 0, 8, 0, 0, 0.0
5, 0, 9, 0, 0, 0.0
5, 0, 10, 0, 0, 0.0
5, 0, 11, 0, 0, 0.0
5, 0, 12, 0, 0, 0.0
5, 0, 13, 0, 0, 0.0
5, 0, 14, 0, 0, 0.0
5, 0, 15, 0, 0, 0.0
5, 0, 16, 0, 0, 0.0
5, 0, 17, 0, 0, 0.0
5, 0, 18, 0, 0, 0.0
5, 0, 19, 0, 0, 0.0
5, 0, 20, 0, 0, 0.0
5, 1, 0, 0, 0, 0.0
5, 1, 1, 0, 0, 0.0
5, 1, 2, 0, 0, 0.0
5, 1, 3, 0, 0, 0.0
5, 1, 4, 0, 0, 0.0
5, 1, 5, 0, 0, 0.0
5, 1, 6, 0, 0, 0.0
5, 1, 7, 0, 0, 0.0
5, 1, 8, 0, 0, 0.0
5, 1, 9, 0, 0, 0.0
5, 1, 10, 0, 0, 0.0
5, 1, 11, 0, 0, 0.0
5, 1, 12, 0, 0, 0.0
5, 1, 13, 0, 0, 0.0
5, 1, 14, 0, 0, 0.0
5, 1, 15, 0, 0, 0.0
5, 1, 16, 0, 0, 0.0
5, 1, 17, 0, 0, 0.0
5, 1, 18, 0, 0, 0.0
5, 1, 19, 0, 0, 0.0
5, 1, 20, 0, 0, 0.0
6, 0, 0, 0, 0, 0.0
6, 0, 1, 0, 0, 0.0
6, 0, 2, 0, 0, 0.0
6, 0, 3, 0, 0, 0.0
6, 0, 4, 0, 0, 0.0
6, 0, 5, 0, 0, 0.0
6, 0, 6, 0, 0, 0.0
6, 0, 7, 0, 0, 0.0
6, 0, 8, 0, 0, 0.0
6, 0, 9, 0, 0, 0.0
6, 0, 10, 0, 0, 0.0
6, 0, 11, 0, 0, 0.0
6, 0, 12, 0, 0, 0.0
6, 0, 13, 0, 0, 0.0
6, 0, 14, 0, 0, 0.0
6, 0, 15, 0, 0, 0.0
6, 0, 16, 0, 0, 0.0
6, 0, 17, 0, 0, 0.0
6, 0, 18, 0, 0, 0.0
6, 0, 19, 0, 0, 0.0
6, 0, 20, 0, 0, 0.0
6, 1, 0, 0, 0, 0.0
6, 1, 1, 0, 0, 0.0
6, 1, 2, 0, 0, 0.0
6, 1, 3, 0, 0, 0.0
6, 1, 4, 0, 0, 0.0
6, 1, 5, 0, 0, 0.0
6, 1, 6, 0, 0, 0.0
6, 1, 7, 0, 0, 0.0
6, 1, 8, 0, 0, 0.0
6, 1, 9, 0, 0, 0.0
6, 1, 10, 0, 0, 0.0
6, 1, 11, 0, 0, 0.0
6, 1, 12, 0, 0, 0.0
6, 1, 13, 0, 0, 0.0
6, 1, 14, 0, 0, 0.0
6, 1, 15, 0, 0, 0.0
6, 1, 16, 0, 0, 0.0
6, 1, 17, 0, 0, 0.0
6, 1, 18, 0, 0, 0.0
6, 1, 19, 0, 0, 0.0
6, 1, 20, 0, 0, 0.0
7, 0, 0, 0, 0, 0.0
7, 0, 1, 0, 0, 0.0
7, 0, 2, 0, 0, 0.0
7, 0, 3, 0, 0, 0.0
7, 0, 4, 0, 0, 0.0
7, 0, 5, 0, 0, 0.0
7, 0, 6, 0, 0, 0.0
7, 0, 7, 0, 0, 0.0
7, 0, 8, 0, 0, 0.0
7, 0, 9, 0, 0, 0.0
7, 0, 10, 0, 0, 0.0
7, 0, 11, 0, 0, 0.0
7, 0, 12, 0, 0, 0.0
7, 0, 13, 0, 0, 0.0
7, 0, 14, 0, 0, 0.0
7, 0, 15, 0, 0, 0.0
7, 0, 16, 0, 0, 0.0
7, 0, 17, 0, 0, 0.0
7, 0, 18, 0, 0, 0.0
7, 0, 19, 0, 0, 0.0
7, 0, 20, 0, 0, 0.0
7, 1, 0, 0, 0, 0.0
7, 1, 1, 0, 0, 0.0
7, 1, 2, 0, 0, 0.0
7, 1, 3, 0, 0, 0.0
7, 1, 4, 0, 0, 0.0
7, 1, 5, 0, 0, 0.0
7, 1, 6, 0, 0, 0.0
7, 1, 7, 0, 0, 0.0
7, 1, 8, 0, 0, 0.0
7, 1, 9, 0, 0, 0.0
7, 1, 10, 0, 0, 0.0
7, 1, 11, 0, 0, 0.0
7, 1, 12, 0, 0, 0.0
7, 1, 13, 0, 0, 0.0
7, 1, 14, 0, 0, 0.0
7, 1, 15, 0, 0, 0.0
7, 1, 16, 0, 0, 0.0
7, 1, 17, 0, 0, 0.0
7, 1, 18, 0, 0, 0.0
7, 1, 19, 0, 0, 0.0
7, 1, 20, 0, 0, 0.0
8, 0, 0, 0, 0, 0.0
8, 0, 1, 0, 0, 0.0
8, 0, 2, 0, 0, 0.0
8, 0, 3, 0, 0, 0.0
8, 0, 4, 0, 0, 0.0
8, 0, 5, 0, 0, 0.0
8, 0, 6, 0, 0, 0.0
8, 0, 7, 0, 0, 0.0
8, 0, 8, 0, 0, 0.0
8, 0, 9, 0, 0, 0.0
8, 0, 10, 0, 0, 0.0
8, 0, 11, 0, 0, 0.0
8, 0, 12, 0, 0, 0.0
8, 0, 13, 0, 0, 0.0
8, 0, 14, 0, 0, 0.0
8, 0, 15, 0, 0, 0.0
8, 0, 16, 0, 0, 0.0
8, 0, 17, 0, 0, 0.0
8, 0, 18, 0, 0, 0.0
8, 0, 19, 0, 0, 0.0
8, 0, 20, 0, 0, 0.0
8, 1, 0, 0, 0, 0.0
8, 1, 1, 0, 0, 0.0
8, 1, 2, 0, 0, 0.0
8, 1, 3, 0, 0, 0.0
8, 1, 4, 0, 0, 0.0
8, 1, 5, 0, 0, 0.0
8, 1, 6, 0, 0, 0.0
8, 1, 7, 0, 0, 0.0
8, 1, 8, 0, 0, 0.0
8, 1, 9, 0, 0, 0.0
8, 1, 10, 0, 0, 0.0
8, 1, 11, 0, 0, 0.0
8, 1, 12, 0, 0, 0.0
8, 1, 13, 0, 0, 0.0
8, 1, 14, 0, 0, 0.0
8, 1, 15, 0, 0, 0.0
8, 1, 16, 0, 0, 0.0
8, 1, 17, 0, 0, 0.0
8, 1, 18, 0, 0, 0.0
8, 1, 19, 0, 0, 0.0
8, 1, 20, 0, 0, 0.0
9, 0, 0, 151, 421, -2.482435093043023e-07
9, 0, 1, 147, 435, -0.03216443955898285
9, 0, 2, 127, 444, -0.05388421565294266
9, 0, 3, 112, 445, -0.07264105975627899
9, 0, 4, 99, 449, -0.08875998109579086
9, 0, 5, 85, 413, -0.04022204875946045
9, 0, 6, 82, 397, -0.06813165545463562
9, 0, 7, 96, 406, -0.08417713642120361
9, 0, 8, 101, 414, -0.09342233836650848
9, 0, 9, 88, 392, -0.03826471418142319
9, 0, 10, 82, 375, -0.06643550843000412
9, 0, 11, 97, 385, -0.07558535039424896
9, 0, 12, 102, 393, -0.07845570147037506
9, 0, 13, 95, 375, -0.03996092081069946
9, 0, 14, 90, 362, -0.06376560032367706
9, 0, 15, 104, 372, -0.061924081295728683
9, 0, 16, 107, 380, -0.0576002299785614
9, 0, 17, 105, 364, -0.04445812851190567
9, 0, 18, 103, 351, -0.05804245173931122
9, 0, 19, 114, 360, -0.054520003497600555
9, 0, 20, 117, 367, -0.049946997314691544
9, 1, 0, 0, 0, 0.0
9, 1, 1, 0, 0, 0.0
9, 1, 2, 0, 0, 0.0
9, 1, 3, 0, 0, 0.0
9, 1, 4, 0, 0, 0.0
9, 1, 5, 0, 0, 0.0
9, 1, 6, 0, 0, 0.0
9, 1, 7, 0, 0, 0.0
9, 1, 8, 0, 0, 0.0
9, 1, 9, 0, 0, 0.0
9, 1, 10, 0, 0, 0.0
9, 1, 11, 0, 0, 0.0
9, 1, 12, 0, 0, 0.0
9, 1, 13, 0, 0, 0.0
9, 1, 14, 0, 0, 0.0
9, 1, 15, 0, 0, 0.0
9, 1, 16, 0, 0, 0.0
9, 1, 17, 0, 0, 0.0
9, 1, 18, 0, 0, 0.0
9, 1, 19, 0, 0, 0.0
9, 1, 20, 0, 0, 0.0
10, 0, 0, 428, 430, -1.207236266509426e-07
10, 0, 1, 401, 413, 0.0005594843532890081
10, 0, 2, 364, 407, -0.006289456970989704
10, 0, 3, 335, 415, -0.013516477309167385
10, 0, 4, 315, 426, -0.023088959977030754
10, 0, 5, 363, 395, -0.02692330814898014
10, 0, 6, 325, 404, -0.04457327723503113
10, 0, 7, 307, 415, -0.05654141306877136
10, 0, 8, 296, 424, -0.06416592001914978
10, 0, 9, 370, 408, -0.036505941301584244
10, 0, 10, 332, 419, -0.04989892989397049
10, 0, 11, 312, 431, -0.057446498423814774
10, 0, 12, 299, 440, -0.06481098383665085
10, 0, 13, 381, 425, -0.04515545815229416
10, 0, 14, 342, 436, -0.05737975612282753
10, 0, 15, 324, 447, -0.06116238608956337
10, 0, 16, 312, 455, -0.06513189524412155
10, 0, 17, 393, 446, -0.052813369780778885
10, 0, 18, 363, 455, -0.06566015630960464
10, 0, 19, 348, 461, -0.06863003969192505
10, 0, 20, 337, 467, -0.07071731984615326
10, 1, 0, 0, 0, 0.0
10, 1, 1, 0, 0, 0.0
10, 1, 2, 0, 0, 0.0
10, 1, 3, 0, 0, 0.0
10, 1, 4, 0, 0, 0.0
10, 1, 5, 0, 0, 0.0
10, 1, 6, 0, 0, 0.0
10, 1, 7, 0, 0, 0.0
10, 1, 8, 0, 0, 0.0
10, 1, 9, 0, 0, 0.0
10, 1, 10, 0, 0, 0.0
10, 1, 11, 0, 0, 0.0
10, 1, 12, 0, 0, 0.0
10, 1, 13, 0, 0, 0.0
10, 1, 14, 0, 0, 0.0
10, 1, 15, 0, 0, 0.0
10, 1, 16, 0, 0, 0.0
10, 1, 17, 0, 0, 0.0
10, 1, 18, 0, 0, 0.0
10, 1, 19, 0, 0, 0.0
10, 1, 20, 0, 0, 0.0
11, 0, 0, 157, 411, 2.3140732707815914e-07
11, 0, 1, 169, 390, -0.014536891132593155
11, 0, 2, 177, 367, -0.02642066217958927
11, 0, 3, 181, 353, -0.03865312412381172
11, 0, 4, 187, 341, -0.05141698941588402
11, 0, 5, 152, 332, -0.01710069365799427
11, 0, 6, 148, 305, -0.03424889221787453
11, 0, 7, 149, 291, -0.049481868743896484
11, 0, 8, 151, 281, -0.0598006509244442
11, 0, 9, 140, 338, -0.020387211814522743
11, 0, 10, 136, 313, -0.032404784113168716
11, 0, 11, 138, 301, -0.04294328764081001
11, 0, 12, 140, 292, -0.05176766961812973
11, 0, 13, 129, 349, -0.02581537887454033
11, 0, 14, 126, 328, -0.03602524474263191
11, 0, 15, 129, 317, -0.03907695412635803
11, 0, 16, 131, 310, -0.04205523431301117
11, 0, 17, 120, 365, -0.0331001952290535
11, 0, 18, 117, 347, -0.04071597382426262
11, 0, 19, 119, 338, -0.03971100598573685
11, 0, 20, 121, 333, -0.03890383988618851
11, 1, 0, 434, 418, -1.6327174279240353e-08
11, 1, 1, 407, 398, 0.002005679765716195
11, 1, 2, 373, 388, -0.0035802468191832304
11, 1, 3, 344, 390, -0.01048705168068409
11, 1, 4, 322, 396, -0.020143644884228706
11, 1, 5, 372, 375, -0.023815318942070007
11, 1, 6, 338, 376, -0.04161357134580612
11, 1, 7, 313, 382, -0.05530231073498726
11, 1, 8, 295, 389, -0.06467050313949585
11, 1, 9, 377, 389, -0.034613754600286484
11, 1, 10, 340, 392, -0.04842488095164299
11, 1, 11, 315, 399, -0.05837320163846016
11, 1, 12, 297, 407, -0.06737684458494186
11, 1, 13, 384, 408, -0.0441240593791008
11, 1, 14, 348, 412, -0.05594535917043686
11, 1, 15, 325, 417, -0.06138613447546959
11, 1, 16, 310, 424, -0.0665610283613205
11, 1, 17, 394, 430, -0.052741628140211105
11, 1, 18, 366, 434, -0.06503388285636902
11, 1, 19, 348, 436, -0.06870612502098083
11, 1, 20, 335, 440, -0.07122042030096054
12, 0, 0, 169, 397, 4.062945038185717e-07
12, 0, 1, 184, 373, -0.01099755521863699
12, 0, 2, 191, 349, -0.023003945127129555
12, 0, 3, 193, 334, -0.03590073809027672
12, 0, 4, 194, 320, -0.05034428462386131
12, 0, 5, 169, 319, -0.02031218446791172
12, 0, 6, 165, 290, -0.04184143245220184
12, 0, 7, 166, 270, -0.058895837515592575
12, 0, 8, 169, 254, -0.06967543810606003
12, 0, 9, 158, 326, -0.027596518397331238
12, 0, 10, 154, 294, -0.04554331302642822
12, 0, 11, 156, 274, -0.0601293221116066
12, 0, 12, 160, 256, -0.07032842189073563
12, 0, 13, 148, 337, -0.0364309586584568
12, 0, 14, 143, 308, -0.053419243544340134
12, 0, 15, 146, 289, -0.06258299201726913
12, 0, 16, 151, 274, -0.06823323667049408
12, 0, 17, 139, 353, -0.04609164968132973
12, 0, 18, 136, 330, -0.06035245954990387
12, 0, 19, 139, 315, -0.06409579515457153
12, 0, 20, 143, 303, -0.06567034870386124
12, 1, 0, 433, 403, 4.315091928219772e-08
12, 1, 1, 408, 383, 0.0019379593431949615
12, 1, 2, 375, 370, -0.003202382940798998
12, 1, 3, 347, 368, -0.009531793184578419
12, 1, 4, 325, 369, -0.018491972237825394
12, 1, 5, 373, 355, -0.02185821160674095
12, 1, 6, 339, 353, -0.038345471024513245
12, 1, 7, 315, 355, -0.05092564597725868
12, 1, 8, 297, 358, -0.05960153043270111
12, 1, 9, 377, 368, -0.03249959275126457
12, 1, 10, 340, 366, -0.04583366587758064
12, 1, 11, 316, 368, -0.05612798407673836
12, 1, 12, 297, 371, -0.06506820768117905
12, 1, 13, 382, 386, -0.04187450557947159
12, 1, 14, 346, 385, -0.053310517221689224
12, 1, 15, 323, 386, -0.05949871987104416
12, 1, 16, 306, 388, -0.06499120593070984
12, 1, 17, 389, 408, -0.0502963550388813
12, 1, 18, 360, 408, -0.061784882098436356
12, 1, 19, 341, 407, -0.06552606076002121
12, 1, 20, 328, 407, -0.068040631711483
13, 0, 0, 175, 379, 3.355590365572425e-07
13, 0, 1, 196, 355, -0.007037103641778231
13, 0, 2, 203, 329, -0.011789240874350071
13, 0, 3, 203, 311, -0.018212562426924706
13, 0, 4, 208, 295, -0.024727854877710342
13, 0, 5, 187, 302, -0.0004407544038258493
13, 0, 6, 185, 273, -0.014289484359323978
13, 0, 7, 185, 253, -0.026288168504834175
13, 0, 8, 186, 237, -0.03381603956222534
13, 0, 9, 175, 305, -0.0062263705767691135
13, 0, 10, 174, 273, -0.01838141866028309
13, 0, 11, 176, 252, -0.029301846399903297
13, 0, 12, 179, 234, -0.03634434565901756
13, 0, 13, 164, 310, -0.014181019738316536
13, 0, 14, 165, 281, -0.025229867547750473
13, 0, 15, 167, 260, -0.031619127839803696
13, 0, 16, 171, 244, -0.03497423604130745
13, 0, 17, 152, 318, -0.023240039125084877
13, 0, 18, 153, 293, -0.031132273375988007
13, 0, 19, 156, 276, -0.03270993009209633
13, 0, 20, 160, 263, -0.0326826386153698
13, 1, 0, 431, 390, 6.678533281956334e-08
13, 1, 1, 407, 365, 0.0030615264549851418
13, 1, 2, 375, 349, -0.0010111291194334626
13, 1, 3, 348, 341, -0.006720005534589291
13, 1, 4, 327, 341, -0.015142805874347687
13, 1, 5, 374, 335, -0.018947303295135498
13, 1, 6, 342, 329, -0.03521787375211716
13, 1, 7, 317, 329, -0.04803907871246338
13, 1, 8, 297, 330, -0.05694451555609703
13, 1, 9, 377, 347, -0.030117802321910858
13, 1, 10, 342, 342, -0.04257134720683098
13, 1, 11, 317, 341, -0.052505481988191605
13, 1, 12, 298, 342, -0.06112944334745407
13, 1, 13, 382, 364, -0.04003763571381569
13, 1, 14, 347, 361, -0.0505678728222847
13, 1, 15, 325, 360, -0.05616607144474983
13, 1, 16, 308, 360, -0.061616040766239166
13, 1, 17, 389, 386, -0.04913903772830963
13, 1, 18, 364, 385, -0.05963858217000961
13, 1, 19, 347, 383, -0.0627167671918869
13, 1, 20, 334, 381, -0.06507749855518341
14, 0, 0, 175, 357, 2.927672824171168e-07
14, 0, 1, 198, 333, -0.007050616666674614
14, 0, 2, 210, 312, -0.01196457538753748
14, 0, 3, 214, 294, -0.01870955154299736
14, 0, 4, 219, 277, -0.025371108204126358
14, 0, 5, 196, 284, 0.0052861799485981464
14, 0, 6, 196, 257, -0.006306430324912071
14, 0, 7, 197, 239, -0.017833923920989037
14, 0, 8, 198, 223, -0.02550017274916172
14, 0, 9, 186, 284, -0.00014774332521483302
14, 0, 10, 187, 256, -0.010541575029492378
14, 0, 11, 188, 237, -0.02119399607181549
14, 0, 12, 189, 219, -0.028258470818400383
14, 0, 13, 176, 288, -0.008142959326505661
14, 0, 14, 178, 261, -0.01830727979540825
14, 0, 15, 181, 242, -0.02379150688648224
14, 0, 16, 184, 226, -0.02651510387659073
14, 0, 17, 165, 294, -0.01736750267446041
14, 0, 18, 168, 272, -0.02460215799510479
14, 0, 19, 171, 258, -0.02506311796605587
14, 0, 20, 175, 245, -0.024174829944968224
14, 1, 0, 429, 378, 7.557381564993193e-08
14, 1, 1, 405, 353, 0.0024469804484397173
14, 1, 2, 374, 334, -0.0018798208329826593
14, 1, 3, 347, 327, -0.00771680474281311
14, 1, 4, 325, 326, -0.015582695603370667
14, 1, 5, 377, 317, -0.014702684246003628
14, 1, 6, 346, 307, -0.030672088265419006
14, 1, 7, 321, 304, -0.0435393750667572
14, 1, 8, 302, 304, -0.05217438563704491
14, 1, 9, 380, 328, -0.02505400776863098
14, 1, 10, 345, 319, -0.03690868616104126
14, 1, 11, 322, 315, -0.04617529362440109
14, 1, 12, 303, 313, -0.05413757264614105
14, 1, 13, 383, 344, -0.03465522825717926
14, 1, 14, 348, 336, -0.044560354202985764
14, 1, 15, 326, 332, -0.04813691973686218
14, 1, 16, 310, 329, -0.0518164299428463
14, 1, 17, 385, 366, -0.0436580553650856
14, 1, 18, 359, 360, -0.05243745446205139
14, 1, 19, 344, 356, -0.053266748785972595
14, 1, 20, 332, 351, -0.05393406003713608
15, 0, 0, 184, 338, 2.6253911755702575e-07
15, 0, 1, 206, 319, -0.007925881072878838
15, 0, 2, 219, 298, -0.012137915939092636
15, 0, 3, 221, 281, -0.017521599307656288
15, 0, 4, 227, 265, -0.022869087755680084
15, 0, 5, 203, 270, 0.001894520246423781
15, 0, 6, 205, 244, -0.008821244351565838
15, 0, 7, 206, 227, -0.01896098628640175
15, 0, 8, 208, 212, -0.025878356769680977
15, 0, 9, 193, 271, -0.002579718129709363
15, 0, 10, 196, 242, -0.01283169537782669
15, 0, 11, 198, 223, -0.02307944931089878
15, 0, 12, 201, 206, -0.030070845037698746
15, 0, 13, 184, 274, -0.009375830180943012
15, 0, 14, 187, 247, -0.020206734538078308
15, 0, 15, 191, 229, -0.02716633677482605
15, 0, 16, 195, 213, -0.030964059755206108
15, 0, 17, 174, 280, -0.017232730984687805
15, 0, 18, 179, 258, -0.02608950436115265
15, 0, 19, 183, 244, -0.02884792536497116
15, 0, 20, 187, 231, -0.029779283329844475
15, 1, 0, 427, 363, 5.632859867432671e-08
15, 1, 1, 408, 337, 0.0049640280194580555
15, 1, 2, 379, 317, 0.0015028719790279865
15, 1, 3, 354, 308, -0.003901870921254158
15, 1, 4, 334, 306, -0.011323538608849049
15, 1, 5, 380, 300, -0.012690274976193905
15, 1, 6, 347, 288, -0.027145078405737877
15, 1, 7, 324, 283, -0.038425225764513016
15, 1, 8, 305, 281, -0.045869965106248856
15, 1, 9, 381, 310, -0.023687049746513367
15, 1, 10, 346, 297, -0.03465154394507408
15, 1, 11, 323, 292, -0.042560916393995285
15, 1, 12, 303, 289, -0.04927239567041397
15, 1, 13, 382, 326, -0.03376387804746628
15, 1, 14, 348, 314, -0.042419660836458206
15, 1, 15, 327, 308, -0.045584388077259064
15, 1, 16, 310, 303, -0.048844195902347565
15, 1, 17, 383, 346, -0.043073903769254684
15, 1, 18, 358, 337, -0.0505555085837841
15, 1, 19, 342, 330, -0.05119434371590614
15, 1, 20, 330, 325, -0.051700543612241745
16, 0, 0, 190, 328, 2.2919728337456036e-07
16, 0, 1, 211, 312, -0.010574419051408768
16, 0, 2, 224, 292, -0.01577935554087162
16, 0, 3, 226, 274, -0.02118624374270439
16, 0, 4, 232, 260, -0.0264046099036932
16, 0, 5, 209, 263, -0.0035948443692177534
16, 0, 6, 210, 236, -0.014637217856943607
16, 0, 7, 212, 219, -0.024325646460056305
16, 0, 8, 213, 205, -0.03085988201200962
16, 0, 9, 199, 263, -0.006671784911304712
16, 0, 10, 202, 235, -0.017419837415218353
16, 0, 11, 205, 217, -0.027013324201107025
16, 0, 12, 207, 201, -0.033288925886154175
16, 0, 13, 190, 267, -0.011907248757779598
16, 0, 14, 194, 240, -0.02300439588725567
16, 0, 15, 198, 223, -0.02954879216849804
16, 0, 16, 202, 208, -0.032999154180288315
16, 0, 17, 181, 274, -0.018318668007850647
16, 0, 18, 185, 252, -0.027841875329613686
16, 0, 19, 189, 238, -0.030824080109596252
16, 0, 20, 193, 226, -0.03178000450134277
16, 1, 0, 429, 354, 3.5299358103202394e-08
16, 1, 1, 414, 330, 0.0037461842875927687
16, 1, 2, 392, 308, -6.998430035309866e-05
16, 1, 3, 374, 293, -0.005763612221926451
16, 1, 4, 360, 285, -0.013042573817074299
16, 1, 5, 383, 288, -0.010907314717769623
16, 1, 6, 352, 274, -0.02538936212658882
16, 1, 7, 328, 268, -0.03708818927407265
16, 1, 8, 309, 265, -0.044750113040208817
16, 1, 9, 384, 297, -0.02112753503024578
16, 1, 10, 351, 282, -0.03179887682199478
16, 1, 11, 327, 275, -0.03960706293582916
16, 1, 12, 308, 271, -0.046080850064754486
16, 1, 13, 384, 311, -0.03079661726951599
16, 1, 14, 352, 297, -0.03891753777861595
16, 1, 15, 331, 289, -0.04144058749079704
16, 1, 16, 315, 283, -0.044179804623126984
16, 1, 17, 385, 331, -0.040071237832307816
16, 1, 18, 361, 319, -0.047089833766222
16, 1, 19, 346, 311, -0.04723462834954262
16, 1, 20, 333, 304, -0.047202449291944504
17, 0, 0, 193, 324, 1.9882820367911336e-07
17, 0, 1, 214, 310, -0.010004451498389244
17, 0, 2, 227, 288, -0.013422956690192223
17, 0, 3, 231, 271, -0.017009830102324486
17, 0, 4, 237, 257, -0.020441599190235138
17, 0, 5, 213, 260, -0.002652516821399331
17, 0, 6, 215, 234, -0.012688739225268364
17, 0, 7, 216, 218, -0.02116452157497406
17, 0, 8, 217, 204, -0.026980426162481308
17, 0, 9, 203, 260, -0.0055408901534974575
17, 0, 10, 207, 233, -0.015537822619080544
17, 0, 11, 210, 215, -0.024317005649209023
17, 0, 12, 213, 199, -0.030077485367655754
17, 0, 13, 195, 263, -0.01062555518001318
17, 0, 14, 199, 238, -0.021501393988728523
17, 0, 15, 203, 220, -0.028180880472064018
17, 0, 16, 207, 205, -0.03174422308802605
17, 0, 17, 185, 269, -0.01685309037566185
17, 0, 18, 190, 248, -0.026381725445389748
17, 0, 19, 195, 235, -0.029895005747675896
17, 0, 20, 199, 223, -0.03140704706311226
17, 1, 0, 428, 345, 2.4077394300547894e-08
17, 1, 1, 406, 325, 0.004278113599866629
17, 1, 2, 381, 303, -0.001206156681291759
17, 1, 3, 359, 289, -0.008463580161333084
17, 1, 4, 340, 283, -0.017534302547574043
17, 1, 5, 389, 276, -0.015776732936501503
17, 1, 6, 357, 261, -0.03367539867758751
17, 1, 7, 332, 254, -0.04763580486178398
17, 1, 8, 313, 251, -0.056957684457302094
17, 1, 9, 391, 283, -0.02801458351314068
17, 1, 10, 355, 267, -0.04249089956283569
17, 1, 11, 330, 259, -0.052389957010746
17, 1, 12, 310, 254, -0.06025752052664757
17, 1, 13, 391, 298, -0.03948794677853584
17, 1, 14, 357, 281, -0.05193299427628517
17, 1, 15, 336, 273, -0.057372286915779114
17, 1, 16, 319, 267, -0.06176571920514107
17, 1, 17, 390, 318, -0.050186242908239365
17, 1, 18, 368, 305, -0.061714574694633484
17, 1, 19, 352, 297, -0.06538917869329453
17, 1, 20, 339, 290, -0.06778818368911743
18, 0, 0, 195, 320, 1.8169308191318123e-07
18, 0, 1, 216, 307, -0.00855844933539629
18, 0, 2, 230, 286, -0.010854626074433327
18, 0, 3, 234, 269, -0.013538009487092495
18, 0, 4, 240, 255, -0.016113324090838432
18, 0, 5, 216, 259, -0.0006335860816761851
18, 0, 6, 218, 233, -0.009680187329649925
18, 0, 7, 220, 217, -0.01742537133395672
18, 0, 8, 221, 204, -0.022792791947722435
18, 0, 9, 207, 258, -0.0039704288356006145
18, 0, 10, 211, 231, -0.01322444062680006
18, 0, 11, 214, 214, -0.021591482684016228
18, 0, 12, 217, 198, -0.02706744894385338
18, 0, 13, 198, 261, -0.009428250603377819
18, 0, 14, 203, 236, -0.01988438330590725
18, 0, 15, 208, 218, -0.026654575020074844
18, 0, 16, 212, 204, -0.030319778248667717
18, 0, 17, 189, 267, -0.015881497412919998
18, 0, 18, 195, 246, -0.025126738473773003
18, 0, 19, 200, 233, -0.028711726889014244
18, 0, 20, 204, 222, -0.0303566325455904
18, 1, 0, 428, 342, -7.464364681908364e-10
18, 1, 1, 394, 329, 0.005136716645210981
18, 1, 2, 368, 305, 0.0014229994267225266
18, 1, 3, 350, 289, -0.004419347736984491
18, 1, 4, 333, 278, -0.01121978834271431
18, 1, 5, 388, 270, -0.009108181111514568
18, 1, 6, 357, 255, -0.025319846346974373
18, 1, 7, 334, 246, -0.03892313688993454
18, 1, 8, 314, 240, -0.04851941764354706
18, 1, 9, 392, 276, -0.022047996520996094
18, 1, 10, 358, 258, -0.035676855593919754
18, 1, 11, 334, 249, -0.04586859047412872
18, 1, 12, 313, 242, -0.053946495056152344
18, 1, 13, 392, 289, -0.03465912118554115
18, 1, 14, 361, 272, -0.046563103795051575
18, 1, 15, 339, 261, -0.05180653929710388
18, 1, 16, 322, 253, -0.05609967187047005
18, 1, 17, 390, 308, -0.04675902798771858
18, 1, 18, 369, 293, -0.05734576657414436
18, 1, 19, 354, 284, -0.06030333787202835
18, 1, 20, 341, 275, -0.062389075756073
19, 0, 0, 197, 318, 1.7605586322133604e-07
19, 0, 1, 219, 306, -0.008277133107185364
19, 0, 2, 232, 285, -0.010255291126668453
19, 0, 3, 237, 268, -0.012789994478225708
19, 0, 4, 243, 254, -0.015124826692044735
19, 0, 5, 219, 257, 0.0018120298627763987
19, 0, 6, 221, 233, -0.00680430606007576
19, 0, 7, 223, 218, -0.014823157340288162
19, 0, 8, 224, 204, -0.020495429635047913
19, 0, 9, 210, 256, -0.0016096229664981365
19, 0, 10, 215, 230, -0.010322598740458488
19, 0, 11, 218, 213, -0.018871521577239037
19, 0, 12, 221, 197, -0.024582603946328163
19, 0, 13, 202, 259, -0.007297349628061056
19, 0, 14, 207, 234, -0.01721428893506527
19, 0, 15, 212, 217, -0.023965854197740555
19, 0, 16, 216, 202, -0.027662629261612892
19, 0, 17, 193, 264, -0.014065083116292953
19, 0, 18, 199, 244, -0.0228049848228693
19, 0, 19, 204, 230, -0.026375850662589073
19, 0, 20, 209, 219, -0.028063373640179634
19, 1, 0, 427, 338, -1.4863499764317112e-08
19, 1, 1, 390, 327, 0.001335433917120099
19, 1, 2, 366, 303, -0.003884362755343318
19, 1, 3, 350, 285, -0.010822495445609093
19, 1, 4, 335, 273, -0.018464772030711174
19, 1, 5, 387, 264, -0.009156925603747368
19, 1, 6, 357, 247, -0.025020500645041466
19, 1, 7, 335, 239, -0.03873828798532486
19, 1, 8, 316, 234, -0.04837438091635704
19, 1, 9, 393, 269, -0.020477479323744774
19, 1, 10, 358, 251, -0.03335428237915039
19, 1, 11, 334, 242, -0.04415168613195419
19, 1, 12, 314, 235, -0.0528557114303112
19, 1, 13, 395, 281, -0.03202255070209503
19, 1, 14, 361, 264, -0.04361605644226074
19, 1, 15, 340, 254, -0.04903131350874901
19, 1, 16, 323, 245, -0.05371587350964546
19, 1, 17, 395, 299, -0.04349702596664429
19, 1, 18, 372, 286, -0.05366547405719757
19, 1, 19, 357, 277, -0.05633453279733658
19, 1, 20, 344, 268, -0.0583767406642437
20, 0, 0, 200, 316, 1.7418203412944422e-07
20, 0, 1, 222, 304, -0.007275236304849386
20, 0, 2, 235, 283, -0.00877569429576397
20, 0, 3, 240, 267, -0.011025750078260899
20, 0, 4, 246, 253, -0.012991118244826794
20, 0, 5, 221, 256, 0.0029183293227106333
20, 0, 6, 224, 232, -0.005406070034950972
20, 0, 7, 227, 216, -0.013106505386531353
20, 0, 8, 228, 202, -0.018456367775797844
20, 0, 9, 213, 255, -0.0007631626212969422
20, 0, 10, 218, 229, -0.009081004187464714
20, 0, 11, 222, 212, -0.01724340207874775
20, 0, 12, 225, 196, -0.022632811218500137
20, 0, 13, 205, 257, -0.006660578306764364
20, 0, 14, 211, 232, -0.016300734132528305
20, 0, 15, 216, 215, -0.022776756435632706
20, 0, 16, 220, 201, -0.026229122653603554
20, 0, 17, 197, 262, -0.013556498102843761
20, 0, 18, 203, 242, -0.021923568099737167
20, 0, 19, 209, 229, -0.025112414732575417
20, 0, 20, 213, 217, -0.026493554934859276
20, 1, 0, 429, 336, -2.595671944050082e-08
20, 1, 1, 389, 322, 0.0017833549063652754
20, 1, 2, 366, 298, -0.0032355296425521374
20, 1, 3, 352, 281, -0.010400710627436638
20, 1, 4, 338, 267, -0.01833787001669407
20, 1, 5, 388, 261, -0.0071150739677250385
20, 1, 6, 359, 244, -0.02302691340446472
20, 1, 7, 337, 234, -0.03670154884457588
20, 1, 8, 318, 227, -0.046682633459568024
20, 1, 9, 395, 266, -0.019203949719667435
20, 1, 10, 359, 247, -0.03333133086562157
20, 1, 11, 335, 236, -0.04492970183491707
20, 1, 12, 315, 227, -0.05416981875896454
20, 1, 13, 397, 277, -0.03178254887461662
20, 1, 14, 363, 259, -0.045019879937171936
20, 1, 15, 341, 248, -0.05235128477215767
20, 1, 16, 324, 238, -0.058258816599845886
20, 1, 17, 397, 295, -0.04431493952870369
20, 1, 18, 375, 282, -0.05629418417811394
20, 1, 19, 360, 272, -0.061274513602256775
20, 1, 20, 347, 262, -0.0650637224316597
21, 0, 0, 203, 314, 1.763688004530195e-07
21, 0, 1, 225, 301, -0.0069967592135071754
21, 0, 2, 239, 281, -0.008563117124140263
21, 0, 3, 243, 266, -0.011063565500080585
21, 0, 4, 249, 252, -0.013339433819055557
21, 0, 5, 224, 254, 0.0031366802286356688
21, 0, 6, 227, 230, -0.005633203778415918
21, 0, 7, 230, 214, -0.013676588423550129
21, 0, 8, 232, 201, -0.01926553249359131
21, 0, 9, 216, 254, -0.000982732861302793
21, 0, 10, 221, 228, -0.009721234440803528
21, 0, 11, 225, 210, -0.0183196272701025
21, 0, 12, 229, 195, -0.024047164246439934
21, 0, 13, 209, 256, -0.007362710312008858
21, 0, 14, 215, 231, -0.017542455345392227
21, 0, 15, 220, 214, -0.024692993611097336
21, 0, 16, 225, 199, -0.028560098260641098
21, 0, 17, 201, 260, -0.01471039466559887
21, 0, 18, 208, 240, -0.023586036637425423
21, 0, 19, 213, 226, -0.027446603402495384
21, 0, 20, 218, 215, -0.029335705563426018
21, 1, 0, 427, 334, -2.011936039991724e-08
21, 1, 1, 387, 319, 0.002644543768838048
21, 1, 2, 365, 295, -0.0015801633708178997
21, 1, 3, 351, 277, -0.008237718604505062
21, 1, 4, 337, 264, -0.015514995902776718
21, 1, 5, 386, 260, -0.004138228017836809
21, 1, 6, 357, 242, -0.01894248090684414
21, 1, 7, 335, 232, -0.03192201256752014
21, 1, 8, 317, 226, -0.04158223792910576
21, 1, 9, 392, 263, -0.016532089561223984
21, 1, 10, 357, 243, -0.029800930991768837
21, 1, 11, 333, 233, -0.04077616706490517
21, 1, 12, 313, 225, -0.04955001547932625
21, 1, 13, 396, 273, -0.029600895941257477
21, 1, 14, 362, 254, -0.04214002564549446
21, 1, 15, 340, 243, -0.04934871941804886
21, 1, 16, 323, 235, -0.055316682904958725
21, 1, 17, 395, 290, -0.042673829942941666
21, 1, 18, 374, 277, -0.054561082273721695
21, 1, 19, 359, 268, -0.0599178820848465
21, 1, 20, 346, 259, -0.0640537217259407
22, 0, 0, 205, 311, 1.7272874686113937e-07
22, 0, 1, 228, 299, -0.0065275439992547035
22, 0, 2, 241, 279, -0.0073515004478394985
22, 0, 3, 246, 263, -0.00930030457675457
22, 0, 4, 252, 249, -0.010993230156600475
22, 0, 5, 226, 253, 0.005689626093953848
22, 0, 6, 230, 230, -0.002654051873832941
22, 0, 7, 233, 214, -0.010638461448252201
22, 0, 8, 235, 200, -0.016202203929424286
22, 0, 9, 219, 252, 0.0015535384882241488
22, 0, 10, 224, 227, -0.006981118582189083
22, 0, 11, 229, 210, -0.015759853646159172
22, 0, 12, 233, 194, -0.021540261805057526
22, 0, 13, 212, 253, -0.004983462858945131
22, 0, 14, 218, 229, -0.015198009088635445
22, 0, 15, 224, 212, -0.02256760187447071
22, 0, 16, 228, 198, -0.026448698714375496
22, 0, 17, 205, 257, -0.012485682964324951
22, 0, 18, 212, 237, -0.02131577953696251
22, 0, 19, 218, 223, -0.025314917787909508
22, 0, 20, 223, 212, -0.02725435048341751
22, 1, 0, 427, 333, -1.467344468153442e-08
22, 1, 1, 387, 317, 0.003910269122570753
22, 1, 2, 364, 294, 0.00034534584847278893
22, 1, 3, 349, 276, -0.005985352210700512
22, 1, 4, 334, 263, -0.012750041671097279
22, 1, 5, 387, 258, -0.0007974578766152263
22, 1, 6, 357, 240, -0.014433099888265133
22, 1, 7, 335, 231, -0.02658337727189064
22, 1, 8, 316, 224, -0.03558104857802391
22, 1, 9, 392, 262, -0.0129845654591918
22, 1, 10, 356, 242, -0.025348491966724396
22, 1, 11, 331, 231, -0.03579417243599892
22, 1, 12, 311, 223, -0.044103071093559265
22, 1, 13, 393, 272, -0.02582334540784359
22, 1, 14, 358, 253, -0.037161748856306076
22, 1, 15, 336, 242, -0.04347063601016998
22, 1, 16, 318, 233, -0.04871530830860138
22, 1, 17, 390, 289, -0.03862319886684418
22, 1, 18, 368, 275, -0.048835430294275284
22, 1, 19, 353, 265, -0.05327490344643593
22, 1, 20, 340, 256, -0.05679267272353172
23, 0, 0, 209, 308, 1.7174289723698166e-07
23, 0, 1, 230, 296, -0.006034867372363806
23, 0, 2, 244, 275, -0.005712437443435192
23, 0, 3, 249, 259, -0.006683891639113426
23, 0, 4, 256, 246, -0.007330405060201883
23, 0, 5, 229, 250, 0.008798510767519474
23, 0, 6, 233, 228, 0.0016783332685008645
23, 0, 7, 237, 213, -0.0058302306570112705
23, 0, 8, 239, 199, -0.011410720646381378
23, 0, 9, 223, 249, 0.0044085183180868626
23, 0, 10, 227, 225, -0.003394406521692872
23, 0, 11, 232, 209, -0.01212509348988533
23, 0, 12, 237, 193, -0.017988406121730804
23, 0, 13, 216, 250, -0.002512850798666477
23, 0, 14, 222, 227, -0.01287095621228218
23, 0, 15, 227, 210, -0.02040869928896427
23, 0, 16, 232, 196, -0.02433588169515133
23, 0, 17, 208, 253, -0.010394904762506485
23, 0, 18, 216, 233, -0.019731814041733742
23, 0, 19, 223, 219, -0.024121388792991638
23, 0, 20, 228, 207, -0.026291150599718094
23, 1, 0, 423, 334, -1.209591005135735e-08
23, 1, 1, 385, 318, 0.003326695878058672
23, 1, 2, 361, 295, -0.0004864135989919305
23, 1, 3, 345, 277, -0.006784608121961355
23, 1, 4, 331, 263, -0.013632097281515598
23, 1, 5, 385, 258, -0.0016442848136648536
23, 1, 6, 353, 242, -0.01507866196334362
23, 1, 7, 329, 232, -0.02785063162446022
23, 1, 8, 309, 224, -0.03760777786374092
23, 1, 9, 388, 262, -0.013521031476557255
23, 1, 10, 351, 244, -0.025343850255012512
23, 1, 11, 327, 233, -0.03610618785023689
23, 1, 12, 306, 223, -0.04481356590986252
23, 1, 13, 388, 273, -0.025808781385421753
23, 1, 14, 353, 255, -0.0369226336479187
23, 1, 15, 330, 244, -0.04216606169939041
23, 1, 16, 313, 234, -0.046578750014305115
23, 1, 17, 385, 290, -0.03811053931713104
23, 1, 18, 361, 276, -0.04815705865621567
23, 1, 19, 346, 267, -0.050719305872917175
23, 1, 20, 334, 258, -0.0525374673306942
24, 0, 0, 214, 303, 1.766782133927336e-07
24, 0, 1, 234, 292, -0.005745436996221542
24, 0, 2, 247, 270, -0.0044953348115086555
24, 0, 3, 252, 253, -0.00454145111143589
24, 0, 4, 260, 240, -0.004125416744500399
24, 0, 5, 232, 243, 0.0103836078196764
24, 0, 6, 236, 224, 0.004295386373996735
24, 0, 7, 239, 208, -0.002497476991266012
24, 0, 8, 242, 195, -0.007870232686400414
24, 0, 9, 225, 243, 0.005798290483653545
24, 0, 10, 230, 220, -0.0016485998639836907
24, 0, 11, 234, 204, -0.01011903677135706
24, 0, 12, 239, 189, -0.015702227130532265
24, 0, 13, 218, 244, -0.0013485964154824615
24, 0, 14, 225, 223, -0.012104682624340057
24, 0, 15, 230, 207, -0.019461873918771744
24, 0, 16, 236, 192, -0.023005614057183266
24, 0, 17, 212, 248, -0.009447412565350533
24, 0, 18, 221, 228, -0.019444692879915237
24, 0, 19, 227, 214, -0.024072302505373955
24, 0, 20, 233, 202, -0.026199230924248695
24, 1, 0, 413, 329, 1.5213477699838052e-10
24, 1, 1, 394, 307, 0.0009430759819224477
24, 1, 2, 369, 281, -0.005271325819194317
24, 1, 3, 347, 265, -0.012802676297724247
24, 1, 4, 327, 258, -0.021300826221704483
24, 1, 5, 376, 256, -0.013890364207327366
24, 1, 6, 341, 239, -0.031411636620759964
24, 1, 7, 314, 230, -0.04549714922904968
24, 1, 8, 292, 224, -0.05468254163861275
24, 1, 9, 376, 263, -0.02393353171646595
24, 1, 10, 338, 245, -0.03707800433039665
24, 1, 11, 311, 235, -0.04560716822743416
24, 1, 12, 290, 228, -0.05241415649652481
24, 1, 13, 374, 277, -0.03382805734872818
24, 1, 14, 336, 258, -0.04444997012615204
24, 1, 15, 313, 251, -0.044802699238061905
24, 1, 16, 298, 245, -0.045219872146844864
24, 1, 17, 369, 295, -0.04380756989121437
24, 1, 18, 340, 279, -0.053982898592948914
24, 1, 19, 323, 271, -0.05322888866066933
24, 1, 20, 312, 265, -0.05140921100974083
25, 0, 0, 215, 296, 2.2456372050783102e-07
25, 0, 1, 237, 282, -0.002572492463514209
25, 0, 2, 249, 263, -0.001953759929165244
25, 0, 3, 251, 249, -0.003778244601562619
25, 0, 4, 244, 243, -0.0061627780087292194
25, 0, 5, 232, 237, 0.009963972494006157
25, 0, 6, 235, 214, 0.0016822314355522394
25, 0, 7, 238, 197, -0.007395777385681868
25, 0, 8, 241, 182, -0.014107178896665573
25, 0, 9, 226, 237, 0.0024581870529800653
25, 0, 10, 230, 213, -0.006786460522562265
25, 0, 11, 234, 194, -0.01792336255311966
25, 0, 12, 238, 177, -0.02545848675072193
25, 0, 13, 221, 238, -0.007287923712283373
25, 0, 14, 226, 215, -0.018778661265969276
25, 0, 15, 231, 195, -0.02959822304546833
25, 0, 16, 235, 179, -0.03558821231126785
25, 0, 17, 216, 241, -0.01779269054532051
25, 0, 18, 222, 220, -0.027267618104815483
25, 0, 19, 227, 204, -0.032986756414175034
25, 0, 20, 232, 192, -0.03649046644568443
25, 1, 0, 390, 329, 1.5563877298063744e-08
25, 1, 1, 375, 301, 0.00446880329400301
25, 1, 2, 351, 274, 0.00020669355581048876
25, 1, 3, 327, 257, -0.006042207591235638
25, 1, 4, 308, 249, -0.013937529176473618
25, 1, 5, 352, 256, -0.01280461996793747
25, 1, 6, 315, 239, -0.031437601894140244
25, 1, 7, 286, 230, -0.04579940810799599
25, 1, 8, 264, 227, -0.05434979870915413
25, 1, 9, 350, 264, -0.02437879890203476
25, 1, 10, 311, 244, -0.03951278701424599
25, 1, 11, 281, 235, -0.0494936928153038
25, 1, 12, 256, 230, -0.05657632648944855
25, 1, 13, 347, 277, -0.035276010632514954
25, 1, 14, 308, 256, -0.04662424325942993
25, 1, 15, 280, 246, -0.051351942121982574
25, 1, 16, 260, 240, -0.05457054451107979
25, 1, 17, 343, 295, -0.04560379683971405
25, 1, 18, 314, 277, -0.055430520325899124
25, 1, 19, 294, 266, -0.057504963129758835
25, 1, 20, 279, 258, -0.05786335840821266
26, 0, 0, 210, 284, 3.4555293382254604e-07
26, 0, 1, 227, 271, -0.023560816422104836
26, 0, 2, 239, 251, -0.03604429215192795
26, 0, 3, 246, 234, -0.04553084075450897
26, 0, 4, 250, 218, -0.05482950806617737
26, 0, 5, 220, 232, -0.031515635550022125
26, 0, 6, 222, 203, -0.052077654749155045
26, 0, 7, 225, 181, -0.06753448396921158
26, 0, 8, 228, 163, -0.07657819241285324
26, 0, 9, 215, 232, -0.02840658277273178
26, 0, 10, 217, 205, -0.046980150043964386
26, 0, 11, 221, 182, -0.05981791764497757
26, 0, 12, 224, 163, -0.06744469702243805
26, 0, 13, 212, 234, -0.026983637362718582
26, 0, 14, 215, 208, -0.04263003543019295
26, 0, 15, 218, 187, -0.04870987311005592
26, 0, 16, 221, 170, -0.050766583532094955
26, 0, 17, 211, 236, -0.0276759322732687
26, 0, 18, 213, 215, -0.039172954857349396
26, 0, 19, 216, 198, -0.04145115241408348
26, 0, 20, 219, 184, -0.041098058223724365
26, 1, 0, 366, 334, 4.6671658537889016e-08
26, 1, 1, 345, 305, 0.0019101297948509455
26, 1, 2, 314, 281, -0.00199782638810575
26, 1, 3, 288, 268, -0.00827985443174839
26, 1, 4, 266, 262, -0.016921738162636757
26, 1, 5, 313, 269, -0.00877869687974453
26, 1, 6, 277, 257, -0.025416040793061256
26, 1, 7, 248, 250, -0.04072628170251846
26, 1, 8, 224, 246, -0.05181266367435455
26, 1, 9, 311, 279, -0.01954011246562004
26, 1, 10, 273, 267, -0.033534593880176544
26, 1, 11, 243, 259, -0.04721062630414963
26, 1, 12, 216, 253, -0.058286476880311966
26, 1, 13, 308, 293, -0.030004188418388367
26, 1, 14, 270, 280, -0.041030723601579666
26, 1, 15, 242, 274, -0.047895848751068115
26, 1, 16, 219, 268, -0.05365747958421707
26, 1, 17, 304, 311, -0.04036283493041992
26, 1, 18, 275, 302, -0.051102165132761
26, 1, 19, 253, 295, -0.05447995290160179
26, 1, 20, 235, 290, -0.056480396538972855
27, 0, 0, 203, 273, 3.1943338285600476e-07
27, 0, 1, 223, 257, -0.016845427453517914
27, 0, 2, 236, 237, -0.025721227750182152
27, 0, 3, 241, 221, -0.03395279496908188
27, 0, 4, 243, 204, -0.042616114020347595
27, 0, 5, 216, 215, -0.014373092912137508
27, 0, 6, 215, 191, -0.03207794204354286
27, 0, 7, 214, 172, -0.047186870127916336
27, 0, 8, 213, 156, -0.05710974708199501
27, 0, 9, 208, 217, -0.01618105359375477
27, 0, 10, 206, 191, -0.033075470477342606
27, 0, 11, 204, 170, -0.047932252287864685
27, 0, 12, 203, 151, -0.05759168043732643
27, 0, 13, 200, 221, -0.020228354260325432
27, 0, 14, 201, 197, -0.03677947819232941
27, 0, 15, 200, 178, -0.046709030866622925
27, 0, 16, 199, 162, -0.05151524767279625
27, 0, 17, 193, 229, -0.025859389454126358
27, 0, 18, 194, 209, -0.039757635444402695
27, 0, 19, 195, 194, -0.0454581044614315
27, 0, 20, 196, 182, -0.04757758229970932
27, 1, 0, 0, 0, 0.0
27, 1, 1, 0, 0, 0.0
27, 1, 2, 0, 0, 0.0
27, 1, 3, 0, 0, 0.0
27, 1, 4, 0, 0, 0.0
27, 1, 5, 0, 0, 0.0
27, 1, 6, 0, 0, 0.0
27, 1, 7, 0, 0, 0.0
27, 1, 8, 0, 0, 0.0
27, 1, 9, 0, 0, 0.0
27, 1, 10, 0, 0, 0.0
27, 1, 11, 0, 0, 0.0
27, 1, 12, 0, 0, 0.0
27, 1, 13, 0, 0, 0.0
27, 1, 14, 0, 0, 0.0
27, 1, 15, 0, 0, 0.0
27, 1, 16, 0, 0, 0.0
27, 1, 17, 0, 0, 0.0
27, 1, 18, 0, 0, 0.0
27, 1, 19, 0, 0, 0.0
27, 1, 20, 0, 0, 0.0
28, 0, 0, 189, 265, 2.065893482949832e-07
28, 0, 1, 211, 243, -0.013191040605306625
28, 0, 2, 225, 221, -0.023166147992014885
28, 0, 3, 229, 204, -0.032742757350206375
28, 0, 4, 220, 194, -0.04389204829931259
28, 0, 5, 200, 204, -0.0159908477216959
28, 0, 6, 192, 182, -0.03311626985669136
28, 0, 7, 184, 166, -0.0481930635869503
28, 0, 8, 179, 153, -0.058363236486911774
28, 0, 9, 191, 209, -0.019475361332297325
28, 0, 10, 183, 186, -0.03452710062265396
28, 0, 11, 176, 170, -0.04826149344444275
28, 0, 12, 169, 157, -0.05816618725657463
28, 0, 13, 182, 217, -0.0244536604732275
28, 0, 14, 174, 195, -0.037982724606990814
28, 0, 15, 168, 182, -0.045424629002809525
28, 0, 16, 162, 171, -0.050192493945360184
28, 0, 17, 175, 228, -0.030732909217476845
28, 0, 18, 168, 213, -0.041161488741636276
28, 0, 19, 163, 202, -0.04407264664769173
28, 0, 20, 159, 194, -0.04562825337052345
28, 1, 0, 0, 0, 0.0
28, 1, 1, 0, 0, 0.0
28, 1, 2, 0, 0, 0.0
28, 1, 3, 0, 0, 0.0
28, 1, 4, 0, 0, 0.0
28, 1, 5, 0, 0, 0.0
28, 1, 6, 0, 0, 0.0
28, 1, 7, 0, 0, 0.0
28, 1, 8, 0, 0, 0.0
28, 1, 9, 0, 0, 0.0
28, 1, 10, 0, 0, 0.0
28, 1, 11, 0, 0, 0.0
28, 1, 12, 0, 0, 0.0
28, 1, 13, 0, 0, 0.0
28, 1, 14, 0, 0, 0.0
28, 1, 15, 0, 0, 0.0
28, 1, 16, 0, 0, 0.0
28, 1, 17, 0, 0, 0.0
28, 1, 18, 0, 0, 0.0
28, 1, 19, 0, 0, 0.0
28, 1, 20, 0, 0, 0.0
29, 0, 0, 272, 362, 1.9400536288571857e-08
29, 0, 1, 247, 352, 0.006830122787505388
29, 0, 2, 222, 349, 0.008788195438683033
29, 0, 3, 202, 352, 0.007324548438191414
29, 0, 4, 187, 357, 0.005627516191452742
29, 0, 5, 212, 335, 0.010975734330713749
29, 0, 6, 182, 340, 0.0025818028952926397
29, 0, 7, 161, 343, -0.0052747298032045364
29, 0, 8, 144, 347, -0.010783364996314049
29, 0, 9, 209, 340, 0.0009819777915254235
29, 0, 10, 178, 344, -0.006839537527412176
29, 0, 11, 158, 347, -0.013973316177725792
29, 0, 12, 140, 350, -0.01880905032157898
29, 0, 13, 208, 350, -0.00967624131590128
29, 0, 14, 177, 353, -0.015928955748677254
29, 0, 15, 157, 356, -0.01870039850473404
29, 0, 16, 139, 357, -0.020219864323735237
29, 0, 17, 206, 364, -0.0203489288687706
29, 0, 18, 180, 364, -0.02396877110004425
29, 0, 19, 163, 363, -0.02339467965066433
29, 0, 20, 148, 362, -0.022672729566693306
29, 1, 0, 0, 0, 0.0
29, 1, 1, 0, 0, 0.0
29, 1, 2, 0, 0, 0.0
29, 1, 3, 0, 0, 0.0
29, 1, 4, 0, 0, 0.0
29, 1, 5, 0, 0, 0.0
29, 1, 6, 0, 0, 0.0
29, 1, 7, 0, 0, 0.0
29, 1, 8, 0, 0, 0.0
29, 1, 9, 0, 0, 0.0
29, 1, 10, 0, 0, 0.0
29, 1, 11, 0, 0, 0.0
29, 1, 12, 0, 0, 0.0
29, 1, 13, 0, 0, 0.0
29, 1, 14, 0, 0, 0.0
29, 1, 15, 0, 0, 0.0
29, 1, 16, 0, 0, 0.0
29, 1, 17, 0, 0, 0.0
29, 1, 18, 0, 0, 0.0
29, 1, 19, 0, 0, 0.0
29, 1, 20, 0, 0, 0.0
30, 0, 0, 276, 372, -5.1167926784501105e-08
30, 0, 1, 250, 369, 0.012769619934260845
30, 0, 2, 225, 370, 0.018352098762989044
30, 0, 3, 207, 373, 0.019427724182605743
30, 0, 4, 194, 377, 0.019920213147997856
30, 0, 5, 214, 350, 0.023516565561294556
30, 0, 6, 188, 359, 0.020606625825166702
30, 0, 7, 169, 364, 0.015013201162219048
30, 0, 8, 154, 367, 0.010273557156324387
30, 0, 9, 211, 353, 0.011952823027968407
30, 0, 10, 185, 362, 0.009209690615534782
30, 0, 11, 167, 366, 0.0036842403933405876
30, 0, 12, 151, 368, -0.0007202317356131971
30, 0, 13, 210, 361, -0.0003247831482440233
30, 0, 14, 183, 366, -0.003197354730218649
30, 0, 15, 164, 369, -0.005300579126924276
30, 0, 16, 147, 368, -0.006906937342137098
30, 0, 17, 209, 373, -0.012219241820275784
30, 0, 18, 184, 374, -0.014168347232043743
30, 0, 19, 169, 373, -0.012843621894717216
30, 0, 20, 154, 370, -0.011838959529995918
30, 1, 0, 0, 0, 0.0
30, 1, 1, 0, 0, 0.0
30, 1, 2, 0, 0, 0.0
30, 1, 3, 0, 0, 0.0
30, 1, 4, 0, 0, 0.0
30, 1, 5, 0, 0, 0.0
30, 1, 6, 0, 0, 0.0
30, 1, 7, 0, 0, 0.0
30, 1, 8, 0, 0, 0.0
30, 1, 9, 0, 0, 0.0
30, 1, 10, 0, 0, 0.0
30, 1, 11, 0, 0, 0.0
30, 1, 12, 0, 0, 0.0
30, 1, 13, 0, 0, 0.0
30, 1, 14, 0, 0, 0.0
30, 1, 15, 0, 0, 0.0
30, 1, 16, 0, 0, 0.0
30, 1, 17, 0, 0, 0.0
30, 1, 18, 0, 0, 0.0
30, 1, 19, 0, 0, 0.0
30, 1, 20, 0, 0, 0.0
31, 0, 0, 278, 380, -1.4396348113621116e-08
31, 0, 1, 253, 374, 0.011565551161766052
31, 0, 2, 229, 374, 0.015782738104462624
31, 0, 3, 211, 378, 0.016238901764154434
31, 0, 4, 198, 382, 0.01619451493024826
31, 0, 5, 218, 359, 0.01590270735323429
31, 0, 6, 192, 369, 0.011055657640099525
31, 0, 7, 174, 374, 0.005605058744549751
31, 0, 8, 159, 378, 0.0013499206397682428
31, 0, 9, 216, 363, 0.00481011625379324
31, 0, 10, 188, 372, -2.4116012355079874e-05
31, 0, 11, 170, 376, -0.00450928183272481
31, 0, 12, 154, 379, -0.007849064655601978
31, 0, 13, 216, 372, -0.006709592882543802
31, 0, 14, 188, 377, -0.011319126933813095
31, 0, 15, 169, 381, -0.013071471825242043
31, 0, 16, 153, 381, -0.014191520400345325
31, 0, 17, 216, 385, -0.01774519681930542
31, 0, 18, 192, 386, -0.021441476419568062
31, 0, 19, 176, 386, -0.02132629044353962
31, 0, 20, 162, 384, -0.021026453003287315
31, 1, 0, 0, 0, 0.0
31, 1, 1, 0, 0, 0.0
31, 1, 2, 0, 0, 0.0
31, 1, 3, 0, 0, 0.0
31, 1, 4, 0, 0, 0.0
31, 1, 5, 0, 0, 0.0
31, 1, 6, 0, 0, 0.0
31, 1, 7, 0, 0, 0.0
31, 1, 8, 0, 0, 0.0
31, 1, 9, 0, 0, 0.0
31, 1, 10, 0, 0, 0.0
31, 1, 11, 0, 0, 0.0
31, 1, 12, 0, 0, 0.0
31, 1, 13, 0, 0, 0.0
31, 1, 14, 0, 0, 0.0
31, 1, 15, 0, 0, 0.0
31, 1, 16, 0, 0, 0.0
31, 1, 17, 0, 0, 0.0
31, 1, 18, 0, 0, 0.0
31, 1, 19, 0, 0, 0.0
31, 1, 20, 0, 0, 0.0
32, 0, 0, 281, 385, -1.6298315586027456e-08
32, 0, 1, 257, 378, 0.0130404531955719
32, 0, 2, 234, 378, 0.017272302880883217
32, 0, 3, 217, 381, 0.01770147867500782
32, 0, 4, 205, 387, 0.0174509659409523
32, 0, 5, 221, 364, 0.013902837410569191
32, 0, 6, 194, 376, 0.00857084896415472
32, 0, 7, 176, 382, 0.003590730018913746
32, 0, 8, 162, 386, 1.6434985809610225e-05
32, 0, 9, 220, 369, 0.002090857131406665
32, 0, 10, 190, 378, -0.0032994342036545277
32, 0, 11, 172, 383, -0.007012368179857731
32, 0, 12, 156, 387, -0.009433268569409847
32, 0, 13, 220, 378, -0.00979751255363226
32, 0, 14, 190, 385, -0.014840570278465748
32, 0, 15, 172, 388, -0.016238251700997353
32, 0, 16, 156, 389, -0.016779595986008644
32, 0, 17, 220, 392, -0.02095828577876091
32, 0, 18, 195, 394, -0.025125879794359207
32, 0, 19, 180, 394, -0.024991542100906372
32, 0, 20, 165, 393, -0.02436891943216324
32, 1, 0, 0, 0, 0.0
32, 1, 1, 0, 0, 0.0
32, 1, 2, 0, 0, 0.0
32, 1, 3, 0, 0, 0.0
32, 1, 4, 0, 0, 0.0
32, 1, 5, 0, 0, 0.0
32, 1, 6, 0, 0, 0.0
32, 1, 7, 0, 0, 0.0
32, 1, 8, 0, 0, 0.0
32, 1, 9, 0, 0, 0.0
32, 1, 10, 0, 0, 0.0
32, 1, 11, 0, 0, 0.0
32, 1, 12, 0, 0, 0.0
32, 1, 13, 0, 0, 0.0
32, 1, 14, 0, 0, 0.0
32, 1, 15, 0, 0, 0.0
32, 1, 16, 0, 0, 0.0
32, 1, 17, 0, 0, 0.0
32, 1, 18, 0, 0, 0.0
32, 1, 19, 0, 0, 0.0
32, 1, 20, 0, 0, 0.0
33, 0, 0, 285, 389, -3.2589603904398246e-08
33, 0, 1, 262, 380, 0.013574989512562752
33, 0, 2, 239, 379, 0.018103430047631264
33, 0, 3, 223, 382, 0.018671205267310143
33, 0, 4, 211, 388, 0.018498335033655167
33, 0, 5, 224, 369, 0.013361341319978237
33, 0, 6, 198, 379, 0.007511346600949764
33, 0, 7, 179, 386, 0.0024717103224247694
33, 0, 8, 165, 390, -0.0011042230762541294
33, 0, 9, 223, 373, 0.0011062745470553637
33, 0, 10, 193, 382, -0.0046064904890954494
33, 0, 11, 175, 387, -0.00821748934686184
33, 0, 12, 159, 391, -0.010630754753947258
33, 0, 13, 223, 383, -0.011161978356540203
33, 0, 14, 193, 388, -0.01640290953218937
33, 0, 15, 175, 392, -0.018239090219140053
33, 0, 16, 159, 393, -0.0192094836384058
33, 0, 17, 225, 397, -0.02261858433485031
33, 0, 18, 200, 398, -0.027089053764939308
33, 0, 19, 184, 399, -0.027517642825841904
33, 0, 20, 170, 397, -0.027381038293242455
33, 1, 0, 0, 0, 0.0
33, 1, 1, 0, 0, 0.0
33, 1, 2, 0, 0, 0.0
33, 1, 3, 0, 0, 0.0
33, 1, 4, 0, 0, 0.0
33, 1, 5, 0, 0, 0.0
33, 1, 6, 0, 0, 0.0
33, 1, 7, 0, 0, 0.0
33, 1, 8, 0, 0, 0.0
33, 1, 9, 0, 0, 0.0
33, 1, 10, 0, 0, 0.0
33, 1, 11, 0, 0, 0.0
33, 1, 12, 0, 0, 0.0
33, 1, 13, 0, 0, 0.0
33, 1, 14, 0, 0, 0.0
33, 1, 15, 0, 0, 0.0
33, 1, 16, 0, 0, 0.0
33, 1, 17, 0, 0, 0.0
33, 1, 18, 0, 0, 0.0
33, 1, 19, 0, 0, 0.0
33, 1, 20, 0, 0, 0.0
34, 0, 0, 287, 392, -2.4822767841214954e-08
34, 0, 1, 264, 382, 0.013329213485121727
34, 0, 2, 241, 380, 0.018527237698435783
34, 0, 3, 224, 384, 0.019678378477692604
34, 0, 4, 213, 390, 0.02010965719819069
34, 0, 5, 227, 371, 0.014861173927783966
34, 0, 6, 200, 381, 0.009445295669138432
34, 0, 7, 181, 388, 0.004708943888545036
34, 0, 8, 166, 394, 0.0014304629294201732
34, 0, 9, 226, 376, 0.0030751628801226616
34, 0, 10, 195, 384, -0.0022013846319168806
34, 0, 11, 177, 390, -0.005838724784553051
34, 0, 12, 161, 394, -0.008166912943124771
34, 0, 13, 225, 386, -0.008884764276444912
34, 0, 14, 195, 392, -0.01369453500956297
34, 0, 15, 176, 396, -0.016097232699394226
34, 0, 16, 161, 398, -0.017427364364266396
34, 0, 17, 226, 400, -0.020026402547955513
34, 0, 18, 201, 403, -0.024012742564082146
34, 0, 19, 185, 404, -0.024532480165362358
34, 0, 20, 170, 404, -0.02447229065001011
34, 1, 0, 0, 0, 0.0
34, 1, 1, 0, 0, 0.0
34, 1, 2, 0, 0, 0.0
34, 1, 3, 0, 0, 0.0
34, 1, 4, 0, 0, 0.0
34, 1, 5, 0, 0, 0.0
34, 1, 6, 0, 0, 0.0
34, 1, 7, 0, 0, 0.0
34, 1, 8, 0, 0, 0.0
34, 1, 9, 0, 0, 0.0
34, 1, 10, 0, 0, 0.0
34, 1, 11, 0, 0, 0.0
34, 1, 12, 0, 0, 0.0
34, 1, 13, 0, 0, 0.0
34, 1, 14, 0, 0, 0.0
34, 1, 15, 0, 0, 0.0
34, 1, 16, 0, 0, 0.0
34, 1, 17, 0, 0, 0.0
34, 1, 18, 0, 0, 0.0
34, 1, 19, 0, 0, 0.0
34, 1, 20, 0, 0, 0.0
35, 0, 0, 290, 395, -4.262770048057973e-08
35, 0, 1, 268, 384, 0.0141737200319767
35, 0, 2, 244, 382, 0.020109577104449272
35, 0, 3, 228, 386, 0.02197582833468914
35, 0, 4, 218, 393, 0.023042740300297737
35, 0, 5, 229, 374, 0.01556763518601656
35, 0, 6, 203, 384, 0.011196634732186794
35, 0, 7, 185, 391, 0.0071762073785066605
35, 0, 8, 170, 396, 0.004211253020912409
35, 0, 9, 228, 379, 0.003738977247849107
35, 0, 10, 198, 388, -0.0003256515192333609
35, 0, 11, 179, 393, -0.0031032301485538483
35, 0, 12, 164, 397, -0.0050427610985934734
35, 0, 13, 228, 389, -0.008185295388102531
35, 0, 14, 198, 395, -0.012139473110437393
35, 0, 15, 179, 399, -0.01444901991635561
35, 0, 16, 164, 401, -0.0158980879932642
35, 0, 17, 229, 404, -0.019242718815803528
35, 0, 18, 203, 406, -0.02288646809756756
35, 0, 19, 188, 408, -0.023597924038767815
35, 0, 20, 174, 408, -0.02379377745091915
35, 1, 0, 0, 0, 0.0
35, 1, 1, 0, 0, 0.0
35, 1, 2, 0, 0, 0.0
35, 1, 3, 0, 0, 0.0
35, 1, 4, 0, 0, 0.0
35, 1, 5, 0, 0, 0.0
35, 1, 6, 0, 0, 0.0
35, 1, 7, 0, 0, 0.0
35, 1, 8, 0, 0, 0.0
35, 1, 9, 0, 0, 0.0
35, 1, 10, 0, 0, 0.0
35, 1, 11, 0, 0, 0.0
35, 1, 12, 0, 0, 0.0
35, 1, 13, 0, 0, 0.0
35, 1, 14, 0, 0, 0.0
35, 1, 15, 0, 0, 0.0
35, 1, 16, 0, 0, 0.0
35, 1, 17, 0, 0, 0.0
35, 1, 18, 0, 0, 0.0
35, 1, 19, 0, 0, 0.0
35, 1, 20, 0, 0, 0.0
36, 0, 0, 293, 398, -2.6602863911762142e-08
36, 0, 1, 270, 386, 0.013754181563854218
36, 0, 2, 246, 384, 0.01954052969813347
36, 0, 3, 231, 388, 0.021324753761291504
36, 0, 4, 220, 395, 0.022434160113334656
36, 0, 5, 230, 376, 0.016219768673181534
36, 0, 6, 204, 386, 0.011951022781431675
36, 0, 7, 186, 393, 0.007771708071231842
36, 0, 8, 172, 398, 0.004766898695379496
36, 0, 9, 229, 382, 0.004669777117669582
36, 0, 10, 199, 390, 0.001078738016076386
36, 0, 11, 181, 396, -0.0017374907620251179
36, 0, 12, 166, 399, -0.0037532576825469732
36, 0, 13, 229, 392, -0.00708075100556016
36, 0, 14, 199, 398, -0.01057522650808096
36, 0, 15, 181, 402, -0.012774738483130932
36, 0, 16, 165, 403, -0.014168857596814632
36, 0, 17, 230, 407, -0.018030673265457153
36, 0, 18, 205, 409, -0.02137260138988495
36, 0, 19, 189, 411, -0.021758217364549637
36, 0, 20, 175, 412, -0.021628612652420998
36, 1, 0, 0, 0, 0.0
36, 1, 1, 0, 0, 0.0
36, 1, 2, 0, 0, 0.0
36, 1, 3, 0, 0, 0.0
36, 1, 4, 0, 0, 0.0
36, 1, 5, 0, 0, 0.0
36, 1, 6, 0, 0, 0.0
36, 1, 7, 0, 0, 0.0
36, 1, 8, 0, 0, 0.0
36, 1, 9, 0, 0, 0.0
36, 1, 10, 0, 0, 0.0
36, 1, 11, 0, 0, 0.0
36, 1, 12, 0, 0, 0.0
36, 1, 13, 0, 0, 0.0
36, 1, 14, 0, 0, 0.0
36, 1, 15, 0, 0, 0.0
36, 1, 16, 0, 0, 0.0
36, 1, 17, 0, 0, 0.0
36, 1, 18, 0, 0, 0.0
36, 1, 19, 0, 0, 0.0
36, 1, 20, 0, 0, 0.0
37, 0, 0, 296, 401, -2.9424837677538562e-08
37, 0, 1, 273, 389, 0.014018874615430832
37, 0, 2, 249, 386, 0.018846191465854645
37, 0, 3, 233, 391, 0.01943827234208584
37, 0, 4, 224, 399, 0.019134093075990677
37, 0, 5, 234, 378, 0.015543189831078053
37, 0, 6, 207, 388, 0.010733838193118572
37, 0, 7, 190, 394, 0.006384989712387323
37, 0, 8, 176, 400, 0.003362208604812622
37, 0, 9, 232, 385, 0.003404844319447875
37, 0, 10, 203, 393, -0.0008099389960989356
37, 0, 11, 185, 398, -0.0037792513612657785
37, 0, 12, 171, 403, -0.005824207793921232
37, 0, 13, 233, 397, -0.008903617039322853
37, 0, 14, 203, 402, -0.012620968744158745
37, 0, 15, 184, 406, -0.01498083770275116
37, 0, 16, 170, 408, -0.01648949645459652
37, 0, 17, 234, 412, -0.02034810557961464
37, 0, 18, 208, 415, -0.023347103968262672
37, 0, 19, 193, 417, -0.023739000782370567
37, 0, 20, 179, 418, -0.023745302110910416
37, 1, 0, 0, 0, 0.0
37, 1, 1, 0, 0, 0.0
37, 1, 2, 0, 0, 0.0
37, 1, 3, 0, 0, 0.0
37, 1, 4, 0, 0, 0.0
37, 1, 5, 0, 0, 0.0
37, 1, 6, 0, 0, 0.0
37, 1, 7, 0, 0, 0.0
37, 1, 8, 0, 0, 0.0
37, 1, 9, 0, 0, 0.0
37, 1, 10, 0, 0, 0.0
37, 1, 11, 0, 0, 0.0
37, 1, 12, 0, 0, 0.0
37, 1, 13, 0, 0, 0.0
37, 1, 14, 0, 0, 0.0
37, 1, 15, 0, 0, 0.0
37, 1, 16, 0, 0, 0.0
37, 1, 17, 0, 0, 0.0
37, 1, 18, 0, 0, 0.0
37, 1, 19, 0, 0, 0.0
37, 1, 20, 0, 0, 0.0
38, 0, 0, 302, 406, -2.5770201972363793e-08
38, 0, 1, 278, 393, 0.01210769359022379
38, 0, 2, 251, 389, 0.014814757741987705
38, 0, 3, 234, 394, 0.014039886184036732
38, 0, 4, 223, 403, 0.012210683897137642
38, 0, 5, 238, 381, 0.008339904248714447
38, 0, 6, 210, 390, 0.001932457904331386
38, 0, 7, 192, 397, -0.003262863028794527
38, 0, 8, 179, 404, -0.0064690872095525265
38, 0, 9, 238, 390, -0.002975416835397482
38, 0, 10, 207, 399, -0.007741263601928949
38, 0, 11, 189, 405, -0.0111966198310256
38, 0, 12, 174, 412, -0.013705230318009853
38, 0, 13, 239, 403, -0.014011329971253872
38, 0, 14, 209, 409, -0.017254019156098366
38, 0, 15, 190, 414, -0.018891295418143272
38, 0, 16, 175, 418, -0.020196590572595596
38, 0, 17, 242, 419, -0.024205999448895454
38, 0, 18, 216, 423, -0.02631313167512417
38, 0, 19, 200, 425, -0.025678914040327072
38, 0, 20, 187, 427, -0.02498163841664791
38, 1, 0, 0, 0, 0.0
38, 1, 1, 0, 0, 0.0
38, 1, 2, 0, 0, 0.0
38, 1, 3, 0, 0, 0.0
38, 1, 4, 0, 0, 0.0
38, 1, 5, 0, 0, 0.0
38, 1, 6, 0, 0, 0.0
38, 1, 7, 0, 0, 0.0
38, 1, 8, 0, 0, 0.0
38, 1, 9, 0, 0, 0.0
38, 1, 10, 0, 0, 0.0
38, 1, 11, 0, 0, 0.0
38, 1, 12, 0, 0, 0.0
38, 1, 13, 0, 0, 0.0
38, 1, 14, 0, 0, 0.0
38, 1, 15, 0, 0, 0.0
38, 1, 16, 0, 0, 0.0
38, 1, 17, 0, 0, 0.0
38, 1, 18, 0, 0, 0.0
38, 1, 19, 0, 0, 0.0
38, 1, 20, 0, 0, 0.0
39, 0, 0, 309, 412, 1.8173672344801162e-08
39, 0, 1, 281, 396, 0.009731711819767952
39, 0, 2, 254, 394, 0.009726026095449924
39, 0, 3, 235, 401, 0.006686890032142401
39, 0, 4, 224, 412, 0.002297554397955537
39, 0, 5, 245, 387, 0.0026989923790097237
39, 0, 6, 215, 396, -0.005678229965269566
39, 0, 7, 198, 402, -0.012302020564675331
39, 0, 8, 185, 409, -0.016375532373785973
39, 0, 9, 245, 400, -0.007881700061261654
39, 0, 10, 214, 407, -0.014364891685545444
39, 0, 11, 195, 413, -0.01903528906404972
39, 0, 12, 180, 418, -0.022491468116641045
39, 0, 13, 247, 415, -0.018109289929270744
39, 0, 14, 216, 420, -0.02218993380665779
39, 0, 15, 197, 424, -0.024725012481212616
39, 0, 16, 182, 426, -0.02694479376077652
39, 0, 17, 251, 432, -0.02751169539988041
39, 0, 18, 225, 434, -0.02989593893289566
39, 0, 19, 210, 436, -0.02949102409183979
39, 0, 20, 196, 438, -0.029180588200688362
39, 1, 0, 0, 0, 0.0
39, 1, 1, 0, 0, 0.0
39, 1, 2, 0, 0, 0.0
39, 1, 3, 0, 0, 0.0
39, 1, 4, 0, 0, 0.0
39, 1, 5, 0, 0, 0.0
39, 1, 6, 0, 0, 0.0
39, 1, 7, 0, 0, 0.0
39, 1, 8, 0, 0, 0.0
39, 1, 9, 0, 0, 0.0
39, 1, 10, 0, 0, 0.0
39, 1, 11, 0, 0, 0.0
39, 1, 12, 0, 0, 0.0
39, 1, 13, 0, 0, 0.0
39, 1, 14, 0, 0, 0.0
39, 1, 15, 0, 0, 0.0
39, 1, 16, 0, 0, 0.0
39, 1, 17, 0, 0, 0.0
39, 1, 18, 0, 0, 0.0
39, 1, 19, 0, 0, 0.0
39, 1, 20, 0, 0, 0.0
40, 0, 0, 144, 360, -2.3442794372385833e-07
40, 0, 1, 158, 348, -0.06231185048818588
40, 0, 2, 162, 350, -0.1030367761850357
40, 0, 3, 163, 362, -0.1329135298728943
40, 0, 4, 162, 374, -0.16232095658779144
40, 0, 5, 98, 347, -0.09822242707014084
40, 0, 6, 107, 379, -0.14122596383094788
40, 0, 7, 117, 404, -0.17102961242198944
40, 0, 8, 126, 425, -0.18934617936611176
40, 0, 9, 84, 368, -0.08215471357107162
40, 0, 10, 93, 404, -0.11801249533891678
40, 0, 11, 106, 432, -0.13726185262203217
40, 0, 12, 119, 455, -0.15078023076057434
40, 0, 13, 81, 388, -0.06901121884584427
40, 0, 14, 92, 422, -0.09879381209611893
40, 0, 15, 104, 445, -0.10971759259700775
40, 0, 16, 113, 463, -0.11635459214448929
40, 0, 17, 88, 405, -0.06038092449307442
40, 0, 18, 98, 432, -0.08411595970392227
40, 0, 19, 108, 449, -0.0915045440196991
40, 0, 20, 117, 462, -0.0946108028292656
40, 1, 0, 315, 423, 4.725550439843573e-08
40, 1, 1, 288, 405, 0.005652349907904863
40, 1, 2, 259, 402, 0.004029335919767618
40, 1, 3, 239, 410, 0.0005966346943750978
40, 1, 4, 227, 421, -0.003943389747291803
40, 1, 5, 254, 397, -0.0030117237474769354
40, 1, 6, 224, 404, -0.011867615394294262
40, 1, 7, 207, 411, -0.018518665805459023
40, 1, 8, 194, 417, -0.022626429796218872
40, 1, 9, 254, 413, -0.011141111142933369
40, 1, 10, 222, 420, -0.017789918929338455
40, 1, 11, 203, 426, -0.02233760990202427
40, 1, 12, 188, 430, -0.026048079133033752
40, 1, 13, 256, 429, -0.018938450142741203
40, 1, 14, 226, 436, -0.022874271497130394
40, 1, 15, 207, 439, -0.02525869570672512
40, 1, 16, 193, 441, -0.027820033952593803
40, 1, 17, 260, 446, -0.026179786771535873
40, 1, 18, 236, 451, -0.028549497947096825
40, 1, 19, 221, 452, -0.028575055301189423
40, 1, 20, 208, 453, -0.028892628848552704
41, 0, 0, 136, 367, -2.8676993224507896e-07
41, 0, 1, 158, 382, -0.06201935186982155
41, 0, 2, 161, 395, -0.10015234351158142
41, 0, 3, 152, 402, -0.12492101639509201
41, 0, 4, 139, 405, -0.14814701676368713
41, 0, 5, 114, 378, -0.10708290338516235
41, 0, 6, 112, 420, -0.14353984594345093
41, 0, 7, 115, 448, -0.16208969056606293
41, 0, 8, 121, 468, -0.1719912737607956
41, 0, 9, 91, 378, -0.08580522984266281
41, 0, 10, 95, 424, -0.11458725482225418
41, 0, 11, 105, 455, -0.12461918592453003
41, 0, 12, 116, 476, -0.13320013880729675
41, 0, 13, 78, 383, -0.0663696900010109
41, 0, 14, 84, 425, -0.09348182380199432
41, 0, 15, 95, 452, -0.10206343978643417
41, 0, 16, 104, 468, -0.10793516039848328
41, 0, 17, 73, 390, -0.050341539084911346
41, 0, 18, 76, 423, -0.07335463911294937
41, 0, 19, 85, 445, -0.08110984414815903
41, 0, 20, 92, 457, -0.08541568368673325
41, 1, 0, 323, 433, 8.39314751033271e-08
41, 1, 1, 297, 413, 0.0017937367083504796
41, 1, 2, 267, 410, -0.0015848774928599596
41, 1, 3, 243, 418, -0.0052103609777987
41, 1, 4, 227, 427, -0.009845750406384468
41, 1, 5, 265, 410, -0.014688640832901001
41, 1, 6, 234, 417, -0.02542613260447979
41, 1, 7, 219, 423, -0.031385984271764755
41, 1, 8, 208, 428, -0.03442670777440071
41, 1, 9, 267, 429, -0.02042388543486595
41, 1, 10, 234, 436, -0.02794688753783703
41, 1, 11, 215, 440, -0.03114594891667366
41, 1, 12, 202, 442, -0.034071773290634155
41, 1, 13, 270, 447, -0.025582052767276764
41, 1, 14, 239, 454, -0.03037007339298725
41, 1, 15, 221, 457, -0.03253266587853432
41, 1, 16, 208, 458, -0.035047803074121475
41, 1, 17, 275, 463, -0.03014707751572132
41, 1, 18, 251, 468, -0.03368315100669861
41, 1, 19, 236, 470, -0.034672655165195465
41, 1, 20, 223, 470, -0.03568769246339798
42, 0, 0, 149, 364, -2.418145470528543e-07
42, 0, 1, 120, 372, 0.0001315109257120639
42, 0, 2, 97, 391, -0.010763055644929409
42, 0, 3, 92, 413, -0.02179304137825966
42, 0, 4, 101, 433, -0.037153515964746475
42, 0, 5, 88, 385, -0.039289817214012146
42, 0, 6, 81, 427, -0.06035325303673744
42, 0, 7, 88, 453, -0.07368132472038269
42, 0, 8, 96, 474, -0.08116132766008377
42, 0, 9, 102, 387, -0.04933129623532295
42, 0, 10, 97, 434, -0.06416000425815582
42, 0, 11, 102, 464, -0.0720125287771225
42, 0, 12, 109, 485, -0.07987667620182037
42, 0, 13, 120, 393, -0.05729027837514877
42, 0, 14, 120, 438, -0.07065479457378387
42, 0, 15, 124, 462, -0.07661402970552444
42, 0, 16, 128, 477, -0.08249042183160782
42, 0, 17, 140, 400, -0.06402169913053513
42, 0, 18, 142, 430, -0.0764995589852333
42, 0, 19, 147, 442, -0.07766116410493851
42, 0, 20, 154, 449, -0.07870511710643768
42, 1, 0, 333, 447, 1.0963417906850736e-07
42, 1, 1, 308, 424, 0.002743943128734827
42, 1, 2, 281, 420, 0.0020802428480237722
42, 1, 3, 259, 427, 0.0008813572931103408
42, 1, 4, 242, 433, -0.0008116442477330565
42, 1, 5, 276, 427, -0.007222081068903208
42, 1, 6, 246, 432, -0.013875938951969147
42, 1, 7, 232, 437, -0.01738702319562435
42, 1, 8, 224, 441, -0.018681464716792107
42, 1, 9, 278, 447, -0.011133876629173756
42, 1, 10, 247, 452, -0.014389039017260075
42, 1, 11, 230, 456, -0.015845229849219322
42, 1, 12, 220, 458, -0.01763029769062996
42, 1, 13, 282, 464, -0.014630839228630066
42, 1, 14, 253, 469, -0.01566259190440178
42, 1, 15, 237, 472, -0.01614389941096306
42, 1, 16, 226, 473, -0.017647715285420418
42, 1, 17, 287, 478, -0.017609605565667152
42, 1, 18, 264, 481, -0.018272757530212402
42, 1, 19, 249, 482, -0.01768648624420166
42, 1, 20, 238, 483, -0.017475692555308342
43, 0, 0, 141, 378, -1.4016917404546803e-08
43, 0, 1, 112, 387, 0.004021140746772289
43, 0, 2, 93, 411, -0.0021911594085395336
43, 0, 3, 91, 437, -0.00937940739095211
43, 0, 4, 99, 459, -0.020672621205449104
43, 0, 5, 86, 413, -0.026470109820365906
43, 0, 6, 79, 451, -0.04171505570411682
43, 0, 7, 79, 478, -0.05110163614153862
43, 0, 8, 82, 497, -0.05721499025821686
43, 0, 9, 97, 416, -0.03702063113451004
43, 0, 10, 92, 459, -0.04861903190612793
43, 0, 11, 94, 488, -0.0555097796022892
43, 0, 12, 97, 508, -0.06253699958324432
43, 0, 13, 113, 419, -0.045680295675992966
43, 0, 14, 109, 460, -0.059294477105140686
43, 0, 15, 115, 486, -0.06617843359708786
43, 0, 16, 121, 501, -0.07203788310289383
43, 0, 17, 132, 421, -0.052600424736738205
43, 0, 18, 134, 448, -0.06829830259084702
43, 0, 19, 140, 463, -0.07323058694601059
43, 0, 20, 147, 474, -0.0762408897280693
43, 1, 0, 341, 455, 1.3498078033080674e-07
43, 1, 1, 324, 434, 0.0033925201278179884
43, 1, 2, 302, 431, 0.004920200910419226
43, 1, 3, 282, 434, 0.006020895671099424
43, 1, 4, 269, 434, 0.006888372823596001
43, 1, 5, 291, 440, -0.0020809536799788475
43, 1, 6, 263, 444, -0.004170966800302267
43, 1, 7, 249, 447, -0.004952967166900635
43, 1, 8, 241, 450, -0.005069711711257696
43, 1, 9, 292, 458, -0.004277853760868311
43, 1, 10, 263, 463, -0.005246895365417004
43, 1, 11, 248, 465, -0.005287948530167341
43, 1, 12, 238, 467, -0.00575816398486495
43, 1, 13, 296, 474, -0.005862914025783539
43, 1, 14, 268, 477, -0.005173476878553629
43, 1, 15, 255, 479, -0.003320919582620263
43, 1, 16, 246, 481, -0.002724034246057272
43, 1, 17, 300, 486, -0.006893406622111797
43, 1, 18, 278, 488, -0.004830412566661835
43, 1, 19, 266, 488, -0.0011680306633934379
43, 1, 20, 258, 489, 0.0014237223658710718
44, 0, 0, 138, 394, 1.0098223590659927e-08
44, 0, 1, 110, 403, 0.002737890463322401
44, 0, 2, 93, 427, -0.0010950668947771192
44, 0, 3, 92, 452, -0.005673625506460667
44, 0, 4, 98, 468, -0.012471169233322144
44, 0, 5, 77, 433, -0.01628495566546917
44, 0, 6, 73, 467, -0.02983742766082287
44, 0, 7, 74, 490, -0.039516646414995193
44, 0, 8, 78, 507, -0.045261841267347336
44, 0, 9, 89, 437, -0.023228246718645096
44, 0, 10, 85, 472, -0.03324969485402107
44, 0, 11, 86, 496, -0.04005546495318413
44, 0, 12, 89, 513, -0.04551292955875397
44, 0, 13, 104, 440, -0.029091665521264076
44, 0, 14, 104, 474, -0.03818958252668381
44, 0, 15, 106, 494, -0.041938167065382004
44, 0, 16, 108, 509, -0.04467228055000305
44, 0, 17, 122, 443, -0.03396706283092499
44, 0, 18, 121, 469, -0.043090540915727615
44, 0, 19, 121, 485, -0.045088328421115875
44, 0, 20, 123, 497, -0.04560193419456482
44, 1, 0, 356, 467, 1.592558476204431e-07
44, 1, 1, 344, 446, -0.012999694794416428
44, 1, 2, 322, 440, -0.016289737075567245
44, 1, 3, 305, 442, -0.01737367920577526
44, 1, 4, 292, 440, -0.017552804201841354
44, 1, 5, 306, 458, -0.013469409197568893
44, 1, 6, 281, 460, -0.02051984705030918
44, 1, 7, 266, 461, -0.024680668488144875
44, 1, 8, 255, 463, -0.027019698172807693
44, 1, 9, 305, 472, -0.009321095421910286
44, 1, 10, 281, 475, -0.018246348947286606
44, 1, 11, 265, 476, -0.023073995485901833
44, 1, 12, 251, 478, -0.025247596204280853
44, 1, 13, 306, 482, -0.005887898616492748
44, 1, 14, 284, 483, -0.013153569772839546
44, 1, 15, 269, 484, -0.014971965923905373
44, 1, 16, 257, 484, -0.014622801914811134
44, 1, 17, 308, 489, -0.003576139686629176
44, 1, 18, 289, 492, -0.008006746880710125
44, 1, 19, 276, 492, -0.008005976676940918
44, 1, 20, 267, 492, -0.006623216439038515
45, 0, 0, 135, 407, 5.872655606253829e-08
45, 0, 1, 105, 415, 0.0032913237810134888
45, 0, 2, 85, 438, 0.00016855674039106816
45, 0, 3, 79, 462, -0.0040658265352249146
45, 0, 4, 80, 481, -0.010278613306581974
45, 0, 5, 74, 444, -0.01162093784660101
45, 0, 6, 62, 473, -0.023320678621530533
45, 0, 7, 59, 494, -0.03205541893839836
45, 0, 8, 60, 508, -0.03704351186752319
45, 0, 9, 86, 449, -0.0181422159075737
45, 0, 10, 76, 481, -0.026351088657975197
45, 0, 11, 73, 502, -0.03265019878745079
45, 0, 12, 75, 516, -0.03764400631189346
45, 0, 13, 102, 454, -0.023773835971951485
45, 0, 14, 92, 485, -0.030611028894782066
45, 0, 15, 92, 503, -0.03341790661215782
45, 0, 16, 93, 516, -0.035532146692276
45, 0, 17, 118, 458, -0.028437655419111252
45, 0, 18, 111, 483, -0.035116925835609436
45, 0, 19, 109, 497, -0.03577793017029762
45, 0, 20, 109, 508, -0.03526267036795616
45, 1, 0, 365, 473, 1.5267301023413893e-07
45, 1, 1, 350, 457, -0.007488159462809563
45, 1, 2, 330, 454, -0.009130031801760197
45, 1, 3, 315, 456, -0.01028942596167326
45, 1, 4, 303, 454, -0.010488823056221008
45, 1, 5, 316, 472, -0.0023305185604840517
45, 1, 6, 293, 474, -0.00727918092161417
45, 1, 7, 278, 476, -0.011192785575985909
45, 1, 8, 266, 478, -0.013691945932805538
45, 1, 9, 316, 480, -0.0009986491641029716
45, 1, 10, 294, 482, -0.006222722120583057
45, 1, 11, 279, 483, -0.010578489862382412
45, 1, 12, 267, 483, -0.013064183294773102
45, 1, 13, 318, 485, -0.0006175579037517309
45, 1, 14, 297, 486, -0.005278974771499634
45, 1, 15, 284, 487, -0.006574966944754124
45, 1, 16, 274, 487, -0.00652315653860569
45, 1, 17, 320, 486, -0.0011485926806926727
45, 1, 18, 302, 488, -0.0037064270582050085
45, 1, 19, 292, 489, -0.0030751617159694433
45, 1, 20, 284, 489, -0.0017697449075058103
46, 0, 0, 0, 0, 0.0
46, 0, 1, 0, 0, 0.0
46, 0, 2, 0, 0, 0.0
46, 0, 3, 0, 0, 0.0
46, 0, 4, 0, 0, 0.0
46, 0, 5, 0, 0, 0.0
46, 0, 6, 0, 0, 0.0
46, 0, 7, 0, 0, 0.0
46, 0, 8, 0, 0, 0.0
46, 0, 9, 0, 0, 0.0
46, 0, 10, 0, 0, 0.0
46, 0, 11, 0, 0, 0.0
46, 0, 12, 0, 0, 0.0
46, 0, 13, 0, 0, 0.0
46, 0, 14, 0, 0, 0.0
46, 0, 15, 0, 0, 0.0
46, 0, 16, 0, 0, 0.0
46, 0, 17, 0, 0, 0.0
46, 0, 18, 0, 0, 0.0
46, 0, 19, 0, 0, 0.0
46, 0, 20, 0, 0, 0.0
46, 1, 0, 0, 0, 0.0
46, 1, 1, 0, 0, 0.0
46, 1, 2, 0, 0, 0.0
46, 1, 3, 0, 0, 0.0
46, 1, 4, 0, 0, 0.0
46, 1, 5, 0, 0, 0.0
46, 1, 6, 0, 0, 0.0
46, 1, 7, 0, 0, 0.0
46, 1, 8, 0, 0, 0.0
46, 1, 9, 0, 0, 0.0
46, 1, 10, 0, 0, 0.0
46, 1, 11, 0, 0, 0.0
46, 1, 12, 0, 0, 0.0
46, 1, 13, 0, 0, 0.0
46, 1, 14, 0, 0, 0.0
46, 1, 15, 0, 0, 0.0
46, 1, 16, 0, 0, 0.0
46, 1, 17, 0, 0, 0.0
46, 1, 18, 0, 0, 0.0
46, 1, 19, 0, 0, 0.0
46, 1, 20, 0, 0, 0.0
47, 0, 0, 0, 0, 0.0
47, 0, 1, 0, 0, 0.0
47, 0, 2, 0, 0, 0.0
47, 0, 3, 0, 0, 0.0
47, 0, 4, 0, 0, 0.0
47, 0, 5, 0, 0, 0.0
47, 0, 6, 0, 0, 0.0
47, 0, 7, 0, 0, 0.0
47, 0, 8, 0, 0, 0.0
47, 0, 9, 0, 0, 0.0
47, 0, 10, 0, 0, 0.0
47, 0, 11, 0, 0, 0.0
47, 0, 12, 0, 0, 0.0
47, 0, 13, 0, 0, 0.0
47, 0, 14, 0, 0, 0.0
47, 0, 15, 0, 0, 0.0
47, 0, 16, 0, 0, 0.0
47, 0, 17, 0, 0, 0.0
47, 0, 18, 0, 0, 0.0
47, 0, 19, 0, 0, 0.0
47, 0, 20, 0, 0, 0.0
47, 1, 0, 0, 0, 0.0
47, 1, 1, 0, 0, 0.0
47, 1, 2, 0, 0, 0.0
47, 1, 3, 0, 0, 0.0
47, 1, 4, 0, 0, 0.0
47, 1, 5, 0, 0, 0.0
47, 1, 6, 0, 0, 0.0
47, 1, 7, 0, 0, 0.0
47, 1, 8, 0, 0, 0.0
47, 1, 9, 0, 0, 0.0
47, 1, 10, 0, 0, 0.0
47, 1, 11, 0, 0, 0.0
47, 1, 12, 0, 0, 0.0
47, 1, 13, 0, 0, 0.0
47, 1, 14, 0, 0, 0.0
47, 1, 15, 0, 0, 0.0
47, 1, 16, 0, 0, 0.0
47, 1, 17, 0, 0, 0.0
47, 1, 18, 0, 0, 0.0
47, 1, 19, 0, 0, 0.0
47, 1, 20, 0, 0, 0.0
48, 0, 0, 0, 0, 0.0
48, 0, 1, 0, 0, 0.0
48, 0, 2, 0, 0, 0.0
48, 0, 3, 0, 0, 0.0
48, 0, 4, 0, 0, 0.0
48, 0, 5, 0, 0, 0.0
48, 0, 6, 0, 0, 0.0
48, 0, 7, 0, 0, 0.0
48, 0, 8, 0, 0, 0.0
48, 0, 9, 0, 0, 0.0
48, 0, 10, 0, 0, 0.0
48, 0, 11, 0, 0, 0.0
48, 0, 12, 0, 0, 0.0
48, 0, 13, 0, 0, 0.0
48, 0, 14, 0, 0, 0.0
48, 0, 15, 0, 0, 0.0
48, 0, 16, 0, 0, 0.0
48, 0, 17, 0, 0, 0.0
48, 0, 18, 0, 0, 0.0
48, 0, 19, 0, 0, 0.0
48, 0, 20, 0, 0, 0.0
48, 1, 0, 0, 0, 0.0
48, 1, 1, 0, 0, 0.0
48, 1, 2, 0, 0, 0.0
48, 1, 3, 0, 0, 0.0
48, 1, 4, 0, 0, 0.0
48, 1, 5, 0, 0, 0.0
48, 1, 6, 0, 0, 0.0
48, 1, 7, 0, 0, 0.0
48, 1, 8, 0, 0, 0.0
48, 1, 9, 0, 0, 0.0
48, 1, 10, 0, 0, 0.0
48, 1, 11, 0, 0, 0.0
48, 1, 12, 0, 0, 0.0
48, 1, 13, 0, 0, 0.0
48, 1, 14, 0, 0, 0.0
48, 1, 15, 0, 0, 0.0
48, 1, 16, 0, 0, 0.0
48, 1, 17, 0, 0, 0.0
48, 1, 18, 0, 0, 0.0
48, 1, 19, 0, 0, 0.0
48, 1, 20, 0, 0, 0.0
49, 0, 0, 0, 0, 0.0
49, 0, 1, 0, 0, 0.0
49, 0, 2, 0, 0, 0.0
49, 0, 3, 0, 0, 0.0
49, 0, 4, 0, 0, 0.0
49, 0, 5, 0, 0, 0.0
49, 0, 6, 0, 0, 0.0
49, 0, 7, 0, 0, 0.0
49, 0, 8, 0, 0, 0.0
49, 0, 9, 0, 0, 0.0
49, 0, 10, 0, 0, 0.0
49, 0, 11, 0, 0, 0.0
49, 0, 12, 0, 0, 0.0
49, 0, 13, 0, 0, 0.0
49, 0, 14, 0, 0, 0.0
49, 0, 15, 0, 0, 0.0
49, 0, 16, 0, 0, 0.0
49, 0, 17, 0, 0, 0.0
49, 0, 18, 0, 0, 0.0
49, 0, 19, 0, 0, 0.0
49, 0, 20, 0, 0, 0.0
49, 1, 0, 0, 0, 0.0
49, 1, 1, 0, 0, 0.0
49, 1, 2, 0, 0, 0.0
49, 1, 3, 0, 0, 0.0
49, 1, 4, 0, 0, 0.0
49, 1, 5, 0, 0, 0.0
49, 1, 6, 0, 0, 0.0
49, 1, 7, 0, 0, 0.0
49, 1, 8, 0, 0, 0.0
49, 1, 9, 0, 0, 0.0
49, 1, 10, 0, 0, 0.0
49, 1, 11, 0, 0, 0.0
49, 1, 12, 0, 0, 0.0
49, 1, 13, 0, 0, 0.0
49, 1, 14, 0, 0, 0.0
49, 1, 15, 0, 0, 0.0
49, 1, 16, 0, 0, 0.0
49, 1, 17, 0, 0, 0.0
49, 1, 18, 0, 0, 0.0
49, 1, 19, 0, 0, 0.0
49, 1, 20, 0, 0, 0.0
50, 0, 0, 0, 0, 0.0
50, 0, 1, 0, 0, 0.0
50, 0, 2, 0, 0, 0.0
50, 0, 3, 0, 0, 0.0
50, 0, 4, 0, 0, 0.0
50, 0, 5, 0, 0, 0.0
50, 0, 6, 0, 0, 0.0
50, 0, 7, 0, 0, 0.0
50, 0, 8, 0, 0, 0.0
50, 0, 9, 0, 0, 0.0
50, 0, 10, 0, 0, 0.0
50, 0, 11, 0, 0, 0.0
50, 0, 12, 0, 0, 0.0
50, 0, 13, 0, 0, 0.0
50, 0, 14, 0, 0, 0.0
50, 0, 15, 0, 0, 0.0
50, 0, 16, 0, 0, 0.0
50, 0, 17, 0, 0, 0.0
50, 0, 18, 0, 0, 0.0
50, 0, 19, 0, 0, 0.0
50, 0, 20, 0, 0, 0.0
50, 1, 0, 0, 0, 0.0
50, 1, 1, 0, 0, 0.0
50, 1, 2, 0, 0, 0.0
50, 1, 3, 0, 0, 0.0
50, 1, 4, 0, 0, 0.0
50, 1, 5, 0, 0, 0.0
50, 1, 6, 0, 0, 0.0
50, 1, 7, 0, 0, 0.0
50, 1, 8, 0, 0, 0.0
50, 1, 9, 0, 0, 0.0
50, 1, 10, 0, 0, 0.0
50, 1, 11, 0, 0, 0.0
50, 1, 12, 0, 0, 0.0
50, 1, 13, 0, 0, 0.0
50, 1, 14, 0, 0, 0.0
50, 1, 15, 0, 0, 0.0
50, 1, 16, 0, 0, 0.0
50, 1, 17, 0, 0, 0.0
50, 1, 18, 0, 0, 0.0
50, 1, 19, 0, 0, 0.0
50, 1, 20, 0, 0, 0.0
51, 0, 0, 0, 0, 0.0
51, 0, 1, 0, 0, 0.0
51, 0, 2, 0, 0, 0.0
51, 0, 3, 0, 0, 0.0
51, 0, 4, 0, 0, 0.0
51, 0, 5, 0, 0, 0.0
51, 0, 6, 0, 0, 0.0
51, 0, 7, 0, 0, 0.0
51, 0, 8, 0, 0, 0.0
51, 0, 9, 0, 0, 0.0
51, 0, 10, 0, 0, 0.0
51, 0, 11, 0, 0, 0.0
51, 0, 12, 0, 0, 0.0
51, 0, 13, 0, 0, 0.0
51, 0, 14, 0, 0, 0.0
51, 0, 15, 0, 0, 0.0
51, 0, 16, 0, 0, 0.0
51, 0, 17, 0, 0, 0.0
51, 0, 18, 0, 0, 0.0
51, 0, 19, 0, 0, 0.0
51, 0, 20, 0, 0, 0.0
51, 1, 0, 0, 0, 0.0
51, 1, 1, 0, 0, 0.0
51, 1, 2, 0, 0, 0.0
51, 1, 3, 0, 0, 0.0
51, 1, 4, 0, 0, 0.0
51, 1, 5, 0, 0, 0.0
51, 1, 6, 0, 0, 0.0
51, 1, 7, 0, 0, 0.0
51, 1, 8, 0, 0, 0.0
51, 1, 9, 0, 0, 0.0
51, 1, 10, 0, 0, 0.0
51, 1, 11, 0, 0, 0.0
51, 1, 12, 0, 0, 0.0
51, 1, 13, 0, 0, 0.0
51, 1, 14, 0, 0, 0.0
51, 1, 15, 0, 0, 0.0
51, 1, 16, 0, 0, 0.0
51, 1, 17, 0, 0, 0.0
51, 1, 18, 0, 0, 0.0
51, 1, 19, 0, 0, 0.0
51, 1, 20, 0, 0, 0.0
52, 0, 0, 0, 0, 0.0
52, 0, 1, 0, 0, 0.0
52, 0, 2, 0, 0, 0.0
52, 0, 3, 0, 0, 0.0
52, 0, 4, 0, 0, 0.0
52, 0, 5, 0, 0, 0.0
52, 0, 6, 0, 0, 0.0
52, 0, 7, 0, 0, 0.0
52, 0, 8, 0, 0, 0.0
52, 0, 9, 0, 0, 0.0
52, 0, 10, 0, 0, 0.0
52, 0, 11, 0, 0, 0.0
52, 0, 12, 0, 0, 0.0
52, 0, 13, 0, 0, 0.0
52, 0, 14, 0, 0, 0.0
52, 0, 15, 0, 0, 0.0
52, 0, 16, 0, 0, 0.0
52, 0, 17, 0, 0, 0.0
52, 0, 18, 0, 0, 0.0
52, 0, 19, 0, 0, 0.0
52, 0, 20, 0, 0, 0.0
52, 1, 0, 0, 0, 0.0
52, 1, 1, 0, 0, 0.0
52, 1, 2, 0, 0, 0.0
52, 1, 3, 0, 0, 0.0
52, 1, 4, 0, 0, 0.0
52, 1, 5, 0, 0, 0.0
52, 1, 6, 0, 0, 0.0
52, 1, 7, 0, 0, 0.0
52, 1, 8, 0, 0, 0.0
52, 1, 9, 0, 0, 0.0
52, 1, 10, 0, 0, 0.0
52, 1, 11, 0, 0, 0.0
52, 1, 12, 0, 0, 0.0
52, 1, 13, 0, 0, 0.0
52, 1, 14, 0, 0, 0.0
52, 1, 15, 0, 0, 0.0
52, 1, 16, 0, 0, 0.0
52, 1, 17, 0, 0, 0.0
52, 1, 18, 0, 0, 0.0
52, 1, 19, 0, 0, 0.0
52, 1, 20, 0, 0, 0.0
53, 0, 0, 0, 0, 0.0
53, 0, 1, 0, 0, 0.0
53, 0, 2, 0, 0, 0.0
53, 0, 3, 0, 0, 0.0
53, 0, 4, 0, 0, 0.0
53, 0, 5, 0, 0, 0.0
53, 0, 6, 0, 0, 0.0
53, 0, 7, 0, 0, 0.0
53, 0, 8, 0, 0, 0.0
53, 0, 9, 0, 0, 0.0
53, 0, 10, 0, 0, 0.0
53, 0, 11, 0, 0, 0.0
53, 0, 12, 0, 0, 0.0
53, 0, 13, 0, 0, 0.0
53, 0, 14, 0, 0, 0.0
53, 0, 15, 0, 0, 0.0
53, 0, 16, 0, 0, 0.0
53, 0, 17, 0, 0, 0.0
53, 0, 18, 0, 0, 0.0
53, 0, 19, 0, 0, 0.0
53, 0, 20, 0, 0, 0.0
53, 1, 0, 0, 0, 0.0
53, 1, 1, 0, 0, 0.0
53, 1, 2, 0, 0, 0.0
53, 1, 3, 0, 0, 0.0
53, 1, 4, 0, 0, 0.0
53, 1, 5, 0, 0, 0.0
53, 1, 6, 0, 0, 0.0
53, 1, 7, 0, 0, 0.0
53, 1, 8, 0, 0, 0.0
53, 1, 9, 0, 0, 0.0
53, 1, 10, 0, 0, 0.0
53, 1, 11, 0, 0, 0.0
53, 1, 12, 0, 0, 0.0
53, 1, 13, 0, 0, 0.0
53, 1, 14, 0, 0, 0.0
53, 1, 15, 0, 0, 0.0
53, 1, 16, 0, 0, 0.0
53, 1, 17, 0, 0, 0.0
53, 1, 18, 0, 0, 0.0
53, 1, 19, 0, 0, 0.0
53, 1, 20, 0, 0, 0.0
54, 0, 0, 0, 0, 0.0
54, 0, 1, 0, 0, 0.0
54, 0, 2, 0, 0, 0.0
54, 0, 3, 0, 0, 0.0
54, 0, 4, 0, 0, 0.0
54, 0, 5, 0, 0, 0.0
54, 0, 6, 0, 0, 0.0
54, 0, 7, 0, 0, 0.0
54, 0, 8, 0, 0, 0.0
54, 0, 9, 0, 0, 0.0
54, 0, 10, 0, 0, 0.0
54, 0, 11, 0, 0, 0.0
54, 0, 12, 0, 0, 0.0
54, 0, 13, 0, 0, 0.0
54, 0, 14, 0, 0, 0.0
54, 0, 15, 0, 0, 0.0
54, 0, 16, 0, 0, 0.0
54, 0, 17, 0, 0, 0.0
54, 0, 18, 0, 0, 0.0
54, 0, 19, 0, 0, 0.0
54, 0, 20, 0, 0, 0.0
54, 1, 0, 0, 0, 0.0
54, 1, 1, 0, 0, 0.0
54, 1, 2, 0, 0, 0.0
54, 1, 3, 0, 0, 0.0
54, 1, 4, 0, 0, 0.0
54, 1, 5, 0, 0, 0.0
54, 1, 6, 0, 0, 0.0
54, 1, 7, 0, 0, 0.0
54, 1, 8, 0, 0, 0.0
54, 1, 9, 0, 0, 0.0
54, 1, 10, 0, 0, 0.0
54, 1, 11, 0, 0, 0.0
54, 1, 12, 0, 0, 0.0
54, 1, 13, 0, 0, 0.0
54, 1, 14, 0, 0, 0.0
54, 1, 15, 0, 0, 0.0
54, 1, 16, 0, 0, 0.0
54, 1, 17, 0, 0, 0.0
54, 1, 18, 0, 0, 0.0
54, 1, 19, 0, 0, 0.0
54, 1, 20, 0, 0, 0.0
55, 0, 0, 0, 0, 0.0
55, 0, 1, 0, 0, 0.0
55, 0, 2, 0, 0, 0.0
55, 0, 3, 0, 0, 0.0
55, 0, 4, 0, 0, 0.0
55, 0, 5, 0, 0, 0.0
55, 0, 6, 0, 0, 0.0
55, 0, 7, 0, 0, 0.0
55, 0, 8, 0, 0, 0.0
55, 0, 9, 0, 0, 0.0
55, 0, 10, 0, 0, 0.0
55, 0, 11, 0, 0, 0.0
55, 0, 12, 0, 0, 0.0
55, 0, 13, 0, 0, 0.0
55, 0, 14, 0, 0, 0.0
55, 0, 15, 0, 0, 0.0
55, 0, 16, 0, 0, 0.0
55, 0, 17, 0, 0, 0.0
55, 0, 18, 0, 0, 0.0
55, 0, 19, 0, 0, 0.0
55, 0, 20, 0, 0, 0.0
55, 1, 0, 0, 0, 0.0
55, 1, 1, 0, 0, 0.0
55, 1, 2, 0, 0, 0.0
55, 1, 3, 0, 0, 0.0
55, 1, 4, 0, 0, 0.0
55, 1, 5, 0, 0, 0.0
55, 1, 6, 0, 0, 0.0
55, 1, 7, 0, 0, 0.0
55, 1, 8, 0, 0, 0.0
55, 1, 9, 0, 0, 0.0
55, 1, 10, 0, 0, 0.0
55, 1, 11, 0, 0, 0.0
55, 1, 12, 0, 0, 0.0
55, 1, 13, 0, 0, 0.0
55, 1, 14, 0, 0, 0.0
55, 1, 15, 0, 0, 0.0
55, 1, 16, 0, 0, 0.0
55, 1, 17, 0, 0, 0.0
55, 1, 18, 0, 0, 0.0
55, 1, 19, 0, 0, 0.0
55, 1, 20, 0, 0, 0.0
56, 0, 0, 0, 0, 0.0
56, 0, 1, 0, 0, 0.0
56, 0, 2, 0, 0, 0.0
56, 0, 3, 0, 0, 0.0
56, 0, 4, 0, 0, 0.0
56, 0, 5, 0, 0, 0.0
56, 0, 6, 0, 0, 0.0
56, 0, 7, 0, 0, 0.0
56, 0, 8, 0, 0, 0.0
56, 0, 9, 0, 0, 0.0
56, 0, 10, 0, 0, 0.0
56, 0, 11, 0, 0, 0.0
56, 0, 12, 0, 0, 0.0
56, 0, 13, 0, 0, 0.0
56, 0, 14, 0, 0, 0.0
56, 0, 15, 0, 0, 0.0
56, 0, 16, 0, 0, 0.0
56, 0, 17, 0, 0, 0.0
56, 0, 18, 0, 0, 0.0
56, 0, 19, 0, 0, 0.0
56, 0, 20, 0, 0, 0.0
56, 1, 0, 0, 0, 0.0
56, 1, 1, 0, 0, 0.0
56, 1, 2, 0, 0, 0.0
56, 1, 3, 0, 0, 0.0
56, 1, 4, 0, 0, 0.0
56, 1, 5, 0, 0, 0.0
56, 1, 6, 0, 0, 0.0
56, 1, 7, 0, 0, 0.0
56, 1, 8, 0, 0, 0.0
56, 1, 9, 0, 0, 0.0
56, 1, 10, 0, 0, 0.0
56, 1, 11, 0, 0, 0.0
56, 1, 12, 0, 0, 0.0
56, 1, 13, 0, 0, 0.0
56, 1, 14, 0, 0, 0.0
56, 1, 15, 0, 0, 0.0
56, 1, 16, 0, 0, 0.0
56, 1, 17, 0, 0, 0.0
56, 1, 18, 0, 0, 0.0
56, 1, 19, 0, 0, 0.0
56, 1, 20, 0, 0, 0.0
