0, 0, 0, 0, 0, 0.0
0, 0, 1, 0, 0, 0.0
0, 0, 2, 0, 0, 0.0
0, 0, 3, 0, 0, 0.0
0, 0, 4, 0, 0, 0.0
0, 0, 5, 0, 0, 0.0
0, 0, 6, 0, 0, 0.0
0, 0, 7, 0, 0, 0.0
0, 0, 8, 0, 0, 0.0
0, 0, 9, 0, 0, 0.0
0, 0, 10, 0, 0, 0.0
0, 0, 11, 0, 0, 0.0
0, 0, 12, 0, 0, 0.0
0, 0, 13, 0, 0, 0.0
0, 0, 14, 0, 0, 0.0
0, 0, 15, 0, 0, 0.0
0, 0, 16, 0, 0, 0.0
0, 0, 17, 0, 0, 0.0
0, 0, 18, 0, 0, 0.0
0, 0, 19, 0, 0, 0.0
0, 0, 20, 0, 0, 0.0
0, 1, 0, 0, 0, 0.0
0, 1, 1, 0, 0, 0.0
0, 1, 2, 0, 0, 0.0
0, 1, 3, 0, 0, 0.0
0, 1, 4, 0, 0, 0.0
0, 1, 5, 0, 0, 0.0
0, 1, 6, 0, 0, 0.0
0, 1, 7, 0, 0, 0.0
0, 1, 8, 0, 0, 0.0
0, 1, 9, 0, 0, 0.0
0, 1, 10, 0, 0, 0.0
0, 1, 11, 0, 0, 0.0
0, 1, 12, 0, 0, 0.0
0, 1, 13, 0, 0, 0.0
0, 1, 14, 0, 0, 0.0
0, 1, 15, 0, 0, 0.0
0, 1, 16, 0, 0, 0.0
0, 1, 17, 0, 0, 0.0
0, 1, 18, 0, 0, 0.0
0, 1, 19, 0, 0, 0.0
0, 1, 20, 0, 0, 0.0
1, 0, 0, 0, 0, 0.0
1, 0, 1, 0, 0, 0.0
1, 0, 2, 0, 0, 0.0
1, 0, 3, 0, 0, 0.0
1, 0, 4, 0, 0, 0.0
1, 0, 5, 0, 0, 0.0
1, 0, 6, 0, 0, 0.0
1, 0, 7, 0, 0, 0.0
1, 0, 8, 0, 0, 0.0
1, 0, 9, 0, 0, 0.0
1, 0, 10, 0, 0, 0.0
1, 0, 11, 0, 0, 0.0
1, 0, 12, 0, 0, 0.0
1, 0, 13, 0, 0, 0.0
1, 0, 14, 0, 0, 0.0
1, 0, 15, 0, 0, 0.0
1, 0, 16, 0, 0, 0.0
1, 0, 17, 0, 0, 0.0
1, 0, 18, 0, 0, 0.0
1, 0, 19, 0, 0, 0.0
1, 0, 20, 0, 0, 0.0
1, 1, 0, 0, 0, 0.0
1, 1, 1, 0, 0, 0.0
1, 1, 2, 0, 0, 0.0
1, 1, 3, 0, 0, 0.0
1, 1, 4, 0, 0, 0.0
1, 1, 5, 0, 0, 0.0
1, 1, 6, 0, 0, 0.0
1, 1, 7, 0, 0, 0.0
1, 1, 8, 0, 0, 0.0
1, 1, 9, 0, 0, 0.0
1, 1, 10, 0, 0, 0.0
1, 1, 11, 0, 0, 0.0
1, 1, 12, 0, 0, 0.0
1, 1, 13, 0, 0, 0.0
1, 1, 14, 0, 0, 0.0
1, 1, 15, 0, 0, 0.0
1, 1, 16, 0, 0, 0.0
1, 1, 17, 0, 0, 0.0
1, 1, 18, 0, 0, 0.0
1, 1, 19, 0, 0, 0.0
1, 1, 20, 0, 0, 0.0
2, 0, 0, 190, 450, -2.960632059512136e-07
2, 0, 1, 204, 423, -0.010923312976956367
2, 0, 2, 230, 399, -0.01757780835032463
2, 0, 3, 249, 382, -0.02478836104273796
2, 0, 4, 261, 366, -0.02948104403913021
2, 0, 5, 256, 426, -0.006387520115822554
2, 0, 6, 287, 420, -0.019706780090928078
2, 0, 7, 275, 420, -0.028976479545235634
2, 0, 8, 261, 422, -0.032662250101566315
2, 0, 9, 259, 445, -0.0073755234479904175
2, 0, 10, 290, 445, -0.01537414826452732
2, 0, 11, 282, 444, -0.01995542086660862
2, 0, 12, 270, 445, -0.022454746067523956
2, 0, 13, 259, 463, -0.01043089758604765
2, 0, 14, 288, 464, -0.01619473658502102
2, 0, 15, 281, 463, -0.013286929577589035
2, 0, 16, 271, 463, -0.010769329033792019
2, 0, 17, 255, 478, -0.014457755722105503
2, 0, 18, 279, 479, -0.015468466095626354
2, 0, 19, 275, 478, -0.008914078585803509
2, 0, 20, 266, 478, -0.003651474369689822
2, 1, 0, 0, 0, 0.0
2, 1, 1, 0, 0, 0.0
2, 1, 2, 0, 0, 0.0
2, 1, 3, 0, 0, 0.0
2, 1, 4, 0, 0, 0.0
2, 1, 5, 0, 0, 0.0
2, 1, 6, 0, 0, 0.0
2, 1, 7, 0, 0, 0.0
2, 1, 8, 0, 0, 0.0
2, 1, 9, 0, 0, 0.0
2, 1, 10, 0, 0, 0.0
2, 1, 11, 0, 0, 0.0
2, 1, 12, 0, 0, 0.0
2, 1, 13, 0, 0, 0.0
2, 1, 14, 0, 0, 0.0
2, 1, 15, 0, 0, 0.0
2, 1, 16, 0, 0, 0.0
2, 1, 17, 0, 0, 0.0
2, 1, 18, 0, 0, 0.0
2, 1, 19, 0, 0, 0.0
2, 1, 20, 0, 0, 0.0
3, 0, 0, 0, 0, 0.0
3, 0, 1, 0, 0, 0.0
3, 0, 2, 0, 0, 0.0
3, 0, 3, 0, 0, 0.0
3, 0, 4, 0, 0, 0.0
3, 0, 5, 0, 0, 0.0
3, 0, 6, 0, 0, 0.0
3, 0, 7, 0, 0, 0.0
3, 0, 8, 0, 0, 0.0
3, 0, 9, 0, 0, 0.0
3, 0, 10, 0, 0, 0.0
3, 0, 11, 0, 0, 0.0
3, 0, 12, 0, 0, 0.0
3, 0, 13, 0, 0, 0.0
3, 0, 14, 0, 0, 0.0
3, 0, 15, 0, 0, 0.0
3, 0, 16, 0, 0, 0.0
3, 0, 17, 0, 0, 0.0
3, 0, 18, 0, 0, 0.0
3, 0, 19, 0, 0, 0.0
3, 0, 20, 0, 0, 0.0
3, 1, 0, 0, 0, 0.0
3, 1, 1, 0, 0, 0.0
3, 1, 2, 0, 0, 0.0
3, 1, 3, 0, 0, 0.0
3, 1, 4, 0, 0, 0.0
3, 1, 5, 0, 0, 0.0
3, 1, 6, 0, 0, 0.0
3, 1, 7, 0, 0, 0.0
3, 1, 8, 0, 0, 0.0
3, 1, 9, 0, 0, 0.0
3, 1, 10, 0, 0, 0.0
3, 1, 11, 0, 0, 0.0
3, 1, 12, 0, 0, 0.0
3, 1, 13, 0, 0, 0.0
3, 1, 14, 0, 0, 0.0
3, 1, 15, 0, 0, 0.0
3, 1, 16, 0, 0, 0.0
3, 1, 17, 0, 0, 0.0
3, 1, 18, 0, 0, 0.0
3, 1, 19, 0, 0, 0.0
3, 1, 20, 0, 0, 0.0
4, 0, 0, 372, 276, -3.9548871200167923e-07
4, 0, 1, 344, 282, -0.003234892850741744
4, 0, 2, 322, 278, -0.010010416619479656
4, 0, 3, 302, 277, -0.02050563134253025
4, 0, 4, 286, 278, -0.03153623640537262
4, 0, 5, 329, 218, 0.0123848095536232
4, 0, 6, 294, 229, -0.0007983067189343274
4, 0, 7, 289, 251, -0.016048723831772804
4, 0, 8, 296, 267, -0.024249086156487465
4, 0, 9, 324, 215, 0.005157459527254105
4, 0, 10, 290, 228, -0.003716442035511136
4, 0, 11, 286, 252, -0.01585967093706131
4, 0, 12, 294, 269, -0.022128961980342865
4, 0, 13, 319, 218, -0.004104425199329853
4, 0, 14, 286, 232, -0.01316509023308754
4, 0, 15, 282, 255, -0.020729346200823784
4, 0, 16, 291, 269, -0.02336720936000347
4, 0, 17, 314, 225, -0.014323186129331589
4, 0, 18, 286, 236, -0.019909624010324478
4, 0, 19, 283, 251, -0.01951272413134575
4, 0, 20, 289, 264, -0.016486866399645805
4, 1, 0, 264, 395, -5.565109404415125e-07
4, 1, 1, 257, 349, -0.002187400357797742
4, 1, 2, 278, 306, -0.009891223162412643
4, 1, 3, 297, 277, -0.020259933546185493
4, 1, 4, 307, 253, -0.02884656749665737
4, 1, 5, 323, 302, -0.006110834423452616
4, 1, 6, 350, 287, -0.027015840634703636
4, 1, 7, 337, 298, -0.04422181844711304
4, 1, 8, 319, 308, -0.0522599034011364
4, 1, 9, 342, 327, -0.016176356002688408
4, 1, 10, 367, 310, -0.027223091572523117
4, 1, 11, 355, 319, -0.03605400398373604
4, 1, 12, 339, 330, -0.04083570837974548
4, 1, 13, 357, 356, -0.027141347527503967
4, 1, 14, 382, 339, -0.036036115139722824
4, 1, 15, 369, 345, -0.03223637491464615
4, 1, 16, 355, 354, -0.02848212607204914
4, 1, 17, 366, 386, -0.03836106136441231
4, 1, 18, 391, 369, -0.04070281609892845
4, 1, 19, 379, 372, -0.028634557500481606
4, 1, 20, 366, 380, -0.017853565514087677
5, 0, 0, 271, 366, 5.34005664576398e-07
5, 0, 1, 277, 324, -0.003967543598264456
5, 0, 2, 293, 285, -0.014186614193022251
5, 0, 3, 309, 256, -0.024127095937728882
5, 0, 4, 314, 234, -0.03450659662485123
5, 0, 5, 313, 295, -0.032830219715833664
5, 0, 6, 354, 261, -0.05158694460988045
5, 0, 7, 379, 242, -0.06048952415585518
5, 0, 8, 399, 228, -0.06471575051546097
5, 0, 9, 326, 314, -0.04116802662611008
5, 0, 10, 372, 285, -0.057647593319416046
5, 0, 11, 402, 268, -0.06443354487419128
5, 0, 12, 426, 255, -0.06828171759843826
5, 0, 13, 337, 337, -0.04861105605959892
5, 0, 14, 382, 309, -0.06419558078050613
5, 0, 15, 411, 291, -0.07158719003200531
5, 0, 16, 434, 277, -0.0754890963435173
5, 0, 17, 347, 362, -0.05515516549348831
5, 0, 18, 386, 347, -0.06854282319545746
5, 0, 19, 411, 335, -0.07249856740236282
5, 0, 20, 432, 323, -0.07364331930875778
5, 1, 0, 0, 0, 0.0
5, 1, 1, 0, 0, 0.0
5, 1, 2, 0, 0, 0.0
5, 1, 3, 0, 0, 0.0
5, 1, 4, 0, 0, 0.0
5, 1, 5, 0, 0, 0.0
5, 1, 6, 0, 0, 0.0
5, 1, 7, 0, 0, 0.0
5, 1, 8, 0, 0, 0.0
5, 1, 9, 0, 0, 0.0
5, 1, 10, 0, 0, 0.0
5, 1, 11, 0, 0, 0.0
5, 1, 12, 0, 0, 0.0
5, 1, 13, 0, 0, 0.0
5, 1, 14, 0, 0, 0.0
5, 1, 15, 0, 0, 0.0
5, 1, 16, 0, 0, 0.0
5, 1, 17, 0, 0, 0.0
5, 1, 18, 0, 0, 0.0
5, 1, 19, 0, 0, 0.0
5, 1, 20, 0, 0, 0.0
6, 0, 0, 309, 327, 5.16448096732347e-07
6, 0, 1, 307, 287, -0.008680831640958786
6, 0, 2, 324, 249, -0.0212949700653553
6, 0, 3, 341, 222, -0.03346727415919304
6, 0, 4, 353, 200, -0.046942662447690964
6, 0, 5, 356, 247, -0.03963911905884743
6, 0, 6, 399, 222, -0.06506829708814621
6, 0, 7, 429, 208, -0.07998944073915482
6, 0, 8, 453, 198, -0.08822213113307953
6, 0, 9, 368, 269, -0.04984724894165993
6, 0, 10, 417, 243, -0.07240283489227295
6, 0, 11, 451, 225, -0.08496274054050446
6, 0, 12, 477, 211, -0.09236420691013336
6, 0, 13, 377, 296, -0.05971585214138031
6, 0, 14, 425, 268, -0.08076590299606323
6, 0, 15, 454, 248, -0.09107137471437454
6, 0, 16, 476, 233, -0.09645691514015198
6, 0, 17, 382, 326, -0.06911778450012207
6, 0, 18, 422, 311, -0.08835773169994354
6, 0, 19, 447, 298, -0.09468536078929901
6, 0, 20, 469, 285, -0.0967574268579483
6, 1, 0, 318, 294, 4.4164968926452275e-07
6, 1, 1, 316, 265, -0.01641441509127617
6, 1, 2, 328, 237, -0.030251311138272285
6, 1, 3, 340, 216, -0.04210458695888519
6, 1, 4, 351, 200, -0.05488305166363716
6, 1, 5, 362, 239, -0.03948904946446419
6, 1, 6, 400, 220, -0.06437656283378601
6, 1, 7, 427, 209, -0.08196881413459778
6, 1, 8, 448, 201, -0.09146823734045029
6, 1, 9, 369, 252, -0.04185092821717262
6, 1, 10, 410, 234, -0.061043862253427505
6, 1, 11, 438, 221, -0.07247693836688995
6, 1, 12, 461, 210, -0.07955858111381531
6, 1, 13, 374, 267, -0.04470719397068024
6, 1, 14, 411, 248, -0.059476010501384735
6, 1, 15, 437, 235, -0.0648403987288475
6, 1, 16, 459, 227, -0.06705138832330704
6, 1, 17, 375, 281, -0.048748090863227844
6, 1, 18, 404, 267, -0.06008651480078697
6, 1, 19, 426, 257, -0.061189085245132446
6, 1, 20, 444, 250, -0.059996992349624634
6, 2, 0, 293, 350, 5.556228188652312e-07
6, 2, 1, 301, 300, -0.0015690295258536935
6, 2, 2, 319, 259, -0.009605062194168568
6, 2, 3, 338, 228, -0.018732018768787384
6, 2, 4, 353, 204, -0.027759451419115067
6, 2, 5, 336, 267, -0.017805326730012894
6, 2, 6, 372, 242, -0.03582751005887985
6, 2, 7, 400, 226, -0.048312392085790634
6, 2, 8, 424, 215, -0.05581003800034523
6, 2, 9, 350, 284, -0.02771490439772606
6, 2, 10, 390, 259, -0.042147137224674225
6, 2, 11, 422, 242, -0.051653195172548294
6, 2, 12, 448, 229, -0.058032408356666565
6, 2, 13, 364, 307, -0.03737726807594299
6, 2, 14, 406, 282, -0.05142827332019806
6, 2, 15, 437, 263, -0.05883699283003807
6, 2, 16, 462, 249, -0.06250707060098648
6, 2, 17, 377, 334, -0.046456314623355865
6, 2, 18, 417, 315, -0.05828027054667473
6, 2, 19, 444, 302, -0.06107445806264877
6, 2, 20, 467, 291, -0.0610237754881382
7, 0, 0, 317, 337, 5.766428898823506e-07
7, 0, 1, 324, 293, -0.004467527847737074
7, 0, 2, 342, 256, -0.013275734148919582
7, 0, 3, 356, 228, -0.022830620408058167
7, 0, 4, 363, 203, -0.0324382446706295
7, 0, 5, 375, 253, -0.01212308183312416
7, 0, 6, 410, 227, -0.02692483365535736
7, 0, 7, 436, 214, -0.0391574427485466
7, 0, 8, 457, 204, -0.04732392728328705
7, 0, 9, 388, 269, -0.021555066108703613
7, 0, 10, 427, 245, -0.03358691185712814
7, 0, 11, 455, 230, -0.04461822658777237
7, 0, 12, 478, 218, -0.05203884094953537
7, 0, 13, 398, 293, -0.03154881298542023
7, 0, 14, 437, 266, -0.04555051028728485
7, 0, 15, 464, 249, -0.05579548701643944
7, 0, 16, 486, 235, -0.062135227024555206
7, 0, 17, 405, 323, -0.041128478944301605
7, 0, 18, 438, 305, -0.05461495742201805
7, 0, 19, 459, 292, -0.058920130133628845
7, 0, 20, 478, 280, -0.0601455457508564
7, 1, 0, 0, 0, 0.0
7, 1, 1, 0, 0, 0.0
7, 1, 2, 0, 0, 0.0
7, 1, 3, 0, 0, 0.0
7, 1, 4, 0, 0, 0.0
7, 1, 5, 0, 0, 0.0
7, 1, 6, 0, 0, 0.0
7, 1, 7, 0, 0, 0.0
7, 1, 8, 0, 0, 0.0
7, 1, 9, 0, 0, 0.0
7, 1, 10, 0, 0, 0.0
7, 1, 11, 0, 0, 0.0
7, 1, 12, 0, 0, 0.0
7, 1, 13, 0, 0, 0.0
7, 1, 14, 0, 0, 0.0
7, 1, 15, 0, 0, 0.0
7, 1, 16, 0, 0, 0.0
7, 1, 17, 0, 0, 0.0
7, 1, 18, 0, 0, 0.0
7, 1, 19, 0, 0, 0.0
7, 1, 20, 0, 0, 0.0
8, 0, 0, 328, 339, 5.036552579440468e-07
8, 0, 1, 337, 296, -0.009434165433049202
8, 0, 2, 353, 257, -0.024242175742983818
8, 0, 3, 366, 226, -0.03866126015782356
8, 0, 4, 366, 200, -0.0540277324616909
8, 0, 5, 385, 259, -0.03428119793534279
8, 0, 6, 424, 234, -0.05645733326673508
8, 0, 7, 452, 219, -0.07170803099870682
8, 0, 8, 474, 209, -0.08184520155191422
8, 0, 9, 397, 282, -0.04438038542866707
8, 0, 10, 442, 257, -0.06216160207986832
8, 0, 11, 472, 242, -0.07361402362585068
8, 0, 12, 497, 229, -0.0819845050573349
8, 0, 13, 405, 311, -0.054146815091371536
8, 0, 14, 449, 290, -0.070765919983387
8, 0, 15, 477, 277, -0.07601932436227798
8, 0, 16, 498, 265, -0.07946720719337463
8, 0, 17, 411, 343, -0.06413297355175018
8, 0, 18, 445, 333, -0.07686405628919601
8, 0, 19, 467, 325, -0.076357401907444
8, 0, 20, 486, 317, -0.07491335272789001
8, 1, 0, 0, 0, 0.0
8, 1, 1, 0, 0, 0.0
8, 1, 2, 0, 0, 0.0
8, 1, 3, 0, 0, 0.0
8, 1, 4, 0, 0, 0.0
8, 1, 5, 0, 0, 0.0
8, 1, 6, 0, 0, 0.0
8, 1, 7, 0, 0, 0.0
8, 1, 8, 0, 0, 0.0
8, 1, 9, 0, 0, 0.0
8, 1, 10, 0, 0, 0.0
8, 1, 11, 0, 0, 0.0
8, 1, 12, 0, 0, 0.0
8, 1, 13, 0, 0, 0.0
8, 1, 14, 0, 0, 0.0
8, 1, 15, 0, 0, 0.0
8, 1, 16, 0, 0, 0.0
8, 1, 17, 0, 0, 0.0
8, 1, 18, 0, 0, 0.0
8, 1, 19, 0, 0, 0.0
8, 1, 20, 0, 0, 0.0
9, 0, 0, 362, 259, -5.126522637510789e-07
9, 0, 1, 345, 249, 0.006592756602913141
9, 0, 2, 326, 239, 0.004723198711872101
9, 0, 3, 307, 233, -0.002656526630744338
9, 0, 4, 292, 228, -0.01011165976524353
9, 0, 5, 327, 204, 0.02536599338054657
9, 0, 6, 302, 219, 0.012508281506597996
9, 0, 7, 299, 236, -0.003663553623482585
9, 0, 8, 305, 251, -0.011923247016966343
9, 0, 9, 321, 199, 0.01609084941446781
9, 0, 10, 292, 218, 0.0038403726648539305
9, 0, 11, 294, 238, -0.010113918222486973
9, 0, 12, 305, 252, -0.016364246606826782
9, 0, 13, 314, 196, 0.005215954035520554
9, 0, 14, 286, 214, -0.0045836493372917175
9, 0, 15, 290, 233, -0.011955976486206055
9, 0, 16, 302, 245, -0.013590986840426922
9, 0, 17, 305, 195, -0.005704352632164955
9, 0, 18, 284, 207, -0.009714941494166851
9, 0, 19, 286, 222, -0.007935870438814163
9, 0, 20, 295, 231, -0.003758869366720319
9, 1, 0, 323, 366, 4.265783104528964e-07
9, 1, 1, 331, 325, -0.017017561942338943
9, 1, 2, 351, 288, -0.03275788947939873
9, 1, 3, 369, 257, -0.046728651970624924
9, 1, 4, 375, 230, -0.06176573410630226
9, 1, 5, 382, 295, -0.04928087815642357
9, 1, 6, 423, 261, -0.07695598155260086
9, 1, 7, 452, 244, -0.09326978772878647
9, 1, 8, 477, 232, -0.10338231921195984
9, 1, 9, 393, 318, -0.05754277482628822
9, 1, 10, 440, 288, -0.08194076269865036
9, 1, 11, 473, 270, -0.0965118557214737
9, 1, 12, 500, 256, -0.10613510012626648
9, 1, 13, 399, 348, -0.06579195708036423
9, 1, 14, 443, 326, -0.08994629979133606
9, 1, 15, 473, 311, -0.1024017408490181
9, 1, 16, 498, 299, -0.10987184941768646
9, 1, 17, 401, 381, -0.07427031546831131
9, 1, 18, 436, 373, -0.09557875990867615
9, 1, 19, 459, 366, -0.1021672710776329
9, 1, 20, 481, 358, -0.10523547977209091
10, 0, 0, 360, 251, -4.185921227417566e-07
10, 0, 1, 334, 260, 0.0038469485007226467
10, 0, 2, 318, 255, -0.0003069856611546129
10, 0, 3, 307, 252, -0.009349167346954346
10, 0, 4, 296, 246, -0.018679248169064522
10, 0, 5, 318, 214, 0.017789840698242188
10, 0, 6, 297, 226, 0.004518888890743256
10, 0, 7, 299, 238, -0.010604542680084705
10, 0, 8, 307, 249, -0.018713554367423058
10, 0, 9, 313, 206, 0.009531649760901928
10, 0, 10, 288, 224, -0.005383429583162069
10, 0, 11, 296, 240, -0.01920001395046711
10, 0, 12, 309, 251, -0.024575943127274513
10, 0, 13, 308, 200, -7.86010641604662e-05
10, 0, 14, 284, 218, -0.010299195535480976
10, 0, 15, 293, 235, -0.016350630670785904
10, 0, 16, 305, 244, -0.016993531957268715
10, 0, 17, 303, 196, -0.00999836903065443
10, 0, 18, 282, 209, -0.014493124559521675
10, 0, 19, 288, 223, -0.013132162392139435
10, 0, 20, 299, 230, -0.009228086099028587
10, 1, 0, 312, 374, 4.083481144334655e-07
10, 1, 1, 322, 330, -0.012020169757306576
10, 1, 2, 341, 294, -0.025674114003777504
10, 1, 3, 358, 267, -0.038623131811618805
10, 1, 4, 366, 243, -0.05247515067458153
10, 1, 5, 374, 307, -0.039853814989328384
10, 1, 6, 415, 277, -0.06555628776550293
10, 1, 7, 444, 260, -0.08123473823070526
10, 1, 8, 467, 248, -0.09112172573804855
10, 1, 9, 386, 330, -0.0492250882089138
10, 1, 10, 431, 305, -0.07248684018850327
10, 1, 11, 464, 288, -0.08746657520532608
10, 1, 12, 492, 275, -0.09766893088817596
10, 1, 13, 391, 358, -0.05870474502444267
10, 1, 14, 436, 339, -0.08305040746927261
10, 1, 15, 466, 326, -0.09649480134248734
10, 1, 16, 491, 314, -0.10431822389364243
10, 1, 17, 393, 387, -0.06800949573516846
10, 1, 18, 430, 385, -0.08957438915967941
10, 1, 19, 454, 381, -0.09739752113819122
10, 1, 20, 477, 376, -0.10117745399475098
11, 0, 0, 355, 241, -5.346290095076256e-07
11, 0, 1, 340, 255, 0.019976884126663208
11, 0, 2, 328, 257, 0.029613707214593887
11, 0, 3, 316, 259, 0.03219137340784073
11, 0, 4, 306, 257, 0.032411787658929825
11, 0, 5, 319, 221, 0.04243898391723633
11, 0, 6, 304, 231, 0.04547811672091484
11, 0, 7, 303, 245, 0.038538701832294464
11, 0, 8, 308, 256, 0.03430866450071335
11, 0, 9, 312, 213, 0.032724153250455856
11, 0, 10, 293, 228, 0.03789222240447998
11, 0, 11, 298, 246, 0.026378551498055458
11, 0, 12, 307, 258, 0.017761042341589928
11, 0, 13, 307, 206, 0.02321908250451088
11, 0, 14, 287, 221, 0.028109140694141388
11, 0, 15, 293, 240, 0.017875665798783302
11, 0, 16, 304, 252, 0.009982955642044544
11, 0, 17, 301, 200, 0.015544429421424866
11, 0, 18, 283, 213, 0.021351035684347153
11, 0, 19, 286, 226, 0.02217661216855049
11, 0, 20, 295, 237, 0.02257467992603779
11, 1, 0, 303, 360, 4.7142032144620316e-07
11, 1, 1, 310, 317, -0.012247779406607151
11, 1, 2, 325, 284, -0.026555754244327545
11, 1, 3, 337, 258, -0.04156826063990593
11, 1, 4, 339, 237, -0.05785626545548439
11, 1, 5, 371, 292, -0.029280809685587883
11, 1, 6, 404, 263, -0.05291379988193512
11, 1, 7, 430, 246, -0.07053183764219284
11, 1, 8, 451, 234, -0.08224479109048843
11, 1, 9, 382, 313, -0.03989517688751221
11, 1, 10, 423, 287, -0.06106583774089813
11, 1, 11, 453, 272, -0.07772348076105118
11, 1, 12, 479, 260, -0.08892985433340073
11, 1, 13, 387, 340, -0.05141107365489006
11, 1, 14, 427, 321, -0.07353053241968155
11, 1, 15, 454, 309, -0.08814635127782822
11, 1, 16, 476, 299, -0.09707458317279816
11, 1, 17, 387, 371, -0.06353498250246048
11, 1, 18, 421, 370, -0.08197031915187836
11, 1, 19, 443, 368, -0.08870469778776169
11, 1, 20, 462, 365, -0.09209387004375458
12, 0, 0, 339, 233, -4.253742815762962e-07
12, 0, 1, 333, 244, 0.007918085902929306
12, 0, 2, 325, 251, 0.007915329188108444
12, 0, 3, 316, 258, 0.003949729725718498
12, 0, 4, 307, 262, -0.0016770139336585999
12, 0, 5, 318, 223, 0.012595634907484055
12, 0, 6, 308, 235, 0.0077936057932674885
12, 0, 7, 309, 246, 0.00014047215518075973
12, 0, 8, 313, 252, -0.004545262083411217
12, 0, 9, 310, 216, 0.005560770630836487
12, 0, 10, 297, 234, 0.0023274600971490145
12, 0, 11, 302, 246, -0.005458993371576071
12, 0, 12, 310, 251, -0.011116674169898033
12, 0, 13, 302, 210, -0.0013184880372136831
12, 0, 14, 288, 227, -0.0050714039243757725
12, 0, 15, 296, 240, -0.009859099052846432
12, 0, 16, 305, 246, -0.01296316646039486
12, 0, 17, 294, 206, -0.007252101320773363
12, 0, 18, 280, 219, -0.009540938772261143
12, 0, 19, 287, 231, -0.007387989200651646
12, 0, 20, 297, 237, -0.004944006446748972
12, 1, 0, 299, 336, 5.420651518761588e-07
12, 1, 1, 308, 298, -0.010189180262386799
12, 1, 2, 324, 266, -0.021699797362089157
12, 1, 3, 337, 243, -0.03427201136946678
12, 1, 4, 340, 224, -0.04710156098008156
12, 1, 5, 366, 264, -0.0206899531185627
12, 1, 6, 405, 237, -0.0402047373354435
12, 1, 7, 430, 223, -0.05386217311024666
12, 1, 8, 450, 212, -0.06206657737493515
12, 1, 9, 375, 281, -0.02961871214210987
12, 1, 10, 419, 256, -0.04570189118385315
12, 1, 11, 448, 241, -0.05791960284113884
12, 1, 12, 471, 229, -0.06525930762290955
12, 1, 13, 381, 305, -0.039947979152202606
12, 1, 14, 420, 284, -0.05640174075961113
12, 1, 15, 447, 270, -0.06772356480360031
12, 1, 16, 467, 260, -0.07387789338827133
12, 1, 17, 383, 335, -0.05109643191099167
12, 1, 18, 416, 332, -0.06372586637735367
12, 1, 19, 437, 328, -0.067999929189682
12, 1, 20, 455, 324, -0.06928116828203201
13, 0, 0, 338, 235, -4.630540502148506e-07
13, 0, 1, 331, 246, 0.010729877278208733
13, 0, 2, 320, 251, 0.013554448261857033
13, 0, 3, 311, 258, 0.011895961128175259
13, 0, 4, 303, 261, 0.00887210387736559
13, 0, 5, 316, 222, 0.018569093197584152
13, 0, 6, 303, 232, 0.014897610060870647
13, 0, 7, 305, 244, 0.007307758089154959
13, 0, 8, 311, 252, 0.002762428717687726
13, 0, 9, 309, 215, 0.011502640321850777
13, 0, 10, 293, 233, 0.008099581114947796
13, 0, 11, 298, 246, -0.0018327671568840742
13, 0, 12, 308, 253, -0.00798141397535801
13, 0, 13, 302, 208, 0.004803725518286228
13, 0, 14, 285, 228, 0.0031302999705076218
13, 0, 15, 292, 241, -0.003263989696279168
13, 0, 16, 303, 248, -0.0070213270373642445
13, 0, 17, 294, 202, -0.0008394705946557224
13, 0, 18, 280, 218, -0.0006094668642617762
13, 0, 19, 286, 229, 0.0008005644776858389
13, 0, 20, 295, 235, 0.0028255025390535593
13, 1, 0, 301, 332, 5.226722237239301e-07
13, 1, 1, 310, 296, -0.007659305352717638
13, 1, 2, 330, 264, -0.018308769911527634
13, 1, 3, 346, 241, -0.030099961906671524
13, 1, 4, 350, 223, -0.042192135006189346
13, 1, 5, 369, 258, -0.023958181962370872
13, 1, 6, 410, 233, -0.04571814835071564
13, 1, 7, 437, 221, -0.0601077638566494
13, 1, 8, 458, 211, -0.06914982199668884
13, 1, 9, 378, 274, -0.03545607998967171
13, 1, 10, 423, 247, -0.05498337373137474
13, 1, 11, 455, 232, -0.06862400472164154
13, 1, 12, 482, 222, -0.07703447341918945
13, 1, 13, 382, 299, -0.047851838171482086
13, 1, 14, 424, 274, -0.06956283003091812
13, 1, 15, 453, 258, -0.08406214416027069
13, 1, 16, 477, 246, -0.09248393028974533
13, 1, 17, 383, 331, -0.06023582071065903
13, 1, 18, 418, 326, -0.07941810041666031
13, 1, 19, 442, 321, -0.0876542329788208
13, 1, 20, 463, 314, -0.09182348847389221
14, 0, 0, 338, 237, -5.326857035470312e-07
14, 0, 1, 328, 245, 0.009434583596885204
14, 0, 2, 317, 247, 0.011199363507330418
14, 0, 3, 311, 252, 0.009010570123791695
14, 0, 4, 304, 254, 0.005470651667565107
14, 0, 5, 313, 217, 0.015473799780011177
14, 0, 6, 300, 230, 0.009809048846364021
14, 0, 7, 302, 245, 0.0011811722069978714
14, 0, 8, 306, 258, -0.0034627888817340136
14, 0, 9, 307, 210, 0.00893204752355814
14, 0, 10, 292, 230, 0.003897314891219139
14, 0, 11, 298, 248, -0.005829415284097195
14, 0, 12, 308, 259, -0.01149920653551817
14, 0, 13, 302, 203, 0.0026831235736608505
14, 0, 14, 285, 225, -0.0007473071455024183
14, 0, 15, 293, 242, -0.007942607626318932
14, 0, 16, 303, 251, -0.011764896102249622
14, 0, 17, 296, 198, -0.002497581299394369
14, 0, 18, 281, 213, -0.0037582642398774624
14, 0, 19, 286, 226, -0.003405216382816434
14, 0, 20, 295, 233, -0.001858414732851088
14, 1, 0, 314, 354, 5.098991096019745e-07
14, 1, 1, 324, 312, -0.010915368795394897
14, 1, 2, 337, 277, -0.027799755334854126
14, 1, 3, 344, 253, -0.046374402940273285
14, 1, 4, 344, 240, -0.06658975780010223
14, 1, 5, 378, 273, -0.03208558261394501
14, 1, 6, 415, 245, -0.057661984115839005
14, 1, 7, 442, 230, -0.07651504874229431
14, 1, 8, 464, 221, -0.08880995213985443
14, 1, 9, 390, 293, -0.04448482766747475
14, 1, 10, 432, 264, -0.0666312426328659
14, 1, 11, 463, 248, -0.08275265991687775
14, 1, 12, 489, 239, -0.09302249550819397
14, 1, 13, 397, 321, -0.057562340050935745
14, 1, 14, 439, 296, -0.07928816974163055
14, 1, 15, 469, 284, -0.09255993366241455
14, 1, 16, 493, 275, -0.10041926801204681
14, 1, 17, 400, 355, -0.0711355060338974
14, 1, 18, 433, 351, -0.08877475559711456
14, 1, 19, 456, 347, -0.09342211484909058
14, 1, 20, 475, 344, -0.09493376314640045
15, 0, 0, 334, 241, -5.167102017367142e-07
15, 0, 1, 325, 243, 0.009940228424966335
15, 0, 2, 314, 240, 0.014045104384422302
15, 0, 3, 304, 240, 0.014347939752042294
15, 0, 4, 297, 240, 0.013543166220188141
15, 0, 5, 318, 212, 0.022176014259457588
15, 0, 6, 303, 227, 0.018279187381267548
15, 0, 7, 300, 242, 0.010102571919560432
15, 0, 8, 304, 255, 0.005655868444591761
15, 0, 9, 311, 206, 0.01649053394794464
15, 0, 10, 292, 229, 0.013242003507912159
15, 0, 11, 297, 246, 0.004252723418176174
15, 0, 12, 306, 256, -0.0008153349626809359
15, 0, 13, 303, 202, 0.010782336816191673
15, 0, 14, 284, 226, 0.009323596023023129
15, 0, 15, 291, 242, 0.0026065530255436897
15, 0, 16, 302, 250, -0.0012195879826322198
15, 0, 17, 295, 200, 0.0058946069329977036
15, 0, 18, 280, 218, 0.0059870206750929356
15, 0, 19, 286, 229, 0.005915306508541107
15, 0, 20, 295, 235, 0.00704501336440444
15, 1, 0, 320, 383, 3.7997315871507453e-07
15, 1, 1, 331, 340, -0.01542982179671526
15, 1, 2, 350, 305, -0.030679916962981224
15, 1, 3, 366, 277, -0.0447169728577137
15, 1, 4, 372, 252, -0.059708207845687866
15, 1, 5, 385, 317, -0.045004118233919144
15, 1, 6, 428, 286, -0.07080810517072678
15, 1, 7, 456, 269, -0.08661164343357086
15, 1, 8, 480, 257, -0.09674851596355438
15, 1, 9, 399, 342, -0.053705282509326935
15, 1, 10, 445, 317, -0.07619290798902512
15, 1, 11, 477, 299, -0.09162481874227524
15, 1, 12, 504, 285, -0.10272448509931564
15, 1, 13, 406, 370, -0.06239062175154686
15, 1, 14, 451, 356, -0.08569727092981339
15, 1, 15, 481, 346, -0.09962312877178192
15, 1, 16, 507, 336, -0.10847076773643494
15, 1, 17, 408, 400, -0.07120918482542038
15, 1, 18, 443, 399, -0.09139138460159302
15, 1, 19, 467, 398, -0.09779805690050125
15, 1, 20, 488, 395, -0.10099481791257858
16, 0, 0, 338, 238, -3.993664279278164e-07
16, 0, 1, 325, 243, 0.00222822860814631
16, 0, 2, 313, 246, -0.0013952358858659863
16, 0, 3, 305, 253, -0.008546216413378716
16, 0, 4, 301, 261, -0.016542503610253334
16, 0, 5, 318, 209, 0.012685262598097324
16, 0, 6, 302, 227, 0.0008608343196101487
16, 0, 7, 303, 244, -0.012560400180518627
16, 0, 8, 310, 257, -0.01977592147886753
16, 0, 9, 310, 204, 0.0066999648697674274
16, 0, 10, 293, 226, -0.0036085222382098436
16, 0, 11, 297, 244, -0.013804277405142784
16, 0, 12, 307, 254, -0.018676724284887314
16, 0, 13, 302, 203, -0.0005962363793514669
16, 0, 14, 285, 225, -0.00938347913324833
16, 0, 15, 291, 241, -0.01575232669711113
16, 0, 16, 301, 250, -0.017777472734451294
16, 0, 17, 293, 205, -0.0079810731112957
16, 0, 18, 279, 221, -0.014374790713191032
16, 0, 19, 284, 234, -0.015601903200149536
16, 0, 20, 294, 241, -0.014150571078062057
16, 1, 0, 322, 386, 4.5425642269947275e-07
16, 1, 1, 331, 342, -0.014306262135505676
16, 1, 2, 352, 307, -0.02836143597960472
16, 1, 3, 368, 279, -0.04133188724517822
16, 1, 4, 375, 254, -0.05535759776830673
16, 1, 5, 386, 322, -0.04093523323535919
16, 1, 6, 430, 295, -0.06437043100595474
16, 1, 7, 460, 281, -0.07823630422353745
16, 1, 8, 484, 270, -0.08699217438697815
16, 1, 9, 398, 346, -0.04888550192117691
16, 1, 10, 445, 324, -0.06985548138618469
16, 1, 11, 479, 308, -0.084136962890625
16, 1, 12, 508, 295, -0.0942649319767952
16, 1, 13, 404, 375, -0.05702788010239601
16, 1, 14, 451, 360, -0.07984594255685806
16, 1, 15, 483, 349, -0.09418781846761703
16, 1, 16, 510, 339, -0.10304072499275208
16, 1, 17, 405, 404, -0.06509864330291748
16, 1, 18, 445, 406, -0.08560880273580551
16, 1, 19, 472, 407, -0.09381072968244553
16, 1, 20, 497, 406, -0.09809384495019913
17, 0, 0, 335, 244, -4.5444897978086374e-07
17, 0, 1, 326, 241, 0.0011071048211306334
17, 0, 2, 313, 237, 0.0006235921173356473
17, 0, 3, 302, 236, -0.0017575134988874197
17, 0, 4, 293, 236, -0.00454912893474102
17, 0, 5, 319, 212, 0.00888665672391653
17, 0, 6, 304, 228, -0.002624573651701212
17, 0, 7, 301, 245, -0.013830278068780899
17, 0, 8, 307, 259, -0.01908380538225174
17, 0, 9, 310, 208, 0.005642928648740053
17, 0, 10, 292, 228, -0.0044625489972531796
17, 0, 11, 295, 247, -0.012854056432843208
17, 0, 12, 305, 258, -0.016284190118312836
17, 0, 13, 301, 207, 0.001372414524666965
17, 0, 14, 283, 228, -0.007740110158920288
17, 0, 15, 288, 246, -0.01266256719827652
17, 0, 16, 299, 255, -0.013520831242203712
17, 0, 17, 291, 208, -0.002733432687819004
17, 0, 18, 278, 226, -0.009530660696327686
17, 0, 19, 282, 239, -0.010257316753268242
17, 0, 20, 291, 245, -0.008154945448040962
17, 1, 0, 318, 381, 5.204623789722973e-07
17, 1, 1, 328, 337, -0.014191932044923306
17, 1, 2, 346, 300, -0.030063258484005928
17, 1, 3, 362, 272, -0.04481224715709686
17, 1, 4, 369, 247, -0.06106393039226532
17, 1, 5, 382, 316, -0.04465353116393089
17, 1, 6, 427, 289, -0.07141433656215668
17, 1, 7, 457, 275, -0.08789565414190292
17, 1, 8, 483, 266, -0.09861120581626892
17, 1, 9, 394, 340, -0.053593821823596954
17, 1, 10, 444, 316, -0.07824665307998657
17, 1, 11, 477, 301, -0.09467482566833496
17, 1, 12, 506, 289, -0.10644568502902985
17, 1, 13, 400, 368, -0.06271564215421677
17, 1, 14, 449, 351, -0.08891794085502625
17, 1, 15, 481, 340, -0.10560326278209686
17, 1, 16, 508, 330, -0.11632472276687622
17, 1, 17, 401, 398, -0.07160952687263489
17, 1, 18, 441, 400, -0.0956183448433876
17, 1, 19, 468, 402, -0.10621961206197739
17, 1, 20, 493, 404, -0.11241786926984787
18, 0, 0, 337, 246, -4.097095427368913e-07
18, 0, 1, 330, 240, 0.0030385246500372887
18, 0, 2, 317, 235, 0.0034237706568092108
18, 0, 3, 304, 235, 0.001126543735153973
18, 0, 4, 293, 237, -0.0016048818361014128
18, 0, 5, 323, 210, 0.014266201294958591
18, 0, 6, 306, 224, 0.0035210647620260715
18, 0, 7, 303, 240, -0.007763589732348919
18, 0, 8, 308, 254, -0.013373657129704952
18, 0, 9, 313, 207, 0.009813892655074596
18, 0, 10, 293, 225, -0.00012402795255184174
18, 0, 11, 296, 243, -0.009350312873721123
18, 0, 12, 306, 254, -0.01310949120670557
18, 0, 13, 303, 207, 0.004122322425246239
18, 0, 14, 283, 227, -0.005298514850437641
18, 0, 15, 289, 244, -0.011084538884460926
18, 0, 16, 300, 253, -0.012337089516222477
18, 0, 17, 292, 210, -0.0013047116808593273
18, 0, 18, 278, 229, -0.009465735405683517
18, 0, 19, 283, 242, -0.011413995176553726
18, 0, 20, 293, 248, -0.00987792108207941
18, 1, 0, 304, 388, 4.323100313285977e-07
18, 1, 1, 318, 347, -0.009644108824431896
18, 1, 2, 340, 312, -0.023152871057391167
18, 1, 3, 358, 285, -0.03626279532909393
18, 1, 4, 369, 262, -0.05028088018298149
18, 1, 5, 373, 321, -0.03938446193933487
18, 1, 6, 421, 295, -0.06387995183467865
18, 1, 7, 452, 282, -0.0777677521109581
18, 1, 8, 476, 274, -0.08577726781368256
18, 1, 9, 382, 345, -0.04926064610481262
18, 1, 10, 435, 323, -0.07135622948408127
18, 1, 11, 471, 309, -0.08462625741958618
18, 1, 12, 499, 299, -0.09334776550531387
18, 1, 13, 387, 374, -0.05892278626561165
18, 1, 14, 440, 358, -0.08084883540868759
18, 1, 15, 473, 347, -0.0927748829126358
18, 1, 16, 500, 338, -0.09982337802648544
18, 1, 17, 387, 404, -0.06812429428100586
18, 1, 18, 428, 403, -0.08738801628351212
18, 1, 19, 455, 399, -0.09410116076469421
18, 1, 20, 480, 393, -0.09705562144517899
19, 0, 0, 342, 255, -3.8852951433909766e-07
19, 0, 1, 344, 238, 0.0032267647329717875
19, 0, 2, 331, 230, 0.004635051358491182
19, 0, 3, 314, 231, 0.0033906172029674053
19, 0, 4, 302, 233, 0.001691174111329019
19, 0, 5, 331, 215, 0.012259190902113914
19, 0, 6, 312, 223, 0.002257840009406209
19, 0, 7, 308, 238, -0.00706818513572216
19, 0, 8, 312, 251, -0.011485496535897255
19, 0, 9, 319, 214, 0.008109920658171177
19, 0, 10, 299, 227, -0.0011089335894212127
19, 0, 11, 299, 246, -0.009394952096045017
19, 0, 12, 308, 259, -0.012442435137927532
19, 0, 13, 307, 216, 0.002988576190546155
19, 0, 14, 288, 234, -0.006965487264096737
19, 0, 15, 292, 253, -0.013137733563780785
19, 0, 16, 302, 265, -0.014279610477387905
19, 0, 17, 297, 221, -0.0016638876404613256
19, 0, 18, 283, 239, -0.010849368758499622
19, 0, 19, 286, 253, -0.013779468834400177
19, 0, 20, 294, 262, -0.012784396298229694
19, 1, 0, 289, 412, 2.0532355904379074e-07
19, 1, 1, 304, 372, -0.010571695864200592
19, 1, 2, 331, 335, -0.028249351307749748
19, 1, 3, 352, 309, -0.044698040932416916
19, 1, 4, 363, 290, -0.0616568997502327
19, 1, 5, 368, 351, -0.04470914974808693
19, 1, 6, 412, 333, -0.06876228004693985
19, 1, 7, 438, 325, -0.08370885998010635
19, 1, 8, 457, 319, -0.09226993471384048
19, 1, 9, 375, 380, -0.05311046540737152
19, 1, 10, 423, 363, -0.0708838701248169
19, 1, 11, 452, 354, -0.0776083692908287
19, 1, 12, 476, 348, -0.0822313129901886
19, 1, 13, 377, 410, -0.06084825471043587
19, 1, 14, 425, 396, -0.07596158236265182
19, 1, 15, 452, 387, -0.0729142501950264
19, 1, 16, 474, 380, -0.07001738995313644
19, 1, 17, 374, 442, -0.06890708953142166
19, 1, 18, 414, 433, -0.07996077835559845
19, 1, 19, 436, 425, -0.07357034087181091
19, 1, 20, 453, 417, -0.06684426218271255
20, 0, 0, 341, 262, -1.513994050128531e-07
20, 0, 1, 346, 247, 0.0023078920785337687
20, 0, 2, 339, 234, 0.002597950166091323
20, 0, 3, 328, 233, 0.001099610817618668
20, 0, 4, 318, 237, -0.0009935642592608929
20, 0, 5, 330, 221, 0.006271478720009327
20, 0, 6, 319, 227, 0.00042525678873062134
20, 0, 7, 319, 235, -0.0066512273624539375
20, 0, 8, 324, 241, -0.010917902924120426
20, 0, 9, 319, 225, 0.002052590250968933
20, 0, 10, 309, 231, -5.6825516367098317e-05
20, 0, 11, 309, 239, -0.003635944565758109
20, 0, 12, 315, 245, -0.006132582202553749
20, 0, 13, 308, 234, -0.002591404365375638
20, 0, 14, 299, 238, -0.005002293735742569
20, 0, 15, 300, 246, -0.005323070101439953
20, 0, 16, 306, 250, -0.005727463401854038
20, 0, 17, 300, 245, -0.00715963589027524
20, 0, 18, 292, 250, -0.009241568855941296
20, 0, 19, 295, 258, -0.006723321508616209
20, 0, 20, 299, 263, -0.004053493961691856
20, 1, 0, 276, 434, -9.450415916489874e-08
20, 1, 1, 292, 397, -0.003957027569413185
20, 1, 2, 327, 364, -0.005933002568781376
20, 1, 3, 351, 342, -0.008707107976078987
20, 1, 4, 362, 323, -0.01046102773398161
20, 1, 5, 363, 391, -0.003767910413444042
20, 1, 6, 403, 383, -0.011119145900011063
20, 1, 7, 421, 378, -0.01696549542248249
20, 1, 8, 429, 374, -0.019977321848273277
20, 1, 9, 368, 416, -0.007877297699451447
20, 1, 10, 408, 409, -0.009885459206998348
20, 1, 11, 422, 403, -0.012394514866173267
20, 1, 12, 428, 399, -0.014811343513429165
20, 1, 13, 368, 440, -0.012701649218797684
20, 1, 14, 408, 437, -0.014451668597757816
20, 1, 15, 421, 429, -0.010450330562889576
20, 1, 16, 427, 425, -0.007833251729607582
20, 1, 17, 365, 462, -0.018099427223205566
20, 1, 18, 399, 461, -0.017656398937106133
20, 1, 19, 412, 455, -0.010081510990858078
20, 1, 20, 417, 450, -0.003913243301212788
21, 0, 0, 0, 0, 0.0
21, 0, 1, 0, 0, 0.0
21, 0, 2, 0, 0, 0.0
21, 0, 3, 0, 0, 0.0
21, 0, 4, 0, 0, 0.0
21, 0, 5, 0, 0, 0.0
21, 0, 6, 0, 0, 0.0
21, 0, 7, 0, 0, 0.0
21, 0, 8, 0, 0, 0.0
21, 0, 9, 0, 0, 0.0
21, 0, 10, 0, 0, 0.0
21, 0, 11, 0, 0, 0.0
21, 0, 12, 0, 0, 0.0
21, 0, 13, 0, 0, 0.0
21, 0, 14, 0, 0, 0.0
21, 0, 15, 0, 0, 0.0
21, 0, 16, 0, 0, 0.0
21, 0, 17, 0, 0, 0.0
21, 0, 18, 0, 0, 0.0
21, 0, 19, 0, 0, 0.0
21, 0, 20, 0, 0, 0.0
21, 1, 0, 0, 0, 0.0
21, 1, 1, 0, 0, 0.0
21, 1, 2, 0, 0, 0.0
21, 1, 3, 0, 0, 0.0
21, 1, 4, 0, 0, 0.0
21, 1, 5, 0, 0, 0.0
21, 1, 6, 0, 0, 0.0
21, 1, 7, 0, 0, 0.0
21, 1, 8, 0, 0, 0.0
21, 1, 9, 0, 0, 0.0
21, 1, 10, 0, 0, 0.0
21, 1, 11, 0, 0, 0.0
21, 1, 12, 0, 0, 0.0
21, 1, 13, 0, 0, 0.0
21, 1, 14, 0, 0, 0.0
21, 1, 15, 0, 0, 0.0
21, 1, 16, 0, 0, 0.0
21, 1, 17, 0, 0, 0.0
21, 1, 18, 0, 0, 0.0
21, 1, 19, 0, 0, 0.0
21, 1, 20, 0, 0, 0.0
22, 0, 0, 0, 0, 0.0
22, 0, 1, 0, 0, 0.0
22, 0, 2, 0, 0, 0.0
22, 0, 3, 0, 0, 0.0
22, 0, 4, 0, 0, 0.0
22, 0, 5, 0, 0, 0.0
22, 0, 6, 0, 0, 0.0
22, 0, 7, 0, 0, 0.0
22, 0, 8, 0, 0, 0.0
22, 0, 9, 0, 0, 0.0
22, 0, 10, 0, 0, 0.0
22, 0, 11, 0, 0, 0.0
22, 0, 12, 0, 0, 0.0
22, 0, 13, 0, 0, 0.0
22, 0, 14, 0, 0, 0.0
22, 0, 15, 0, 0, 0.0
22, 0, 16, 0, 0, 0.0
22, 0, 17, 0, 0, 0.0
22, 0, 18, 0, 0, 0.0
22, 0, 19, 0, 0, 0.0
22, 0, 20, 0, 0, 0.0
22, 1, 0, 0, 0, 0.0
22, 1, 1, 0, 0, 0.0
22, 1, 2, 0, 0, 0.0
22, 1, 3, 0, 0, 0.0
22, 1, 4, 0, 0, 0.0
22, 1, 5, 0, 0, 0.0
22, 1, 6, 0, 0, 0.0
22, 1, 7, 0, 0, 0.0
22, 1, 8, 0, 0, 0.0
22, 1, 9, 0, 0, 0.0
22, 1, 10, 0, 0, 0.0
22, 1, 11, 0, 0, 0.0
22, 1, 12, 0, 0, 0.0
22, 1, 13, 0, 0, 0.0
22, 1, 14, 0, 0, 0.0
22, 1, 15, 0, 0, 0.0
22, 1, 16, 0, 0, 0.0
22, 1, 17, 0, 0, 0.0
22, 1, 18, 0, 0, 0.0
22, 1, 19, 0, 0, 0.0
22, 1, 20, 0, 0, 0.0
23, 0, 0, 0, 0, 0.0
23, 0, 1, 0, 0, 0.0
23, 0, 2, 0, 0, 0.0
23, 0, 3, 0, 0, 0.0
23, 0, 4, 0, 0, 0.0
23, 0, 5, 0, 0, 0.0
23, 0, 6, 0, 0, 0.0
23, 0, 7, 0, 0, 0.0
23, 0, 8, 0, 0, 0.0
23, 0, 9, 0, 0, 0.0
23, 0, 10, 0, 0, 0.0
23, 0, 11, 0, 0, 0.0
23, 0, 12, 0, 0, 0.0
23, 0, 13, 0, 0, 0.0
23, 0, 14, 0, 0, 0.0
23, 0, 15, 0, 0, 0.0
23, 0, 16, 0, 0, 0.0
23, 0, 17, 0, 0, 0.0
23, 0, 18, 0, 0, 0.0
23, 0, 19, 0, 0, 0.0
23, 0, 20, 0, 0, 0.0
23, 1, 0, 0, 0, 0.0
23, 1, 1, 0, 0, 0.0
23, 1, 2, 0, 0, 0.0
23, 1, 3, 0, 0, 0.0
23, 1, 4, 0, 0, 0.0
23, 1, 5, 0, 0, 0.0
23, 1, 6, 0, 0, 0.0
23, 1, 7, 0, 0, 0.0
23, 1, 8, 0, 0, 0.0
23, 1, 9, 0, 0, 0.0
23, 1, 10, 0, 0, 0.0
23, 1, 11, 0, 0, 0.0
23, 1, 12, 0, 0, 0.0
23, 1, 13, 0, 0, 0.0
23, 1, 14, 0, 0, 0.0
23, 1, 15, 0, 0, 0.0
23, 1, 16, 0, 0, 0.0
23, 1, 17, 0, 0, 0.0
23, 1, 18, 0, 0, 0.0
23, 1, 19, 0, 0, 0.0
23, 1, 20, 0, 0, 0.0
24, 0, 0, 0, 0, 0.0
24, 0, 1, 0, 0, 0.0
24, 0, 2, 0, 0, 0.0
24, 0, 3, 0, 0, 0.0
24, 0, 4, 0, 0, 0.0
24, 0, 5, 0, 0, 0.0
24, 0, 6, 0, 0, 0.0
24, 0, 7, 0, 0, 0.0
24, 0, 8, 0, 0, 0.0
24, 0, 9, 0, 0, 0.0
24, 0, 10, 0, 0, 0.0
24, 0, 11, 0, 0, 0.0
24, 0, 12, 0, 0, 0.0
24, 0, 13, 0, 0, 0.0
24, 0, 14, 0, 0, 0.0
24, 0, 15, 0, 0, 0.0
24, 0, 16, 0, 0, 0.0
24, 0, 17, 0, 0, 0.0
24, 0, 18, 0, 0, 0.0
24, 0, 19, 0, 0, 0.0
24, 0, 20, 0, 0, 0.0
24, 1, 0, 0, 0, 0.0
24, 1, 1, 0, 0, 0.0
24, 1, 2, 0, 0, 0.0
24, 1, 3, 0, 0, 0.0
24, 1, 4, 0, 0, 0.0
24, 1, 5, 0, 0, 0.0
24, 1, 6, 0, 0, 0.0
24, 1, 7, 0, 0, 0.0
24, 1, 8, 0, 0, 0.0
24, 1, 9, 0, 0, 0.0
24, 1, 10, 0, 0, 0.0
24, 1, 11, 0, 0, 0.0
24, 1, 12, 0, 0, 0.0
24, 1, 13, 0, 0, 0.0
24, 1, 14, 0, 0, 0.0
24, 1, 15, 0, 0, 0.0
24, 1, 16, 0, 0, 0.0
24, 1, 17, 0, 0, 0.0
24, 1, 18, 0, 0, 0.0
24, 1, 19, 0, 0, 0.0
24, 1, 20, 0, 0, 0.0
25, 0, 0, 0, 0, 0.0
25, 0, 1, 0, 0, 0.0
25, 0, 2, 0, 0, 0.0
25, 0, 3, 0, 0, 0.0
25, 0, 4, 0, 0, 0.0
25, 0, 5, 0, 0, 0.0
25, 0, 6, 0, 0, 0.0
25, 0, 7, 0, 0, 0.0
25, 0, 8, 0, 0, 0.0
25, 0, 9, 0, 0, 0.0
25, 0, 10, 0, 0, 0.0
25, 0, 11, 0, 0, 0.0
25, 0, 12, 0, 0, 0.0
25, 0, 13, 0, 0, 0.0
25, 0, 14, 0, 0, 0.0
25, 0, 15, 0, 0, 0.0
25, 0, 16, 0, 0, 0.0
25, 0, 17, 0, 0, 0.0
25, 0, 18, 0, 0, 0.0
25, 0, 19, 0, 0, 0.0
25, 0, 20, 0, 0, 0.0
25, 1, 0, 0, 0, 0.0
25, 1, 1, 0, 0, 0.0
25, 1, 2, 0, 0, 0.0
25, 1, 3, 0, 0, 0.0
25, 1, 4, 0, 0, 0.0
25, 1, 5, 0, 0, 0.0
25, 1, 6, 0, 0, 0.0
25, 1, 7, 0, 0, 0.0
25, 1, 8, 0, 0, 0.0
25, 1, 9, 0, 0, 0.0
25, 1, 10, 0, 0, 0.0
25, 1, 11, 0, 0, 0.0
25, 1, 12, 0, 0, 0.0
25, 1, 13, 0, 0, 0.0
25, 1, 14, 0, 0, 0.0
25, 1, 15, 0, 0, 0.0
25, 1, 16, 0, 0, 0.0
25, 1, 17, 0, 0, 0.0
25, 1, 18, 0, 0, 0.0
25, 1, 19, 0, 0, 0.0
25, 1, 20, 0, 0, 0.0
26, 0, 0, 0, 0, 0.0
26, 0, 1, 0, 0, 0.0
26, 0, 2, 0, 0, 0.0
26, 0, 3, 0, 0, 0.0
26, 0, 4, 0, 0, 0.0
26, 0, 5, 0, 0, 0.0
26, 0, 6, 0, 0, 0.0
26, 0, 7, 0, 0, 0.0
26, 0, 8, 0, 0, 0.0
26, 0, 9, 0, 0, 0.0
26, 0, 10, 0, 0, 0.0
26, 0, 11, 0, 0, 0.0
26, 0, 12, 0, 0, 0.0
26, 0, 13, 0, 0, 0.0
26, 0, 14, 0, 0, 0.0
26, 0, 15, 0, 0, 0.0
26, 0, 16, 0, 0, 0.0
26, 0, 17, 0, 0, 0.0
26, 0, 18, 0, 0, 0.0
26, 0, 19, 0, 0, 0.0
26, 0, 20, 0, 0, 0.0
26, 1, 0, 0, 0, 0.0
26, 1, 1, 0, 0, 0.0
26, 1, 2, 0, 0, 0.0
26, 1, 3, 0, 0, 0.0
26, 1, 4, 0, 0, 0.0
26, 1, 5, 0, 0, 0.0
26, 1, 6, 0, 0, 0.0
26, 1, 7, 0, 0, 0.0
26, 1, 8, 0, 0, 0.0
26, 1, 9, 0, 0, 0.0
26, 1, 10, 0, 0, 0.0
26, 1, 11, 0, 0, 0.0
26, 1, 12, 0, 0, 0.0
26, 1, 13, 0, 0, 0.0
26, 1, 14, 0, 0, 0.0
26, 1, 15, 0, 0, 0.0
26, 1, 16, 0, 0, 0.0
26, 1, 17, 0, 0, 0.0
26, 1, 18, 0, 0, 0.0
26, 1, 19, 0, 0, 0.0
26, 1, 20, 0, 0, 0.0
27, 0, 0, 0, 0, 0.0
27, 0, 1, 0, 0, 0.0
27, 0, 2, 0, 0, 0.0
27, 0, 3, 0, 0, 0.0
27, 0, 4, 0, 0, 0.0
27, 0, 5, 0, 0, 0.0
27, 0, 6, 0, 0, 0.0
27, 0, 7, 0, 0, 0.0
27, 0, 8, 0, 0, 0.0
27, 0, 9, 0, 0, 0.0
27, 0, 10, 0, 0, 0.0
27, 0, 11, 0, 0, 0.0
27, 0, 12, 0, 0, 0.0
27, 0, 13, 0, 0, 0.0
27, 0, 14, 0, 0, 0.0
27, 0, 15, 0, 0, 0.0
27, 0, 16, 0, 0, 0.0
27, 0, 17, 0, 0, 0.0
27, 0, 18, 0, 0, 0.0
27, 0, 19, 0, 0, 0.0
27, 0, 20, 0, 0, 0.0
27, 1, 0, 0, 0, 0.0
27, 1, 1, 0, 0, 0.0
27, 1, 2, 0, 0, 0.0
27, 1, 3, 0, 0, 0.0
27, 1, 4, 0, 0, 0.0
27, 1, 5, 0, 0, 0.0
27, 1, 6, 0, 0, 0.0
27, 1, 7, 0, 0, 0.0
27, 1, 8, 0, 0, 0.0
27, 1, 9, 0, 0, 0.0
27, 1, 10, 0, 0, 0.0
27, 1, 11, 0, 0, 0.0
27, 1, 12, 0, 0, 0.0
27, 1, 13, 0, 0, 0.0
27, 1, 14, 0, 0, 0.0
27, 1, 15, 0, 0, 0.0
27, 1, 16, 0, 0, 0.0
27, 1, 17, 0, 0, 0.0
27, 1, 18, 0, 0, 0.0
27, 1, 19, 0, 0, 0.0
27, 1, 20, 0, 0, 0.0
28, 0, 0, 0, 0, 0.0
28, 0, 1, 0, 0, 0.0
28, 0, 2, 0, 0, 0.0
28, 0, 3, 0, 0, 0.0
28, 0, 4, 0, 0, 0.0
28, 0, 5, 0, 0, 0.0
28, 0, 6, 0, 0, 0.0
28, 0, 7, 0, 0, 0.0
28, 0, 8, 0, 0, 0.0
28, 0, 9, 0, 0, 0.0
28, 0, 10, 0, 0, 0.0
28, 0, 11, 0, 0, 0.0
28, 0, 12, 0, 0, 0.0
28, 0, 13, 0, 0, 0.0
28, 0, 14, 0, 0, 0.0
28, 0, 15, 0, 0, 0.0
28, 0, 16, 0, 0, 0.0
28, 0, 17, 0, 0, 0.0
28, 0, 18, 0, 0, 0.0
28, 0, 19, 0, 0, 0.0
28, 0, 20, 0, 0, 0.0
28, 1, 0, 0, 0, 0.0
28, 1, 1, 0, 0, 0.0
28, 1, 2, 0, 0, 0.0
28, 1, 3, 0, 0, 0.0
28, 1, 4, 0, 0, 0.0
28, 1, 5, 0, 0, 0.0
28, 1, 6, 0, 0, 0.0
28, 1, 7, 0, 0, 0.0
28, 1, 8, 0, 0, 0.0
28, 1, 9, 0, 0, 0.0
28, 1, 10, 0, 0, 0.0
28, 1, 11, 0, 0, 0.0
28, 1, 12, 0, 0, 0.0
28, 1, 13, 0, 0, 0.0
28, 1, 14, 0, 0, 0.0
28, 1, 15, 0, 0, 0.0
28, 1, 16, 0, 0, 0.0
28, 1, 17, 0, 0, 0.0
28, 1, 18, 0, 0, 0.0
28, 1, 19, 0, 0, 0.0
28, 1, 20, 0, 0, 0.0
29, 0, 0, 0, 0, 0.0
29, 0, 1, 0, 0, 0.0
29, 0, 2, 0, 0, 0.0
29, 0, 3, 0, 0, 0.0
29, 0, 4, 0, 0, 0.0
29, 0, 5, 0, 0, 0.0
29, 0, 6, 0, 0, 0.0
29, 0, 7, 0, 0, 0.0
29, 0, 8, 0, 0, 0.0
29, 0, 9, 0, 0, 0.0
29, 0, 10, 0, 0, 0.0
29, 0, 11, 0, 0, 0.0
29, 0, 12, 0, 0, 0.0
29, 0, 13, 0, 0, 0.0
29, 0, 14, 0, 0, 0.0
29, 0, 15, 0, 0, 0.0
29, 0, 16, 0, 0, 0.0
29, 0, 17, 0, 0, 0.0
29, 0, 18, 0, 0, 0.0
29, 0, 19, 0, 0, 0.0
29, 0, 20, 0, 0, 0.0
29, 1, 0, 0, 0, 0.0
29, 1, 1, 0, 0, 0.0
29, 1, 2, 0, 0, 0.0
29, 1, 3, 0, 0, 0.0
29, 1, 4, 0, 0, 0.0
29, 1, 5, 0, 0, 0.0
29, 1, 6, 0, 0, 0.0
29, 1, 7, 0, 0, 0.0
29, 1, 8, 0, 0, 0.0
29, 1, 9, 0, 0, 0.0
29, 1, 10, 0, 0, 0.0
29, 1, 11, 0, 0, 0.0
29, 1, 12, 0, 0, 0.0
29, 1, 13, 0, 0, 0.0
29, 1, 14, 0, 0, 0.0
29, 1, 15, 0, 0, 0.0
29, 1, 16, 0, 0, 0.0
29, 1, 17, 0, 0, 0.0
29, 1, 18, 0, 0, 0.0
29, 1, 19, 0, 0, 0.0
29, 1, 20, 0, 0, 0.0
30, 0, 0, 0, 0, 0.0
30, 0, 1, 0, 0, 0.0
30, 0, 2, 0, 0, 0.0
30, 0, 3, 0, 0, 0.0
30, 0, 4, 0, 0, 0.0
30, 0, 5, 0, 0, 0.0
30, 0, 6, 0, 0, 0.0
30, 0, 7, 0, 0, 0.0
30, 0, 8, 0, 0, 0.0
30, 0, 9, 0, 0, 0.0
30, 0, 10, 0, 0, 0.0
30, 0, 11, 0, 0, 0.0
30, 0, 12, 0, 0, 0.0
30, 0, 13, 0, 0, 0.0
30, 0, 14, 0, 0, 0.0
30, 0, 15, 0, 0, 0.0
30, 0, 16, 0, 0, 0.0
30, 0, 17, 0, 0, 0.0
30, 0, 18, 0, 0, 0.0
30, 0, 19, 0, 0, 0.0
30, 0, 20, 0, 0, 0.0
30, 1, 0, 0, 0, 0.0
30, 1, 1, 0, 0, 0.0
30, 1, 2, 0, 0, 0.0
30, 1, 3, 0, 0, 0.0
30, 1, 4, 0, 0, 0.0
30, 1, 5, 0, 0, 0.0
30, 1, 6, 0, 0, 0.0
30, 1, 7, 0, 0, 0.0
30, 1, 8, 0, 0, 0.0
30, 1, 9, 0, 0, 0.0
30, 1, 10, 0, 0, 0.0
30, 1, 11, 0, 0, 0.0
30, 1, 12, 0, 0, 0.0
30, 1, 13, 0, 0, 0.0
30, 1, 14, 0, 0, 0.0
30, 1, 15, 0, 0, 0.0
30, 1, 16, 0, 0, 0.0
30, 1, 17, 0, 0, 0.0
30, 1, 18, 0, 0, 0.0
30, 1, 19, 0, 0, 0.0
30, 1, 20, 0, 0, 0.0
31, 0, 0, 0, 0, 0.0
31, 0, 1, 0, 0, 0.0
31, 0, 2, 0, 0, 0.0
31, 0, 3, 0, 0, 0.0
31, 0, 4, 0, 0, 0.0
31, 0, 5, 0, 0, 0.0
31, 0, 6, 0, 0, 0.0
31, 0, 7, 0, 0, 0.0
31, 0, 8, 0, 0, 0.0
31, 0, 9, 0, 0, 0.0
31, 0, 10, 0, 0, 0.0
31, 0, 11, 0, 0, 0.0
31, 0, 12, 0, 0, 0.0
31, 0, 13, 0, 0, 0.0
31, 0, 14, 0, 0, 0.0
31, 0, 15, 0, 0, 0.0
31, 0, 16, 0, 0, 0.0
31, 0, 17, 0, 0, 0.0
31, 0, 18, 0, 0, 0.0
31, 0, 19, 0, 0, 0.0
31, 0, 20, 0, 0, 0.0
31, 1, 0, 0, 0, 0.0
31, 1, 1, 0, 0, 0.0
31, 1, 2, 0, 0, 0.0
31, 1, 3, 0, 0, 0.0
31, 1, 4, 0, 0, 0.0
31, 1, 5, 0, 0, 0.0
31, 1, 6, 0, 0, 0.0
31, 1, 7, 0, 0, 0.0
31, 1, 8, 0, 0, 0.0
31, 1, 9, 0, 0, 0.0
31, 1, 10, 0, 0, 0.0
31, 1, 11, 0, 0, 0.0
31, 1, 12, 0, 0, 0.0
31, 1, 13, 0, 0, 0.0
31, 1, 14, 0, 0, 0.0
31, 1, 15, 0, 0, 0.0
31, 1, 16, 0, 0, 0.0
31, 1, 17, 0, 0, 0.0
31, 1, 18, 0, 0, 0.0
31, 1, 19, 0, 0, 0.0
31, 1, 20, 0, 0, 0.0
