0, 0, 0, 0, 0, 0.0
0, 0, 1, 0, 0, 0.0
0, 0, 2, 0, 0, 0.0
0, 0, 3, 0, 0, 0.0
0, 0, 4, 0, 0, 0.0
0, 0, 5, 0, 0, 0.0
0, 0, 6, 0, 0, 0.0
0, 0, 7, 0, 0, 0.0
0, 0, 8, 0, 0, 0.0
0, 0, 9, 0, 0, 0.0
0, 0, 10, 0, 0, 0.0
0, 0, 11, 0, 0, 0.0
0, 0, 12, 0, 0, 0.0
0, 0, 13, 0, 0, 0.0
0, 0, 14, 0, 0, 0.0
0, 0, 15, 0, 0, 0.0
0, 0, 16, 0, 0, 0.0
0, 0, 17, 0, 0, 0.0
0, 0, 18, 0, 0, 0.0
0, 0, 19, 0, 0, 0.0
0, 0, 20, 0, 0, 0.0
0, 1, 0, 0, 0, 0.0
0, 1, 1, 0, 0, 0.0
0, 1, 2, 0, 0, 0.0
0, 1, 3, 0, 0, 0.0
0, 1, 4, 0, 0, 0.0
0, 1, 5, 0, 0, 0.0
0, 1, 6, 0, 0, 0.0
0, 1, 7, 0, 0, 0.0
0, 1, 8, 0, 0, 0.0
0, 1, 9, 0, 0, 0.0
0, 1, 10, 0, 0, 0.0
0, 1, 11, 0, 0, 0.0
0, 1, 12, 0, 0, 0.0
0, 1, 13, 0, 0, 0.0
0, 1, 14, 0, 0, 0.0
0, 1, 15, 0, 0, 0.0
0, 1, 16, 0, 0, 0.0
0, 1, 17, 0, 0, 0.0
0, 1, 18, 0, 0, 0.0
0, 1, 19, 0, 0, 0.0
0, 1, 20, 0, 0, 0.0
1, 0, 0, 0, 0, 0.0
1, 0, 1, 0, 0, 0.0
1, 0, 2, 0, 0, 0.0
1, 0, 3, 0, 0, 0.0
1, 0, 4, 0, 0, 0.0
1, 0, 5, 0, 0, 0.0
1, 0, 6, 0, 0, 0.0
1, 0, 7, 0, 0, 0.0
1, 0, 8, 0, 0, 0.0
1, 0, 9, 0, 0, 0.0
1, 0, 10, 0, 0, 0.0
1, 0, 11, 0, 0, 0.0
1, 0, 12, 0, 0, 0.0
1, 0, 13, 0, 0, 0.0
1, 0, 14, 0, 0, 0.0
1, 0, 15, 0, 0, 0.0
1, 0, 16, 0, 0, 0.0
1, 0, 17, 0, 0, 0.0
1, 0, 18, 0, 0, 0.0
1, 0, 19, 0, 0, 0.0
1, 0, 20, 0, 0, 0.0
1, 1, 0, 0, 0, 0.0
1, 1, 1, 0, 0, 0.0
1, 1, 2, 0, 0, 0.0
1, 1, 3, 0, 0, 0.0
1, 1, 4, 0, 0, 0.0
1, 1, 5, 0, 0, 0.0
1, 1, 6, 0, 0, 0.0
1, 1, 7, 0, 0, 0.0
1, 1, 8, 0, 0, 0.0
1, 1, 9, 0, 0, 0.0
1, 1, 10, 0, 0, 0.0
1, 1, 11, 0, 0, 0.0
1, 1, 12, 0, 0, 0.0
1, 1, 13, 0, 0, 0.0
1, 1, 14, 0, 0, 0.0
1, 1, 15, 0, 0, 0.0
1, 1, 16, 0, 0, 0.0
1, 1, 17, 0, 0, 0.0
1, 1, 18, 0, 0, 0.0
1, 1, 19, 0, 0, 0.0
1, 1, 20, 0, 0, 0.0
2, 0, 0, 0, 0, 0.0
2, 0, 1, 0, 0, 0.0
2, 0, 2, 0, 0, 0.0
2, 0, 3, 0, 0, 0.0
2, 0, 4, 0, 0, 0.0
2, 0, 5, 0, 0, 0.0
2, 0, 6, 0, 0, 0.0
2, 0, 7, 0, 0, 0.0
2, 0, 8, 0, 0, 0.0
2, 0, 9, 0, 0, 0.0
2, 0, 10, 0, 0, 0.0
2, 0, 11, 0, 0, 0.0
2, 0, 12, 0, 0, 0.0
2, 0, 13, 0, 0, 0.0
2, 0, 14, 0, 0, 0.0
2, 0, 15, 0, 0, 0.0
2, 0, 16, 0, 0, 0.0
2, 0, 17, 0, 0, 0.0
2, 0, 18, 0, 0, 0.0
2, 0, 19, 0, 0, 0.0
2, 0, 20, 0, 0, 0.0
2, 1, 0, 0, 0, 0.0
2, 1, 1, 0, 0, 0.0
2, 1, 2, 0, 0, 0.0
2, 1, 3, 0, 0, 0.0
2, 1, 4, 0, 0, 0.0
2, 1, 5, 0, 0, 0.0
2, 1, 6, 0, 0, 0.0
2, 1, 7, 0, 0, 0.0
2, 1, 8, 0, 0, 0.0
2, 1, 9, 0, 0, 0.0
2, 1, 10, 0, 0, 0.0
2, 1, 11, 0, 0, 0.0
2, 1, 12, 0, 0, 0.0
2, 1, 13, 0, 0, 0.0
2, 1, 14, 0, 0, 0.0
2, 1, 15, 0, 0, 0.0
2, 1, 16, 0, 0, 0.0
2, 1, 17, 0, 0, 0.0
2, 1, 18, 0, 0, 0.0
2, 1, 19, 0, 0, 0.0
2, 1, 20, 0, 0, 0.0
3, 0, 0, 0, 0, 0.0
3, 0, 1, 0, 0, 0.0
3, 0, 2, 0, 0, 0.0
3, 0, 3, 0, 0, 0.0
3, 0, 4, 0, 0, 0.0
3, 0, 5, 0, 0, 0.0
3, 0, 6, 0, 0, 0.0
3, 0, 7, 0, 0, 0.0
3, 0, 8, 0, 0, 0.0
3, 0, 9, 0, 0, 0.0
3, 0, 10, 0, 0, 0.0
3, 0, 11, 0, 0, 0.0
3, 0, 12, 0, 0, 0.0
3, 0, 13, 0, 0, 0.0
3, 0, 14, 0, 0, 0.0
3, 0, 15, 0, 0, 0.0
3, 0, 16, 0, 0, 0.0
3, 0, 17, 0, 0, 0.0
3, 0, 18, 0, 0, 0.0
3, 0, 19, 0, 0, 0.0
3, 0, 20, 0, 0, 0.0
3, 1, 0, 0, 0, 0.0
3, 1, 1, 0, 0, 0.0
3, 1, 2, 0, 0, 0.0
3, 1, 3, 0, 0, 0.0
3, 1, 4, 0, 0, 0.0
3, 1, 5, 0, 0, 0.0
3, 1, 6, 0, 0, 0.0
3, 1, 7, 0, 0, 0.0
3, 1, 8, 0, 0, 0.0
3, 1, 9, 0, 0, 0.0
3, 1, 10, 0, 0, 0.0
3, 1, 11, 0, 0, 0.0
3, 1, 12, 0, 0, 0.0
3, 1, 13, 0, 0, 0.0
3, 1, 14, 0, 0, 0.0
3, 1, 15, 0, 0, 0.0
3, 1, 16, 0, 0, 0.0
3, 1, 17, 0, 0, 0.0
3, 1, 18, 0, 0, 0.0
3, 1, 19, 0, 0, 0.0
3, 1, 20, 0, 0, 0.0
4, 0, 0, 0, 0, 0.0
4, 0, 1, 0, 0, 0.0
4, 0, 2, 0, 0, 0.0
4, 0, 3, 0, 0, 0.0
4, 0, 4, 0, 0, 0.0
4, 0, 5, 0, 0, 0.0
4, 0, 6, 0, 0, 0.0
4, 0, 7, 0, 0, 0.0
4, 0, 8, 0, 0, 0.0
4, 0, 9, 0, 0, 0.0
4, 0, 10, 0, 0, 0.0
4, 0, 11, 0, 0, 0.0
4, 0, 12, 0, 0, 0.0
4, 0, 13, 0, 0, 0.0
4, 0, 14, 0, 0, 0.0
4, 0, 15, 0, 0, 0.0
4, 0, 16, 0, 0, 0.0
4, 0, 17, 0, 0, 0.0
4, 0, 18, 0, 0, 0.0
4, 0, 19, 0, 0, 0.0
4, 0, 20, 0, 0, 0.0
4, 1, 0, 0, 0, 0.0
4, 1, 1, 0, 0, 0.0
4, 1, 2, 0, 0, 0.0
4, 1, 3, 0, 0, 0.0
4, 1, 4, 0, 0, 0.0
4, 1, 5, 0, 0, 0.0
4, 1, 6, 0, 0, 0.0
4, 1, 7, 0, 0, 0.0
4, 1, 8, 0, 0, 0.0
4, 1, 9, 0, 0, 0.0
4, 1, 10, 0, 0, 0.0
4, 1, 11, 0, 0, 0.0
4, 1, 12, 0, 0, 0.0
4, 1, 13, 0, 0, 0.0
4, 1, 14, 0, 0, 0.0
4, 1, 15, 0, 0, 0.0
4, 1, 16, 0, 0, 0.0
4, 1, 17, 0, 0, 0.0
4, 1, 18, 0, 0, 0.0
4, 1, 19, 0, 0, 0.0
4, 1, 20, 0, 0, 0.0
5, 0, 0, 0, 0, 0.0
5, 0, 1, 0, 0, 0.0
5, 0, 2, 0, 0, 0.0
5, 0, 3, 0, 0, 0.0
5, 0, 4, 0, 0, 0.0
5, 0, 5, 0, 0, 0.0
5, 0, 6, 0, 0, 0.0
5, 0, 7, 0, 0, 0.0
5, 0, 8, 0, 0, 0.0
5, 0, 9, 0, 0, 0.0
5, 0, 10, 0, 0, 0.0
5, 0, 11, 0, 0, 0.0
5, 0, 12, 0, 0, 0.0
5, 0, 13, 0, 0, 0.0
5, 0, 14, 0, 0, 0.0
5, 0, 15, 0, 0, 0.0
5, 0, 16, 0, 0, 0.0
5, 0, 17, 0, 0, 0.0
5, 0, 18, 0, 0, 0.0
5, 0, 19, 0, 0, 0.0
5, 0, 20, 0, 0, 0.0
5, 1, 0, 0, 0, 0.0
5, 1, 1, 0, 0, 0.0
5, 1, 2, 0, 0, 0.0
5, 1, 3, 0, 0, 0.0
5, 1, 4, 0, 0, 0.0
5, 1, 5, 0, 0, 0.0
5, 1, 6, 0, 0, 0.0
5, 1, 7, 0, 0, 0.0
5, 1, 8, 0, 0, 0.0
5, 1, 9, 0, 0, 0.0
5, 1, 10, 0, 0, 0.0
5, 1, 11, 0, 0, 0.0
5, 1, 12, 0, 0, 0.0
5, 1, 13, 0, 0, 0.0
5, 1, 14, 0, 0, 0.0
5, 1, 15, 0, 0, 0.0
5, 1, 16, 0, 0, 0.0
5, 1, 17, 0, 0, 0.0
5, 1, 18, 0, 0, 0.0
5, 1, 19, 0, 0, 0.0
5, 1, 20, 0, 0, 0.0
6, 0, 0, 0, 0, 0.0
6, 0, 1, 0, 0, 0.0
6, 0, 2, 0, 0, 0.0
6, 0, 3, 0, 0, 0.0
6, 0, 4, 0, 0, 0.0
6, 0, 5, 0, 0, 0.0
6, 0, 6, 0, 0, 0.0
6, 0, 7, 0, 0, 0.0
6, 0, 8, 0, 0, 0.0
6, 0, 9, 0, 0, 0.0
6, 0, 10, 0, 0, 0.0
6, 0, 11, 0, 0, 0.0
6, 0, 12, 0, 0, 0.0
6, 0, 13, 0, 0, 0.0
6, 0, 14, 0, 0, 0.0
6, 0, 15, 0, 0, 0.0
6, 0, 16, 0, 0, 0.0
6, 0, 17, 0, 0, 0.0
6, 0, 18, 0, 0, 0.0
6, 0, 19, 0, 0, 0.0
6, 0, 20, 0, 0, 0.0
6, 1, 0, 0, 0, 0.0
6, 1, 1, 0, 0, 0.0
6, 1, 2, 0, 0, 0.0
6, 1, 3, 0, 0, 0.0
6, 1, 4, 0, 0, 0.0
6, 1, 5, 0, 0, 0.0
6, 1, 6, 0, 0, 0.0
6, 1, 7, 0, 0, 0.0
6, 1, 8, 0, 0, 0.0
6, 1, 9, 0, 0, 0.0
6, 1, 10, 0, 0, 0.0
6, 1, 11, 0, 0, 0.0
6, 1, 12, 0, 0, 0.0
6, 1, 13, 0, 0, 0.0
6, 1, 14, 0, 0, 0.0
6, 1, 15, 0, 0, 0.0
6, 1, 16, 0, 0, 0.0
6, 1, 17, 0, 0, 0.0
6, 1, 18, 0, 0, 0.0
6, 1, 19, 0, 0, 0.0
6, 1, 20, 0, 0, 0.0
7, 0, 0, 0, 0, 0.0
7, 0, 1, 0, 0, 0.0
7, 0, 2, 0, 0, 0.0
7, 0, 3, 0, 0, 0.0
7, 0, 4, 0, 0, 0.0
7, 0, 5, 0, 0, 0.0
7, 0, 6, 0, 0, 0.0
7, 0, 7, 0, 0, 0.0
7, 0, 8, 0, 0, 0.0
7, 0, 9, 0, 0, 0.0
7, 0, 10, 0, 0, 0.0
7, 0, 11, 0, 0, 0.0
7, 0, 12, 0, 0, 0.0
7, 0, 13, 0, 0, 0.0
7, 0, 14, 0, 0, 0.0
7, 0, 15, 0, 0, 0.0
7, 0, 16, 0, 0, 0.0
7, 0, 17, 0, 0, 0.0
7, 0, 18, 0, 0, 0.0
7, 0, 19, 0, 0, 0.0
7, 0, 20, 0, 0, 0.0
7, 1, 0, 0, 0, 0.0
7, 1, 1, 0, 0, 0.0
7, 1, 2, 0, 0, 0.0
7, 1, 3, 0, 0, 0.0
7, 1, 4, 0, 0, 0.0
7, 1, 5, 0, 0, 0.0
7, 1, 6, 0, 0, 0.0
7, 1, 7, 0, 0, 0.0
7, 1, 8, 0, 0, 0.0
7, 1, 9, 0, 0, 0.0
7, 1, 10, 0, 0, 0.0
7, 1, 11, 0, 0, 0.0
7, 1, 12, 0, 0, 0.0
7, 1, 13, 0, 0, 0.0
7, 1, 14, 0, 0, 0.0
7, 1, 15, 0, 0, 0.0
7, 1, 16, 0, 0, 0.0
7, 1, 17, 0, 0, 0.0
7, 1, 18, 0, 0, 0.0
7, 1, 19, 0, 0, 0.0
7, 1, 20, 0, 0, 0.0
8, 0, 0, 0, 0, 0.0
8, 0, 1, 0, 0, 0.0
8, 0, 2, 0, 0, 0.0
8, 0, 3, 0, 0, 0.0
8, 0, 4, 0, 0, 0.0
8, 0, 5, 0, 0, 0.0
8, 0, 6, 0, 0, 0.0
8, 0, 7, 0, 0, 0.0
8, 0, 8, 0, 0, 0.0
8, 0, 9, 0, 0, 0.0
8, 0, 10, 0, 0, 0.0
8, 0, 11, 0, 0, 0.0
8, 0, 12, 0, 0, 0.0
8, 0, 13, 0, 0, 0.0
8, 0, 14, 0, 0, 0.0
8, 0, 15, 0, 0, 0.0
8, 0, 16, 0, 0, 0.0
8, 0, 17, 0, 0, 0.0
8, 0, 18, 0, 0, 0.0
8, 0, 19, 0, 0, 0.0
8, 0, 20, 0, 0, 0.0
8, 1, 0, 0, 0, 0.0
8, 1, 1, 0, 0, 0.0
8, 1, 2, 0, 0, 0.0
8, 1, 3, 0, 0, 0.0
8, 1, 4, 0, 0, 0.0
8, 1, 5, 0, 0, 0.0
8, 1, 6, 0, 0, 0.0
8, 1, 7, 0, 0, 0.0
8, 1, 8, 0, 0, 0.0
8, 1, 9, 0, 0, 0.0
8, 1, 10, 0, 0, 0.0
8, 1, 11, 0, 0, 0.0
8, 1, 12, 0, 0, 0.0
8, 1, 13, 0, 0, 0.0
8, 1, 14, 0, 0, 0.0
8, 1, 15, 0, 0, 0.0
8, 1, 16, 0, 0, 0.0
8, 1, 17, 0, 0, 0.0
8, 1, 18, 0, 0, 0.0
8, 1, 19, 0, 0, 0.0
8, 1, 20, 0, 0, 0.0
9, 0, 0, 0, 0, 0.0
9, 0, 1, 0, 0, 0.0
9, 0, 2, 0, 0, 0.0
9, 0, 3, 0, 0, 0.0
9, 0, 4, 0, 0, 0.0
9, 0, 5, 0, 0, 0.0
9, 0, 6, 0, 0, 0.0
9, 0, 7, 0, 0, 0.0
9, 0, 8, 0, 0, 0.0
9, 0, 9, 0, 0, 0.0
9, 0, 10, 0, 0, 0.0
9, 0, 11, 0, 0, 0.0
9, 0, 12, 0, 0, 0.0
9, 0, 13, 0, 0, 0.0
9, 0, 14, 0, 0, 0.0
9, 0, 15, 0, 0, 0.0
9, 0, 16, 0, 0, 0.0
9, 0, 17, 0, 0, 0.0
9, 0, 18, 0, 0, 0.0
9, 0, 19, 0, 0, 0.0
9, 0, 20, 0, 0, 0.0
9, 1, 0, 0, 0, 0.0
9, 1, 1, 0, 0, 0.0
9, 1, 2, 0, 0, 0.0
9, 1, 3, 0, 0, 0.0
9, 1, 4, 0, 0, 0.0
9, 1, 5, 0, 0, 0.0
9, 1, 6, 0, 0, 0.0
9, 1, 7, 0, 0, 0.0
9, 1, 8, 0, 0, 0.0
9, 1, 9, 0, 0, 0.0
9, 1, 10, 0, 0, 0.0
9, 1, 11, 0, 0, 0.0
9, 1, 12, 0, 0, 0.0
9, 1, 13, 0, 0, 0.0
9, 1, 14, 0, 0, 0.0
9, 1, 15, 0, 0, 0.0
9, 1, 16, 0, 0, 0.0
9, 1, 17, 0, 0, 0.0
9, 1, 18, 0, 0, 0.0
9, 1, 19, 0, 0, 0.0
9, 1, 20, 0, 0, 0.0
10, 0, 0, 0, 0, 0.0
10, 0, 1, 0, 0, 0.0
10, 0, 2, 0, 0, 0.0
10, 0, 3, 0, 0, 0.0
10, 0, 4, 0, 0, 0.0
10, 0, 5, 0, 0, 0.0
10, 0, 6, 0, 0, 0.0
10, 0, 7, 0, 0, 0.0
10, 0, 8, 0, 0, 0.0
10, 0, 9, 0, 0, 0.0
10, 0, 10, 0, 0, 0.0
10, 0, 11, 0, 0, 0.0
10, 0, 12, 0, 0, 0.0
10, 0, 13, 0, 0, 0.0
10, 0, 14, 0, 0, 0.0
10, 0, 15, 0, 0, 0.0
10, 0, 16, 0, 0, 0.0
10, 0, 17, 0, 0, 0.0
10, 0, 18, 0, 0, 0.0
10, 0, 19, 0, 0, 0.0
10, 0, 20, 0, 0, 0.0
10, 1, 0, 0, 0, 0.0
10, 1, 1, 0, 0, 0.0
10, 1, 2, 0, 0, 0.0
10, 1, 3, 0, 0, 0.0
10, 1, 4, 0, 0, 0.0
10, 1, 5, 0, 0, 0.0
10, 1, 6, 0, 0, 0.0
10, 1, 7, 0, 0, 0.0
10, 1, 8, 0, 0, 0.0
10, 1, 9, 0, 0, 0.0
10, 1, 10, 0, 0, 0.0
10, 1, 11, 0, 0, 0.0
10, 1, 12, 0, 0, 0.0
10, 1, 13, 0, 0, 0.0
10, 1, 14, 0, 0, 0.0
10, 1, 15, 0, 0, 0.0
10, 1, 16, 0, 0, 0.0
10, 1, 17, 0, 0, 0.0
10, 1, 18, 0, 0, 0.0
10, 1, 19, 0, 0, 0.0
10, 1, 20, 0, 0, 0.0
11, 0, 0, 526, 554, 3.665770407224045e-07
11, 0, 1, 549, 504, -0.007092604413628578
11, 0, 2, 602, 468, -0.018046578392386436
11, 0, 3, 652, 464, -0.02810247428715229
11, 0, 4, 687, 467, -0.0396808460354805
11, 0, 5, 612, 457, -0.039978720247745514
11, 0, 6, 677, 435, -0.06319604814052582
11, 0, 7, 724, 421, -0.07797358185052872
11, 0, 8, 762, 411, -0.08725542575120926
11, 0, 9, 619, 487, -0.0480017215013504
11, 0, 10, 686, 460, -0.07078168541193008
11, 0, 11, 737, 442, -0.08556976914405823
11, 0, 12, 779, 428, -0.0951603353023529
11, 0, 13, 624, 528, -0.054570943117141724
11, 0, 14, 683, 496, -0.07479335367679596
11, 0, 15, 725, 478, -0.08508723229169846
11, 0, 16, 758, 465, -0.09099499881267548
11, 0, 17, 627, 574, -0.06059468537569046
11, 0, 18, 665, 550, -0.07663094252347946
11, 0, 19, 685, 533, -0.08142513781785965
11, 0, 20, 703, 521, -0.08358430117368698
11, 1, 0, 0, 0, 0.0
11, 1, 1, 0, 0, 0.0
11, 1, 2, 0, 0, 0.0
11, 1, 3, 0, 0, 0.0
11, 1, 4, 0, 0, 0.0
11, 1, 5, 0, 0, 0.0
11, 1, 6, 0, 0, 0.0
11, 1, 7, 0, 0, 0.0
11, 1, 8, 0, 0, 0.0
11, 1, 9, 0, 0, 0.0
11, 1, 10, 0, 0, 0.0
11, 1, 11, 0, 0, 0.0
11, 1, 12, 0, 0, 0.0
11, 1, 13, 0, 0, 0.0
11, 1, 14, 0, 0, 0.0
11, 1, 15, 0, 0, 0.0
11, 1, 16, 0, 0, 0.0
11, 1, 17, 0, 0, 0.0
11, 1, 18, 0, 0, 0.0
11, 1, 19, 0, 0, 0.0
11, 1, 20, 0, 0, 0.0
12, 0, 0, 538, 540, 4.032449965052365e-07
12, 0, 1, 574, 506, 0.001682771136984229
12, 0, 2, 630, 475, -0.0011147561017423868
12, 0, 3, 675, 471, -0.004939108621329069
12, 0, 4, 709, 466, -0.008956952951848507
12, 0, 5, 632, 429, -0.015770869329571724
12, 0, 6, 699, 409, -0.030054299160838127
12, 0, 7, 744, 399, -0.039357658475637436
12, 0, 8, 780, 389, -0.0454813688993454
12, 0, 9, 635, 452, -0.0269317626953125
12, 0, 10, 705, 425, -0.04297671467065811
12, 0, 11, 754, 409, -0.05550577491521835
12, 0, 12, 795, 394, -0.06325776875019073
12, 0, 13, 638, 488, -0.03704770281910896
12, 0, 14, 696, 461, -0.053175926208496094
12, 0, 15, 735, 446, -0.06299467384815216
12, 0, 16, 770, 432, -0.06812860071659088
12, 0, 17, 643, 529, -0.046267397701740265
12, 0, 18, 679, 503, -0.05854586139321327
12, 0, 19, 697, 486, -0.061686206609010696
12, 0, 20, 715, 474, -0.06243724748492241
12, 1, 0, 0, 0, 0.0
12, 1, 1, 0, 0, 0.0
12, 1, 2, 0, 0, 0.0
12, 1, 3, 0, 0, 0.0
12, 1, 4, 0, 0, 0.0
12, 1, 5, 0, 0, 0.0
12, 1, 6, 0, 0, 0.0
12, 1, 7, 0, 0, 0.0
12, 1, 8, 0, 0, 0.0
12, 1, 9, 0, 0, 0.0
12, 1, 10, 0, 0, 0.0
12, 1, 11, 0, 0, 0.0
12, 1, 12, 0, 0, 0.0
12, 1, 13, 0, 0, 0.0
12, 1, 14, 0, 0, 0.0
12, 1, 15, 0, 0, 0.0
12, 1, 16, 0, 0, 0.0
12, 1, 17, 0, 0, 0.0
12, 1, 18, 0, 0, 0.0
12, 1, 19, 0, 0, 0.0
12, 1, 20, 0, 0, 0.0
13, 0, 0, 542, 528, 3.856001455915248e-07
13, 0, 1, 596, 531, -4.212717976770364e-05
13, 0, 2, 648, 502, -0.0030482159927487373
13, 0, 3, 688, 490, -0.008024302311241627
13, 0, 4, 721, 484, -0.013010429218411446
13, 0, 5, 644, 417, -0.00894344225525856
13, 0, 6, 712, 402, -0.024272305890917778
13, 0, 7, 753, 404, -0.0357884056866169
13, 0, 8, 789, 408, -0.04400685057044029
13, 0, 9, 639, 427, -0.020484773442149162
13, 0, 10, 713, 395, -0.0361008383333683
13, 0, 11, 762, 381, -0.049538128077983856
13, 0, 12, 808, 370, -0.05819997563958168
13, 0, 13, 634, 455, -0.03233832120895386
13, 0, 14, 698, 430, -0.050805117934942245
13, 0, 15, 742, 423, -0.06262718141078949
13, 0, 16, 783, 417, -0.06900624185800552
13, 0, 17, 634, 494, -0.04361754655838013
13, 0, 18, 670, 476, -0.06087738275527954
13, 0, 19, 697, 462, -0.06799358874559402
13, 0, 20, 726, 453, -0.07135695219039917
13, 1, 0, 0, 0, 0.0
13, 1, 1, 0, 0, 0.0
13, 1, 2, 0, 0, 0.0
13, 1, 3, 0, 0, 0.0
13, 1, 4, 0, 0, 0.0
13, 1, 5, 0, 0, 0.0
13, 1, 6, 0, 0, 0.0
13, 1, 7, 0, 0, 0.0
13, 1, 8, 0, 0, 0.0
13, 1, 9, 0, 0, 0.0
13, 1, 10, 0, 0, 0.0
13, 1, 11, 0, 0, 0.0
13, 1, 12, 0, 0, 0.0
13, 1, 13, 0, 0, 0.0
13, 1, 14, 0, 0, 0.0
13, 1, 15, 0, 0, 0.0
13, 1, 16, 0, 0, 0.0
13, 1, 17, 0, 0, 0.0
13, 1, 18, 0, 0, 0.0
13, 1, 19, 0, 0, 0.0
13, 1, 20, 0, 0, 0.0
14, 0, 0, 544, 517, 3.9207708368849126e-07
14, 0, 1, 596, 485, 0.008795147761702538
14, 0, 2, 652, 456, 0.00454931752756238
14, 0, 3, 700, 451, -0.0025376356206834316
14, 0, 4, 741, 453, -0.011129697784781456
14, 0, 5, 652, 408, -0.017839835956692696
14, 0, 6, 727, 392, -0.03456129878759384
14, 0, 7, 770, 386, -0.04414467141032219
14, 0, 8, 808, 382, -0.05125416815280914
14, 0, 9, 648, 428, -0.035173673182725906
14, 0, 10, 726, 394, -0.0524827241897583
14, 0, 11, 779, 380, -0.06486289203166962
14, 0, 12, 825, 370, -0.07343990355730057
14, 0, 13, 643, 463, -0.05104469507932663
14, 0, 14, 707, 428, -0.07028184831142426
14, 0, 15, 750, 419, -0.08304531127214432
14, 0, 16, 788, 409, -0.0913909375667572
14, 0, 17, 642, 508, -0.06494913250207901
14, 0, 18, 673, 485, -0.08375949412584305
14, 0, 19, 696, 470, -0.09284018725156784
14, 0, 20, 723, 456, -0.09858273714780807
14, 1, 0, 0, 0, 0.0
14, 1, 1, 0, 0, 0.0
14, 1, 2, 0, 0, 0.0
14, 1, 3, 0, 0, 0.0
14, 1, 4, 0, 0, 0.0
14, 1, 5, 0, 0, 0.0
14, 1, 6, 0, 0, 0.0
14, 1, 7, 0, 0, 0.0
14, 1, 8, 0, 0, 0.0
14, 1, 9, 0, 0, 0.0
14, 1, 10, 0, 0, 0.0
14, 1, 11, 0, 0, 0.0
14, 1, 12, 0, 0, 0.0
14, 1, 13, 0, 0, 0.0
14, 1, 14, 0, 0, 0.0
14, 1, 15, 0, 0, 0.0
14, 1, 16, 0, 0, 0.0
14, 1, 17, 0, 0, 0.0
14, 1, 18, 0, 0, 0.0
14, 1, 19, 0, 0, 0.0
14, 1, 20, 0, 0, 0.0
15, 0, 0, 549, 515, 3.3494239914944046e-07
15, 0, 1, 609, 492, 0.005682853050529957
15, 0, 2, 668, 465, 0.0026023744139820337
15, 0, 3, 717, 458, -0.003334254492074251
15, 0, 4, 757, 458, -0.009994417428970337
15, 0, 5, 661, 413, -0.01166453305631876
15, 0, 6, 733, 396, -0.02698596380650997
15, 0, 7, 780, 389, -0.03695562481880188
15, 0, 8, 817, 385, -0.044230859726667404
15, 0, 9, 658, 428, -0.02644447237253189
15, 0, 10, 735, 401, -0.041136424988508224
15, 0, 11, 786, 391, -0.05252842232584953
15, 0, 12, 828, 385, -0.060724906623363495
15, 0, 13, 653, 460, -0.04054133966565132
15, 0, 14, 717, 429, -0.056456439197063446
15, 0, 15, 758, 425, -0.06733615696430206
15, 0, 16, 792, 422, -0.07493778318166733
15, 0, 17, 649, 501, -0.05367247760295868
15, 0, 18, 679, 484, -0.06913843750953674
15, 0, 19, 702, 474, -0.07674504816532135
15, 0, 20, 727, 468, -0.08183314651250839
15, 1, 0, 0, 0, 0.0
15, 1, 1, 0, 0, 0.0
15, 1, 2, 0, 0, 0.0
15, 1, 3, 0, 0, 0.0
15, 1, 4, 0, 0, 0.0
15, 1, 5, 0, 0, 0.0
15, 1, 6, 0, 0, 0.0
15, 1, 7, 0, 0, 0.0
15, 1, 8, 0, 0, 0.0
15, 1, 9, 0, 0, 0.0
15, 1, 10, 0, 0, 0.0
15, 1, 11, 0, 0, 0.0
15, 1, 12, 0, 0, 0.0
15, 1, 13, 0, 0, 0.0
15, 1, 14, 0, 0, 0.0
15, 1, 15, 0, 0, 0.0
15, 1, 16, 0, 0, 0.0
15, 1, 17, 0, 0, 0.0
15, 1, 18, 0, 0, 0.0
15, 1, 19, 0, 0, 0.0
15, 1, 20, 0, 0, 0.0
16, 0, 0, 535, 513, 1.807160003863828e-07
16, 0, 1, 593, 490, 0.017354223877191544
16, 0, 2, 650, 466, 0.017759019508957863
16, 0, 3, 696, 467, 0.013234399259090424
16, 0, 4, 728, 479, 0.007957828231155872
16, 0, 5, 648, 411, -0.0049248649738729
16, 0, 6, 726, 427, -0.016555380076169968
16, 0, 7, 741, 457, -0.02301042713224888
16, 0, 8, 752, 478, -0.027795664966106415
16, 0, 9, 649, 431, -0.025004547089338303
16, 0, 10, 739, 414, -0.034901876002550125
16, 0, 11, 788, 409, -0.04364289715886116
16, 0, 12, 828, 406, -0.05049947649240494
16, 0, 13, 645, 464, -0.043342214077711105
16, 0, 14, 720, 437, -0.05434344708919525
16, 0, 15, 760, 432, -0.06378848105669022
16, 0, 16, 793, 426, -0.0709138959646225
16, 0, 17, 645, 507, -0.059429723769426346
16, 0, 18, 685, 486, -0.06755247712135315
16, 0, 19, 706, 477, -0.07017434388399124
16, 0, 20, 729, 471, -0.0726856142282486
16, 1, 0, 0, 0, 0.0
16, 1, 1, 0, 0, 0.0
16, 1, 2, 0, 0, 0.0
16, 1, 3, 0, 0, 0.0
16, 1, 4, 0, 0, 0.0
16, 1, 5, 0, 0, 0.0
16, 1, 6, 0, 0, 0.0
16, 1, 7, 0, 0, 0.0
16, 1, 8, 0, 0, 0.0
16, 1, 9, 0, 0, 0.0
16, 1, 10, 0, 0, 0.0
16, 1, 11, 0, 0, 0.0
16, 1, 12, 0, 0, 0.0
16, 1, 13, 0, 0, 0.0
16, 1, 14, 0, 0, 0.0
16, 1, 15, 0, 0, 0.0
16, 1, 16, 0, 0, 0.0
16, 1, 17, 0, 0, 0.0
16, 1, 18, 0, 0, 0.0
16, 1, 19, 0, 0, 0.0
16, 1, 20, 0, 0, 0.0
17, 0, 0, 521, 524, 2.9047305361018516e-07
17, 0, 1, 588, 511, 0.013628175482153893
17, 0, 2, 648, 486, 0.013329941779375076
17, 0, 3, 695, 486, 0.007628247607499361
17, 0, 4, 736, 494, 0.0013293229276314378
17, 0, 5, 641, 414, 0.004296185914427042
17, 0, 6, 716, 421, -0.009060888551175594
17, 0, 7, 753, 436, -0.01981155388057232
17, 0, 8, 781, 450, -0.02796010859310627
17, 0, 9, 636, 423, -0.015197102911770344
17, 0, 10, 722, 413, -0.02824711799621582
17, 0, 11, 773, 411, -0.04045196995139122
17, 0, 12, 816, 408, -0.04933447018265724
17, 0, 13, 631, 449, -0.034609369933605194
17, 0, 14, 708, 427, -0.04900181666016579
17, 0, 15, 755, 421, -0.05950476601719856
17, 0, 16, 796, 415, -0.0668293759226799
17, 0, 17, 630, 488, -0.05269017815589905
17, 0, 18, 676, 468, -0.06436383724212646
17, 0, 19, 705, 456, -0.0692523792386055
17, 0, 20, 734, 448, -0.07295078039169312
17, 1, 0, 0, 0, 0.0
17, 1, 1, 0, 0, 0.0
17, 1, 2, 0, 0, 0.0
17, 1, 3, 0, 0, 0.0
17, 1, 4, 0, 0, 0.0
17, 1, 5, 0, 0, 0.0
17, 1, 6, 0, 0, 0.0
17, 1, 7, 0, 0, 0.0
17, 1, 8, 0, 0, 0.0
17, 1, 9, 0, 0, 0.0
17, 1, 10, 0, 0, 0.0
17, 1, 11, 0, 0, 0.0
17, 1, 12, 0, 0, 0.0
17, 1, 13, 0, 0, 0.0
17, 1, 14, 0, 0, 0.0
17, 1, 15, 0, 0, 0.0
17, 1, 16, 0, 0, 0.0
17, 1, 17, 0, 0, 0.0
17, 1, 18, 0, 0, 0.0
17, 1, 19, 0, 0, 0.0
17, 1, 20, 0, 0, 0.0
18, 0, 0, 501, 525, 4.0616089336253935e-07
18, 0, 1, 558, 505, 0.008687984198331833
18, 0, 2, 618, 481, 0.004859131760895252
18, 0, 3, 669, 482, -0.0036284723319113255
18, 0, 4, 712, 490, -0.011858567595481873
18, 0, 5, 613, 409, -0.0021089345682412386
18, 0, 6, 691, 402, -0.016278652474284172
18, 0, 7, 739, 404, -0.025026101619005203
18, 0, 8, 773, 407, -0.030207915231585503
18, 0, 9, 608, 417, -0.017750054597854614
18, 0, 10, 698, 406, -0.03277201950550079
18, 0, 11, 751, 407, -0.04183701053261757
18, 0, 12, 791, 408, -0.04733693227171898
18, 0, 13, 605, 441, -0.033433496952056885
18, 0, 14, 689, 439, -0.05027060583233833
18, 0, 15, 727, 464, -0.05620410293340683
18, 0, 16, 754, 483, -0.058030515909194946
18, 0, 17, 607, 477, -0.04828949645161629
18, 0, 18, 669, 475, -0.058714549988508224
18, 0, 19, 700, 481, -0.06003393605351448
18, 0, 20, 725, 486, -0.06015193834900856
18, 1, 0, 0, 0, 0.0
18, 1, 1, 0, 0, 0.0
18, 1, 2, 0, 0, 0.0
18, 1, 3, 0, 0, 0.0
18, 1, 4, 0, 0, 0.0
18, 1, 5, 0, 0, 0.0
18, 1, 6, 0, 0, 0.0
18, 1, 7, 0, 0, 0.0
18, 1, 8, 0, 0, 0.0
18, 1, 9, 0, 0, 0.0
18, 1, 10, 0, 0, 0.0
18, 1, 11, 0, 0, 0.0
18, 1, 12, 0, 0, 0.0
18, 1, 13, 0, 0, 0.0
18, 1, 14, 0, 0, 0.0
18, 1, 15, 0, 0, 0.0
18, 1, 16, 0, 0, 0.0
18, 1, 17, 0, 0, 0.0
18, 1, 18, 0, 0, 0.0
18, 1, 19, 0, 0, 0.0
18, 1, 20, 0, 0, 0.0
19, 0, 0, 465, 532, 4.224471581437683e-07
19, 0, 1, 522, 501, 0.010090307332575321
19, 0, 2, 580, 474, 0.003964909818023443
19, 0, 3, 632, 475, -0.007149013690650463
19, 0, 4, 673, 485, -0.018505383282899857
19, 0, 5, 569, 407, -0.009153381921350956
19, 0, 6, 648, 397, -0.026994917541742325
19, 0, 7, 697, 398, -0.03793102875351906
19, 0, 8, 734, 400, -0.04444141685962677
19, 0, 9, 562, 417, -0.026960037648677826
19, 0, 10, 653, 403, -0.04481819272041321
19, 0, 11, 708, 405, -0.05415905639529228
19, 0, 12, 750, 405, -0.06004953756928444
19, 0, 13, 558, 443, -0.04432947561144829
19, 0, 14, 648, 434, -0.06264819204807281
19, 0, 15, 691, 461, -0.06697816401720047
19, 0, 16, 720, 484, -0.06763877719640732
19, 0, 17, 561, 481, -0.06075630336999893
19, 0, 18, 629, 474, -0.07182066887617111
19, 0, 19, 666, 479, -0.07262890785932541
19, 0, 20, 694, 483, -0.07244395464658737
19, 1, 0, 0, 0, 0.0
19, 1, 1, 0, 0, 0.0
19, 1, 2, 0, 0, 0.0
19, 1, 3, 0, 0, 0.0
19, 1, 4, 0, 0, 0.0
19, 1, 5, 0, 0, 0.0
19, 1, 6, 0, 0, 0.0
19, 1, 7, 0, 0, 0.0
19, 1, 8, 0, 0, 0.0
19, 1, 9, 0, 0, 0.0
19, 1, 10, 0, 0, 0.0
19, 1, 11, 0, 0, 0.0
19, 1, 12, 0, 0, 0.0
19, 1, 13, 0, 0, 0.0
19, 1, 14, 0, 0, 0.0
19, 1, 15, 0, 0, 0.0
19, 1, 16, 0, 0, 0.0
19, 1, 17, 0, 0, 0.0
19, 1, 18, 0, 0, 0.0
19, 1, 19, 0, 0, 0.0
19, 1, 20, 0, 0, 0.0
20, 0, 0, 435, 544, 3.149248755107692e-07
20, 0, 1, 502, 520, 0.014410320669412613
20, 0, 2, 558, 485, 0.012672065757215023
20, 0, 3, 610, 474, 0.00523653719574213
20, 0, 4, 653, 473, -0.003170705633237958
20, 0, 5, 530, 406, 5.355823304853402e-05
20, 0, 6, 606, 392, -0.012804968282580376
20, 0, 7, 654, 392, -0.020464804023504257
20, 0, 8, 690, 395, -0.025561682879924774
20, 0, 9, 520, 412, -0.019338838756084442
20, 0, 10, 611, 394, -0.032926466315984726
20, 0, 11, 661, 397, -0.04083991423249245
20, 0, 12, 699, 400, -0.04637061804533005
20, 0, 13, 515, 436, -0.0382041335105896
20, 0, 14, 604, 425, -0.054261717945337296
20, 0, 15, 653, 453, -0.05873401463031769
20, 0, 16, 687, 475, -0.06050502508878708
20, 0, 17, 515, 471, -0.055717576295137405
20, 0, 18, 576, 448, -0.06696262210607529
20, 0, 19, 612, 441, -0.06910687685012817
20, 0, 20, 643, 437, -0.07058815658092499
20, 1, 0, 0, 0, 0.0
20, 1, 1, 0, 0, 0.0
20, 1, 2, 0, 0, 0.0
20, 1, 3, 0, 0, 0.0
20, 1, 4, 0, 0, 0.0
20, 1, 5, 0, 0, 0.0
20, 1, 6, 0, 0, 0.0
20, 1, 7, 0, 0, 0.0
20, 1, 8, 0, 0, 0.0
20, 1, 9, 0, 0, 0.0
20, 1, 10, 0, 0, 0.0
20, 1, 11, 0, 0, 0.0
20, 1, 12, 0, 0, 0.0
20, 1, 13, 0, 0, 0.0
20, 1, 14, 0, 0, 0.0
20, 1, 15, 0, 0, 0.0
20, 1, 16, 0, 0, 0.0
20, 1, 17, 0, 0, 0.0
20, 1, 18, 0, 0, 0.0
20, 1, 19, 0, 0, 0.0
20, 1, 20, 0, 0, 0.0
21, 0, 0, 434, 549, 4.038023178054573e-07
21, 0, 1, 504, 512, 0.0024909754283726215
21, 0, 2, 552, 471, -0.007250800263136625
21, 0, 3, 596, 453, -0.01968587562441826
21, 0, 4, 640, 445, -0.03231453895568848
21, 0, 5, 507, 396, -0.01700325310230255
21, 0, 6, 574, 377, -0.037135280668735504
21, 0, 7, 617, 374, -0.05125736445188522
21, 0, 8, 653, 376, -0.06202466040849686
21, 0, 9, 492, 408, -0.03200915455818176
21, 0, 10, 578, 412, -0.05723638832569122
21, 0, 11, 625, 436, -0.06995649635791779
21, 0, 12, 659, 458, -0.07748427987098694
21, 0, 13, 480, 438, -0.04694610461592674
21, 0, 14, 544, 423, -0.06907929480075836
21, 0, 15, 577, 431, -0.07612421363592148
21, 0, 16, 605, 437, -0.08032217621803284
21, 0, 17, 472, 477, -0.06154515594244003
21, 0, 18, 498, 457, -0.07888494431972504
21, 0, 19, 514, 443, -0.08448544889688492
21, 0, 20, 531, 431, -0.08807232230901718
21, 1, 0, 0, 0, 0.0
21, 1, 1, 0, 0, 0.0
21, 1, 2, 0, 0, 0.0
21, 1, 3, 0, 0, 0.0
21, 1, 4, 0, 0, 0.0
21, 1, 5, 0, 0, 0.0
21, 1, 6, 0, 0, 0.0
21, 1, 7, 0, 0, 0.0
21, 1, 8, 0, 0, 0.0
21, 1, 9, 0, 0, 0.0
21, 1, 10, 0, 0, 0.0
21, 1, 11, 0, 0, 0.0
21, 1, 12, 0, 0, 0.0
21, 1, 13, 0, 0, 0.0
21, 1, 14, 0, 0, 0.0
21, 1, 15, 0, 0, 0.0
21, 1, 16, 0, 0, 0.0
21, 1, 17, 0, 0, 0.0
21, 1, 18, 0, 0, 0.0
21, 1, 19, 0, 0, 0.0
21, 1, 20, 0, 0, 0.0
22, 0, 0, 431, 544, 4.048764026265417e-07
22, 0, 1, 508, 504, 0.00401143915951252
22, 0, 2, 554, 462, -0.004898170009255409
22, 0, 3, 600, 444, -0.01656324230134487
22, 0, 4, 643, 436, -0.02880888618528843
22, 0, 5, 492, 395, -0.019608113914728165
22, 0, 6, 567, 380, -0.041088126599788666
22, 0, 7, 610, 394, -0.055844150483608246
22, 0, 8, 646, 410, -0.06666041165590286
22, 0, 9, 477, 413, -0.03644140064716339
22, 0, 10, 554, 377, -0.05873642861843109
22, 0, 11, 604, 377, -0.07154275476932526
22, 0, 12, 643, 381, -0.08024922013282776
22, 0, 13, 470, 448, -0.05308283492922783
22, 0, 14, 529, 407, -0.07450545579195023
22, 0, 15, 568, 397, -0.08481341600418091
22, 0, 16, 599, 388, -0.09163612127304077
22, 0, 17, 472, 491, -0.06883847713470459
22, 0, 18, 497, 464, -0.08630580455064774
22, 0, 19, 512, 443, -0.09356795251369476
22, 0, 20, 529, 425, -0.09874795377254486
22, 1, 0, 0, 0, 0.0
22, 1, 1, 0, 0, 0.0
22, 1, 2, 0, 0, 0.0
22, 1, 3, 0, 0, 0.0
22, 1, 4, 0, 0, 0.0
22, 1, 5, 0, 0, 0.0
22, 1, 6, 0, 0, 0.0
22, 1, 7, 0, 0, 0.0
22, 1, 8, 0, 0, 0.0
22, 1, 9, 0, 0, 0.0
22, 1, 10, 0, 0, 0.0
22, 1, 11, 0, 0, 0.0
22, 1, 12, 0, 0, 0.0
22, 1, 13, 0, 0, 0.0
22, 1, 14, 0, 0, 0.0
22, 1, 15, 0, 0, 0.0
22, 1, 16, 0, 0, 0.0
22, 1, 17, 0, 0, 0.0
22, 1, 18, 0, 0, 0.0
22, 1, 19, 0, 0, 0.0
22, 1, 20, 0, 0, 0.0
23, 0, 0, 435, 523, 4.065641974193568e-07
23, 0, 1, 474, 476, 0.008037238381803036
23, 0, 2, 524, 435, 0.0019428168889135122
23, 0, 3, 570, 419, -0.007199970073997974
23, 0, 4, 610, 414, -0.01678568497300148
23, 0, 5, 506, 388, -0.010945242829620838
23, 0, 6, 577, 364, -0.023522518575191498
23, 0, 7, 620, 353, -0.03195164352655411
23, 0, 8, 653, 349, -0.03811102733016014
23, 0, 9, 506, 402, -0.02475861646234989
23, 0, 10, 588, 380, -0.03690847381949425
23, 0, 11, 636, 388, -0.04288874566555023
23, 0, 12, 669, 399, -0.04750458523631096
23, 0, 13, 512, 430, -0.03750814124941826
23, 0, 14, 587, 403, -0.048051390796899796
23, 0, 15, 636, 411, -0.04967399686574936
23, 0, 16, 670, 422, -0.05143723264336586
23, 0, 17, 522, 467, -0.0494750514626503
23, 0, 18, 574, 453, -0.054565463215112686
23, 0, 19, 604, 447, -0.05341610312461853
23, 0, 20, 628, 443, -0.05348130688071251
23, 1, 0, 0, 0, 0.0
23, 1, 1, 0, 0, 0.0
23, 1, 2, 0, 0, 0.0
23, 1, 3, 0, 0, 0.0
23, 1, 4, 0, 0, 0.0
23, 1, 5, 0, 0, 0.0
23, 1, 6, 0, 0, 0.0
23, 1, 7, 0, 0, 0.0
23, 1, 8, 0, 0, 0.0
23, 1, 9, 0, 0, 0.0
23, 1, 10, 0, 0, 0.0
23, 1, 11, 0, 0, 0.0
23, 1, 12, 0, 0, 0.0
23, 1, 13, 0, 0, 0.0
23, 1, 14, 0, 0, 0.0
23, 1, 15, 0, 0, 0.0
23, 1, 16, 0, 0, 0.0
23, 1, 17, 0, 0, 0.0
23, 1, 18, 0, 0, 0.0
23, 1, 19, 0, 0, 0.0
23, 1, 20, 0, 0, 0.0
24, 0, 0, 456, 527, 3.7068247138449806e-07
24, 0, 1, 511, 504, 0.008470774628221989
24, 0, 2, 563, 472, 0.005327194929122925
24, 0, 3, 610, 461, -0.0018962019821628928
24, 0, 4, 648, 456, -0.008717156946659088
24, 0, 5, 546, 398, 0.002606835914775729
24, 0, 6, 613, 378, -0.007712888065725565
24, 0, 7, 658, 370, -0.016232751309871674
24, 0, 8, 694, 368, -0.022418199107050896
24, 0, 9, 543, 402, -0.011416290886700153
24, 0, 10, 616, 374, -0.02099832333624363
24, 0, 11, 662, 368, -0.028693143278360367
24, 0, 12, 700, 367, -0.03460907191038132
24, 0, 13, 545, 423, -0.025348849594593048
24, 0, 14, 624, 406, -0.03681733086705208
24, 0, 15, 671, 423, -0.0408836267888546
24, 0, 16, 704, 441, -0.043358273804187775
24, 0, 17, 554, 457, -0.038647182285785675
24, 0, 18, 611, 449, -0.04509228467941284
24, 0, 19, 639, 452, -0.04426568001508713
24, 0, 20, 661, 456, -0.04395178332924843
24, 1, 0, 0, 0, 0.0
24, 1, 1, 0, 0, 0.0
24, 1, 2, 0, 0, 0.0
24, 1, 3, 0, 0, 0.0
24, 1, 4, 0, 0, 0.0
24, 1, 5, 0, 0, 0.0
24, 1, 6, 0, 0, 0.0
24, 1, 7, 0, 0, 0.0
24, 1, 8, 0, 0, 0.0
24, 1, 9, 0, 0, 0.0
24, 1, 10, 0, 0, 0.0
24, 1, 11, 0, 0, 0.0
24, 1, 12, 0, 0, 0.0
24, 1, 13, 0, 0, 0.0
24, 1, 14, 0, 0, 0.0
24, 1, 15, 0, 0, 0.0
24, 1, 16, 0, 0, 0.0
24, 1, 17, 0, 0, 0.0
24, 1, 18, 0, 0, 0.0
24, 1, 19, 0, 0, 0.0
24, 1, 20, 0, 0, 0.0
25, 0, 0, 475, 540, 1.4629719657932583e-07
25, 0, 1, 543, 529, 0.015974348410964012
25, 0, 2, 593, 500, 0.015421207062900066
25, 0, 3, 629, 487, 0.007992266677320004
25, 0, 4, 661, 481, -0.00032746564829722047
25, 0, 5, 581, 414, 0.008969686925411224
25, 0, 6, 661, 409, -0.0046437932178378105
25, 0, 7, 709, 422, -0.015468538738787174
25, 0, 8, 735, 439, -0.021620871499180794
25, 0, 9, 576, 418, -0.00890813022851944
25, 0, 10, 673, 422, -0.02448735199868679
25, 0, 11, 706, 458, -0.03277605399489403
25, 0, 12, 713, 486, -0.0360487625002861
25, 0, 13, 575, 435, -0.026304492726922035
25, 0, 14, 663, 439, -0.03998835012316704
25, 0, 15, 691, 473, -0.039801955223083496
25, 0, 16, 696, 498, -0.036954864859580994
25, 0, 17, 578, 460, -0.042596302926540375
25, 0, 18, 643, 453, -0.049416568130254745
25, 0, 19, 675, 465, -0.04503658041357994
25, 0, 20, 691, 477, -0.04036013036966324
25, 1, 0, 0, 0, 0.0
25, 1, 1, 0, 0, 0.0
25, 1, 2, 0, 0, 0.0
25, 1, 3, 0, 0, 0.0
25, 1, 4, 0, 0, 0.0
25, 1, 5, 0, 0, 0.0
25, 1, 6, 0, 0, 0.0
25, 1, 7, 0, 0, 0.0
25, 1, 8, 0, 0, 0.0
25, 1, 9, 0, 0, 0.0
25, 1, 10, 0, 0, 0.0
25, 1, 11, 0, 0, 0.0
25, 1, 12, 0, 0, 0.0
25, 1, 13, 0, 0, 0.0
25, 1, 14, 0, 0, 0.0
25, 1, 15, 0, 0, 0.0
25, 1, 16, 0, 0, 0.0
25, 1, 17, 0, 0, 0.0
25, 1, 18, 0, 0, 0.0
25, 1, 19, 0, 0, 0.0
25, 1, 20, 0, 0, 0.0
26, 0, 0, 468, 546, 2.6349496806687966e-07
26, 0, 1, 537, 531, 0.012617960572242737
26, 0, 2, 600, 514, 0.0086331432685256
26, 0, 3, 644, 513, 0.0006009293138049543
26, 0, 4, 686, 517, -0.009246472269296646
26, 0, 5, 603, 440, -0.00963113084435463
26, 0, 6, 675, 435, -0.02438311092555523
26, 0, 7, 717, 433, -0.03486049175262451
26, 0, 8, 752, 437, -0.04319789260625839
26, 0, 9, 591, 450, -0.028680771589279175
26, 0, 10, 667, 436, -0.04289689660072327
26, 0, 11, 714, 438, -0.054391611367464066
26, 0, 12, 752, 444, -0.0630914717912674
26, 0, 13, 575, 476, -0.04623769223690033
26, 0, 14, 639, 458, -0.06304240971803665
26, 0, 15, 681, 464, -0.07267983257770538
26, 0, 16, 715, 468, -0.07949283719062805
26, 0, 17, 562, 513, -0.061741381883621216
26, 0, 18, 585, 498, -0.07739001512527466
26, 0, 19, 599, 486, -0.0835820883512497
26, 0, 20, 615, 474, -0.08772198855876923
26, 1, 0, 0, 0, 0.0
26, 1, 1, 0, 0, 0.0
26, 1, 2, 0, 0, 0.0
26, 1, 3, 0, 0, 0.0
26, 1, 4, 0, 0, 0.0
26, 1, 5, 0, 0, 0.0
26, 1, 6, 0, 0, 0.0
26, 1, 7, 0, 0, 0.0
26, 1, 8, 0, 0, 0.0
26, 1, 9, 0, 0, 0.0
26, 1, 10, 0, 0, 0.0
26, 1, 11, 0, 0, 0.0
26, 1, 12, 0, 0, 0.0
26, 1, 13, 0, 0, 0.0
26, 1, 14, 0, 0, 0.0
26, 1, 15, 0, 0, 0.0
26, 1, 16, 0, 0, 0.0
26, 1, 17, 0, 0, 0.0
26, 1, 18, 0, 0, 0.0
26, 1, 19, 0, 0, 0.0
26, 1, 20, 0, 0, 0.0
27, 0, 0, 458, 548, 3.498018372738443e-07
27, 0, 1, 521, 520, 0.009399010799825191
27, 0, 2, 594, 504, 0.004954010713845491
27, 0, 3, 652, 512, -0.002278008731082082
27, 0, 4, 694, 521, -0.010923922061920166
27, 0, 5, 581, 439, -0.018437780439853668
27, 0, 6, 659, 453, -0.032198578119277954
27, 0, 7, 693, 472, -0.04139866307377815
27, 0, 8, 723, 488, -0.04940246790647507
27, 0, 9, 569, 462, -0.03625838831067085
27, 0, 10, 656, 451, -0.04928550869226456
27, 0, 11, 709, 450, -0.06123540922999382
27, 0, 12, 755, 451, -0.07169447094202042
27, 0, 13, 556, 498, -0.05237491428852081
27, 0, 14, 629, 477, -0.06761813163757324
27, 0, 15, 675, 473, -0.08078119158744812
27, 0, 16, 714, 468, -0.09158061444759369
27, 0, 17, 548, 541, -0.06645403057336807
27, 0, 18, 582, 530, -0.07882524281740189
27, 0, 19, 600, 521, -0.0849757269024849
27, 0, 20, 623, 515, -0.09089317172765732
27, 1, 0, 0, 0, 0.0
27, 1, 1, 0, 0, 0.0
27, 1, 2, 0, 0, 0.0
27, 1, 3, 0, 0, 0.0
27, 1, 4, 0, 0, 0.0
27, 1, 5, 0, 0, 0.0
27, 1, 6, 0, 0, 0.0
27, 1, 7, 0, 0, 0.0
27, 1, 8, 0, 0, 0.0
27, 1, 9, 0, 0, 0.0
27, 1, 10, 0, 0, 0.0
27, 1, 11, 0, 0, 0.0
27, 1, 12, 0, 0, 0.0
27, 1, 13, 0, 0, 0.0
27, 1, 14, 0, 0, 0.0
27, 1, 15, 0, 0, 0.0
27, 1, 16, 0, 0, 0.0
27, 1, 17, 0, 0, 0.0
27, 1, 18, 0, 0, 0.0
27, 1, 19, 0, 0, 0.0
27, 1, 20, 0, 0, 0.0
28, 0, 0, 439, 550, 4.387838146158174e-07
28, 0, 1, 486, 512, 0.006764994002878666
28, 0, 2, 553, 490, 0.0019099755445495248
28, 0, 3, 610, 500, -0.00616025784984231
28, 0, 4, 654, 516, -0.014475272968411446
28, 0, 5, 552, 438, -0.009687371551990509
28, 0, 6, 632, 440, -0.022570591419935226
28, 0, 7, 679, 447, -0.03065565600991249
28, 0, 8, 717, 455, -0.036126479506492615
28, 0, 9, 549, 454, -0.024058563634753227
28, 0, 10, 638, 445, -0.035941995680332184
28, 0, 11, 692, 448, -0.04381199926137924
28, 0, 12, 734, 452, -0.049632832407951355
28, 0, 13, 546, 485, -0.03788946941494942
28, 0, 14, 629, 475, -0.05024760961532593
28, 0, 15, 671, 488, -0.05535533279180527
28, 0, 16, 700, 499, -0.0583110935986042
28, 0, 17, 546, 525, -0.05104353278875351
28, 0, 18, 604, 513, -0.059775467962026596
28, 0, 19, 636, 513, -0.061528097838163376
28, 0, 20, 662, 515, -0.06257941573858261
28, 1, 0, 0, 0, 0.0
28, 1, 1, 0, 0, 0.0
28, 1, 2, 0, 0, 0.0
28, 1, 3, 0, 0, 0.0
28, 1, 4, 0, 0, 0.0
28, 1, 5, 0, 0, 0.0
28, 1, 6, 0, 0, 0.0
28, 1, 7, 0, 0, 0.0
28, 1, 8, 0, 0, 0.0
28, 1, 9, 0, 0, 0.0
28, 1, 10, 0, 0, 0.0
28, 1, 11, 0, 0, 0.0
28, 1, 12, 0, 0, 0.0
28, 1, 13, 0, 0, 0.0
28, 1, 14, 0, 0, 0.0
28, 1, 15, 0, 0, 0.0
28, 1, 16, 0, 0, 0.0
28, 1, 17, 0, 0, 0.0
28, 1, 18, 0, 0, 0.0
28, 1, 19, 0, 0, 0.0
28, 1, 20, 0, 0, 0.0
29, 0, 0, 582, 598, -2.4588516112089565e-07
29, 0, 1, 579, 650, 0.003409999655559659
29, 0, 2, 550, 697, 0.0060839466750621796
29, 0, 3, 532, 733, 0.004078141413629055
29, 0, 4, 520, 761, 0.0018710670992732048
29, 0, 5, 487, 694, 0.025519881397485733
29, 0, 6, 461, 737, 0.01740858145058155
29, 0, 7, 454, 773, 0.005790872499346733
29, 0, 8, 458, 798, -0.001961346250027418
29, 0, 9, 476, 689, 0.01591131091117859
29, 0, 10, 449, 736, 0.01218585204333067
29, 0, 11, 442, 775, 0.003114977851510048
29, 0, 12, 445, 806, -0.003831384005025029
29, 0, 13, 469, 681, 0.00333710596896708
29, 0, 14, 441, 730, -0.0017914549680426717
29, 0, 15, 437, 768, -0.005943549331277609
29, 0, 16, 440, 796, -0.008733770810067654
29, 0, 17, 468, 672, -0.010278863832354546
29, 0, 18, 442, 718, -0.015401318669319153
29, 0, 19, 443, 751, -0.015069626271724701
29, 0, 20, 450, 777, -0.01423358079046011
29, 1, 0, 404, 563, 3.9679306951256876e-07
29, 1, 1, 465, 541, 0.011660294607281685
29, 1, 2, 523, 515, 0.008940623141825199
29, 1, 3, 572, 513, 0.001303614815697074
29, 1, 4, 613, 515, -0.0066399420611560345
29, 1, 5, 505, 439, -0.000829591357614845
29, 1, 6, 587, 437, -0.014293432235717773
29, 1, 7, 636, 441, -0.023507438600063324
29, 1, 8, 675, 445, -0.0298882108181715
29, 1, 9, 501, 448, -0.01844121143221855
29, 1, 10, 593, 438, -0.03199717402458191
29, 1, 11, 649, 440, -0.040503647178411484
29, 1, 12, 694, 442, -0.04612419009208679
29, 1, 13, 500, 477, -0.035807788372039795
29, 1, 14, 588, 461, -0.05026991665363312
29, 1, 15, 639, 469, -0.0554058812558651
29, 1, 16, 678, 474, -0.05806742608547211
29, 1, 17, 505, 517, -0.05218377709388733
29, 1, 18, 567, 503, -0.06386850029230118
29, 1, 19, 603, 500, -0.06577162444591522
29, 1, 20, 634, 500, -0.0663181021809578
30, 0, 0, 591, 595, -2.5079663146243547e-07
30, 0, 1, 587, 650, 0.008298602886497974
30, 0, 2, 556, 697, 0.014094446785748005
30, 0, 3, 535, 730, 0.014363035559654236
30, 0, 4, 523, 760, 0.014635083265602589
30, 0, 5, 500, 689, 0.03190973028540611
30, 0, 6, 479, 732, 0.027766989544034004
30, 0, 7, 477, 768, 0.01955465041100979
30, 0, 8, 481, 792, 0.013462853617966175
30, 0, 9, 488, 683, 0.020591190084815025
30, 0, 10, 469, 733, 0.017027931287884712
30, 0, 11, 471, 768, 0.008621903136372566
30, 0, 12, 478, 795, 0.002636643359437585
30, 0, 13, 482, 674, 0.006748619955033064
30, 0, 14, 460, 725, 0.0020144684240221977
30, 0, 15, 464, 760, -0.0013480100315064192
30, 0, 16, 471, 787, -0.0033944693859666586
30, 0, 17, 479, 665, -0.007684978656470776
30, 0, 18, 456, 710, -0.011873411945998669
30, 0, 19, 455, 740, -0.012036094442009926
30, 0, 20, 460, 765, -0.01180813554674387
30, 1, 0, 386, 569, 4.276883771581197e-07
30, 1, 1, 453, 534, 0.0056004817597568035
30, 1, 2, 509, 503, -0.003393487771973014
30, 1, 3, 558, 493, -0.015043587423861027
30, 1, 4, 599, 491, -0.027671581134200096
30, 1, 5, 478, 435, -0.024156037718057632
30, 1, 6, 557, 429, -0.04596773535013199
30, 1, 7, 605, 429, -0.06068779528141022
30, 1, 8, 644, 433, -0.07157494872808456
30, 1, 9, 464, 454, -0.04088953882455826
30, 1, 10, 552, 452, -0.06327683478593826
30, 1, 11, 598, 473, -0.07471362501382828
30, 1, 12, 632, 492, -0.08302292227745056
30, 1, 13, 453, 489, -0.05666646733880043
30, 1, 14, 526, 473, -0.07721944153308868
30, 1, 15, 568, 487, -0.0838991105556488
30, 1, 16, 600, 499, -0.08890575915575027
30, 1, 17, 445, 532, -0.07143692672252655
30, 1, 18, 477, 520, -0.08773048967123032
30, 1, 19, 497, 513, -0.0932030901312828
30, 1, 20, 517, 507, -0.0974312275648117
31, 0, 0, 597, 597, -2.178903315552816e-07
31, 0, 1, 595, 646, 0.0032211793586611748
31, 0, 2, 562, 691, 0.007610486354678869
31, 0, 3, 537, 721, 0.008005623705685139
31, 0, 4, 525, 749, 0.008976790122687817
31, 0, 5, 503, 680, 0.02421933226287365
31, 0, 6, 479, 720, 0.01814775913953781
31, 0, 7, 477, 754, 0.009521099738776684
31, 0, 8, 482, 778, 0.00372506445273757
31, 0, 9, 493, 674, 0.01633846014738083
31, 0, 10, 470, 719, 0.011424003168940544
31, 0, 11, 472, 754, 0.003679924411699176
31, 0, 12, 480, 779, -0.0013509585987776518
31, 0, 13, 488, 668, 0.005825253203511238
31, 0, 14, 463, 713, 3.745796493603848e-05
31, 0, 15, 468, 748, -0.003171185962855816
31, 0, 16, 475, 774, -0.004566675052046776
31, 0, 17, 487, 662, -0.005556108895689249
31, 0, 18, 464, 703, -0.009989061392843723
31, 0, 19, 464, 733, -0.01029582042247057
31, 0, 20, 470, 756, -0.009874426759779453
31, 1, 0, 385, 581, 5.740812980548071e-07
31, 1, 1, 469, 541, -0.001095283660106361
31, 1, 2, 520, 505, -0.014397419057786465
31, 1, 3, 566, 489, -0.02928272821009159
31, 1, 4, 612, 490, -0.04577259719371796
31, 1, 5, 466, 442, -0.03626194968819618
31, 1, 6, 535, 437, -0.06705309450626373
31, 1, 7, 581, 441, -0.08870700746774673
31, 1, 8, 623, 449, -0.10378454625606537
31, 1, 9, 445, 463, -0.05369655787944794
31, 1, 10, 513, 434, -0.08500326424837112
31, 1, 11, 567, 427, -0.10559944063425064
31, 1, 12, 613, 423, -0.11967962980270386
31, 1, 13, 427, 501, -0.07018479704856873
31, 1, 14, 470, 476, -0.10115974396467209
31, 1, 15, 503, 465, -0.11843535304069519
31, 1, 16, 532, 452, -0.12955452501773834
31, 1, 17, 413, 549, -0.08556173741817474
31, 1, 18, 428, 540, -0.11055680364370346
31, 1, 19, 440, 526, -0.12119423598051071
31, 1, 20, 455, 511, -0.12865886092185974
32, 0, 0, 604, 596, -1.8566210258086357e-07
32, 0, 1, 601, 644, 0.003806627355515957
32, 0, 2, 565, 690, 0.008002962917089462
32, 0, 3, 540, 722, 0.008159235119819641
32, 0, 4, 528, 753, 0.008705458603799343
32, 0, 5, 507, 676, 0.02391534298658371
32, 0, 6, 480, 712, 0.018479958176612854
32, 0, 7, 476, 746, 0.010355566628277302
32, 0, 8, 478, 772, 0.004490988794714212
32, 0, 9, 498, 668, 0.015225637704133987
32, 0, 10, 471, 711, 0.010331600904464722
32, 0, 11, 467, 747, 0.0023236533161252737
32, 0, 12, 471, 776, -0.003150516888126731
32, 0, 13, 494, 659, 0.004063853994011879
32, 0, 14, 466, 704, -0.002444853074848652
32, 0, 15, 465, 740, -0.00713919335976243
32, 0, 16, 471, 770, -0.009693642146885395
32, 0, 17, 496, 653, -0.007743378169834614
32, 0, 18, 472, 695, -0.013514460064470768
32, 0, 19, 470, 725, -0.015384447760879993
32, 0, 20, 474, 749, -0.016201665624976158
32, 1, 0, 385, 569, 5.240928544480994e-07
32, 1, 1, 461, 536, 0.004411608912050724
32, 1, 2, 512, 503, -0.004242321476340294
32, 1, 3, 553, 488, -0.014615260995924473
32, 1, 4, 591, 479, -0.026795774698257446
32, 1, 5, 473, 439, -0.026333017274737358
32, 1, 6, 542, 426, -0.0474889762699604
32, 1, 7, 586, 422, -0.0625404417514801
32, 1, 8, 623, 423, -0.0739455372095108
32, 1, 9, 453, 458, -0.04199899360537529
32, 1, 10, 534, 450, -0.06478699296712875
32, 1, 11, 583, 461, -0.07815183699131012
32, 1, 12, 622, 473, -0.08768003433942795
32, 1, 13, 437, 494, -0.05637919157743454
32, 1, 14, 491, 472, -0.07787608355283737
32, 1, 15, 522, 467, -0.0889337807893753
32, 1, 16, 549, 462, -0.09730923175811768
32, 1, 17, 428, 537, -0.06942611187696457
32, 1, 18, 449, 530, -0.08829445391893387
32, 1, 19, 464, 521, -0.09654161334037781
32, 1, 20, 482, 511, -0.10271479934453964
33, 0, 0, 606, 591, -1.9035834952774167e-07
33, 0, 1, 604, 639, 0.0028740025591105223
33, 0, 2, 568, 682, 0.006942353677004576
33, 0, 3, 544, 711, 0.007363037206232548
33, 0, 4, 529, 739, 0.008411956019699574
33, 0, 5, 509, 666, 0.020900363102555275
33, 0, 6, 480, 701, 0.014969363808631897
33, 0, 7, 474, 737, 0.007230085786432028
33, 0, 8, 476, 763, 0.0018864462617784739
33, 0, 9, 500, 659, 0.012935137376189232
33, 0, 10, 470, 701, 0.007857964374125004
33, 0, 11, 466, 738, 0.0006640575011260808
33, 0, 12, 470, 768, -0.004224605392664671
33, 0, 13, 497, 651, 0.0025709769688546658
33, 0, 14, 465, 695, -0.004634878132492304
33, 0, 15, 465, 734, -0.00949440710246563
33, 0, 16, 472, 764, -0.011835143901407719
33, 0, 17, 501, 646, -0.008404700085520744
33, 0, 18, 474, 690, -0.015129429288208485
33, 0, 19, 472, 723, -0.017572376877069473
33, 0, 20, 477, 749, -0.018488675355911255
33, 1, 0, 385, 565, 3.4671921866902267e-07
33, 1, 1, 433, 515, 0.010493660345673561
33, 1, 2, 487, 480, 0.004491106141358614
33, 1, 3, 532, 472, -0.004952424205839634
33, 1, 4, 570, 476, -0.01594999060034752
33, 1, 5, 490, 440, -0.016087180003523827
33, 1, 6, 562, 430, -0.0329694002866745
33, 1, 7, 608, 426, -0.04426627978682518
33, 1, 8, 644, 429, -0.05278266593813896
33, 1, 9, 481, 462, -0.03372756391763687
33, 1, 10, 562, 461, -0.05163219943642616
33, 1, 11, 608, 475, -0.06067771837115288
33, 1, 12, 642, 490, -0.06697683781385422
33, 1, 13, 473, 498, -0.050023049116134644
33, 1, 14, 541, 485, -0.06547699868679047
33, 1, 15, 587, 493, -0.07037296891212463
33, 1, 16, 624, 499, -0.0741930902004242
33, 1, 17, 468, 542, -0.0650220438838005
33, 1, 18, 503, 531, -0.07543043792247772
33, 1, 19, 527, 523, -0.07752510160207748
33, 1, 20, 550, 514, -0.07967507839202881
34, 0, 0, 618, 584, -2.1436724750856229e-07
34, 0, 1, 610, 631, 0.003963839262723923
34, 0, 2, 572, 671, 0.006863742601126432
34, 0, 3, 548, 699, 0.0057478537783026695
34, 0, 4, 532, 726, 0.005647639278322458
34, 0, 5, 512, 648, 0.020116515457630157
34, 0, 6, 477, 683, 0.011439022608101368
34, 0, 7, 473, 720, 0.002548273652791977
34, 0, 8, 481, 745, -0.002375664422288537
34, 0, 9, 506, 642, 0.01133293192833662
34, 0, 10, 468, 682, 0.004929604008793831
34, 0, 11, 468, 722, -0.0018767184810712934
34, 0, 12, 480, 748, -0.00563104497268796
34, 0, 13, 504, 636, 0.0001264046732103452
34, 0, 14, 465, 678, -0.00688917888328433
34, 0, 15, 469, 718, -0.010715095326304436
34, 0, 16, 482, 745, -0.011924301274120808
34, 0, 17, 509, 634, -0.011632800102233887
34, 0, 18, 480, 675, -0.016911646351218224
34, 0, 19, 481, 707, -0.018192462623119354
34, 0, 20, 491, 729, -0.018041517585515976
34, 1, 0, 390, 572, 3.331388427341153e-07
34, 1, 1, 437, 520, 0.009547191672027111
34, 1, 2, 498, 493, 0.0013417510781437159
34, 1, 3, 544, 492, -0.009691376239061356
34, 1, 4, 583, 502, -0.022044207900762558
34, 1, 5, 507, 455, -0.024518689140677452
34, 1, 6, 586, 454, -0.04266549274325371
34, 1, 7, 630, 458, -0.05317791923880577
34, 1, 8, 665, 467, -0.061226263642311096
34, 1, 9, 499, 477, -0.042618848383426666
34, 1, 10, 580, 479, -0.06170415133237839
34, 1, 11, 622, 497, -0.07002443820238113
34, 1, 12, 653, 515, -0.07519804686307907
34, 1, 13, 487, 514, -0.05894139036536217
34, 1, 14, 556, 501, -0.07646547257900238
34, 1, 15, 599, 511, -0.08421732485294342
34, 1, 16, 634, 516, -0.09005935490131378
34, 1, 17, 477, 560, -0.07345995306968689
34, 1, 18, 494, 556, -0.08721987158060074
34, 1, 19, 501, 552, -0.09161634743213654
34, 1, 20, 510, 545, -0.09494925290346146
35, 0, 0, 627, 583, -2.183252121312762e-07
35, 0, 1, 616, 630, 0.004895450081676245
35, 0, 2, 577, 666, 0.007243012078106403
35, 0, 3, 553, 691, 0.005433947779238224
35, 0, 4, 536, 715, 0.0048421467654407024
35, 0, 5, 518, 643, 0.01889749988913536
35, 0, 6, 478, 672, 0.008686303161084652
35, 0, 7, 476, 710, -0.00083376799011603
35, 0, 8, 487, 734, -0.005579466465860605
35, 0, 9, 513, 636, 0.009581245481967926
35, 0, 10, 470, 671, 0.0018143154447898269
35, 0, 11, 472, 710, -0.0045122066512703896
35, 0, 12, 486, 733, -0.007416753564029932
35, 0, 13, 514, 630, -0.0020878310315310955
35, 0, 14, 469, 666, -0.009759190492331982
35, 0, 15, 474, 706, -0.012773029506206512
35, 0, 16, 489, 730, -0.01301538199186325
35, 0, 17, 520, 627, -0.014210546389222145
35, 0, 18, 486, 664, -0.01922791451215744
35, 0, 19, 487, 697, -0.019742578268051147
35, 0, 20, 498, 717, -0.018839286640286446
35, 1, 0, 380, 581, 4.0920733113125607e-07
35, 1, 1, 430, 526, 0.008767868392169476
35, 1, 2, 491, 500, 0.0016715575475245714
35, 1, 3, 536, 501, -0.008337657898664474
35, 1, 4, 570, 513, -0.02045293152332306
35, 1, 5, 497, 469, -0.024447781965136528
35, 1, 6, 571, 479, -0.04304314777255058
35, 1, 7, 614, 487, -0.05416230484843254
35, 1, 8, 650, 496, -0.06237810105085373
35, 1, 9, 486, 497, -0.04240735247731209
35, 1, 10, 566, 487, -0.059765055775642395
35, 1, 11, 621, 486, -0.07109919935464859
35, 1, 12, 667, 487, -0.07977823168039322
35, 1, 13, 472, 537, -0.058538664132356644
35, 1, 14, 536, 520, -0.07724025100469589
35, 1, 15, 581, 519, -0.08981780707836151
35, 1, 16, 620, 516, -0.09899842739105225
35, 1, 17, 461, 583, -0.07262085378170013
35, 1, 18, 485, 578, -0.08799245208501816
35, 1, 19, 500, 571, -0.09474790841341019
35, 1, 20, 520, 564, -0.10002361238002777
36, 0, 0, 637, 582, -2.6617530579642334e-07
36, 0, 1, 624, 627, 0.0013385958736762404
36, 0, 2, 585, 661, -0.0006788128521293402
36, 0, 3, 560, 686, -0.0055723655968904495
36, 0, 4, 541, 708, -0.009348836727440357
36, 0, 5, 520, 621, 0.006484244484454393
36, 0, 6, 484, 661, -0.00789187103509903
36, 0, 7, 481, 703, -0.0201495923101902
36, 0, 8, 491, 733, -0.026479562744498253
36, 0, 9, 516, 615, -0.0017552803037688136
36, 0, 10, 479, 663, -0.011471190489828587
36, 0, 11, 480, 707, -0.018463414162397385
36, 0, 12, 492, 735, -0.022713400423526764
36, 0, 13, 521, 614, -0.012003024108707905
36, 0, 14, 483, 664, -0.021057145670056343
36, 0, 15, 486, 708, -0.023905813694000244
36, 0, 16, 499, 737, -0.024723879992961884
36, 0, 17, 533, 622, -0.02275756187736988
36, 0, 18, 502, 667, -0.02949516475200653
36, 0, 19, 502, 701, -0.030500099062919617
36, 0, 20, 510, 725, -0.030025890097022057
36, 1, 0, 366, 590, 4.6879745241312776e-07
36, 1, 1, 431, 554, 0.0034491855185478926
36, 1, 2, 502, 530, -0.006713553331792355
36, 1, 3, 556, 530, -0.01900382526218891
36, 1, 4, 599, 540, -0.033552322536706924
36, 1, 5, 481, 478, -0.03565721586346626
36, 1, 6, 552, 481, -0.06159428134560585
36, 1, 7, 600, 482, -0.0787532851099968
36, 1, 8, 641, 487, -0.09115162491798401
36, 1, 9, 459, 500, -0.05408141389489174
36, 1, 10, 538, 495, -0.08075712621212006
36, 1, 11, 592, 496, -0.09786781668663025
36, 1, 12, 639, 498, -0.1106695905327797
36, 1, 13, 438, 536, -0.07100556790828705
36, 1, 14, 504, 523, -0.09718278050422668
36, 1, 15, 548, 523, -0.11270269006490707
36, 1, 16, 585, 521, -0.12355322390794754
36, 1, 17, 420, 581, -0.08637231588363647
36, 1, 18, 455, 574, -0.10706091672182083
36, 1, 19, 477, 565, -0.11707837879657745
36, 1, 20, 499, 558, -0.1250159591436386
37, 0, 0, 648, 581, -3.3137473565147957e-07
37, 0, 1, 632, 630, 0.005859233904629946
37, 0, 2, 591, 661, 0.006755812559276819
37, 0, 3, 566, 684, 0.0034127971157431602
37, 0, 4, 544, 704, 0.0006155241862870753
37, 0, 5, 526, 621, 0.014284231700003147
37, 0, 6, 496, 664, 0.0018265516264364123
37, 0, 7, 493, 708, -0.010442272759974003
37, 0, 8, 503, 739, -0.01707824505865574
37, 0, 9, 524, 614, 0.004222248215228319
37, 0, 10, 492, 666, -0.003558642929419875
37, 0, 11, 493, 710, -0.011843202635645866
37, 0, 12, 505, 741, -0.01744304969906807
37, 0, 13, 529, 612, -0.007681520655751228
37, 0, 14, 496, 665, -0.015796542167663574
37, 0, 15, 500, 710, -0.019898615777492523
37, 0, 16, 512, 740, -0.02189447171986103
37, 0, 17, 542, 620, -0.019775254651904106
37, 0, 18, 512, 665, -0.025880925357341766
37, 0, 19, 513, 699, -0.026889387518167496
37, 0, 20, 524, 723, -0.02668972872197628
37, 1, 0, 346, 617, 4.3133115923410514e-07
37, 1, 1, 417, 593, 0.0022477617021650076
37, 1, 2, 481, 559, -0.004044178873300552
37, 1, 3, 533, 550, -0.01305311918258667
37, 1, 4, 575, 553, -0.022883083671331406
37, 1, 5, 443, 484, -0.016352998092770576
37, 1, 6, 514, 483, -0.036432478576898575
37, 1, 7, 565, 487, -0.05082181096076965
37, 1, 8, 607, 492, -0.060774657875299454
37, 1, 9, 424, 500, -0.030279099941253662
37, 1, 10, 504, 494, -0.0500866174697876
37, 1, 11, 559, 500, -0.061641208827495575
37, 1, 12, 604, 506, -0.06984148919582367
37, 1, 13, 410, 533, -0.04449426382780075
37, 1, 14, 483, 522, -0.06374610215425491
37, 1, 15, 531, 524, -0.07163844257593155
37, 1, 16, 569, 528, -0.07607581466436386
37, 1, 17, 403, 575, -0.058408256620168686
37, 1, 18, 450, 559, -0.07278405129909515
37, 1, 19, 481, 549, -0.07808012515306473
37, 1, 20, 508, 542, -0.08165732026100159
38, 0, 0, 661, 577, -3.224082263386663e-07
38, 0, 1, 646, 632, 0.005898673087358475
38, 0, 2, 604, 662, 0.006445789709687233
38, 0, 3, 578, 684, 0.0031783219892531633
38, 0, 4, 557, 704, 0.000352295784978196
38, 0, 5, 537, 615, 0.010969279333949089
38, 0, 6, 504, 660, -0.0016289101913571358
38, 0, 7, 502, 706, -0.013061042875051498
38, 0, 8, 512, 738, -0.018939001485705376
38, 0, 9, 535, 608, 0.0011330265551805496
38, 0, 10, 500, 663, -0.006530268117785454
38, 0, 11, 501, 710, -0.012949281372129917
38, 0, 12, 513, 740, -0.017191747203469276
38, 0, 13, 543, 608, -0.010318691842257977
38, 0, 14, 507, 664, -0.018481334671378136
38, 0, 15, 509, 710, -0.02132781222462654
38, 0, 16, 520, 740, -0.022397855296730995
38, 0, 17, 559, 620, -0.02184462733566761
38, 0, 18, 528, 666, -0.02780825085937977
38, 0, 19, 527, 702, -0.02819635160267353
38, 0, 20, 536, 727, -0.027526434510946274
38, 1, 0, 317, 654, 5.773613906967512e-07
38, 1, 1, 397, 615, -0.0021391918417066336
38, 1, 2, 455, 573, -0.013491453602910042
38, 1, 3, 507, 557, -0.02678515762090683
38, 1, 4, 554, 557, -0.041781917214393616
38, 1, 5, 391, 502, -0.02863752283155918
38, 1, 6, 464, 496, -0.0571318119764328
38, 1, 7, 518, 496, -0.07838013023138046
38, 1, 8, 562, 503, -0.09263136237859726
38, 1, 9, 369, 526, -0.04331621527671814
38, 1, 10, 448, 511, -0.07109788805246353
38, 1, 11, 507, 512, -0.0888720229268074
38, 1, 12, 556, 516, -0.10153952986001968
38, 1, 13, 354, 566, -0.05830139294266701
38, 1, 14, 419, 543, -0.08566508442163467
38, 1, 15, 469, 540, -0.09898851811885834
38, 1, 16, 509, 538, -0.1069955825805664
38, 1, 17, 345, 610, -0.07279028743505478
38, 1, 18, 384, 594, -0.09291312098503113
38, 1, 19, 412, 581, -0.10082051903009415
38, 1, 20, 438, 572, -0.10626350343227386
39, 0, 0, 674, 581, -2.948314943296282e-07
39, 0, 1, 655, 639, 0.005691894330084324
39, 0, 2, 613, 666, 0.004884454887360334
39, 0, 3, 587, 687, 0.0008419680525548756
39, 0, 4, 565, 707, -0.002990962006151676
39, 0, 5, 545, 613, 0.006184192840009928
39, 0, 6, 513, 664, -0.006459712982177734
39, 0, 7, 509, 711, -0.01769901253283024
39, 0, 8, 517, 743, -0.023735282942652702
39, 0, 9, 546, 608, -0.0032334316056221724
39, 0, 10, 510, 667, -0.010791652835905552
39, 0, 11, 508, 713, -0.017189418897032738
39, 0, 12, 516, 744, -0.022077197209000587
39, 0, 13, 556, 612, -0.013698949478566647
39, 0, 14, 519, 670, -0.021833505481481552
39, 0, 15, 518, 715, -0.025102555751800537
39, 0, 16, 526, 747, -0.0270317904651165
39, 0, 17, 575, 628, -0.02401435747742653
39, 0, 18, 545, 676, -0.03015556000173092
39, 0, 19, 541, 710, -0.031201498582959175
39, 0, 20, 547, 736, -0.03140518441796303
39, 1, 0, 311, 674, 4.690465118528664e-07
39, 1, 1, 382, 622, 0.002608814276754856
39, 1, 2, 433, 581, -0.009846541099250317
39, 1, 3, 484, 567, -0.024767545983195305
39, 1, 4, 531, 565, -0.042368192225694656
39, 1, 5, 370, 509, -0.032094843685626984
39, 1, 6, 448, 511, -0.057928845286369324
39, 1, 7, 491, 517, -0.076474130153656
39, 1, 8, 527, 526, -0.0901450663805008
39, 1, 9, 344, 531, -0.049000345170497894
39, 1, 10, 423, 532, -0.07574213296175003
39, 1, 11, 477, 539, -0.09148678928613663
39, 1, 12, 519, 549, -0.1045643761754036
39, 1, 13, 324, 569, -0.06532596796751022
39, 1, 14, 386, 559, -0.09201853722333908
39, 1, 15, 431, 560, -0.10543409734964371
39, 1, 16, 466, 560, -0.11523755639791489
39, 1, 17, 310, 612, -0.08045979589223862
39, 1, 18, 341, 598, -0.10184863209724426
39, 1, 19, 367, 586, -0.1119091659784317
39, 1, 20, 391, 577, -0.11994031071662903
40, 0, 0, 685, 589, -2.796116405079374e-07
40, 0, 1, 663, 651, 0.008250972256064415
40, 0, 2, 621, 676, 0.009233896620571613
40, 0, 3, 595, 698, 0.006914163939654827
40, 0, 4, 576, 719, 0.004536352586001158
40, 0, 5, 554, 621, 0.008281221613287926
40, 0, 6, 521, 675, -0.002232135972008109
40, 0, 7, 514, 720, -0.011535007506608963
40, 0, 8, 519, 753, -0.016536615788936615
40, 0, 9, 555, 616, -0.0018507563509047031
40, 0, 10, 515, 677, -0.009465928189456463
40, 0, 11, 512, 723, -0.014952349476516247
40, 0, 12, 516, 755, -0.018492821604013443
40, 0, 13, 566, 622, -0.012645451352000237
40, 0, 14, 526, 684, -0.021882671862840652
40, 0, 15, 522, 729, -0.024557605385780334
40, 0, 16, 526, 760, -0.025175560265779495
40, 0, 17, 587, 640, -0.022828461602330208
40, 0, 18, 555, 694, -0.029937557876110077
40, 0, 19, 551, 730, -0.030372656881809235
40, 0, 20, 555, 757, -0.029505442827939987
40, 1, 0, 321, 671, 4.2048165482810873e-07
40, 1, 1, 373, 626, -0.011761060915887356
40, 1, 2, 415, 591, -0.029379863291978836
40, 1, 3, 454, 575, -0.04709737002849579
40, 1, 4, 491, 566, -0.06786937266588211
40, 1, 5, 362, 527, -0.049045879393815994
40, 1, 6, 418, 533, -0.07954899966716766
40, 1, 7, 456, 543, -0.10162896662950516
40, 1, 8, 490, 556, -0.11703623831272125
40, 1, 9, 342, 556, -0.060387033969163895
40, 1, 10, 399, 554, -0.08933520317077637
40, 1, 11, 442, 560, -0.10698079317808151
40, 1, 12, 479, 570, -0.12106451392173767
40, 1, 13, 325, 597, -0.07180295884609222
40, 1, 14, 361, 587, -0.10047624260187149
40, 1, 15, 396, 589, -0.11351973563432693
40, 1, 16, 427, 593, -0.12275154143571854
40, 1, 17, 310, 640, -0.08307019621133804
40, 1, 18, 314, 641, -0.10643269121646881
40, 1, 19, 325, 640, -0.11538258194923401
40, 1, 20, 340, 640, -0.12183485180139542
41, 0, 0, 698, 599, -2.2708331925969105e-07
41, 0, 1, 669, 656, 0.008073926903307438
41, 0, 2, 626, 682, 0.008793925866484642
41, 0, 3, 598, 706, 0.006498047616332769
41, 0, 4, 579, 728, 0.004207668825984001
41, 0, 5, 561, 632, 0.009400805458426476
41, 0, 6, 527, 683, 0.0004708500055130571
41, 0, 7, 514, 725, -0.00876604299992323
41, 0, 8, 512, 756, -0.01438912469893694
41, 0, 9, 563, 632, -0.00024413353821728379
41, 0, 10, 525, 690, -0.005070744547992945
41, 0, 11, 515, 732, -0.010130291804671288
41, 0, 12, 513, 765, -0.014212345704436302
41, 0, 13, 575, 641, -0.010494385845959187
41, 0, 14, 536, 699, -0.017031027004122734
41, 0, 15, 526, 741, -0.019384747371077538
41, 0, 16, 521, 773, -0.020725345239043236
41, 0, 17, 597, 660, -0.020267903804779053
41, 0, 18, 565, 711, -0.026138031855225563
41, 0, 19, 555, 743, -0.026050176471471786
41, 0, 20, 551, 769, -0.025122012943029404
41, 1, 0, 323, 678, 2.519725228466996e-07
41, 1, 1, 383, 639, -0.006465379614382982
41, 1, 2, 430, 607, -0.021996108815073967
41, 1, 3, 476, 603, -0.03928152844309807
41, 1, 4, 521, 615, -0.05857390910387039
41, 1, 5, 376, 540, -0.026321502402424812
41, 1, 6, 448, 564, -0.05683257803320885
41, 1, 7, 484, 597, -0.08114228397607803
41, 1, 8, 511, 629, -0.09646831452846527
41, 1, 9, 349, 564, -0.038562703877687454
41, 1, 10, 431, 584, -0.06752226501703262
41, 1, 11, 455, 614, -0.08447040617465973
41, 1, 12, 463, 638, -0.09519482403993607
41, 1, 13, 325, 601, -0.05189737677574158
41, 1, 14, 393, 615, -0.07844334840774536
41, 1, 15, 404, 636, -0.08799712359905243
41, 1, 16, 401, 647, -0.09212295711040497
41, 1, 17, 306, 642, -0.06515155732631683
41, 1, 18, 342, 657, -0.08228349685668945
41, 1, 19, 352, 669, -0.08471692353487015
41, 1, 20, 354, 676, -0.08538366854190826
42, 0, 0, 705, 607, -1.667103362024136e-07
42, 0, 1, 657, 624, 0.005930017679929733
42, 0, 2, 604, 658, 0.006468313746154308
42, 0, 3, 577, 695, 0.004622883163392544
42, 0, 4, 567, 727, 0.001893330249004066
42, 0, 5, 566, 644, 0.004951159004122019
42, 0, 6, 538, 693, -0.0026946391444653273
42, 0, 7, 525, 731, -0.011567981913685799
42, 0, 8, 517, 762, -0.018049143254756927
42, 0, 9, 575, 654, -0.0031291840132325888
42, 0, 10, 550, 705, -0.007314554415643215
42, 0, 11, 539, 741, -0.013975061476230621
42, 0, 12, 532, 773, -0.019976230338215828
42, 0, 13, 591, 668, -0.011069376021623611
42, 0, 14, 566, 718, -0.01407647505402565
42, 0, 15, 555, 751, -0.015779513865709305
42, 0, 16, 544, 779, -0.018359176814556122
42, 0, 17, 613, 684, -0.01873745024204254
42, 0, 18, 588, 728, -0.021791545674204826
42, 0, 19, 578, 752, -0.020153049379587173
42, 0, 20, 569, 773, -0.01898425817489624
42, 1, 0, 322, 700, 2.143387405340036e-07
42, 1, 1, 348, 658, -0.016861455515027046
42, 1, 2, 389, 625, -0.03241505101323128
42, 1, 3, 437, 623, -0.048043277114629745
42, 1, 4, 487, 649, -0.06391078978776932
42, 1, 5, 393, 566, -0.02258051186800003
42, 1, 6, 459, 597, -0.050736963748931885
42, 1, 7, 500, 626, -0.07260020822286606
42, 1, 8, 528, 651, -0.0852595716714859
42, 1, 9, 383, 593, -0.02696404606103897
42, 1, 10, 457, 622, -0.054663773626089096
42, 1, 11, 492, 657, -0.06801918894052505
42, 1, 12, 510, 684, -0.07338269799947739
42, 1, 13, 373, 628, -0.03379729390144348
42, 1, 14, 445, 652, -0.059773147106170654
42, 1, 15, 481, 679, -0.06406734883785248
42, 1, 16, 497, 700, -0.06077168881893158
42, 1, 17, 363, 668, -0.04200885444879532
42, 1, 18, 423, 683, -0.05744432657957077
42, 1, 19, 452, 699, -0.05554431304335594
42, 1, 20, 468, 712, -0.050242528319358826
43, 0, 0, 710, 618, -2.946210564402918e-08
43, 0, 1, 666, 631, 0.0003052741230931133
43, 0, 2, 612, 668, -0.0007543186657130718
43, 0, 3, 586, 707, -0.0026855943724513054
43, 0, 4, 575, 742, -0.005272164009511471
43, 0, 5, 581, 663, -0.00222161621786654
43, 0, 6, 547, 706, -0.0113057317212224
43, 0, 7, 528, 744, -0.019960446283221245
43, 0, 8, 515, 774, -0.026283111423254013
43, 0, 9, 592, 673, -0.00788973830640316
43, 0, 10, 559, 718, -0.014582044444978237
43, 0, 11, 540, 755, -0.02162967249751091
43, 0, 12, 526, 789, -0.027542324736714363
43, 0, 13, 610, 686, -0.013762996532022953
43, 0, 14, 579, 732, -0.019449543207883835
43, 0, 15, 562, 766, -0.02168678119778633
43, 0, 16, 547, 796, -0.023895500227808952
43, 0, 17, 633, 701, -0.019676750525832176
43, 0, 18, 606, 742, -0.02532455325126648
43, 0, 19, 591, 768, -0.025428663939237595
43, 0, 20, 578, 791, -0.025230150669813156
43, 1, 0, 298, 696, 3.80288042833854e-07
43, 1, 1, 344, 672, -0.01745782606303692
43, 1, 2, 403, 658, -0.03526251018047333
43, 1, 3, 456, 664, -0.05280381068587303
43, 1, 4, 499, 679, -0.07178538292646408
43, 1, 5, 405, 598, -0.03799548000097275
43, 1, 6, 482, 632, -0.0701766312122345
43, 1, 7, 526, 664, -0.09435168653726578
43, 1, 8, 557, 691, -0.10939261317253113
43, 1, 9, 382, 621, -0.04404861852526665
43, 1, 10, 462, 661, -0.07691237330436707
43, 1, 11, 490, 696, -0.0929689034819603
43, 1, 12, 506, 721, -0.1017022505402565
43, 1, 13, 361, 653, -0.05155224725604057
43, 1, 14, 431, 698, -0.08243454992771149
43, 1, 15, 442, 730, -0.08666261285543442
43, 1, 16, 442, 747, -0.08432897925376892
43, 1, 17, 344, 687, -0.06019974499940872
43, 1, 18, 397, 718, -0.0812692642211914
43, 1, 19, 411, 739, -0.0806158110499382
43, 1, 20, 414, 750, -0.07644174993038177
44, 0, 0, 718, 628, -1.0994650523343807e-07
44, 0, 1, 670, 634, 0.0017278308514505625
44, 0, 2, 618, 665, -0.0002266007213620469
44, 0, 3, 593, 702, -0.003024931065738201
44, 0, 4, 588, 735, -0.006793401204049587
44, 0, 5, 587, 668, -0.0065705860033631325
44, 0, 6, 557, 716, -0.01681639440357685
44, 0, 7, 550, 752, -0.02481353096663952
44, 0, 8, 548, 777, -0.029558256268501282
44, 0, 9, 604, 682, -0.011883395723998547
44, 0, 10, 579, 734, -0.018340762704610825
44, 0, 11, 574, 768, -0.022294851019978523
44, 0, 12, 572, 793, -0.02573883906006813
44, 0, 13, 628, 696, -0.017169732600450516
44, 0, 14, 605, 747, -0.021814832463860512
44, 0, 15, 600, 778, -0.021667731925845146
44, 0, 16, 597, 801, -0.02219816856086254
44, 0, 17, 655, 708, -0.022256936877965927
44, 0, 18, 635, 751, -0.02613152749836445
44, 0, 19, 630, 775, -0.02466440014541149
44, 0, 20, 627, 795, -0.023158909752964973
44, 1, 0, 0, 0, 0.0
44, 1, 1, 0, 0, 0.0
44, 1, 2, 0, 0, 0.0
44, 1, 3, 0, 0, 0.0
44, 1, 4, 0, 0, 0.0
44, 1, 5, 0, 0, 0.0
44, 1, 6, 0, 0, 0.0
44, 1, 7, 0, 0, 0.0
44, 1, 8, 0, 0, 0.0
44, 1, 9, 0, 0, 0.0
44, 1, 10, 0, 0, 0.0
44, 1, 11, 0, 0, 0.0
44, 1, 12, 0, 0, 0.0
44, 1, 13, 0, 0, 0.0
44, 1, 14, 0, 0, 0.0
44, 1, 15, 0, 0, 0.0
44, 1, 16, 0, 0, 0.0
44, 1, 17, 0, 0, 0.0
44, 1, 18, 0, 0, 0.0
44, 1, 19, 0, 0, 0.0
44, 1, 20, 0, 0, 0.0
45, 0, 0, 721, 646, -8.649194427334805e-08
45, 0, 1, 673, 651, 0.001223297673277557
45, 0, 2, 616, 681, -0.0015705449040979147
45, 0, 3, 585, 716, -0.004995575174689293
45, 0, 4, 574, 751, -0.00968134868890047
45, 0, 5, 586, 680, -0.010017924010753632
45, 0, 6, 553, 729, -0.022685348987579346
45, 0, 7, 547, 767, -0.03203648328781128
45, 0, 8, 550, 791, -0.03708941116929054
45, 0, 9, 606, 694, -0.015817610546946526
45, 0, 10, 577, 748, -0.02348824217915535
45, 0, 11, 574, 781, -0.02762594260275364
45, 0, 12, 575, 802, -0.03113582171499729
45, 0, 13, 633, 709, -0.02158357761800289
45, 0, 14, 606, 760, -0.027560658752918243
45, 0, 15, 603, 789, -0.025721192359924316
45, 0, 16, 601, 806, -0.024811943992972374
45, 0, 17, 664, 720, -0.027073215693235397
45, 0, 18, 639, 765, -0.03217042237520218
45, 0, 19, 636, 786, -0.029021354392170906
45, 0, 20, 634, 800, -0.02587791718542576
45, 1, 0, 0, 0, 0.0
45, 1, 1, 0, 0, 0.0
45, 1, 2, 0, 0, 0.0
45, 1, 3, 0, 0, 0.0
45, 1, 4, 0, 0, 0.0
45, 1, 5, 0, 0, 0.0
45, 1, 6, 0, 0, 0.0
45, 1, 7, 0, 0, 0.0
45, 1, 8, 0, 0, 0.0
45, 1, 9, 0, 0, 0.0
45, 1, 10, 0, 0, 0.0
45, 1, 11, 0, 0, 0.0
45, 1, 12, 0, 0, 0.0
45, 1, 13, 0, 0, 0.0
45, 1, 14, 0, 0, 0.0
45, 1, 15, 0, 0, 0.0
45, 1, 16, 0, 0, 0.0
45, 1, 17, 0, 0, 0.0
45, 1, 18, 0, 0, 0.0
45, 1, 19, 0, 0, 0.0
45, 1, 20, 0, 0, 0.0
46, 0, 0, 0, 0, 0.0
46, 0, 1, 0, 0, 0.0
46, 0, 2, 0, 0, 0.0
46, 0, 3, 0, 0, 0.0
46, 0, 4, 0, 0, 0.0
46, 0, 5, 0, 0, 0.0
46, 0, 6, 0, 0, 0.0
46, 0, 7, 0, 0, 0.0
46, 0, 8, 0, 0, 0.0
46, 0, 9, 0, 0, 0.0
46, 0, 10, 0, 0, 0.0
46, 0, 11, 0, 0, 0.0
46, 0, 12, 0, 0, 0.0
46, 0, 13, 0, 0, 0.0
46, 0, 14, 0, 0, 0.0
46, 0, 15, 0, 0, 0.0
46, 0, 16, 0, 0, 0.0
46, 0, 17, 0, 0, 0.0
46, 0, 18, 0, 0, 0.0
46, 0, 19, 0, 0, 0.0
46, 0, 20, 0, 0, 0.0
46, 1, 0, 0, 0, 0.0
46, 1, 1, 0, 0, 0.0
46, 1, 2, 0, 0, 0.0
46, 1, 3, 0, 0, 0.0
46, 1, 4, 0, 0, 0.0
46, 1, 5, 0, 0, 0.0
46, 1, 6, 0, 0, 0.0
46, 1, 7, 0, 0, 0.0
46, 1, 8, 0, 0, 0.0
46, 1, 9, 0, 0, 0.0
46, 1, 10, 0, 0, 0.0
46, 1, 11, 0, 0, 0.0
46, 1, 12, 0, 0, 0.0
46, 1, 13, 0, 0, 0.0
46, 1, 14, 0, 0, 0.0
46, 1, 15, 0, 0, 0.0
46, 1, 16, 0, 0, 0.0
46, 1, 17, 0, 0, 0.0
46, 1, 18, 0, 0, 0.0
46, 1, 19, 0, 0, 0.0
46, 1, 20, 0, 0, 0.0
47, 0, 0, 757, 679, -2.7089186005468946e-07
47, 0, 1, 699, 675, 0.005142450798302889
47, 0, 2, 635, 700, 0.0026815682649612427
47, 0, 3, 601, 741, -0.0009443151648156345
47, 0, 4, 596, 782, -0.004863931331783533
47, 0, 5, 593, 694, -0.01087027695029974
47, 0, 6, 565, 770, -0.021369628608226776
47, 0, 7, 587, 782, -0.02564753219485283
47, 0, 8, 607, 771, -0.026904741302132607
47, 0, 9, 610, 714, -0.017455758526921272
47, 0, 10, 588, 790, -0.02348538488149643
47, 0, 11, 610, 795, -0.022319531068205833
47, 0, 12, 628, 780, -0.02229778841137886
47, 0, 13, 635, 738, -0.02317785657942295
47, 0, 14, 612, 806, -0.026251479983329773
47, 0, 15, 633, 805, -0.01831573061645031
47, 0, 16, 648, 789, -0.014505967497825623
47, 0, 17, 663, 761, -0.028313444927334785
47, 0, 18, 641, 814, -0.031373877078294754
47, 0, 19, 659, 810, -0.024246834218502045
47, 0, 20, 671, 797, -0.018565766513347626
47, 1, 0, 0, 0, 0.0
47, 1, 1, 0, 0, 0.0
47, 1, 2, 0, 0, 0.0
47, 1, 3, 0, 0, 0.0
47, 1, 4, 0, 0, 0.0
47, 1, 5, 0, 0, 0.0
47, 1, 6, 0, 0, 0.0
47, 1, 7, 0, 0, 0.0
47, 1, 8, 0, 0, 0.0
47, 1, 9, 0, 0, 0.0
47, 1, 10, 0, 0, 0.0
47, 1, 11, 0, 0, 0.0
47, 1, 12, 0, 0, 0.0
47, 1, 13, 0, 0, 0.0
47, 1, 14, 0, 0, 0.0
47, 1, 15, 0, 0, 0.0
47, 1, 16, 0, 0, 0.0
47, 1, 17, 0, 0, 0.0
47, 1, 18, 0, 0, 0.0
47, 1, 19, 0, 0, 0.0
47, 1, 20, 0, 0, 0.0
48, 0, 0, 783, 695, -4.3744506683651707e-07
48, 0, 1, 728, 682, 0.013859963044524193
48, 0, 2, 660, 699, 0.017372947186231613
48, 0, 3, 620, 729, 0.016734320670366287
48, 0, 4, 609, 764, 0.016486752778291702
48, 0, 5, 612, 683, 0.01261071115732193
48, 0, 6, 571, 750, 0.003513952484354377
48, 0, 7, 595, 761, -0.00340239517390728
48, 0, 8, 618, 748, -0.006813331972807646
48, 0, 9, 620, 702, 0.0013703586300835013
48, 0, 10, 588, 775, -0.002219317713752389
48, 0, 11, 615, 779, -0.0024895374663174152
48, 0, 12, 633, 764, -0.0033703395165503025
48, 0, 13, 635, 725, -0.01010958757251501
48, 0, 14, 608, 792, -0.010330338031053543
48, 0, 15, 636, 791, -0.0028188994619995356
48, 0, 16, 653, 776, 1.6615798813290894e-05
48, 0, 17, 655, 749, -0.021191507577896118
48, 0, 18, 636, 801, -0.02180888131260872
48, 0, 19, 662, 797, -0.015390492975711823
48, 0, 20, 677, 782, -0.010951226577162743
48, 1, 0, 0, 0, 0.0
48, 1, 1, 0, 0, 0.0
48, 1, 2, 0, 0, 0.0
48, 1, 3, 0, 0, 0.0
48, 1, 4, 0, 0, 0.0
48, 1, 5, 0, 0, 0.0
48, 1, 6, 0, 0, 0.0
48, 1, 7, 0, 0, 0.0
48, 1, 8, 0, 0, 0.0
48, 1, 9, 0, 0, 0.0
48, 1, 10, 0, 0, 0.0
48, 1, 11, 0, 0, 0.0
48, 1, 12, 0, 0, 0.0
48, 1, 13, 0, 0, 0.0
48, 1, 14, 0, 0, 0.0
48, 1, 15, 0, 0, 0.0
48, 1, 16, 0, 0, 0.0
48, 1, 17, 0, 0, 0.0
48, 1, 18, 0, 0, 0.0
48, 1, 19, 0, 0, 0.0
48, 1, 20, 0, 0, 0.0
49, 0, 0, 786, 711, -4.1939944139812724e-07
49, 0, 1, 729, 694, 0.04317419230937958
49, 0, 2, 672, 702, 0.05832665413618088
49, 0, 3, 633, 721, 0.06401176005601883
49, 0, 4, 619, 747, 0.06696509569883347
49, 0, 5, 632, 678, 0.038051821291446686
49, 0, 6, 574, 724, 0.04764707013964653
49, 0, 7, 579, 755, 0.05246102437376976
49, 0, 8, 593, 766, 0.055057525634765625
49, 0, 9, 636, 695, 0.016902241855859756
49, 0, 10, 585, 748, 0.03213879093527794
49, 0, 11, 600, 771, 0.03915761411190033
49, 0, 12, 619, 773, 0.04025757312774658
49, 0, 13, 648, 719, -0.0009512869291938841
49, 0, 14, 603, 766, 0.017764760181307793
49, 0, 15, 622, 779, 0.02823328599333763
49, 0, 16, 640, 777, 0.028622550889849663
49, 0, 17, 663, 746, -0.01583077944815159
49, 0, 18, 624, 781, 0.00024249545822385699
49, 0, 19, 639, 788, 0.012044780887663364
49, 0, 20, 655, 784, 0.01695873960852623
49, 1, 0, 0, 0, 0.0
49, 1, 1, 0, 0, 0.0
49, 1, 2, 0, 0, 0.0
49, 1, 3, 0, 0, 0.0
49, 1, 4, 0, 0, 0.0
49, 1, 5, 0, 0, 0.0
49, 1, 6, 0, 0, 0.0
49, 1, 7, 0, 0, 0.0
49, 1, 8, 0, 0, 0.0
49, 1, 9, 0, 0, 0.0
49, 1, 10, 0, 0, 0.0
49, 1, 11, 0, 0, 0.0
49, 1, 12, 0, 0, 0.0
49, 1, 13, 0, 0, 0.0
49, 1, 14, 0, 0, 0.0
49, 1, 15, 0, 0, 0.0
49, 1, 16, 0, 0, 0.0
49, 1, 17, 0, 0, 0.0
49, 1, 18, 0, 0, 0.0
49, 1, 19, 0, 0, 0.0
49, 1, 20, 0, 0, 0.0
50, 0, 0, 792, 726, -4.389205798815965e-07
50, 0, 1, 734, 722, 0.06582131236791611
50, 0, 2, 680, 726, 0.0835186317563057
50, 0, 3, 640, 740, 0.08787522464990616
50, 0, 4, 613, 760, 0.08815935254096985
50, 0, 5, 650, 686, 0.038469716906547546
50, 0, 6, 590, 724, 0.054390471428632736
50, 0, 7, 592, 754, 0.06868954747915268
50, 0, 8, 606, 764, 0.07707790285348892
50, 0, 9, 658, 702, 0.004459354095160961
50, 0, 10, 590, 743, 0.02410525269806385
50, 0, 11, 604, 772, 0.04193438962101936
50, 0, 12, 620, 779, 0.05014651641249657
50, 0, 13, 667, 724, -0.02338930405676365
50, 0, 14, 605, 761, 0.001035676570609212
50, 0, 15, 623, 782, 0.021639538928866386
50, 0, 16, 642, 784, 0.027212020009756088
50, 0, 17, 676, 751, -0.04636280611157417
50, 0, 18, 627, 779, -0.023545755073428154
50, 0, 19, 641, 794, -0.004729429725557566
50, 0, 20, 660, 794, 0.0035398502368479967
50, 1, 0, 0, 0, 0.0
50, 1, 1, 0, 0, 0.0
50, 1, 2, 0, 0, 0.0
50, 1, 3, 0, 0, 0.0
50, 1, 4, 0, 0, 0.0
50, 1, 5, 0, 0, 0.0
50, 1, 6, 0, 0, 0.0
50, 1, 7, 0, 0, 0.0
50, 1, 8, 0, 0, 0.0
50, 1, 9, 0, 0, 0.0
50, 1, 10, 0, 0, 0.0
50, 1, 11, 0, 0, 0.0
50, 1, 12, 0, 0, 0.0
50, 1, 13, 0, 0, 0.0
50, 1, 14, 0, 0, 0.0
50, 1, 15, 0, 0, 0.0
50, 1, 16, 0, 0, 0.0
50, 1, 17, 0, 0, 0.0
50, 1, 18, 0, 0, 0.0
50, 1, 19, 0, 0, 0.0
50, 1, 20, 0, 0, 0.0
51, 0, 0, 811, 744, -4.014486023606878e-07
51, 0, 1, 762, 721, 0.021014554426074028
51, 0, 2, 704, 717, 0.020428532734513283
51, 0, 3, 658, 732, 0.015471219085156918
51, 0, 4, 632, 758, 0.00824789796024561
51, 0, 5, 684, 682, -0.01091074664145708
51, 0, 6, 615, 718, -0.017002297565340996
51, 0, 7, 612, 753, -0.01790251024067402
51, 0, 8, 622, 767, -0.018724501132965088
51, 0, 9, 691, 700, -0.026717452332377434
51, 0, 10, 617, 739, -0.028361808508634567
51, 0, 11, 622, 771, -0.023731011897325516
51, 0, 12, 635, 780, -0.02359849400818348
51, 0, 13, 698, 724, -0.03943600505590439
51, 0, 14, 635, 762, -0.03490482643246651
51, 0, 15, 648, 786, -0.02406730130314827
51, 0, 16, 664, 789, -0.022385256364941597
51, 0, 17, 705, 749, -0.05061592161655426
51, 0, 18, 658, 782, -0.048287153244018555
51, 0, 19, 670, 801, -0.040538810193538666
51, 0, 20, 684, 802, -0.037641603499650955
51, 1, 0, 0, 0, 0.0
51, 1, 1, 0, 0, 0.0
51, 1, 2, 0, 0, 0.0
51, 1, 3, 0, 0, 0.0
51, 1, 4, 0, 0, 0.0
51, 1, 5, 0, 0, 0.0
51, 1, 6, 0, 0, 0.0
51, 1, 7, 0, 0, 0.0
51, 1, 8, 0, 0, 0.0
51, 1, 9, 0, 0, 0.0
51, 1, 10, 0, 0, 0.0
51, 1, 11, 0, 0, 0.0
51, 1, 12, 0, 0, 0.0
51, 1, 13, 0, 0, 0.0
51, 1, 14, 0, 0, 0.0
51, 1, 15, 0, 0, 0.0
51, 1, 16, 0, 0, 0.0
51, 1, 17, 0, 0, 0.0
51, 1, 18, 0, 0, 0.0
51, 1, 19, 0, 0, 0.0
51, 1, 20, 0, 0, 0.0
52, 0, 0, 0, 0, 0.0
52, 0, 1, 0, 0, 0.0
52, 0, 2, 0, 0, 0.0
52, 0, 3, 0, 0, 0.0
52, 0, 4, 0, 0, 0.0
52, 0, 5, 0, 0, 0.0
52, 0, 6, 0, 0, 0.0
52, 0, 7, 0, 0, 0.0
52, 0, 8, 0, 0, 0.0
52, 0, 9, 0, 0, 0.0
52, 0, 10, 0, 0, 0.0
52, 0, 11, 0, 0, 0.0
52, 0, 12, 0, 0, 0.0
52, 0, 13, 0, 0, 0.0
52, 0, 14, 0, 0, 0.0
52, 0, 15, 0, 0, 0.0
52, 0, 16, 0, 0, 0.0
52, 0, 17, 0, 0, 0.0
52, 0, 18, 0, 0, 0.0
52, 0, 19, 0, 0, 0.0
52, 0, 20, 0, 0, 0.0
52, 1, 0, 0, 0, 0.0
52, 1, 1, 0, 0, 0.0
52, 1, 2, 0, 0, 0.0
52, 1, 3, 0, 0, 0.0
52, 1, 4, 0, 0, 0.0
52, 1, 5, 0, 0, 0.0
52, 1, 6, 0, 0, 0.0
52, 1, 7, 0, 0, 0.0
52, 1, 8, 0, 0, 0.0
52, 1, 9, 0, 0, 0.0
52, 1, 10, 0, 0, 0.0
52, 1, 11, 0, 0, 0.0
52, 1, 12, 0, 0, 0.0
52, 1, 13, 0, 0, 0.0
52, 1, 14, 0, 0, 0.0
52, 1, 15, 0, 0, 0.0
52, 1, 16, 0, 0, 0.0
52, 1, 17, 0, 0, 0.0
52, 1, 18, 0, 0, 0.0
52, 1, 19, 0, 0, 0.0
52, 1, 20, 0, 0, 0.0
53, 0, 0, 0, 0, 0.0
53, 0, 1, 0, 0, 0.0
53, 0, 2, 0, 0, 0.0
53, 0, 3, 0, 0, 0.0
53, 0, 4, 0, 0, 0.0
53, 0, 5, 0, 0, 0.0
53, 0, 6, 0, 0, 0.0
53, 0, 7, 0, 0, 0.0
53, 0, 8, 0, 0, 0.0
53, 0, 9, 0, 0, 0.0
53, 0, 10, 0, 0, 0.0
53, 0, 11, 0, 0, 0.0
53, 0, 12, 0, 0, 0.0
53, 0, 13, 0, 0, 0.0
53, 0, 14, 0, 0, 0.0
53, 0, 15, 0, 0, 0.0
53, 0, 16, 0, 0, 0.0
53, 0, 17, 0, 0, 0.0
53, 0, 18, 0, 0, 0.0
53, 0, 19, 0, 0, 0.0
53, 0, 20, 0, 0, 0.0
53, 1, 0, 0, 0, 0.0
53, 1, 1, 0, 0, 0.0
53, 1, 2, 0, 0, 0.0
53, 1, 3, 0, 0, 0.0
53, 1, 4, 0, 0, 0.0
53, 1, 5, 0, 0, 0.0
53, 1, 6, 0, 0, 0.0
53, 1, 7, 0, 0, 0.0
53, 1, 8, 0, 0, 0.0
53, 1, 9, 0, 0, 0.0
53, 1, 10, 0, 0, 0.0
53, 1, 11, 0, 0, 0.0
53, 1, 12, 0, 0, 0.0
53, 1, 13, 0, 0, 0.0
53, 1, 14, 0, 0, 0.0
53, 1, 15, 0, 0, 0.0
53, 1, 16, 0, 0, 0.0
53, 1, 17, 0, 0, 0.0
53, 1, 18, 0, 0, 0.0
53, 1, 19, 0, 0, 0.0
53, 1, 20, 0, 0, 0.0
54, 0, 0, 0, 0, 0.0
54, 0, 1, 0, 0, 0.0
54, 0, 2, 0, 0, 0.0
54, 0, 3, 0, 0, 0.0
54, 0, 4, 0, 0, 0.0
54, 0, 5, 0, 0, 0.0
54, 0, 6, 0, 0, 0.0
54, 0, 7, 0, 0, 0.0
54, 0, 8, 0, 0, 0.0
54, 0, 9, 0, 0, 0.0
54, 0, 10, 0, 0, 0.0
54, 0, 11, 0, 0, 0.0
54, 0, 12, 0, 0, 0.0
54, 0, 13, 0, 0, 0.0
54, 0, 14, 0, 0, 0.0
54, 0, 15, 0, 0, 0.0
54, 0, 16, 0, 0, 0.0
54, 0, 17, 0, 0, 0.0
54, 0, 18, 0, 0, 0.0
54, 0, 19, 0, 0, 0.0
54, 0, 20, 0, 0, 0.0
54, 1, 0, 0, 0, 0.0
54, 1, 1, 0, 0, 0.0
54, 1, 2, 0, 0, 0.0
54, 1, 3, 0, 0, 0.0
54, 1, 4, 0, 0, 0.0
54, 1, 5, 0, 0, 0.0
54, 1, 6, 0, 0, 0.0
54, 1, 7, 0, 0, 0.0
54, 1, 8, 0, 0, 0.0
54, 1, 9, 0, 0, 0.0
54, 1, 10, 0, 0, 0.0
54, 1, 11, 0, 0, 0.0
54, 1, 12, 0, 0, 0.0
54, 1, 13, 0, 0, 0.0
54, 1, 14, 0, 0, 0.0
54, 1, 15, 0, 0, 0.0
54, 1, 16, 0, 0, 0.0
54, 1, 17, 0, 0, 0.0
54, 1, 18, 0, 0, 0.0
54, 1, 19, 0, 0, 0.0
54, 1, 20, 0, 0, 0.0
55, 0, 0, 0, 0, 0.0
55, 0, 1, 0, 0, 0.0
55, 0, 2, 0, 0, 0.0
55, 0, 3, 0, 0, 0.0
55, 0, 4, 0, 0, 0.0
55, 0, 5, 0, 0, 0.0
55, 0, 6, 0, 0, 0.0
55, 0, 7, 0, 0, 0.0
55, 0, 8, 0, 0, 0.0
55, 0, 9, 0, 0, 0.0
55, 0, 10, 0, 0, 0.0
55, 0, 11, 0, 0, 0.0
55, 0, 12, 0, 0, 0.0
55, 0, 13, 0, 0, 0.0
55, 0, 14, 0, 0, 0.0
55, 0, 15, 0, 0, 0.0
55, 0, 16, 0, 0, 0.0
55, 0, 17, 0, 0, 0.0
55, 0, 18, 0, 0, 0.0
55, 0, 19, 0, 0, 0.0
55, 0, 20, 0, 0, 0.0
55, 1, 0, 0, 0, 0.0
55, 1, 1, 0, 0, 0.0
55, 1, 2, 0, 0, 0.0
55, 1, 3, 0, 0, 0.0
55, 1, 4, 0, 0, 0.0
55, 1, 5, 0, 0, 0.0
55, 1, 6, 0, 0, 0.0
55, 1, 7, 0, 0, 0.0
55, 1, 8, 0, 0, 0.0
55, 1, 9, 0, 0, 0.0
55, 1, 10, 0, 0, 0.0
55, 1, 11, 0, 0, 0.0
55, 1, 12, 0, 0, 0.0
55, 1, 13, 0, 0, 0.0
55, 1, 14, 0, 0, 0.0
55, 1, 15, 0, 0, 0.0
55, 1, 16, 0, 0, 0.0
55, 1, 17, 0, 0, 0.0
55, 1, 18, 0, 0, 0.0
55, 1, 19, 0, 0, 0.0
55, 1, 20, 0, 0, 0.0
56, 0, 0, 0, 0, 0.0
56, 0, 1, 0, 0, 0.0
56, 0, 2, 0, 0, 0.0
56, 0, 3, 0, 0, 0.0
56, 0, 4, 0, 0, 0.0
56, 0, 5, 0, 0, 0.0
56, 0, 6, 0, 0, 0.0
56, 0, 7, 0, 0, 0.0
56, 0, 8, 0, 0, 0.0
56, 0, 9, 0, 0, 0.0
56, 0, 10, 0, 0, 0.0
56, 0, 11, 0, 0, 0.0
56, 0, 12, 0, 0, 0.0
56, 0, 13, 0, 0, 0.0
56, 0, 14, 0, 0, 0.0
56, 0, 15, 0, 0, 0.0
56, 0, 16, 0, 0, 0.0
56, 0, 17, 0, 0, 0.0
56, 0, 18, 0, 0, 0.0
56, 0, 19, 0, 0, 0.0
56, 0, 20, 0, 0, 0.0
56, 1, 0, 0, 0, 0.0
56, 1, 1, 0, 0, 0.0
56, 1, 2, 0, 0, 0.0
56, 1, 3, 0, 0, 0.0
56, 1, 4, 0, 0, 0.0
56, 1, 5, 0, 0, 0.0
56, 1, 6, 0, 0, 0.0
56, 1, 7, 0, 0, 0.0
56, 1, 8, 0, 0, 0.0
56, 1, 9, 0, 0, 0.0
56, 1, 10, 0, 0, 0.0
56, 1, 11, 0, 0, 0.0
56, 1, 12, 0, 0, 0.0
56, 1, 13, 0, 0, 0.0
56, 1, 14, 0, 0, 0.0
56, 1, 15, 0, 0, 0.0
56, 1, 16, 0, 0, 0.0
56, 1, 17, 0, 0, 0.0
56, 1, 18, 0, 0, 0.0
56, 1, 19, 0, 0, 0.0
56, 1, 20, 0, 0, 0.0
57, 0, 0, 0, 0, 0.0
57, 0, 1, 0, 0, 0.0
57, 0, 2, 0, 0, 0.0
57, 0, 3, 0, 0, 0.0
57, 0, 4, 0, 0, 0.0
57, 0, 5, 0, 0, 0.0
57, 0, 6, 0, 0, 0.0
57, 0, 7, 0, 0, 0.0
57, 0, 8, 0, 0, 0.0
57, 0, 9, 0, 0, 0.0
57, 0, 10, 0, 0, 0.0
57, 0, 11, 0, 0, 0.0
57, 0, 12, 0, 0, 0.0
57, 0, 13, 0, 0, 0.0
57, 0, 14, 0, 0, 0.0
57, 0, 15, 0, 0, 0.0
57, 0, 16, 0, 0, 0.0
57, 0, 17, 0, 0, 0.0
57, 0, 18, 0, 0, 0.0
57, 0, 19, 0, 0, 0.0
57, 0, 20, 0, 0, 0.0
57, 1, 0, 0, 0, 0.0
57, 1, 1, 0, 0, 0.0
57, 1, 2, 0, 0, 0.0
57, 1, 3, 0, 0, 0.0
57, 1, 4, 0, 0, 0.0
57, 1, 5, 0, 0, 0.0
57, 1, 6, 0, 0, 0.0
57, 1, 7, 0, 0, 0.0
57, 1, 8, 0, 0, 0.0
57, 1, 9, 0, 0, 0.0
57, 1, 10, 0, 0, 0.0
57, 1, 11, 0, 0, 0.0
57, 1, 12, 0, 0, 0.0
57, 1, 13, 0, 0, 0.0
57, 1, 14, 0, 0, 0.0
57, 1, 15, 0, 0, 0.0
57, 1, 16, 0, 0, 0.0
57, 1, 17, 0, 0, 0.0
57, 1, 18, 0, 0, 0.0
57, 1, 19, 0, 0, 0.0
57, 1, 20, 0, 0, 0.0
58, 0, 0, 0, 0, 0.0
58, 0, 1, 0, 0, 0.0
58, 0, 2, 0, 0, 0.0
58, 0, 3, 0, 0, 0.0
58, 0, 4, 0, 0, 0.0
58, 0, 5, 0, 0, 0.0
58, 0, 6, 0, 0, 0.0
58, 0, 7, 0, 0, 0.0
58, 0, 8, 0, 0, 0.0
58, 0, 9, 0, 0, 0.0
58, 0, 10, 0, 0, 0.0
58, 0, 11, 0, 0, 0.0
58, 0, 12, 0, 0, 0.0
58, 0, 13, 0, 0, 0.0
58, 0, 14, 0, 0, 0.0
58, 0, 15, 0, 0, 0.0
58, 0, 16, 0, 0, 0.0
58, 0, 17, 0, 0, 0.0
58, 0, 18, 0, 0, 0.0
58, 0, 19, 0, 0, 0.0
58, 0, 20, 0, 0, 0.0
58, 1, 0, 0, 0, 0.0
58, 1, 1, 0, 0, 0.0
58, 1, 2, 0, 0, 0.0
58, 1, 3, 0, 0, 0.0
58, 1, 4, 0, 0, 0.0
58, 1, 5, 0, 0, 0.0
58, 1, 6, 0, 0, 0.0
58, 1, 7, 0, 0, 0.0
58, 1, 8, 0, 0, 0.0
58, 1, 9, 0, 0, 0.0
58, 1, 10, 0, 0, 0.0
58, 1, 11, 0, 0, 0.0
58, 1, 12, 0, 0, 0.0
58, 1, 13, 0, 0, 0.0
58, 1, 14, 0, 0, 0.0
58, 1, 15, 0, 0, 0.0
58, 1, 16, 0, 0, 0.0
58, 1, 17, 0, 0, 0.0
58, 1, 18, 0, 0, 0.0
58, 1, 19, 0, 0, 0.0
58, 1, 20, 0, 0, 0.0
59, 0, 0, 0, 0, 0.0
59, 0, 1, 0, 0, 0.0
59, 0, 2, 0, 0, 0.0
59, 0, 3, 0, 0, 0.0
59, 0, 4, 0, 0, 0.0
59, 0, 5, 0, 0, 0.0
59, 0, 6, 0, 0, 0.0
59, 0, 7, 0, 0, 0.0
59, 0, 8, 0, 0, 0.0
59, 0, 9, 0, 0, 0.0
59, 0, 10, 0, 0, 0.0
59, 0, 11, 0, 0, 0.0
59, 0, 12, 0, 0, 0.0
59, 0, 13, 0, 0, 0.0
59, 0, 14, 0, 0, 0.0
59, 0, 15, 0, 0, 0.0
59, 0, 16, 0, 0, 0.0
59, 0, 17, 0, 0, 0.0
59, 0, 18, 0, 0, 0.0
59, 0, 19, 0, 0, 0.0
59, 0, 20, 0, 0, 0.0
59, 1, 0, 0, 0, 0.0
59, 1, 1, 0, 0, 0.0
59, 1, 2, 0, 0, 0.0
59, 1, 3, 0, 0, 0.0
59, 1, 4, 0, 0, 0.0
59, 1, 5, 0, 0, 0.0
59, 1, 6, 0, 0, 0.0
59, 1, 7, 0, 0, 0.0
59, 1, 8, 0, 0, 0.0
59, 1, 9, 0, 0, 0.0
59, 1, 10, 0, 0, 0.0
59, 1, 11, 0, 0, 0.0
59, 1, 12, 0, 0, 0.0
59, 1, 13, 0, 0, 0.0
59, 1, 14, 0, 0, 0.0
59, 1, 15, 0, 0, 0.0
59, 1, 16, 0, 0, 0.0
59, 1, 17, 0, 0, 0.0
59, 1, 18, 0, 0, 0.0
59, 1, 19, 0, 0, 0.0
59, 1, 20, 0, 0, 0.0
